0
0
0
0
0
0
0
0
0
0
0
0
0
0
0
0
0
0
75112
0
0
0
0
0
0
0
231196
0
0
0
13604
0
0
0
0
0
0
0
0
34445
0
34445
13168
0
0
0
0
34445
50871
101742
0
0
0
0
0
0
0
0
471474
0
0
0
0
52386
55268
0
0
0
0
51222
41223
0
299628
0
0
0
0
0
0
0
0
0
0
15974
0
0
0
0
0
0
0
0
55268
0
0
0
0
0
0
0
0
74095
0
0
0
0
0
51222
0
0
0
52386
166834
0
0
0
0
0
0
0
0
34445
0
166834
14565
0
0
0
50922
0
28990
0
0
0
18150
0
0
0
0
0
0
1236541
0
32709
4802
0
0
0
0
0
52386
107480
0
62702
0
0
91849
62702
52386
0
0
0
0
1249794
0
0
104772
0
67759
51222
65271
0
758638
67759
200296
0
37293
0
0
0
104772
0
0
0
12372
0
0
0
0
0
0
0
573676
80156
101504
880
0
96851
62702
0
0
0
0
288730
0
181050
0
0
46331
72712
46331
0
0
0
0
0
0
125910
0
0
0
153885
0
0
0
0
0
69088
579666
0
0
0
0
0
0
0
0
82709
55474
0
76880
0
0
677578
34445
0
0
43207
97548
0
199930
107724
52715
52715
0
0
0
0
0
160904
0
0
32709
65271
67759
69088
210860
0
94727
0
43904
0
0
137020
0
0
94447
0
734102
0
0
0
52715
0
0
0
55184
108065
50360
107724
45876
0
0
0
62702
419088
808926
0
237409
136056
403421
32709
0
183698
184880
67759
0
248127
0
0
0
0
52715
0
665108
107832
52386
52715
50360
0
0
0
27923
0
0
0
86059
26194
89249
0
0
0
72953
146444
0
107832
12372
89249
107832
0
0
82709
100850
76880
52715
52715
243992
62702
0
52715
0
125910
0
0
0
51222
37293
671019
87370
871188
0
52715
50574
146444
107832
52715
107983
4815490
0
0
0
15974
125404
95813
0
0
2595431
0
52715
0
0
0
142514
52715
91904
0
125910
0
0
0
0
49648
62516
66213
0
0
0
0
52715
0
0
0
0
100720
88699
392439
0
0
0
323496
56156
72953
52715
0
111510
137020
0
0
26194
0
62702
50360
106942
0
0
107832
69171
0
158145
1073231
153760
0
196592
137020
0
0
82709
0
0
337030
137020
0
0
12340
0
107983
0
369005
0
9075
0
80611
82709
0
370194
34445
195955
60801
0
7130
39364
820719
0
0
1630913
0
213315
0
0
156137
0
62702
137020
0
71017
95205
107724
91904
30536
0
193702
273187
62702
273187
0
0
0
62702
0
0
149503
92244
0
18150
0
125910
0
0
52715
401620
0
125910
34445
0
89863
84641
0
0
467406
292888
120198
0
213554
50574
0
0
431932
120198
109567
0
0
95813
0
107832
0
26194
2129584
0
142514
37293
207723
0
0
0
0
260752
0
146444
115469
426422
0
0
146444
0
116820
26194
13168
120198
0
101167
0
616832
678926
220005
311952
0
137020
130813
0
65141
12372
52715
0
280103
0
0
253715
0
98548
32709
253715
0
0
35818
0
52715
68890
1294655
91904
0
35818
92440
147712
7130
4808993
0
473431
0
754824
878096
75586
195955
52715
227796
0
120198
82042
0
146486
120198
144896
137020
58652058
0
2472537
0
780343
133885
235660
0
0
0
163407
0
75586
0
163407
67356
0
0
0
0
130376
436720
13995
988196
80758
0
411060
415446
263920
107832
0
98446
13995
201918
75586
52715
1260172
0
7130
30536
0
107983
101167
115837
0
0
34445
346968
0
86025
60801
0
60100
0
113803
100261
449184
0
107832
19177
195955
97426
67356
12340
173061
48695
95605
352507
0
52715
0
12340
82709
43324
673719
0
120568
0
43190
388980
9118
122397
52715
6276
0
222925
149728
427602
