1000
1 2
2 3
2 4
3 5
4 6
1 7
3 8
6 9
1 10
9 11
9 12
10 13
2 14
4 15
4 16
11 17
10 18
1 19
6 20
10 21
8 22
10 23
14 24
7 25
12 26
19 27
11 28
5 29
13 30
28 31
5 32
19 33
5 34
17 35
30 36
32 37
15 38
22 39
25 40
26 41
26 42
41 43
25 44
6 45
4 46
37 47
44 48
47 49
30 50
43 51
36 52
24 53
3 54
33 55
26 56
23 57
12 58
18 59
2 60
3 61
35 62
54 63
50 64
4 65
43 66
66 67
63 68
62 69
17 70
10 71
62 72
71 73
37 74
11 75
51 76
60 77
60 78
61 79
20 80
69 81
5 82
58 83
76 84
20 85
21 86
65 87
54 88
71 89
59 90
13 91
9 92
13 93
79 94
71 95
66 96
84 97
34 98
8 99
18 100
90 101
56 102
46 103
43 104
63 105
70 106
13 107
77 108
80 109
10 110
24 111
1 112
77 113
79 114
64 115
13 116
102 117
48 118
10 119
25 120
48 121
39 122
86 123
68 124
122 125
121 126
107 127
80 128
50 129
29 130
103 131
36 132
12 133
133 134
43 135
48 136
71 137
120 138
128 139
59 140
127 141
68 142
5 143
126 144
96 145
127 146
78 147
66 148
119 149
137 150
1 151
84 152
18 153
134 154
105 155
59 156
102 157
64 158
128 159
62 160
100 161
75 162
67 163
92 164
85 165
149 166
79 167
132 168
143 169
155 170
95 171
114 172
107 173
57 174
92 175
51 176
17 177
176 178
167 179
45 180
123 181
15 182
144 183
98 184
112 185
164 186
101 187
142 188
115 189
80 190
87 191
11 192
97 193
148 194
179 195
149 196
161 197
60 198
102 199
120 200
111 201
112 202
125 203
161 204
23 205
105 206
92 207
154 208
27 209
152 210
40 211
147 212
179 213
126 214
30 215
41 216
96 217
126 218
178 219
197 220
204 221
39 222
2 223
161 224
82 225
213 226
41 227
105 228
156 229
74 230
17 231
76 232
80 233
109 234
203 235
179 236
152 237
16 238
8 239
41 240
74 241
140 242
28 243
136 244
29 245
49 246
48 247
210 248
145 249
92 250
72 251
27 252
177 253
237 254
101 255
25 256
178 257
80 258
42 259
166 260
195 261
93 262
235 263
149 264
52 265
15 266
130 267
215 268
125 269
147 270
40 271
257 272
131 273
123 274
237 275
76 276
177 277
148 278
259 279
99 280
52 281
204 282
19 283
10 284
84 285
218 286
146 287
250 288
81 289
77 290
237 291
127 292
5 293
28 294
46 295
98 296
80 297
149 298
136 299
23 300
168 301
297 302
40 303
26 304
304 305
221 306
114 307
235 308
251 309
287 310
269 311
134 312
186 313
255 314
46 315
85 316
3 317
144 318
228 319
298 320
242 321
244 322
298 323
48 324
110 325
71 326
109 327
100 328
246 329
32 330
37 331
20 332
41 333
312 334
314 335
332 336
325 337
329 338
152 339
314 340
92 341
319 342
73 343
42 344
70 345
182 346
296 347
57 348
272 349
222 350
41 351
321 352
108 353
18 354
111 355
188 356
271 357
177 358
59 359
36 360
209 361
45 362
107 363
9 364
346 365
141 366
40 367
314 368
185 369
64 370
100 371
332 372
244 373
304 374
216 375
122 376
83 377
16 378
219 379
326 380
142 381
107 382
372 383
49 384
251 385
94 386
104 387
169 388
131 389
333 390
49 391
303 392
187 393
117 394
282 395
210 396
22 397
128 398
93 399
231 400
153 401
91 402
263 403
161 404
179 405
274 406
326 407
339 408
349 409
13 410
21 411
202 412
197 413
206 414
273 415
260 416
180 417
413 418
379 419
190 420
191 421
405 422
286 423
400 424
72 425
116 426
261 427
310 428
297 429
191 430
69 431
283 432
62 433
360 434
419 435
295 436
359 437
410 438
372 439
393 440
39 441
21 442
382 443
33 444
274 445
52 446
387 447
341 448
444 449
336 450
412 451
101 452
30 453
352 454
80 455
318 456
395 457
2 458
2 459
332 460
280 461
238 462
27 463
329 464
107 465
93 466
11 467
277 468
162 469
392 470
103 471
162 472
443 473
55 474
412 475
202 476
229 477
209 478
26 479
304 480
151 481
238 482
357 483
274 484
415 485
239 486
358 487
11 488
158 489
472 490
301 491
247 492
248 493
419 494
127 495
222 496
269 497
16 498
428 499
499 500
97 501
133 502
29 503
489 504
19 505
170 506
97 507
228 508
75 509
456 510
507 511
1 512
14 513
437 514
282 515
384 516
81 517
236 518
320 519
61 520
156 521
222 522
79 523
369 524
336 525
37 526
497 527
297 528
192 529
361 530
463 531
188 532
463 533
348 534
224 535
277 536
181 537
525 538
412 539
480 540
339 541
450 542
38 543
302 544
377 545
432 546
258 547
247 548
289 549
60 550
162 551
366 552
343 553
315 554
106 555
296 556
84 557
355 558
18 559
450 560
514 561
473 562
523 563
372 564
90 565
140 566
558 567
182 568
384 569
124 570
289 571
110 572
161 573
376 574
31 575
197 576
328 577
30 578
133 579
513 580
34 581
387 582
196 583
203 584
151 585
205 586
369 587
448 588
451 589
17 590
318 591
54 592
76 593
203 594
327 595
174 596
544 597
543 598
37 599
483 600
11 601
154 602
365 603
74 604
229 605
479 606
584 607
462 608
431 609
182 610
433 611
31 612
357 613
120 614
462 615
390 616
56 617
250 618
235 619
413 620
163 621
101 622
94 623
40 624
31 625
244 626
301 627
224 628
196 629
562 630
253 631
377 632
282 633
192 634
145 635
355 636
472 637
207 638
314 639
254 640
353 641
297 642
362 643
136 644
130 645
475 646
279 647
118 648
219 649
73 650
352 651
117 652
342 653
63 654
401 655
230 656
341 657
65 658
640 659
33 660
518 661
175 662
204 663
191 664
594 665
649 666
100 667
41 668
623 669
534 670
336 671
509 672
172 673
553 674
400 675
34 676
405 677
394 678
495 679
188 680
290 681
254 682
671 683
21 684
87 685
607 686
341 687
584 688
681 689
144 690
571 691
336 692
86 693
298 694
468 695
181 696
341 697
582 698
655 699
84 700
173 701
511 702
581 703
127 704
377 705
95 706
66 707
660 708
215 709
166 710
195 711
289 712
101 713
169 714
329 715
228 716
369 717
253 718
185 719
111 720
683 721
319 722
210 723
203 724
462 725
645 726
120 727
290 728
463 729
3 730
389 731
235 732
19 733
217 734
539 735
121 736
45 737
168 738
526 739
44 740
693 741
391 742
252 743
312 744
488 745
722 746
183 747
169 748
742 749
254 750
699 751
229 752
246 753
441 754
9 755
583 756
124 757
238 758
738 759
520 760
182 761
501 762
42 763
759 764
627 765
430 766
761 767
539 768
55 769
214 770
163 771
382 772
655 773
500 774
86 775
142 776
330 777
103 778
77 779
568 780
193 781
757 782
726 783
88 784
290 785
321 786
487 787
275 788
137 789
336 790
433 791
169 792
558 793
411 794
650 795
79 796
669 797
564 798
750 799
150 800
478 801
281 802
337 803
85 804
348 805
781 806
554 807
297 808
690 809
213 810
62 811
186 812
547 813
507 814
699 815
422 816
470 817
300 818
7 819
796 820
491 821
536 822
714 823
652 824
464 825
266 826
435 827
187 828
59 829
38 830
95 831
356 832
188 833
276 834
495 835
78 836
286 837
130 838
159 839
109 840
630 841
43 842
345 843
195 844
568 845
761 846
843 847
332 848
111 849
638 850
230 851
494 852
812 853
162 854
134 855
579 856
188 857
261 858
213 859
773 860
814 861
393 862
13 863
714 864
658 865
672 866
317 867
197 868
299 869
816 870
413 871
42 872
469 873
217 874
444 875
447 876
683 877
453 878
231 879
347 880
646 881
282 882
71 883
678 884
715 885
570 886
599 887
739 888
363 889
710 890
54 891
613 892
633 893
361 894
595 895
81 896
30 897
314 898
862 899
94 900
770 901
542 902
549 903
223 904
467 905
871 906
209 907
267 908
196 909
841 910
327 911
608 912
704 913
287 914
294 915
676 916
522 917
583 918
818 919
364 920
105 921
622 922
812 923
758 924
627 925
261 926
79 927
189 928
796 929
111 930
446 931
713 932
60 933
598 934
850 935
795 936
102 937
33 938
128 939
21 940
470 941
487 942
817 943
345 944
430 945
663 946
552 947
814 948
5 949
783 950
315 951
714 952
74 953
372 954
77 955
811 956
342 957
740 958
727 959
534 960
770 961
676 962
948 963
894 964
36 965
229 966
125 967
245 968
60 969
73 970
408 971
957 972
937 973
967 974
706 975
481 976
713 977
233 978
881 979
84 980
215 981
148 982
951 983
126 984
942 985
920 986
174 987
747 988
904 989
730 990
410 991
11 992
359 993
462 994
493 995
603 996
932 997
693 998
642 999
451 1000
1000
all 180
single 204
give 712 53848
single 528
give 342 80231
single 860
all 665
single 443
single 351
all 828
all 467
single 145
give 357 22517
single 158
single 152
give 461 32238
give 272 66387
give 706 5401
single 951
single 550
all 141
give 247 924
single 166
all 97
give 668 46959
single 635
give 707 39864
give 350 76039
single 768
single 139
single 747
single 867
give 713 76356
give 658 3329
all 197
all 612
single 393
single 659
all 308
all 321
give 262 15459
single 420
single 183
all 635
give 146 61639
all 37
single 36
give 652 18555
give 14 73292
give 236 64987
all 97
give 635 94286
single 100
give 425 52032
give 395 95213
give 545 96731
single 331
single 332
give 106 33479
give 334 78704
give 260 85370
single 159
all 546
all 902
all 385
all 665
all 933
give 239 874
give 794 3944
give 64 27638
single 442
give 409 98889
give 794 89955
give 626 10591
all 319
single 960
give 992 30429
single 985
give 230 90387
all 422
give 361 57008
single 692
single 973
all 624
all 756
give 203 42005
give 768 87733
give 700 49244
all 913
single 835
all 501
give 411 84358
give 474 62939
give 437 93036
single 223
give 183 20384
give 331 72364
all 970
single 740
all 567
all 759
give 83 66818
give 440 10761
all 65
all 69
all 954
single 751
all 591
single 767
all 940
single 261
give 666 96088
single 307
give 479 37403
all 295
single 218
give 286 40672
all 32
all 562
single 356
give 67 75413
all 203
single 195
give 360 83572
give 990 32687
single 193
single 58
give 238 75639
give 741 28285
give 778 96054
give 558 42913
single 903
give 57 66706
single 593
single 146
all 168
single 825
all 857
all 567
give 14 70075
all 954
give 107 55469
all 981
all 746
all 927
give 26 96919
single 175
single 764
all 611
give 612 91244
give 701 93380
single 279
give 917 45605
all 87
single 715
all 199
single 55
all 415
give 404 43165
single 340
all 310
single 297
give 799 30725
single 664
single 705
give 704 71320
single 989
give 493 28523
all 827
single 115
single 837
single 58
all 390
all 817
all 704
all 675
single 108
give 709 32303
all 130
give 910 41869
single 616
single 693
single 55
single 533
single 145
single 207
single 304
single 874
single 923
single 791
give 419 84745
single 656
single 154
single 900
all 178
all 692
all 131
give 926 63772
all 852
give 539 81280
all 4
single 626
all 385
all 269
give 499 55460
single 313
give 769 14056
give 237 99166
single 23
single 914
single 818
give 792 41460
give 987 24875
give 278 85466
give 247 40120
give 935 5501
all 554
all 335
single 494
give 72 97478
all 318
all 683
single 970
all 444
give 361 56343
give 575 27969
all 187
single 292
all 833
give 838 5368
all 498
all 659
all 514
all 570
single 43
give 536 8305
all 585
all 25
all 862
single 761
all 143
all 833
single 587
give 933 70278
single 651
give 169 7682
single 165
give 411 35305
all 885
give 742 85434
single 964
give 600 90983
all 252
single 839
all 28
all 673
give 314 42905
single 581
give 698 93460
all 951
all 754
give 202 12705
give 706 44350
single 666
single 124
all 615
all 582
give 949 91832
all 73
give 149 76761
single 396
single 825
single 163
single 825
give 773 30738
all 742
all 744
all 855
single 966
give 558 49197
give 470 86648
give 284 38416
all 206
give 908 50016
single 946
single 746
all 722
all 389
single 469
give 300 62955
single 637
all 450
give 564 79739
give 577 64625
single 86
all 21
single 967
all 242
all 790
all 766
all 939
give 451 47076
single 592
give 910 87739
single 823
all 885
give 767 60320
all 374
all 402
all 749
all 49
all 65
give 301 46472
single 549
all 438
give 976 25647
all 316
all 966
all 740
all 326
all 267
all 388
all 699
give 996 91449
all 111
give 252 98264
single 176
all 462
give 189 21263
give 593 28082
single 619
single 287
single 763
single 90
single 235
give 796 59927
all 250
give 322 45207
all 382
single 1000
all 169
single 876
all 617
give 594 49142
give 835 71305
all 436
give 968 71768
all 915
all 206
all 424
single 524
all 489
single 794
all 882
give 792 63082
give 36 25567
all 576
give 628 66879
give 700 18954
single 622
give 387 97759
give 788 88186
give 368 5997
all 104
give 399 16896
single 170
single 570
single 139
give 668 3933
single 428
all 469
single 849
give 241 22942
all 705
all 9
give 228 50912
all 215
all 699
all 955
give 857 33556
all 384
single 970
single 921
single 321
single 403
single 198
single 640
give 632 30377
give 209 92146
all 14
give 407 4631
give 457 9604
give 748 33807
give 487 18933
give 917 12941
give 869 98087
single 519
give 437 98544
all 629
single 58
single 193
all 256
give 269 41554
give 339 41684
single 131
all 377
single 140
give 490 81994
give 328 2855
give 629 11564
all 784
give 376 52461
single 914
give 286 78574
give 931 46370
all 803
single 339
give 207 30158
all 294
give 197 69405
all 641
give 743 26865
all 504
give 278 89121
single 940
give 749 98282
all 77
single 599
all 100
all 15
all 538
single 269
all 495
all 728
all 253
give 46 66932
single 603
single 333
all 488
all 685
all 83
all 565
all 972
give 810 70019
all 982
single 508
single 280
all 694
give 449 73996
all 292
all 444
single 50
single 561
single 46
all 854
all 61
single 207
all 563
give 750 42638
give 468 72075
single 926
all 154
give 499 56341
all 579
give 351 75450
give 985 44103
single 373
give 121 42217
single 548
single 271
all 884
give 898 97237
all 956
all 742
all 542
all 69
all 670
give 334 785
give 582 88332
give 154 51447
give 190 41643
give 138 13923
all 442
give 932 15889
all 537
single 902
all 36
give 860 90829
give 967 26948
give 204 62473
single 541
all 789
single 625
single 607
single 68
all 93
single 24
all 967
give 531 38684
give 1000 16283
give 293 27382
all 298
give 115 61273
single 414
all 893
all 453
all 628
give 264 23214
all 81
all 354
single 141
give 586 92179
give 409 7774
all 978
give 499 45522
all 443
give 813 85040
all 13
give 589 95653
single 74
all 846
give 187 55949
single 455
all 378
give 563 48339
give 610 48925
single 614
give 744 97848
give 489 26572
all 477
single 662
all 398
all 677
give 604 68630
single 690
give 275 17906
single 868
single 798
single 379
give 965 82607
all 573
single 502
give 672 76747
give 158 35129
give 838 33983
give 22 50740
single 876
all 114
all 465
all 495
single 89
all 894
single 266
single 302
all 975
single 990
all 992
single 510
single 823
give 893 85152
give 674 68108
all 215
give 192 18862
single 164
give 171 29852
single 731
give 732 37008
give 550 74638
all 412
give 649 13163
give 780 95157
all 562
single 928
all 628
all 141
all 615
all 498
single 269
all 901
all 331
single 34
all 517
single 909
all 2
give 705 10373
give 427 85451
all 88
all 485
give 132 88186
single 767
single 929
all 975
all 821
give 246 27789
give 217 65550
all 285
all 492
single 850
give 736 26736
all 410
single 845
all 20
single 99
single 589
all 617
single 808
all 632
single 727
give 750 815
all 786
all 101
all 470
all 666
all 564
all 617
single 493
single 587
all 929
all 912
all 245
single 671
give 895 7164
all 628
all 522
all 996
give 793 95215
all 676
single 952
single 964
all 197
give 667 53438
all 872
single 447
all 232
single 719
all 884
all 331
give 824 35220
give 862 646
single 38
single 714
single 277
single 152
give 624 71341
all 890
all 383
all 9
all 601
all 395
give 660 4502
give 48 43338
all 536
single 547
give 709 77440
all 588
give 766 34678
give 113 39555
give 923 17417
all 337
all 126
give 497 87326
single 601
all 813
single 366
all 925
all 872
all 328
give 933 25479
give 698 76465
single 670
give 562 18551
give 927 82138
give 379 4657
give 752 76613
single 329
all 856
all 636
single 670
give 576 15748
give 364 21690
single 989
give 742 47027
single 22
single 279
single 786
single 85
all 399
all 220
single 823
all 949
single 437
single 76
all 171
give 590 18987
give 258 90918
give 312 93838
all 828
single 816
single 758
single 372
give 494 49047
single 672
single 476
give 73 76252
all 634
single 195
all 695
give 745 75124
all 365
all 723
give 937 7357
all 166
give 332 60662
all 568
give 816 61422
single 335
all 356
single 827
single 906
single 465
all 759
all 365
single 712
give 734 96274
all 922
single 105
all 923
all 673
all 397
single 431
single 40
single 96
all 612
single 938
give 787 28035
all 703
single 256
give 688 36101
give 8 81735
single 884
single 87
all 32
all 992
all 837
all 138
single 261
single 572
all 928
single 438
give 497 52344
all 423
single 582
single 103
give 88 19009
all 514
all 318
give 851 42443
single 8
all 992
all 399
single 745
single 64
all 400
single 767
single 125
single 618
single 424
single 334
give 301 45700
all 654
all 882
single 319
give 308 92341
single 171
all 909
single 264
give 550 48372
give 18 34864
single 339
all 66
all 2
all 185
single 39
all 681
single 609
single 717
all 542
give 867 90658
single 137
give 228 27565
give 826 75140
all 785
all 693
give 470 6354
give 871 46129
give 709 45398
give 637 56180
single 374
give 739 13538
single 321
give 241 91101
all 868
single 502
give 266 22133
give 577 20167
all 85
give 817 31049
give 374 40867
single 341
give 240 23302
give 27 49071
all 106
all 577
all 293
all 464
single 94
all 688
give 651 39231
single 458
single 775
give 198 16620
single 158
all 890
give 809 8447
all 842
give 163 86213
all 984
single 42
all 737
all 780
all 732
give 787 69145
give 518 15168
all 355
single 563
all 907
all 875
single 564
give 592 76221
single 781
give 676 47868
give 551 90085
single 679
single 311
all 414
give 70 68090
single 205
single 334
single 29
single 866
all 366
single 634
give 355 10371
give 227 30915
single 914
single 334
single 495
all 539
all 352
give 521 64619
give 93 16231
give 632 70519
single 430
single 902
single 729
single 361
give 95 8564
all 78
all 566
give 249 82682
single 88
give 695 35630
give 404 64685
give 577 36221
single 469
give 164 41699
give 961 28731
all 698
all 143
single 992
give 765 90392
single 777
single 202
all 852
all 484
give 894 64928
single 418
all 614
all 984
give 990 17937
single 278
single 729
give 477 7720
single 493
single 851
all 882
single 144
give 388 61210
single 960
single 848
give 309 67280
give 909 93212
single 143
all 898
give 261 28353
give 336 37782
all 564
single 290
all 194
single 772
all 886
single 727
single 929
all 677
give 226 26878
give 510 70978
give 49 51081
give 236 5668
give 265 65213
single 530
single 721
all 272
single 521
give 142 55747
all 321
all 714
all 570
give 968 76456
all 17
single 160
single 717
single 531
give 655 26764
give 80 90553
give 713 12361
give 768 15046
give 311 19848
single 329
single 357
single 443
single 996
give 367 72323
all 399
all 391
all 69
single 75
single 362
all 729
single 133
single 665
all 343
give 896 33391
give 859 45884
single 680
all 763
single 911
all 276
single 719
single 330
single 624
single 657
single 162
single 547
all 578
all 203
single 98
give 949 29935
all 433
single 203
give 758 83368
single 492
single 449
all 558
single 686
single 645
single 647
give 961 41839
all 338
all 366
give 551 98447
give 815 345
give 858 25292
give 753 34909
give 124 33716
give 2 91608
give 108 48225
give 93 50864
single 177
all 464
give 558 66703
all 735
single 93
all 293
give 144 70156
give 458 21849
give 166 97114
single 668
single 584
give 446 98332
all 139
