1.000
46.000
93.000
112.000
227.000
376.000
368.000
527.000
519.000
672.000
265.000
142.000
364.000
517.000
680.000
515.000
289.000
438.000
589.000
203.000
295.000
505.000
656.000
664.000
356.000
742.000
268.000
809.000
815.000
341.000
418.000
652.000
968.000
417.000
801.000
559.000
571.000
570.000
513.000
494.000
570.000
952.000
660.000
702.000
811.000
1105.000
646.000
813.000
640.000
793.000
773.000
914.000
964.000
847.000
781.000
918.000
1071.000
922.000
793.000
1059.000
1067.000
1063.000
1208.000
994.000
1210.000
1069.000
1073.000
1222.000
1212.000
1359.000
1143.000
1296.000
1359.000
1296.000
1512.000
1226.000
1512.000
1512.000
