1.000
80.000
80.000
171.000
300.000
116.000
173.000
270.000
296.000
122.000
209.000
241.000
274.000
205.000
387.000
508.000
397.000
239.000
391.000
423.000
385.000
518.000
364.000
245.000
512.000
526.000
641.000
635.000
637.000
764.000
300.000
302.000
512.000
368.000
203.000
399.000
552.000
372.000
497.000
518.000
374.000
332.000
491.000
647.000
501.000
514.000
514.000
209.000
516.000
647.000
514.000
461.000
332.000
332.000
403.000
637.000
332.000
209.000
526.000
655.000
399.000
209.000
643.000
641.000
514.000
620.000
