1347671
-1635971
-24990726
-17663102
-7684916
-16980637
-19754584
-33534904
-5272421
-58094270
-20289000
-23392361
-39472344
-8727979
-9454023
-48596515
-4075646
-16046243
-3523008
-66126112
-1308188
-29466114
-3018849
-24638756
-225182
-6379677
-311089
-34164208
-57795195
-3973126
-22654057
4332
-11757318
-259815
-21185457
-8848150
-16975653
-18304235
-385234
-26013768
-73773786
-15167301
-21686748
-33581219
-26515896
-2639569
-41205576
-6092483
-16630720
2790092
-41392196
-24268225
-4108626
-40263145
-74830571
-21134749
-8327560
-31111786
-15051346
-38837721
-13499976
-20230602
-91798478
-12541011
-42380091
-52369820
-14471415
-106015981
-26443394
-26438431
-27928258
-25912565
511261
-454349
-79757040
-40754824
-14916722
-79449450
-21444726
-2941464
-46431874
-84207865
-1734033
-119242618
-81714549
-30370205
-45079527
-45464836
-1796442
-28280468
82651
-4740424
-27340457
-46615786
-1089007
-30547406
-2846134
-12546529
-21912582
-9364799
-44234552
66587
-35352809
1648172
-40773314
-17833
-58201700
-113480689
-65756352
2931441
-21465192
-7632818
-2308677
-25450363
-22867007
-11852303
-42776249
1775823
-63776771
-22743136
-33796665
-593153
-98614215
-10874723
-81127595
153333
-46171585
8980422
-14196038
-55447920
-82625177
-1389432
-8320309
-27651304
2652540
-882075
-68678438
11730106
-56603643
-66510290
-26777526
-55670390
-30926901
8803580
-62585140
-52258897
287338
503621
-35978024
-19340541
5576567
-26939453
-26141007
7040922
-576964
-1991683
-3200524
669469
-33661387
-996208
14585042
-77580063
-45749913
-33113192
10884353
-65879476
12463668
-22182917
25267384
-1216525
-39396431
12109093
-14030277
-5458395
-56898216
10367180
-14228704
-25020638
-14528162
1338581
-44725569
7316521
31307593
1929216
-253279
-4826951
-44552810
268327
-14728748
-3149585
-23311054
-33371552
-73839295
18848269
11929317
-29003698
-5052712
28003559
-66499659
17499980
-39324663
-16553203
-18126722
19753999
19671709
-27463155
-351473
-49482454
164751
-2200499
-80596756
-52397022
-114411871
759539
-108040960
-30205589
-79251958
-47906926
9613539
-45450
-3365864
2553586
-8042650
160455
5453038
-1154649
-104541294
-85192613
-6530770
-2258315
-58728
-24837813
-53061355
-121611557
-61218797
251277
-68572175
-11498001
-166440883
-155055845
-127597093
-41936156
-54709921
3237752
13296072
11552112
-158596501
-4426807
-136612
-20993422
-146580812
