100
-88201 44403 -82695 66649 54065 -92956 61798 -782 23632 -437 98952 89986 -33383 -35895 49557 64176 -74326 98715 -47544 -82442 -35239 85289 -17239 -70430 -724 74335 30316 44737 -35914 -81597 -8707 -74512 48747 20623 62425 -29351 -5936 46211 28392 -9775 -34555 75242 -42791 86179 -27106 34764 55704 -30185 -28801 32514 -91141 -39956 716 82143 1008 -59897 62646 5578 -78231 69370 87396 -46089 -62023 -12737 -31328 49120 74809 -9160 26725 82860 57466 13853 57223 54756 -50631 43149 77555 52485 -66864 -60477 1089 -8135 -74626 -20533 85092 1587 -78802 7893 -43838 -78210 -70782 71370 -43744 -42998 8092 -31860 31651 -1394 -65592 77573 
100
query 56 65
modify 86 86 -71750
modify 74 93 25472
modify 25 45 -46618
modify 55 78 16346
query 8 84
query 7 39
query 71 93
modify 98 98 73415
query 22 29
modify 47 87 -58780
query 90 94
query 92 97
query 31 56
query 56 92
modify 27 63 90723
modify 31 55 -83693
query 87 90
modify 26 98 64572
modify 94 96 69082
query 30 59
query 79 86
query 22 71
modify 65 82 -56698
modify 95 98 80887
query 63 75
modify 26 29 50821
modify 28 66 49874
modify 3 85 -25198
modify 50 69 98922
query 71 84
modify 85 96 97064
modify 89 94 20289
query 73 79
query 61 62
query 89 97
query 76 94
query 92 94
modify 23 76 -48429
modify 59 89 33560
query 61 67
query 92 95
query 22 84
query 5 36
query 24 44
modify 83 87 19615
query 49 62
query 75 81
query 69 80
modify 50 62 50679
query 4 45
query 11 96
modify 61 69 57306
query 52 52
modify 48 86 -34181
modify 85 97 -68294
query 88 100
modify 93 97 78437
query 51 85
modify 58 64 -11155
query 61 91
query 85 85
modify 48 88 2186
modify 22 29 73573
modify 32 37 58750
modify 69 88 -51462
modify 12 97 -86808
modify 18 25 -61173
query 17 17
query 59 97
query 63 81
modify 82 94 2746
query 76 86
modify 75 90 -90159
modify 53 89 -42596
modify 11 59 82745
modify 7 48 27191
modify 37 93 -72304
query 2 80
query 90 100
modify 71 88 53964
modify 51 70 72403
modify 86 92 -6234
query 22 48
modify 22 53 -17295
modify 39 59 -64819
query 26 92
query 66 68
query 39 53
modify 88 99 33213
query 22 68
query 34 66
query 23 74
query 35 35
modify 92 97 -69422
query 66 81
query 48 76
query 48 91
modify 64 98 -2596
modify 58 92 -25584
