5
100 26 2
11 3 6 2 10 6 11 0 15 9 10 4 15 12 9 0 15 9 8 1 10 12 5 15 8 4 13 3 13 10 0 2 8 10 14 15 3 5 12 3 15 3 5 2 4 3 5 10 7 14 8 9 12 9 11 5 5 4 5 8 11 6 4 3 5 0 14 10 5 11 4 11 14 3 3 3 5 7 3 14 5 15 7 6 0 9 6 10 15 11 13 4 1 14 11 14 9 6 3 2
100 24 14
11 3 12 11 5 4 8 14 9 8 13 5 10 5 12 7 11 15 4 11 2 10 2 4 14 12 5 3 6 15 0 4 10 9 7 3 15 1 13 2 10 11 14 0 7 0 1 4 1 0 5 6 4 12 1 7 14 3 8 4 3 2 12 15 0 12 4 10 0 14 13 1 2 7 14 1 4 4 8 15 9 3 7 0 8 6 5 15 9 12 10 4 14 3 13 8 3 6 7 14
100 20 3
13 3 5 8 2 0 10 11 13 10 13 0 15 3 14 12 3 13 14 2 6 12 15 5 13 14 12 13 5 3 8 14 0 0 8 2 11 6 1 2 6 2 15 15 8 12 3 8 7 15 3 3 14 0 6 6 8 3 2 10 11 5 12 9 12 13 6 4 10 14 11 1 6 2 8 0 10 15 1 5 7 5 13 3 10 15 1 8 0 12 11 6 10 12 11 1 5 8 6 3
100 18 10
9 5 6 7 12 9 10 2 6 13 6 14 12 5 12 2 0 5 11 15 14 15 8 11 12 3 13 13 2 12 7 9 4 13 0 0 8 2 2 7 2 14 6 15 0 15 2 11 3 5 2 4 7 14 10 14 15 13 14 9 7 10 13 8 10 3 7 5 11 3 15 3 6 2 0 3 13 7 7 11 4 11 5 9 6 2 8 13 6 9 5 8 7 12 6 11 5 3 15 10
100 18 6
6 13 6 6 15 0 2 15 15 8 15 3 6 8 4 12 9 2 5 13 14 0 4 8 11 5 13 11 4 14 10 6 10 6 3 7 6 8 13 1 13 13 11 4 14 12 2 14 5 12 13 6 5 3 1 7 6 3 9 2 12 3 0 11 4 10 2 15 11 2 8 10 7 1 13 2 6 1 5 4 7 13 13 7 7 9 7 6 7 9 12 4 7 13 10 5 13 13 8 6
