5
100 18 18
2 0 28 18 24 1 22 19 12 0 11 1 9 20 3 10 9 31 8 26 19 18 18 16 10 0 21 27 24 24 7 19 7 27 25 0 29 12 29 0 13 27 3 12 18 9 12 12 2 19 3 8 12 6 20 23 25 7 23 11 16 11 23 8 6 4 22 8 3 27 18 23 25 26 14 20 24 26 3 4 0 29 3 12 3 22 31 10 5 19 1 13 28 16 10 28 27 12 31 18
100 23 7
1 5 6 22 4 13 8 3 19 22 16 6 9 12 8 0 30 23 2 12 17 26 2 31 2 16 30 3 7 0 13 13 7 17 25 9 13 5 13 4 17 2 4 5 18 6 7 30 28 18 15 30 28 3 2 13 30 31 3 3 15 21 27 26 24 21 4 4 9 24 29 28 29 24 19 24 28 20 16 28 18 24 17 31 5 23 7 7 9 11 18 20 31 26 9 3 3 11 10 7
100 17 19
8 4 11 30 18 25 16 15 14 6 14 30 13 7 17 30 27 11 7 24 26 19 31 13 23 4 3 14 19 9 26 14 23 22 23 23 19 16 18 12 4 19 11 24 7 9 4 30 5 26 25 31 5 25 26 29 29 4 20 11 21 10 17 27 28 13 20 12 24 11 13 21 24 30 17 5 1 19 28 25 17 1 12 28 2 26 21 1 27 18 7 24 14 23 28 26 5 19 16 19
100 21 11
17 4 6 29 21 30 15 15 30 5 15 23 18 25 21 15 13 15 10 5 23 5 3 20 5 29 6 21 30 2 24 0 6 3 26 4 24 22 15 19 28 29 10 3 9 9 4 0 25 14 31 19 8 12 16 8 20 10 17 6 12 20 20 1 9 0 0 27 10 7 28 24 4 7 18 17 14 27 9 17 24 20 7 16 31 22 15 6 25 1 14 20 10 23 3 29 31 9 29 11
100 19 8
22 26 24 7 17 2 17 30 1 24 7 1 4 16 6 2 31 22 15 0 20 14 17 4 12 6 17 20 3 5 24 16 29 28 1 9 8 16 18 0 31 20 16 29 18 28 30 20 8 19 2 30 20 22 1 4 0 14 4 25 27 4 9 22 20 22 24 28 4 21 18 22 29 4 17 23 17 25 10 9 28 6 3 10 28 10 17 26 2 3 31 20 5 14 29 29 15 10 8 8
