100
21 75 87 75 18 60 23 80 25 92 91 34 93 11 99 81 71 10 56 24 79 68 67 2 25 77 58 13 79 94 5 90 37 51 87 14 60 8 9 65 25 28 62 97 3 25 22 13 45 100 3 60 70 23 25 43 41 29 78 23 43 31 26 22 28 5 90 95 92 95 57 16 11 4 47 10 82 30 23 45 60 100 48 28 50 72 25 37 42 66 76 50 36 4 54 77 100 43 56 73 
1 2
2 3
3 4
2 5
5 6
5 7
5 8
2 9
4 10
4 11
4 12
3 13
11 14
2 15
7 16
1 17
8 18
5 19
3 20
7 21
15 22
1 23
5 24
15 25
6 26
7 27
1 28
26 29
25 30
19 31
8 32
13 33
28 34
11 35
9 36
21 37
1 38
5 39
26 40
31 41
37 42
9 43
1 44
11 45
39 46
22 47
34 48
16 49
8 50
43 51
45 52
52 53
47 54
1 55
14 56
23 57
52 58
44 59
40 60
16 61
56 62
23 63
35 64
25 65
26 66
59 67
18 68
61 69
34 70
53 71
31 72
47 73
69 74
8 75
53 76
15 77
21 78
30 79
14 80
55 81
61 82
59 83
60 84
41 85
83 86
51 87
8 88
14 89
81 90
1 91
13 92
75 93
37 94
11 95
30 96
87 97
96 98
22 99
52 100
100
qsub 87
msub 63 98
msub 87 76
mpth 67 40 53
msub 84 74
mpth 1 98 66
qpth 86 53
msub 82 8
msub 84 68
msub 42 54
mpth 34 75 36
qpth 24 4
qpth 81 31
qsub 67
qsub 91
qsub 24
qsub 5
qsub 17
qpth 59 85
qsub 91
msub 60 64
mpth 90 32 47
mpth 86 12 57
msub 21 99
mpth 64 13 1
mpth 91 58 3
qsub 36
mpth 58 19 79
qpth 72 33
msub 59 51
mpth 77 12 35
qsub 61
qsub 17
msub 81 50
qsub 1
qsub 57
qpth 64 69
mpth 19 26 52
msub 47 31
msub 19 47
qpth 12 89
qsub 61
qpth 29 6
mpth 81 63 89
qpth 92 6
qsub 16
qsub 47
mpth 18 53 42
qsub 93
msub 45 45
qpth 24 45
msub 83 67
qsub 37
qsub 30
qpth 33 91
msub 66 92
msub 88 82
qpth 1 38
qpth 25 90
qpth 17 61
msub 6 95
qsub 7
qpth 100 48
qsub 10
msub 15 61
mpth 57 24 39
qpth 81 82
msub 81 27
qpth 20 25
qpth 3 90
msub 52 76
msub 79 22
qpth 26 53
qsub 20
mpth 4 1 44
qsub 93
qsub 15
qsub 64
mpth 4 17 35
mpth 22 34 79
msub 26 57
mpth 66 51 31
msub 9 71
qpth 87 41
qpth 40 28
mpth 71 81 4
msub 100 99
qsub 51
msub 63 12
msub 60 3
msub 46 56
qpth 87 29
qpth 55 91
qsub 27
qpth 73 87
msub 57 23
qsub 11
qpth 68 74
msub 84 11
msub 28 23
