840
49
3770
473
9360
4559
1695
8317
3535
11349
867
6704
13865
5075
8314
845
13677
32691
7867
2497
40153
18934
13661
30245
281228
46120
16871
733
1391
26904
575
20890
3561
3675
3724
1986
8594
35959
397
28174
25055
224
490
21201
1459
1188
51448
32672
51394
593
53192
18670
2282
2195
3988
2382
2704
42474
65066
9
921
6303
46186
41704
449
30747
854
1535
1698
3200
47209
33324
38226
859
56068
611
7132
2252
39989
465
53970
1071
171
37823
5744
73684
14097
55725
523
3695
3783
42164
62920
87280
1242
81042
54448
637
76194
5940
1067
69556
3674
1157
76478
84493
1373
32001
70090
879
53128
106171
127166
110147
4060
6100
96494
15313
84536
25180
56029
7832
122278
1757
108165
127182
87916
95938
109477
113521
12859
74579
72228
4367
5531
84542
114776
7141
3755
162871
29471
7997
19074
67065
75713
4519
7260
598
3176
37873
3132
76817
143747
112309
806
840
43648
4282
6275
109888
124056
148351
2833
18015
16942
74342
13022
83677
3250
50431
126140
4781
8361
84545
152509
170944
5263
687
26877
8569
1109
59571
150463
150149
4096
184554
39
24671
860
104924
100272
91942
76528
130347
3029
1045
968
37651
17828
72348
3205
2179
159241
20714
129081
133623
2314
334
7857
138413
23728
171602
143078
687
26690
109530
154450
12106
72
49849
85659
39432
110612
3342
8595
2215
210222
174386
107738
25715
26291
142891
152289
7832
4252
84122
161121
99148
34944
4306
3536
3839
25438
1439
123829
2333
4608
636
177586
4945
204612
20307
110237
58493
151122
160846
152896
3311
1313
10282
555
2045
232975
6742
4459
950
8214
201650
63938
6418
2126
114754
152417
169203
3121
232489
1757
83353
1075
196499
126328
1429
203304
116108
860
2215
239263
2508
40375
191262
10282
1998
228085
4522
155976
276404
605
1773
880
493
171841
234783
237911
263862
161761
176855
103317
10750
139056
231067
142069
175892
491
11995
277007
203526
1352
92473
158962
19278
196471
234575
2713
305
260252
188327
10810
34799
9393
4286
185949
40920
329015
2738
294402
224399
125296
47210
2333
2362
155904
568
118181
2767
29591
42618
307614
9979
11727
848
4992
172953
13028
212633
930
2143
36289
17282
291929
151818
178461
2427
44874
66722
15329
7576
197615
2974
135728
265387
213790
10164
879
39658
5908
205185
164774
166865
3045
23022
1961
322760
134054
4009
491
9905
7241
1440
7323
4091
3245
348735
605
250887
365728
7424
8731
4848
319970
891
3554
371361
10448
239447
272971
10346
4186
1425
5692
187761
123772
388267
5357
225075
1826
234167
3262
6424
158200
4764
1974
131610
57822
77710
406896
274915
13965
351819
3742
2032
181679
1025
247817
1864
370032
20275
5145
921
353501
293679
176806
2032
276069
278875
2163
225410
257421
140448
301667
10716
12442
369059
256203
23627
194814
2179
1856264
9
175901
1666
29383
338073
2087
3516
769
4373
181117
