1000
457 888 899 61 788 484 625 977 373 322 264 151 798 389 461 129 604 763 595 506 876 32 520 851 392 649 73 458 595 761 219 145 412 614 614 965 63 706 701 699 107 453 284 568 973 551 77 990 564 429 359 559 658 443 13 287 198 437 344 251 861 432 332 388 867 692 157 642 218 327 463 759 851 969 120 349 726 806 182 503 523 445 353 761 693 104 16 1 350 268 926 833 653 311 499 381 577 540 909 955 726 22 839 856 494 968 30 918 142 827 503 948 353 890 946 775 669 926 39 250 740 179 812 886 760 447 342 447 521 982 647 320 665 486 720 966 967 558 462 899 221 326 653 917 491 140 915 644 90 953 281 720 511 464 151 460 449 506 768 26 256 652 877 201 399 489 751 178 605 535 195 74 839 298 971 544 207 69 890 901 113 788 855 518 169 91 192 360 860 841 386 6 794 596 879 739 788 136 825 27 408 776 882 715 474 684 52 62 747 669 640 925 445 670 599 320 207 89 567 213 392 590 934 461 267 362 30 157 737 511 614 571 618 998 510 482 262 20 974 83 3 802 579 765 668 113 986 264 942 675 740 832 335 831 726 732 709 884 583 284 250 575 885 342 514 220 645 467 220 525 641 208 408 776 912 755 92 207 859 804 399 439 990 426 457 488 643 269 799 612 598 923 589 362 774 935 584 933 429 809 505 70 979 9 515 424 144 38 444 218 420 725 888 230 469 992 521 217 850 668 868 856 328 516 398 511 583 478 603 711 294 993 618 605 820 516 895 463 465 202 667 697 237 143 853 105 112 914 248 853 588 902 275 578 943 548 519 585 345 941 295 527 600 986 985 366 683 65 788 650 17 78 230 582 353 111 919 235 956 400 630 292 924 923 261 951 650 248 590 138 613 583 435 353 446 183 175 848 716 639 144 139 668 325 963 719 265 250 72 72 842 602 437 865 511 602 696 737 877 594 769 251 17 789 635 626 4 643 996 656 866 568 943 142 210 30 883 295 899 627 936 316 424 119 186 452 320 185 746 311 656 768 104 475 891 891 797 48 36 804 808 676 288 583 274 550 976 611 252 45 699 666 707 819 538 862 311 587 881 614 979 485 317 710 475 35 111 533 605 285 753 1 384 549 370 279 940 181 219 219 863 251 254 482 315 116 349 697 113 323 752 302 336 646 981 269 802 900 846 1 367 561 973 80 77 922 498 980 718 58 759 944 629 893 954 651 799 575 813 691 387 834 791 845 508 515 990 737 303 537 10 796 102 455 80 844 431 719 264 93 285 198 342 884 19 583 20 997 625 564 419 193 204 220 28 384 145 642 360 708 203 1000 961 693 572 55 719 105 173 562 127 113 348 964 369 798 383 902 913 57 360 410 321 810 967 723 432 423 52 70 42 156 974 718 828 338 589 391 216 537 234 696 793 295 756 333 636 718 739 788 92 471 163 185 494 144 980 715 325 377 280 780 887 441 561 360 731 974 869 477 187 418 541 347 903 38 978 703 661 370 410 698 207 98 440 431 840 799 448 319 401 701 170 59 885 617 230 883 346 847 259 617 270 211 461 442 800 559 757 582 510 460 996 670 84 997 832 916 384 383 672 11 499 187 66 716 313 217 922 425 660 866 139 523 235 640 994 843 394 876 59 14 962 254 695 909 357 930 515 800 653 497 465 752 486 214 7 382 122 191 793 76 987 364 433 575 45 720 2 186 182 29 995 344 76 894 396 698 304 654 799 525 42 139 866 600 513 522 458 463 675 693 688 433 536 207 46 632 757 258 867 82 156 24 84 551 179 266 95 100 162 156 700 302 448 9 511 302 876 611 959 44 186 708 545 541 371 976 198 166 289 996 563 145 292 633 236 792 999 230 314 153 580 969 248 77 508 437 217 189 970 147 622 2 899 663 314 504 38 117 504 307 752 648 840 197 978 710 11 670 474 320 245 159 1000 647 384 669 705 257 656 797 917 426 316 511 990 511 305 837 375 871 795 20 600 694 423 188 400 61 385 518 854 243 546 10 499 709 410 10 822 391 859 711 124 371 570 223 657 292 473 800 786 477 826 852 253 676 299 178 601 970 114 42 423 481 454 203 565 737 64 875 944 729 10 411 693 39 942 124 231 699 575 745 699 370 995 959 566 929 13 364 156 389 517 59 520 51 616 983 367 44 663 783 976 351 14 579 252 230 133 314 770 274 548 665 333 153 628 525 439 702 133 320 438 528 259 230 320 44 16 953 686 530 146 529 440 722 467 498 858 762 686 614 87 465 518 541 931 770 
1 2
2 3
1 4
3 5
3 6
6 7
5 8
2 9
4 10
1 11
8 12
9 13
6 14
13 15
10 16
8 17
5 18
6 19
2 20
10 21
4 22
22 23
3 24
19 25
8 26
9 27
23 28
23 29
12 30
15 31
29 32
26 33
8 34
2 35
21 36
20 37
18 38
2 39
20 40
15 41
6 42
32 43
41 44
17 45
2 46
44 47
4 48
7 49
29 50
38 51
47 52
15 53
13 54
5 55
29 56
4 57
5 58
40 59
11 60
53 61
38 62
9 63
39 64
40 65
7 66
23 67
23 68
35 69
57 70
42 71
71 72
4 73
6 74
18 75
27 76
18 77
64 78
56 79
22 80
7 81
35 82
16 83
81 84
27 85
1 86
72 87
26 88
69 89
74 90
19 91
91 92
28 93
58 94
79 95
39 96
55 97
24 98
56 99
50 100
80 101
97 102
50 103
77 104
78 105
28 106
25 107
83 108
54 109
20 110
60 111
90 112
91 113
113 114
106 115
88 116
77 117
29 118
50 119
105 120
72 121
39 122
60 123
122 124
2 125
67 126
14 127
126 128
84 129
113 130
45 131
124 132
22 133
90 134
73 135
65 136
40 137
23 138
97 139
118 140
54 141
127 142
4 143
45 144
88 145
122 146
71 147
32 148
146 149
41 150
36 151
49 152
73 153
84 154
50 155
31 156
131 157
124 158
77 159
157 160
135 161
97 162
147 163
78 164
60 165
93 166
149 167
164 168
46 169
2 170
169 171
42 172
110 173
27 174
122 175
48 176
174 177
118 178
1 179
108 180
79 181
9 182
140 183
99 184
23 185
124 186
75 187
111 188
167 189
1 190
37 191
178 192
171 193
33 194
52 195
4 196
115 197
72 198
186 199
193 200
74 201
114 202
185 203
88 204
108 205
120 206
57 207
46 208
10 209
77 210
183 211
125 212
21 213
13 214
63 215
12 216
144 217
60 218
58 219
11 220
211 221
12 222
51 223
89 224
86 225
168 226
99 227
3 228
9 229
183 230
230 231
68 232
142 233
53 234
166 235
27 236
213 237
211 238
105 239
238 240
7 241
118 242
41 243
158 244
81 245
173 246
177 247
70 248
148 249
55 250
90 251
71 252
195 253
2 254
226 255
247 256
111 257
60 258
144 259
256 260
224 261
110 262
91 263
124 264
209 265
25 266
163 267
155 268
60 269
47 270
25 271
224 272
58 273
173 274
176 275
7 276
215 277
187 278
87 279
30 280
250 281
145 282
153 283
84 284
76 285
53 286
108 287
235 288
232 289
199 290
3 291
129 292
292 293
189 294
219 295
129 296
112 297
13 298
37 299
11 300
273 301
92 302
16 303
3 304
145 305
289 306
100 307
295 308
290 309
288 310
258 311
181 312
253 313
64 314
223 315
217 316
32 317
193 318
148 319
55 320
242 321
234 322
220 323
11 324
47 325
232 326
275 327
91 328
243 329
293 330
326 331
284 332
207 333
236 334
243 335
265 336
281 337
119 338
44 339
22 340
21 341
25 342
68 343
215 344
191 345
307 346
2 347
12 348
153 349
277 350
1 351
260 352
195 353
2 354
67 355
137 356
170 357
47 358
97 359
67 360
96 361
199 362
148 363
233 364
310 365
252 366
73 367
59 368
341 369
289 370
156 371
314 372
296 373
155 374
264 375
176 376
357 377
206 378
88 379
227 380
281 381
324 382
41 383
116 384
321 385
258 386
294 387
159 388
200 389
63 390
57 391
232 392
232 393
58 394
34 395
225 396
135 397
77 398
191 399
397 400
75 401
206 402
357 403
174 404
43 405
20 406
215 407
403 408
135 409
179 410
57 411
66 412
398 413
153 414
393 415
164 416
309 417
262 418
270 419
109 420
294 421
101 422
389 423
375 424
117 425
338 426
277 427
153 428
383 429
385 430
156 431
76 432
1 433
104 434
261 435
191 436
384 437
405 438
413 439
295 440
394 441
114 442
410 443
62 444
113 445
72 446
172 447
28 448
183 449
386 450
79 451
34 452
230 453
337 454
236 455
217 456
247 457
381 458
204 459
133 460
163 461
253 462
47 463
353 464
90 465
347 466
430 467
442 468
126 469
293 470
272 471
182 472
415 473
413 474
6 475
276 476
104 477
239 478
46 479
334 480
270 481
119 482
129 483
92 484
407 485
195 486
153 487
256 488
74 489
257 490
213 491
345 492
132 493
381 494
360 495
220 496
435 497
201 498
369 499
82 500
346 501
482 502
468 503
129 504
290 505
358 506
124 507
391 508
182 509
118 510
348 511
105 512
195 513
109 514
66 515
213 516
361 517
507 518
53 519
103 520
65 521
467 522
37 523
206 524
24 525
27 526
269 527
345 528
263 529
312 530
29 531
190 532
417 533
199 534
370 535
64 536
64 537
212 538
138 539
497 540
133 541
445 542
301 543
337 544
57 545
371 546
48 547
278 548
78 549
19 550
336 551
145 552
285 553
286 554
522 555
198 556
87 557
131 558
169 559
182 560
393 561
193 562
543 563
118 564
81 565
220 566
344 567
220 568
550 569
114 570
549 571
58 572
473 573
390 574
352 575
350 576
406 577
412 578
246 579
15 580
8 581
282 582
94 583
62 584
388 585
134 586
153 587
361 588
564 589
111 590
398 591
353 592
524 593
316 594
134 595
214 596
432 597
16 598
173 599
542 600
296 601
251 602
518 603
105 604
189 605
467 606
519 607
604 608
487 609
117 610
271 611
481 612
461 613
105 614
486 615
600 616
123 617
387 618
465 619
328 620
86 621
129 622
305 623
214 624
8 625
306 626
477 627
377 628
14 629
217 630
16 631
165 632
225 633
236 634
113 635
556 636
14 637
358 638
139 639
532 640
503 641
347 642
198 643
443 644
74 645
599 646
483 647
176 648
252 649
448 650
219 651
12 652
98 653
501 654
158 655
196 656
345 657
438 658
53 659
63 660
433 661
401 662
602 663
550 664
610 665
324 666
324 667
406 668
66 669
94 670
652 671
149 672
581 673
416 674
162 675
580 676
187 677
607 678
366 679
263 680
96 681
540 682
625 683
404 684
625 685
350 686
116 687
430 688
637 689
294 690
652 691
75 692
369 693
397 694
455 695
635 696
36 697
523 698
184 699
288 700
694 701
547 702
586 703
95 704
631 705
142 706
481 707
377 708
180 709
629 710
390 711
360 712
237 713
560 714
57 715
206 716
181 717
355 718
708 719
619 720
177 721
655 722
402 723
558 724
690 725
132 726
595 727
524 728
267 729
135 730
219 731
176 732
214 733
214 734
722 735
174 736
297 737
67 738
180 739
148 740
446 741
41 742
221 743
279 744
194 745
448 746
556 747
479 748
640 749
426 750
636 751
701 752
417 753
658 754
386 755
730 756
544 757
556 758
572 759
563 760
406 761
581 762
95 763
521 764
216 765
21 766
114 767
452 768
481 769
391 770
134 771
458 772
748 773
251 774
278 775
613 776
257 777
19 778
5 779
446 780
771 781
128 782
282 783
153 784
56 785
679 786
318 787
764 788
659 789
48 790
84 791
277 792
473 793
671 794
178 795
403 796
412 797
31 798
591 799
306 800
475 801
794 802
295 803
474 804
251 805
761 806
536 807
372 808
452 809
385 810
475 811
541 812
90 813
733 814
22 815
758 816
451 817
73 818
376 819
748 820
651 821
426 822
495 823
272 824
47 825
76 826
98 827
393 828
411 829
167 830
16 831
8 832
331 833
357 834
719 835
275 836
743 837
758 838
796 839
309 840
25 841
120 842
649 843
560 844
34 845
321 846
548 847
620 848
645 849
299 850
650 851
744 852
267 853
614 854
90 855
809 856
805 857
574 858
205 859
729 860
836 861
468 862
637 863
707 864
231 865
840 866
243 867
833 868
498 869
668 870
677 871
281 872
731 873
208 874
124 875
171 876
15 877
588 878
606 879
474 880
585 881
591 882
650 883
643 884
455 885
672 886
363 887
235 888
468 889
425 890
221 891
577 892
126 893
239 894
379 895
821 896
426 897
131 898
408 899
672 900
821 901
890 902
347 903
189 904
762 905
835 906
692 907
568 908
549 909
259 910
81 911
309 912
373 913
15 914
583 915
531 916
26 917
683 918
453 919
894 920
727 921
393 922
371 923
723 924
512 925
353 926
137 927
76 928
192 929
344 930
15 931
859 932
501 933
728 934
281 935
720 936
783 937
461 938
655 939
575 940
432 941
109 942
599 943
803 944
789 945
797 946
35 947
428 948
209 949
142 950
158 951
719 952
456 953
403 954
227 955
902 956
698 957
563 958
603 959
756 960
955 961
692 962
824 963
250 964
425 965
351 966
882 967
135 968
795 969
85 970
914 971
176 972
574 973
520 974
412 975
313 976
364 977
902 978
568 979
8 980
76 981
375 982
799 983
698 984
666 985
914 986
82 987
121 988
219 989
766 990
393 991
959 992
714 993
698 994
837 995
866 996
167 997
842 998
493 999
57 1000
1000
msub 423 339
qsub 942
qpth 425 32
qpth 788 200
msub 973 522
mpth 836 791 178
qsub 31
mpth 768 248 691
qsub 180
qpth 980 827
mpth 878 631 945
msub 670 687
qpth 476 57
qpth 812 1
msub 278 288
qpth 766 160
mpth 124 484 520
msub 42 170
mpth 849 891 803
qsub 550
qpth 964 110
qpth 997 292
qsub 138
qpth 375 190
msub 147 566
qsub 392
mpth 625 168 959
msub 752 662
qpth 856 294
mpth 251 174 762
mpth 27 721 615
msub 388 246
qpth 618 22
qsub 966
mpth 876 359 520
msub 530 987
qpth 75 751
mpth 726 335 283
msub 109 913
qsub 333
qpth 152 766
qpth 457 31
mpth 384 376 488
qpth 190 304
mpth 593 309 623
mpth 460 579 961
qpth 399 923
qsub 309
qsub 191
qsub 618
mpth 248 760 406
msub 238 359
qpth 664 246
msub 448 214
msub 965 278
qsub 704
mpth 487 116 200
qsub 903
qsub 55
msub 657 810
qpth 219 322
msub 524 76
qpth 659 821
msub 992 277
qpth 451 85
msub 970 953
qsub 251
mpth 589 165 222
msub 652 342
msub 528 298
qpth 33 244
mpth 565 445 908
mpth 230 402 310
qpth 718 713
mpth 119 66 155
mpth 543 930 602
qsub 749
qpth 208 939
mpth 77 838 89
msub 352 274
qsub 121
qpth 324 710
mpth 490 653 645
mpth 9 532 427
qsub 813
qsub 658
msub 670 843
msub 541 883
mpth 488 341 317
mpth 756 681 844
qpth 613 353
qsub 293
mpth 305 358 614
qsub 683
mpth 586 5 212
qsub 161
qsub 375
mpth 343 539 799
qsub 517
qpth 539 754
msub 516 829
qpth 84 460
mpth 344 370 632
qpth 31 703
qpth 896 521
mpth 733 934 240
qpth 381 26
msub 417 668
qsub 322
msub 854 492
qsub 759
mpth 178 367 267
qpth 884 643
msub 907 734
msub 801 599
mpth 893 529 574
msub 748 487
qpth 706 220
qpth 504 891
msub 366 979
mpth 904 391 687
msub 215 806
qpth 925 420
mpth 710 534 843
msub 940 489
msub 454 796
msub 39 692
qsub 820
msub 490 622
mpth 326 893 261
qpth 344 378
mpth 664 475 674
msub 373 324
msub 200 67
msub 199 830
mpth 388 762 500
qsub 389
qsub 198
msub 25 264
qpth 325 986
msub 52 785
qsub 523
qsub 328
qpth 199 538
qsub 869
msub 921 227
mpth 559 835 974
qsub 258
qsub 531
mpth 795 578 965
qpth 931 106
msub 950 214
qpth 621 514
mpth 935 837 550
msub 657 211
mpth 494 333 16
qpth 561 976
mpth 121 295 722
qpth 716 959
qsub 255
qpth 346 863
msub 178 237
qpth 207 236
qsub 208
msub 436 500
msub 978 899
msub 325 334
mpth 275 456 314
mpth 377 803 108
mpth 660 422 844
mpth 157 299 663
qpth 987 890
msub 625 664
mpth 751 243 558
mpth 369 873 829
qpth 874 385
qsub 775
msub 425 919
qpth 476 370
qsub 901
msub 507 644
qsub 843
msub 896 167
msub 498 215
msub 198 645
msub 575 289
msub 23 782
qsub 561
qpth 93 811
qsub 83
msub 74 881
msub 642 429
qsub 712
qpth 87 747
mpth 790 352 178
qpth 548 202
qpth 533 347
msub 931 664
msub 152 748
qpth 959 18
mpth 363 117 382
msub 763 446
qpth 709 697
qpth 178 41
msub 319 840
msub 624 624
qpth 432 785
mpth 360 399 590
msub 437 178
qpth 279 196
msub 876 376
msub 432 275
mpth 855 346 416
msub 36 509
mpth 766 59 181
msub 801 856
qpth 694 551
qpth 848 476
mpth 871 165 148
mpth 312 566 187
mpth 759 165 643
mpth 660 527 861
qpth 402 85
qsub 387
qsub 132
msub 300 900
qsub 505
qpth 249 606
msub 312 807
mpth 928 969 223
qsub 102
qpth 936 225
qsub 942
mpth 87 964 861
qpth 768 516
qpth 445 60
mpth 200 364 94
mpth 541 39 809
mpth 315 82 519
qsub 948
qsub 307
qpth 343 480
msub 796 942
qsub 824
msub 749 128
mpth 196 630 503
qpth 172 366
qsub 30
msub 371 235
qsub 758
msub 731 488
mpth 981 984 168
mpth 452 895 43
qsub 793
msub 899 138
qsub 579
qsub 525
qsub 978
qpth 596 604
qsub 532
qsub 314
msub 539 386
mpth 49 830 606
qsub 582
qsub 50
qpth 489 361
qsub 101
msub 459 155
msub 709 173
msub 730 616
qsub 52
qsub 30
mpth 398 36 620
qsub 668
msub 507 673
msub 379 548
qsub 762
mpth 274 994 549
msub 802 238
mpth 858 529 985
msub 279 374
mpth 752 820 46
msub 572 322
mpth 25 446 918
qsub 590
qpth 166 425
qsub 69
qsub 711
qpth 452 135
mpth 612 970 567
qsub 159
qsub 910
qpth 957 431
qpth 846 563
qpth 177 481
qpth 915 456
mpth 31 686 753
msub 177 999
mpth 200 936 524
msub 843 488
qpth 782 37
qpth 802 919
qsub 770
msub 924 402
qsub 778
msub 948 82
msub 49 182
mpth 692 54 358
qsub 291
qpth 9 971
qpth 917 832
qsub 669
qpth 884 84
mpth 953 892 373
qpth 692 782
qpth 100 52
qsub 753
qsub 180
mpth 188 22 706
msub 893 593
qpth 192 340
msub 522 805
msub 751 6
qpth 439 791
msub 34 832
qpth 509 437
qsub 652
qpth 601 309
qpth 610 616
qsub 852
qpth 883 135
qsub 950
msub 571 499
mpth 799 222 315
msub 665 510
msub 431 262
msub 181 699
qsub 286
qpth 969 789
qsub 457
msub 373 605
msub 104 642
qsub 964
msub 240 529
qsub 273
qsub 181
msub 274 503
qpth 718 431
qsub 523
qpth 817 430
mpth 266 834 231
qpth 591 440
qsub 692
mpth 113 653 624
mpth 754 303 156
qsub 311
qpth 677 818
msub 862 602
qsub 985
msub 984 604
qsub 634
qsub 162
qpth 862 459
msub 649 260
qpth 686 185
mpth 926 863 313
qsub 956
qsub 708
qsub 979
qpth 923 820
qsub 779
qsub 786
msub 447 799
msub 189 643
msub 567 566
msub 925 41
qsub 857
msub 851 629
msub 900 141
qsub 955
mpth 681 91 177
qpth 53 850
qpth 387 188
qpth 817 394
mpth 358 785 885
msub 566 934
mpth 481 273 962
qsub 716
qpth 103 38
mpth 7 313 858
msub 728 670
qpth 665 588
qpth 340 177
msub 467 991
qpth 64 72
qsub 220
qsub 560
qsub 426
qpth 902 620
qsub 673
qsub 305
msub 637 673
mpth 894 449 441
msub 690 87
mpth 835 700 168
mpth 797 834 405
qpth 598 956
msub 224 587
qsub 51
msub 77 645
qsub 382
qpth 277 938
msub 741 723
mpth 200 879 174
msub 634 679
mpth 642 176 94
msub 289 309
msub 523 690
msub 132 406
qpth 746 167
mpth 779 324 520
msub 488 663
qpth 984 372
qpth 792 409
msub 820 875
mpth 335 205 489
qsub 925
msub 75 566
mpth 99 368 84
qpth 876 346
msub 601 546
mpth 31 222 620
qsub 801
mpth 437 623 333
mpth 268 195 951
msub 925 797
qpth 807 1000
msub 776 720
qpth 29 371
mpth 718 322 12
qpth 563 763
qpth 910 334
mpth 214 579 262
qpth 971 896
msub 372 973
qpth 475 773
msub 94 371
qpth 599 386
qsub 563
msub 813 933
qsub 606
mpth 26 740 223
qpth 17 758
msub 581 177
msub 21 390
qsub 302
qpth 962 824
msub 434 94
qpth 406 950
msub 402 888
qsub 600
msub 637 791
mpth 1 768 714
msub 378 173
msub 289 960
qpth 738 544
qsub 118
qsub 633
mpth 143 718 406
msub 861 864
qsub 136
qsub 184
msub 291 109
qsub 598
qpth 894 357
mpth 93 701 79
msub 205 505
msub 882 231
qpth 686 956
msub 695 884
mpth 156 440 464
mpth 56 577 428
msub 906 271
mpth 633 958 115
qpth 460 408
qpth 285 936
qsub 313
mpth 728 442 721
qsub 100
qpth 806 884
msub 788 604
qpth 962 925
mpth 860 938 760
qsub 152
msub 56 887
mpth 723 279 859
qpth 295 419
msub 928 926
qsub 180
msub 46 534
qpth 974 946
qsub 412
qsub 917
msub 759 49
qsub 801
qpth 322 897
mpth 130 291 206
qpth 892 597
mpth 367 613 147
mpth 221 401 624
msub 942 804
msub 636 615
msub 686 810
qsub 515
msub 323 653
msub 191 89
qsub 654
qpth 858 924
qsub 582
qsub 870
mpth 741 641 693
qpth 464 634
mpth 237 137 148
msub 97 967
qpth 760 503
mpth 678 215 865
qpth 580 169
qsub 137
qsub 496
qsub 96
msub 98 827
qpth 194 718
qsub 207
qpth 997 539
mpth 320 217 636
qsub 801
qpth 567 211
qsub 912
mpth 215 605 101
mpth 442 829 796
msub 484 381
qsub 354
qsub 167
mpth 273 700 928
msub 287 155
qpth 586 11
mpth 653 25 381
msub 906 606
mpth 513 438 425
msub 257 217
qsub 896
mpth 79 281 649
mpth 141 778 550
msub 640 118
qpth 22 551
msub 685 727
qsub 77
qpth 359 244
qpth 317 570
qsub 888
mpth 199 914 619
msub 46 571
msub 82 382
qpth 381 783
qsub 173
qsub 489
qsub 622
msub 428 452
msub 988 237
qpth 983 798
qpth 426 932
mpth 743 583 244
qpth 818 263
mpth 359 646 991
qsub 489
qsub 95
mpth 781 81 841
msub 475 50
qpth 403 724
qpth 919 538
mpth 583 575 154
msub 992 753
mpth 187 767 679
mpth 815 952 559
qpth 634 553
qsub 154
msub 874 990
mpth 824 736 435
mpth 770 228 75
msub 831 644
qpth 436 450
mpth 549 240 847
qpth 678 657
qsub 215
qsub 680
msub 698 308
qsub 224
qpth 316 797
qsub 926
qpth 862 796
qpth 195 294
mpth 983 281 228
qpth 837 986
msub 172 494
qsub 260
qsub 403
mpth 224 608 992
qsub 1
mpth 36 129 184
msub 809 935
msub 294 642
msub 976 984
qsub 993
mpth 332 875 907
qpth 347 64
qpth 870 696
mpth 353 757 422
qpth 408 200
qsub 433
mpth 334 723 240
qpth 545 371
qsub 339
qpth 585 623
qpth 604 191
qpth 839 764
qpth 891 801
qsub 224
msub 623 391
qpth 314 530
qsub 181
qsub 228
msub 51 696
mpth 277 683 107
mpth 119 270 2
msub 253 646
qpth 534 272
mpth 968 90 918
qsub 901
msub 127 489
mpth 705 746 150
msub 855 660
qsub 630
qpth 839 146
msub 761 354
mpth 608 259 56
qsub 838
msub 491 79
qsub 942
qpth 337 814
qpth 666 453
qpth 491 776
qsub 751
msub 624 621
qsub 529
qpth 885 137
mpth 287 287 57
qsub 267
mpth 206 238 536
qpth 568 880
qpth 601 503
qpth 981 850
qsub 568
msub 435 371
qpth 139 109
msub 912 986
qpth 740 650
qpth 84 497
qpth 814 816
msub 587 188
qpth 55 726
mpth 388 999 862
qpth 585 830
mpth 336 957 381
mpth 617 746 295
qpth 469 969
msub 370 411
qsub 500
msub 789 307
mpth 59 400 318
qpth 935 419
qsub 456
qpth 265 9
qsub 975
qsub 360
qpth 836 851
qpth 488 13
msub 500 283
msub 981 302
qpth 525 435
mpth 942 133 93
msub 773 5
qpth 302 635
msub 78 346
mpth 146 444 687
qsub 306
mpth 246 518 330
qsub 412
qsub 134
qpth 359 385
msub 221 990
qpth 59 924
qsub 811
qpth 420 63
msub 133 587
msub 826 309
qsub 915
qsub 553
msub 647 485
qsub 671
msub 518 787
qpth 914 881
qpth 64 70
qsub 748
mpth 690 564 468
qpth 980 224
qsub 332
qpth 335 171
qpth 110 513
mpth 838 125 495
qsub 396
mpth 127 633 51
qsub 157
mpth 122 157 727
msub 60 653
qsub 567
msub 427 853
qpth 904 899
qsub 346
qsub 880
msub 148 195
qpth 143 695
msub 46 186
qsub 432
msub 410 635
mpth 305 140 69
msub 102 148
msub 738 771
msub 183 933
qsub 875
qsub 771
qpth 564 948
msub 184 710
qpth 781 698
qsub 79
qsub 280
mpth 7 148 658
qsub 383
mpth 329 424 37
qsub 488
mpth 634 251 437
qsub 808
msub 559 831
qpth 796 47
qsub 436
qpth 484 616
mpth 772 321 935
qsub 21
mpth 730 750 888
qpth 55 125
qpth 578 319
mpth 88 607 214
qsub 971
mpth 597 879 394
msub 665 213
qsub 734
mpth 906 91 153
msub 233 546
qsub 113
mpth 296 827 515
qpth 350 723
qpth 998 426
qpth 912 173
qpth 46 396
qsub 453
qsub 498
mpth 876 902 98
qsub 702
msub 230 981
qpth 668 302
mpth 587 97 549
mpth 799 415 838
mpth 261 336 40
msub 974 329
qsub 507
qpth 775 20
qpth 129 636
qpth 906 481
qsub 264
msub 987 670
msub 573 654
mpth 965 187 900
msub 341 173
qpth 546 147
qpth 312 748
qsub 355
qsub 112
qpth 851 42
mpth 490 496 789
qsub 289
qsub 348
mpth 664 225 46
qsub 442
qpth 246 127
qpth 678 512
msub 528 30
msub 719 331
msub 515 126
mpth 702 89 311
msub 767 677
mpth 937 208 929
msub 414 301
qsub 272
msub 597 135
mpth 946 649 981
mpth 764 727 963
qsub 108
mpth 482 959 800
qpth 142 152
msub 839 509
qsub 639
qsub 559
mpth 42 444 844
mpth 237 612 153
qsub 988
qpth 700 698
msub 844 321
qsub 965
msub 198 591
qsub 362
qsub 680
mpth 704 200 486
mpth 489 441 344
mpth 896 696 527
msub 220 253
qpth 68 469
msub 738 265
mpth 207 572 122
qpth 265 963
qsub 148
mpth 448 187 358
qpth 782 180
mpth 31 786 647
qsub 835
mpth 202 205 578
qsub 119
qsub 537
mpth 762 79 549
qsub 279
qpth 201 306
mpth 99 320 54
qpth 435 90
msub 13 252
msub 774 261
msub 819 511
qpth 501 202
qpth 233 613
msub 317 592
mpth 281 490 474
msub 491 955
mpth 790 534 480
mpth 443 921 118
qsub 178
qpth 709 435
qsub 392
mpth 454 529 779
msub 48 867
qsub 514
msub 626 642
msub 110 312
mpth 46 293 635
qpth 643 193
qsub 308
msub 70 992
mpth 675 851 251
mpth 215 956 810
qpth 413 619
qsub 237
mpth 419 191 813
msub 733 583
qpth 537 670
msub 818 571
mpth 418 374 749
qpth 842 79
qpth 686 148
msub 487 623
qsub 808
qpth 224 426
msub 830 795
qpth 600 298
mpth 148 388 479
mpth 882 126 783
mpth 81 343 430
qpth 842 381
qsub 737
qsub 183
qpth 625 483
msub 115 886
qpth 550 350
qsub 8
qpth 2 561
qpth 295 924
qpth 153 29
qsub 233
qsub 928
qsub 289
qsub 949
qpth 251 348
mpth 442 9 303
mpth 936 558 572
qsub 770
msub 659 81
mpth 348 948 62
mpth 215 700 204
qsub 318
qsub 558
qpth 423 545
msub 407 33
mpth 655 852 266
qsub 594
msub 858 698
mpth 247 65 340
msub 199 478
qsub 235
mpth 371 904 994
qsub 376
qsub 220
mpth 36 199 522
qpth 318 683
qsub 115
qsub 107
msub 389 561
qsub 334
qpth 880 527
mpth 710 494 842
qsub 368
msub 299 363
qpth 790 240
qsub 503
qpth 81 541
mpth 829 274 22
qsub 474
msub 55 583
qsub 575
qpth 4 774
mpth 363 370 257
mpth 357 1000 929
mpth 258 461 301
msub 312 439
msub 842 980
qsub 638
mpth 504 539 897
qsub 971
mpth 470 838 196
msub 386 456
mpth 74 497 404
qsub 109
mpth 330 267 935
msub 293 296
mpth 62 574 348
mpth 215 702 498
qsub 307
qpth 3 292
mpth 116 204 457
msub 638 413
mpth 831 397 53
mpth 339 494 501
mpth 592 855 813
qsub 981
qpth 323 835
mpth 122 191 351
qpth 848 226
mpth 674 770 875
mpth 855 330 527
qpth 16 38
qpth 379 500
msub 278 719
qsub 342
qsub 131
qpth 219 887
msub 637 757
msub 45 466
mpth 645 566 695
mpth 660 641 727
qpth 445 90
qpth 68 535
mpth 664 78 757
mpth 931 344 226
msub 67 41
qpth 239 757
msub 1000 786
qsub 82
qsub 209
qsub 990
qpth 63 932
mpth 251 495 382
msub 776 104
mpth 791 355 419
qsub 787
mpth 752 167 961
qsub 578
