1000
209 977 203 679 976 360 841 363 185 926 512 409 596 91 545 30 530 723 462 866 221 485 737 851 764 506 876 412 918 751 49 462 54 165 520 826 649 507 718 464 328 702 622 86 84 493 659 171 377 907 925 341 781 919 269 314 956 965 519 92 966 221 903 790 855 65 402 43 330 292 262 399 647 557 920 979 948 259 112 233 696 422 313 678 474 807 380 283 130 664 849 963 640 255 572 779 481 263 949 504 560 777 664 159 87 277 851 611 377 904 838 872 165 404 712 849 650 347 1 58 328 525 460 184 861 913 773 116 861 531 941 53 322 381 891 839 736 168 307 771 785 624 238 807 544 607 211 28 392 612 337 708 750 569 687 214 255 991 86 749 844 173 728 913 148 583 598 210 289 348 723 458 704 310 37 626 826 500 789 220 39 118 718 112 344 228 540 727 490 273 488 545 52 320 890 963 265 643 674 752 496 237 259 897 549 298 473 62 649 511 59 256 378 495 166 341 398 638 422 297 296 368 732 444 257 396 566 652 425 946 256 975 691 948 898 484 836 518 133 43 424 658 871 547 801 10 836 660 847 70 940 594 459 80 763 259 860 101 943 951 803 942 293 552 118 695 532 880 68 879 162 699 532 504 680 472 518 762 510 302 989 915 792 173 297 521 346 460 426 904 38 229 354 524 315 942 469 768 496 726 291 975 618 245 120 667 674 899 299 712 1000 743 665 548 582 436 785 576 330 333 498 325 813 868 42 452 773 724 20 424 902 866 85 176 298 788 151 299 18 804 336 623 841 62 726 370 259 875 446 963 971 574 810 463 987 401 596 604 296 254 70 73 513 980 238 122 912 377 376 193 87 800 987 964 127 475 57 30 921 394 586 123 840 271 602 647 390 546 46 222 528 970 91 844 339 384 207 80 638 620 866 365 117 236 197 76 724 908 958 26 398 817 9 830 587 330 300 957 73 179 486 286 68 206 201 186 306 722 727 583 961 539 303 43 770 146 76 973 307 717 748 13 408 661 808 679 548 236 895 610 528 454 527 918 771 686 852 187 370 286 440 144 95 957 931 986 964 393 564 673 117 236 270 798 899 120 728 111 576 74 386 261 506 60 743 300 896 630 790 36 547 431 302 262 613 274 293 119 925 731 489 184 437 101 665 452 396 118 179 711 220 660 983 587 511 606 266 164 499 529 711 230 426 698 198 298 431 919 311 35 879 403 705 683 824 644 989 788 447 656 205 486 120 455 397 376 393 801 69 774 130 35 752 292 995 752 366 226 317 32 471 463 198 357 371 667 429 681 93 968 738 366 479 344 583 407 617 666 556 47 616 704 443 614 356 695 229 429 261 434 832 340 584 935 784 643 794 76 579 133 373 927 350 560 827 543 524 135 135 236 138 378 794 533 21 700 408 246 560 191 586 290 563 766 686 734 757 370 57 956 315 238 766 618 886 899 138 70 329 804 656 445 932 608 307 347 995 957 233 934 90 482 549 900 760 373 242 605 116 676 218 372 311 743 144 172 23 624 878 294 508 126 497 355 826 711 591 423 68 648 481 534 660 569 513 293 651 80 381 514 180 979 747 510 436 497 485 279 127 425 433 840 93 29 76 292 456 561 191 428 757 784 828 697 791 771 562 476 35 297 229 200 344 73 622 115 88 950 600 714 892 762 904 693 557 966 699 401 418 976 503 344 96 470 767 975 275 685 708 273 407 665 809 535 36 328 332 441 794 306 143 191 22 403 198 703 772 364 384 768 131 603 357 657 44 582 819 755 964 239 276 11 14 986 322 904 485 838 583 880 496 253 701 677 26 505 474 837 892 727 496 655 904 526 702 730 87 283 477 180 47 359 512 516 930 955 467 516 180 660 480 253 35 352 658 544 347 335 454 221 642 831 998 644 272 690 957 107 697 517 58 71 302 672 184 116 257 512 450 792 239 865 588 754 866 47 617 663 140 379 131 398 467 566 462 895 301 636 791 648 483 103 92 754 378 645 880 1 972 359 502 126 205 261 439 952 280 888 80 744 599 862 851 977 562 894 103 280 731 847 267 607 472 525 128 340 66 139 272 970 735 861 936 69 139 514 20 176 231 522 893 755 146 511 18 870 358 993 917 489 69 257 694 982 323 694 430 695 795 283 387 477 228 21 436 546 762 472 413 586 1 160 806 573 288 316 9 71 320 200 523 405 382 365 848 49 36 962 619 736 207 879 794 384 365 888 844 157 116 912 746 135 602 632 102 292 377 131 482 682 983 350 125 560 948 548 256 828 598 122 
1 2
1 3
1 4
2 5
1 6
3 7
5 8
2 9
6 10
9 11
1 12
6 13
13 14
7 15
13 16
16 17
10 18
8 19
15 20
9 21
4 22
4 23
20 24
21 25
13 26
14 27
4 28
20 29
19 30
20 31
2 32
7 33
14 34
8 35
19 36
1 37
23 38
23 39
14 40
38 41
37 42
10 43
12 44
31 45
12 46
6 47
18 48
15 49
43 50
40 51
6 52
7 53
43 54
24 55
9 56
36 57
19 58
8 59
23 60
46 61
10 62
10 63
47 64
24 65
60 66
52 67
25 68
38 69
69 70
62 71
11 72
70 73
49 74
27 75
62 76
75 77
11 78
2 79
73 80
39 81
19 82
8 83
68 84
73 85
75 86
25 87
35 88
82 89
56 90
64 91
68 92
82 93
1 94
32 95
41 96
94 97
73 98
70 99
83 100
20 101
24 102
35 103
21 104
75 105
98 106
49 107
22 108
38 109
38 110
97 111
96 112
98 113
7 114
92 115
43 116
19 117
96 118
43 119
112 120
106 121
53 122
75 123
18 124
63 125
93 126
108 127
89 128
25 129
16 130
53 131
49 132
24 133
12 134
15 135
122 136
94 137
72 138
136 139
94 140
2 141
104 142
15 143
132 144
106 145
92 146
3 147
78 148
58 149
54 150
60 151
19 152
98 153
65 154
113 155
90 156
58 157
122 158
56 159
46 160
74 161
142 162
18 163
104 164
132 165
40 166
79 167
28 168
158 169
154 170
110 171
171 172
143 173
62 174
23 175
98 176
109 177
141 178
66 179
116 180
170 181
63 182
2 183
112 184
49 185
60 186
53 187
156 188
6 189
94 190
162 191
43 192
59 193
40 194
29 195
173 196
53 197
9 198
20 199
21 200
194 201
51 202
142 203
199 204
200 205
153 206
117 207
116 208
154 209
149 210
93 211
195 212
68 213
104 214
149 215
184 216
149 217
33 218
59 219
135 220
59 221
35 222
115 223
63 224
107 225
85 226
93 227
33 228
127 229
156 230
58 231
45 232
164 233
73 234
234 235
89 236
115 237
168 238
110 239
156 240
40 241
16 242
99 243
81 244
13 245
237 246
160 247
137 248
125 249
7 250
214 251
37 252
88 253
194 254
142 255
118 256
105 257
212 258
19 259
119 260
111 261
115 262
89 263
244 264
248 265
119 266
223 267
58 268
215 269
53 270
242 271
43 272
152 273
8 274
123 275
49 276
186 277
122 278
237 279
171 280
262 281
213 282
116 283
100 284
10 285
259 286
16 287
189 288
225 289
212 290
25 291
192 292
115 293
159 294
158 295
23 296
232 297
171 298
70 299
95 300
184 301
133 302
99 303
226 304
197 305
66 306
271 307
299 308
122 309
272 310
287 311
50 312
208 313
295 314
161 315
62 316
207 317
51 318
9 319
77 320
130 321
268 322
246 323
183 324
235 325
70 326
283 327
137 328
45 329
62 330
97 331
281 332
234 333
208 334
270 335
233 336
261 337
238 338
185 339
162 340
11 341
170 342
123 343
172 344
344 345
49 346
95 347
128 348
24 349
29 350
174 351
45 352
344 353
330 354
6 355
134 356
171 357
11 358
278 359
44 360
184 361
198 362
187 363
237 364
61 365
125 366
104 367
114 368
143 369
253 370
227 371
81 372
209 373
355 374
27 375
46 376
219 377
254 378
8 379
361 380
289 381
352 382
373 383
185 384
46 385
217 386
210 387
312 388
239 389
268 390
73 391
241 392
68 393
74 394
105 395
8 396
163 397
288 398
260 399
2 400
296 401
156 402
96 403
17 404
208 405
83 406
134 407
207 408
240 409
291 410
340 411
5 412
198 413
232 414
297 415
321 416
247 417
104 418
318 419
135 420
250 421
403 422
108 423
418 424
45 425
139 426
42 427
398 428
7 429
202 430
20 431
5 432
197 433
117 434
103 435
215 436
26 437
144 438
380 439
352 440
396 441
353 442
352 443
92 444
251 445
138 446
181 447
310 448
180 449
404 450
428 451
394 452
105 453
357 454
219 455
381 456
175 457
3 458
289 459
429 460
292 461
453 462
278 463
21 464
55 465
378 466
452 467
412 468
453 469
44 470
33 471
291 472
59 473
100 474
446 475
261 476
290 477
9 478
353 479
190 480
373 481
229 482
208 483
53 484
316 485
446 486
274 487
164 488
173 489
461 490
423 491
389 492
225 493
449 494
424 495
19 496
171 497
119 498
428 499
112 500
116 501
141 502
210 503
168 504
202 505
493 506
178 507
480 508
169 509
447 510
221 511
99 512
44 513
511 514
352 515
117 516
30 517
212 518
66 519
370 520
430 521
200 522
104 523
178 524
164 525
350 526
27 527
78 528
451 529
122 530
33 531
120 532
272 533
252 534
163 535
506 536
37 537
250 538
378 539
454 540
42 541
325 542
391 543
137 544
146 545
133 546
293 547
94 548
14 549
45 550
383 551
249 552
57 553
293 554
516 555
15 556
261 557
232 558
95 559
236 560
514 561
374 562
210 563
350 564
69 565
506 566
361 567
501 568
65 569
406 570
159 571
214 572
195 573
31 574
139 575
509 576
424 577
456 578
252 579
61 580
163 581
512 582
414 583
218 584
163 585
294 586
369 587
60 588
584 589
441 590
515 591
205 592
86 593
220 594
592 595
259 596
170 597
315 598
301 599
364 600
382 601
216 602
355 603
46 604
533 605
419 606
148 607
9 608
126 609
526 610
567 611
442 612
285 613
549 614
305 615
185 616
97 617
316 618
541 619
334 620
151 621
138 622
34 623
398 624
162 625
101 626
445 627
116 628
344 629
492 630
560 631
169 632
408 633
618 634
388 635
15 636
604 637
25 638
77 639
617 640
448 641
542 642
435 643
176 644
155 645
292 646
354 647
330 648
431 649
272 650
640 651
78 652
626 653
199 654
631 655
421 656
339 657
444 658
462 659
394 660
435 661
541 662
630 663
91 664
112 665
101 666
372 667
81 668
306 669
511 670
333 671
661 672
520 673
130 674
174 675
605 676
529 677
589 678
446 679
31 680
196 681
379 682
315 683
601 684
98 685
462 686
265 687
172 688
69 689
107 690
454 691
164 692
39 693
579 694
136 695
353 696
632 697
111 698
639 699
154 700
405 701
608 702
701 703
699 704
273 705
640 706
603 707
216 708
601 709
704 710
73 711
332 712
262 713
38 714
569 715
294 716
549 717
25 718
354 719
695 720
628 721
295 722
29 723
113 724
552 725
126 726
724 727
603 728
413 729
257 730
60 731
414 732
154 733
655 734
79 735
534 736
621 737
147 738
244 739
486 740
328 741
380 742
253 743
610 744
151 745
458 746
329 747
700 748
212 749
75 750
139 751
604 752
223 753
343 754
8 755
162 756
126 757
711 758
138 759
504 760
270 761
136 762
57 763
514 764
632 765
516 766
257 767
25 768
482 769
164 770
269 771
143 772
66 773
674 774
717 775
73 776
337 777
723 778
264 779
424 780
620 781
672 782
340 783
627 784
676 785
29 786
336 787
163 788
779 789
495 790
219 791
634 792
72 793
607 794
308 795
760 796
694 797
117 798
103 799
538 800
795 801
584 802
517 803
527 804
633 805
266 806
706 807
233 808
430 809
403 810
469 811
325 812
477 813
796 814
755 815
464 816
247 817
210 818
110 819
373 820
800 821
466 822
631 823
1 824
302 825
241 826
280 827
747 828
794 829
277 830
265 831
10 832
687 833
444 834
394 835
117 836
409 837
753 838
251 839
621 840
89 841
5 842
381 843
123 844
158 845
327 846
39 847
739 848
177 849
199 850
133 851
830 852
492 853
795 854
599 855
97 856
146 857
18 858
6 859
611 860
749 861
119 862
525 863
279 864
596 865
236 866
447 867
279 868
298 869
542 870
760 871
756 872
710 873
710 874
199 875
108 876
854 877
117 878
445 879
84 880
56 881
683 882
51 883
867 884
578 885
471 886
800 887
500 888
665 889
604 890
554 891
360 892
526 893
443 894
718 895
807 896
328 897
696 898
427 899
268 900
630 901
73 902
687 903
252 904
169 905
177 906
290 907
62 908
463 909
101 910
96 911
854 912
177 913
397 914
767 915
484 916
340 917
61 918
542 919
168 920
508 921
867 922
751 923
800 924
712 925
899 926
795 927
863 928
386 929
367 930
683 931
88 932
250 933
520 934
259 935
667 936
466 937
320 938
366 939
905 940
599 941
558 942
707 943
790 944
162 945
929 946
446 947
344 948
573 949
771 950
102 951
200 952
321 953
172 954
634 955
542 956
831 957
657 958
720 959
243 960
273 961
191 962
325 963
603 964
557 965
625 966
471 967
584 968
759 969
135 970
331 971
442 972
605 973
594 974
897 975
779 976
230 977
827 978
397 979
722 980
634 981
738 982
558 983
46 984
517 985
385 986
344 987
658 988
261 989
432 990
43 991
1 992
793 993
268 994
801 995
73 996
186 997
268 998
757 999
274 1000
1000
msub 895 985
qpth 895 799
msub 209 283
qpth 430 131
qsub 152
qpth 684 169
qpth 561 146
qpth 246 927
qpth 612 684
qpth 34 124
qpth 301 972
qpth 526 727
qpth 81 12
mpth 231 529 111
mpth 435 115 951
mpth 420 342 767
msub 358 76
qsub 926
qpth 443 1000
msub 895 481
qpth 53 706
msub 429 215
msub 487 211
msub 453 905
mpth 355 346 721
msub 24 388
msub 81 797
qpth 198 159
qpth 76 897
qpth 457 281
qpth 789 520
qpth 171 769
mpth 192 760 755
qpth 635 240
qpth 407 276
qpth 471 812
qpth 402 724
qsub 843
msub 313 801
qsub 895
qsub 455
qsub 909
qsub 671
mpth 319 508 321
qsub 279
msub 389 372
qsub 96
mpth 314 421 917
mpth 107 854 658
qsub 77
msub 678 221
qsub 968
qpth 26 355
msub 521 12
qsub 457
msub 20 214
mpth 198 28 127
qpth 435 326
qsub 591
mpth 948 940 988
msub 861 426
mpth 419 804 687
qsub 500
msub 337 324
qpth 654 289
qsub 914
msub 315 595
msub 437 471
mpth 733 109 322
qsub 238
mpth 917 112 688
mpth 789 257 868
qsub 107
mpth 267 327 169
qpth 835 900
msub 374 320
qsub 677
msub 937 107
mpth 153 278 633
qpth 135 890
mpth 574 281 499
qpth 536 778
msub 486 594
mpth 252 427 875
msub 384 446
qpth 327 259
mpth 371 7 414
mpth 187 307 932
msub 368 924
msub 710 463
qpth 930 487
msub 199 50
mpth 792 681 764
mpth 782 496 120
mpth 860 882 234
mpth 833 807 610
qsub 56
qsub 779
qpth 797 113
qsub 915
mpth 992 997 17
msub 510 620
qsub 467
mpth 126 316 529
mpth 96 75 784
msub 814 72
qpth 664 585
mpth 937 464 152
msub 769 437
msub 881 415
qsub 418
qsub 459
qpth 97 358
msub 325 879
qsub 917
mpth 177 529 380
msub 104 360
qpth 279 509
qpth 427 85
qpth 20 383
msub 833 210
qpth 886 141
mpth 140 450 416
msub 797 156
qpth 238 321
qpth 578 183
mpth 824 856 381
qpth 569 862
qpth 349 752
msub 499 461
qsub 280
mpth 413 465 86
msub 358 886
msub 139 102
mpth 542 121 280
qpth 79 549
qsub 196
qpth 445 826
qsub 993
mpth 703 285 182
mpth 871 276 75
qpth 312 3
msub 532 935
msub 742 545
qsub 852
msub 996 39
qsub 199
mpth 907 77 931
mpth 34 922 876
mpth 611 595 857
qpth 184 238
mpth 644 564 341
msub 446 278
mpth 669 484 113
qpth 950 957
qsub 420
qpth 718 106
msub 424 778
qsub 113
qpth 706 810
mpth 351 830 870
mpth 615 312 688
qsub 852
qpth 953 584
msub 426 334
qpth 324 723
qpth 435 140
qsub 882
qsub 740
qsub 557
qsub 250
mpth 565 230 12
mpth 32 273 578
msub 880 328
qpth 799 462
msub 630 631
qsub 980
qsub 863
qpth 692 966
mpth 784 166 48
qpth 911 62
msub 707 78
msub 779 553
qsub 567
qsub 328
msub 917 785
msub 118 810
msub 899 975
mpth 265 852 356
mpth 696 573 100
qsub 341
mpth 294 403 313
qpth 626 581
qsub 264
qsub 112
mpth 363 134 668
mpth 627 880 234
qsub 547
mpth 162 690 541
mpth 5 443 936
msub 347 828
qpth 706 195
qsub 121
msub 581 994
qsub 205
qsub 193
qpth 649 421
qpth 73 790
mpth 581 629 708
qpth 281 444
qsub 931
msub 680 835
qpth 14 502
qpth 669 96
qsub 695
qpth 233 75
qsub 991
msub 78 464
mpth 86 522 96
qsub 108
qpth 630 590
qsub 634
qsub 86
qpth 615 357
msub 117 850
mpth 183 771 878
msub 886 853
msub 359 711
msub 64 993
qsub 534
msub 566 705
msub 784 658
msub 953 477
qsub 122
msub 124 404
mpth 697 459 301
qsub 165
qpth 801 379
mpth 617 573 551
msub 145 2
mpth 675 628 877
msub 614 90
msub 98 179
qpth 690 312
msub 569 99
msub 904 920
mpth 521 259 519
qsub 232
qsub 697
qsub 684
msub 623 162
msub 411 608
mpth 295 807 94
msub 451 228
msub 27 890
msub 841 18
qsub 111
mpth 446 847 895
mpth 694 128 2
qsub 405
qsub 478
qpth 821 61
qsub 663
qpth 801 581
qsub 173
qpth 632 262
qsub 442
msub 756 364
msub 147 569
qsub 504
qsub 276
qpth 209 800
msub 698 759
qsub 134
qpth 978 886
msub 925 351
qsub 426
mpth 416 606 744
qpth 307 134
msub 397 50
qpth 423 950
msub 357 971
qpth 543 887
mpth 385 808 617
qpth 763 870
mpth 515 544 243
qsub 256
qsub 759
mpth 205 658 833
qpth 53 165
qsub 207
msub 923 926
qpth 528 387
qpth 73 262
msub 632 403
mpth 217 625 96
qpth 181 351
msub 282 24
msub 392 102
mpth 116 47 528
qsub 388
msub 22 24
qsub 520
msub 35 413
qpth 265 552
msub 634 487
mpth 745 996 455
qsub 50
qsub 341
msub 681 296
mpth 998 414 173
mpth 459 99 490
qsub 287
qpth 246 762
mpth 51 862 299
msub 109 695
qsub 751
mpth 982 16 44
qpth 756 386
msub 822 169
qsub 34
qsub 188
qsub 261
qsub 767
qpth 556 759
qpth 470 637
qsub 642
mpth 347 67 807
qsub 223
qsub 720
msub 135 682
mpth 112 259 456
qpth 470 750
qpth 810 291
qsub 759
mpth 755 525 308
qpth 906 779
mpth 742 209 890
qsub 702
qsub 162
msub 181 114
msub 371 926
msub 529 330
qsub 698
qpth 291 603
mpth 709 908 617
mpth 12 285 863
mpth 766 644 341
qpth 325 505
qsub 851
qpth 168 416
qpth 553 797
mpth 81 89 706
qsub 497
msub 319 664
qsub 137
msub 8 960
qpth 483 425
mpth 549 949 651
msub 230 389
qsub 787
qsub 718
qsub 746
mpth 192 761 564
qsub 44
mpth 872 735 226
qpth 184 507
qpth 292 653
mpth 706 282 526
mpth 864 521 360
msub 299 566
msub 25 935
msub 273 458
qsub 977
mpth 677 719 616
mpth 371 57 226
qsub 813
qpth 704 670
msub 120 897
qpth 140 224
qpth 725 624
msub 716 244
mpth 405 387 36
qpth 107 11
qsub 942
mpth 914 371 650
qpth 240 777
qpth 796 43
qpth 875 258
qpth 912 323
qsub 514
msub 228 592
msub 697 679
mpth 734 813 198
qpth 923 661
qsub 462
qsub 944
mpth 92 649 849
qpth 550 707
mpth 376 928 193
msub 298 409
msub 515 408
mpth 306 513 550
mpth 706 793 574
qpth 779 138
mpth 440 65 326
mpth 641 355 45
msub 896 655
msub 421 531
qpth 29 654
msub 69 662
qsub 214
msub 70 297
qsub 503
mpth 951 266 809
qsub 697
qpth 457 854
qpth 370 849
qpth 215 37
msub 624 572
mpth 790 958 406
mpth 804 731 755
msub 795 425
qpth 515 654
qpth 962 214
mpth 529 841 831
qsub 763
qsub 448
qpth 697 430
qsub 602
msub 121 655
qpth 18 501
qpth 832 188
msub 565 999
qsub 52
qpth 397 564
msub 814 194
msub 925 317
msub 411 784
qsub 330
qsub 413
msub 945 982
qsub 481
qpth 559 960
qpth 188 883
qsub 173
qsub 926
qpth 729 932
qsub 932
msub 670 792
msub 250 202
mpth 608 329 548
qsub 986
msub 826 449
msub 123 124
qpth 60 590
qpth 801 996
qpth 754 907
mpth 307 950 781
qpth 799 298
qpth 856 731
qpth 397 662
msub 558 143
mpth 410 875 73
mpth 705 438 304
qpth 902 898
qsub 858
qsub 823
msub 698 396
msub 178 264
qpth 672 383
mpth 493 213 485
qpth 29 144
msub 853 1000
qpth 335 648
qsub 778
mpth 572 834 825
qpth 188 286
qsub 284
qsub 594
msub 454 584
msub 784 581
msub 736 176
mpth 56 145 60
qsub 529
qsub 777
msub 453 9
msub 780 227
qsub 57
msub 198 110
mpth 923 870 723
msub 109 46
qsub 234
qsub 1
qpth 398 803
msub 946 389
mpth 513 115 811
qsub 416
qsub 658
qpth 387 750
qpth 826 226
msub 131 963
msub 184 237
qsub 669
qpth 301 274
qsub 129
msub 764 915
mpth 224 920 709
qsub 919
msub 817 877
msub 610 406
msub 548 109
mpth 362 632 879
qsub 412
qpth 76 404
msub 307 230
qsub 241
qpth 896 324
qpth 811 507
mpth 520 395 513
qpth 448 634
msub 581 63
qsub 252
mpth 986 360 245
qsub 316
qpth 595 225
msub 731 473
qsub 244
qsub 415
mpth 163 125 618
mpth 783 342 467
qpth 760 339
qsub 26
msub 698 841
msub 384 942
msub 489 639
qpth 70 313
qpth 774 47
qpth 465 979
msub 934 842
qpth 511 297
qpth 46 771
qsub 815
qpth 807 982
qsub 457
msub 335 427
qpth 36 369
mpth 220 831 283
qpth 948 891
mpth 109 48 934
qsub 95
qpth 815 854
mpth 761 728 549
qpth 940 81
msub 671 302
qsub 344
mpth 116 598 854
qpth 615 254
qsub 59
msub 422 252
qpth 375 810
mpth 473 871 365
qpth 243 250
qsub 962
qsub 90
qpth 747 493
qsub 925
qsub 527
qpth 778 973
mpth 332 871 745
qsub 832
qsub 103
qpth 181 775
mpth 254 345 904
mpth 26 242 123
msub 657 241
msub 383 204
qsub 677
msub 512 986
qpth 160 947
qsub 926
msub 286 170
qsub 991
qsub 68
qpth 257 85
qpth 642 898
msub 214 175
qpth 915 294
qsub 831
mpth 197 22 988
msub 50 334
msub 275 18
qpth 624 924
mpth 173 933 424
mpth 482 777 328
qsub 265
msub 952 425
mpth 979 454 957
mpth 168 566 691
qsub 750
qsub 712
qpth 97 907
qsub 691
msub 412 374
qpth 888 640
qpth 160 466
qsub 539
mpth 647 347 810
mpth 486 589 151
qpth 439 399
mpth 687 972 4
qsub 711
qsub 504
qsub 152
qsub 10
msub 797 625
qpth 279 951
qpth 576 673
qpth 271 546
msub 478 856
qsub 154
qsub 939
msub 821 431
msub 402 93
qsub 952
msub 155 442
msub 487 811
msub 725 961
mpth 779 979 678
msub 382 410
mpth 920 488 532
qpth 795 343
qpth 897 575
mpth 356 249 601
msub 224 291
msub 484 693
msub 147 689
mpth 308 680 42
msub 137 898
qpth 372 741
msub 428 533
qpth 403 539
mpth 32 190 883
qpth 454 878
msub 523 492
qsub 797
msub 904 455
qpth 852 649
msub 799 425
qsub 709
msub 511 40
qpth 722 56
qsub 59
mpth 806 399 819
qpth 65 752
qpth 254 735
qpth 979 157
mpth 800 467 917
mpth 831 933 136
qpth 994 150
qsub 535
qpth 948 577
mpth 700 744 272
qsub 553
qpth 10 854
qpth 392 675
mpth 31 794 210
mpth 657 711 199
mpth 91 751 402
qsub 309
qpth 847 681
qsub 956
qsub 892
msub 701 93
mpth 262 875 254
mpth 291 658 132
msub 310 794
mpth 857 61 568
mpth 276 590 256
mpth 875 391 83
msub 311 813
mpth 557 555 149
mpth 781 619 216
qpth 1000 759
qsub 982
qsub 600
msub 49 755
qpth 169 504
qpth 385 949
mpth 651 512 139
msub 89 108
msub 61 707
msub 270 500
qsub 630
qsub 167
mpth 613 644 579
mpth 396 705 475
qsub 630
qsub 843
qpth 211 382
msub 575 519
qsub 37
mpth 303 543 291
msub 532 192
msub 114 241
qpth 551 208
qpth 674 912
msub 821 866
qsub 882
qsub 531
mpth 398 632 232
mpth 993 245 657
mpth 964 619 579
mpth 330 964 264
qsub 208
qpth 314 234
msub 974 443
qpth 372 419
msub 59 470
qpth 605 576
qpth 915 708
qpth 407 183
qpth 238 293
qsub 917
msub 181 779
mpth 191 375 985
msub 37 58
qsub 877
qpth 981 355
msub 303 565
qpth 312 612
qsub 463
mpth 708 404 714
msub 796 368
mpth 152 133 343
qpth 783 751
msub 662 253
qpth 815 702
qpth 860 747
mpth 684 253 912
msub 363 337
qsub 69
msub 297 376
mpth 681 7 414
qpth 908 246
msub 927 130
msub 560 555
mpth 61 648 767
qpth 636 500
mpth 53 460 847
qsub 901
mpth 564 336 402
msub 221 12
mpth 269 214 742
mpth 266 485 137
mpth 692 754 517
mpth 879 429 102
mpth 221 819 641
msub 396 776
qpth 908 850
qsub 153
msub 458 504
qpth 323 118
qpth 762 580
mpth 448 279 171
mpth 318 557 665
qpth 491 563
qsub 655
qsub 671
mpth 244 647 593
msub 732 966
qpth 140 291
qsub 186
qpth 701 273
msub 615 787
qsub 437
msub 30 842
qsub 197
qpth 725 186
qpth 372 727
mpth 253 519 274
qsub 715
msub 718 638
qpth 243 239
qpth 353 297
mpth 216 887 646
mpth 579 310 36
mpth 627 798 732
msub 912 806
msub 301 553
qsub 680
qpth 994 475
mpth 653 198 40
mpth 460 270 685
qpth 751 732
qpth 849 117
msub 746 406
mpth 774 995 280
qpth 1000 736
msub 541 795
qsub 910
qsub 979
mpth 488 312 321
mpth 363 294 548
msub 793 960
qsub 483
qsub 14
qsub 861
mpth 84 925 852
qpth 644 906
qsub 941
qpth 517 180
mpth 788 654 738
mpth 129 963 856
mpth 5 929 428
qpth 816 226
qpth 832 156
mpth 440 860 270
qsub 588
qsub 603
qpth 60 529
qpth 212 377
qsub 882
msub 401 764
qpth 580 798
qsub 468
msub 729 740
qpth 379 481
qpth 360 305
mpth 984 970 364
mpth 336 7 355
mpth 765 94 605
qsub 858
qsub 983
msub 101 734
qsub 546
qpth 45 337
qsub 166
qsub 315
qsub 778
msub 594 823
msub 707 46
qsub 443
qpth 82 300
msub 638 43
msub 734 595
mpth 645 486 507
qpth 628 566
mpth 939 672 890
qpth 611 66
mpth 79 792 265
mpth 850 821 117
msub 25 967
msub 273 533
msub 527 842
qsub 898
msub 975 921
msub 207 559
qsub 694
msub 21 839
mpth 160 160 182
qsub 17
qpth 258 921
qsub 891
msub 248 32
qpth 753 465
qsub 227
qsub 693
msub 440 962
msub 400 368
qsub 636
qpth 673 443
qsub 203
msub 780 281
mpth 437 540 380
qsub 54
msub 879 535
mpth 696 571 899
mpth 98 146 609
msub 648 388
qpth 48 622
qsub 355
msub 57 463
qsub 176
qpth 142 485
mpth 504 260 862
qsub 785
msub 268 24
msub 126 755
qsub 447
qsub 733
qsub 85
qsub 595
qsub 869
qsub 429
qpth 884 504
qsub 217
qpth 741 942
msub 203 549
qpth 376 622
qpth 993 691
qpth 759 669
qpth 782 959
qpth 328 722
qpth 399 698
qsub 3
qsub 708
qpth 937 258
qsub 959
mpth 268 550 765
msub 278 294
mpth 34 639 33
qsub 87
mpth 822 43 567
qsub 648
qpth 760 680
qpth 994 839
qpth 731 661
mpth 391 677 460
qpth 364 161
qpth 45 112
mpth 233 317 963
qsub 294
qsub 412
qsub 512
mpth 361 283 590
msub 751 725
msub 628 38
msub 810 365
msub 532 728
msub 848 12
qpth 39 197
qpth 731 745
mpth 824 338 546
msub 326 845
qpth 829 757
mpth 516 724 219
qpth 299 931
mpth 645 882 141
msub 479 613
msub 791 850
msub 712 723
qpth 791 229
qsub 280
qsub 204
qpth 550 53
msub 164 748
qpth 509 537
msub 876 310
msub 885 961
qsub 292
qpth 786 659
qpth 276 344
qpth 917 309
qpth 924 114
mpth 863 16 342
qsub 863
msub 302 61
qpth 693 119
qpth 181 690
msub 296 122
mpth 279 534 139
qpth 76 298
mpth 570 23 60
msub 424 360
qpth 450 805
qsub 716
qpth 281 785
msub 707 562
mpth 84 943 96
mpth 667 547 719
mpth 353 714 183
qsub 396
msub 129 695
msub 99 149
msub 482 950
msub 145 457
qsub 346
qpth 269 158
mpth 98 437 897
mpth 594 639 534
mpth 494 260 830
qsub 786
mpth 661 597 712
qpth 778 591
qsub 888
mpth 680 875 621
msub 735 956
mpth 407 135 637
qpth 270 59
qsub 1
msub 32 977
mpth 500 530 702
mpth 853 584 80
msub 312 336
qpth 860 611
qpth 771 802
qsub 443
mpth 190 757 261
msub 967 101
