364
7178
5904
3323
1945
6858
12587
6226
17205
1260
10890
17352
1371
12906
583
23735
19401
665
16091
618
25210
9192
17269
15513
5450
3944
391
25256
187
786
12958
26247
25555
27669
3481
33365
14380
2
21037
1802
29213
563
1047
39009
1345
473
256
2095
802
10597
50290
38738
33746
13686
856
304
1470
40338
72053
37390
717
48571
1080
6372
5204
3047
1725
39137
305
2642
1240
57675
37920
73325
35108
1418
80359
48309
82
47348
71375
824
93698
473
922
1067
87697
5737
1648
7248
44913
54039
69488
10400
86610
78291
82444
22958
21235
56696
2425
5878
1837
24278
22
79756
1277
100985
83559
51
6776
92939
1739
8477
1565
4458
1482
1321
77
2048
57472
1878
3360
1000
26947
76502
2665
16651
1565
1636
1851
562
127986
6383
660
111157
3711
178
53997
140438
28341
32841
95184
147404
463
632
598
17633
8547
448
34823
130682
117167
3185
2118
32941
63271
90383
3623
101861
67934
864
44928
1197
943
122400
1796
1135
7115
10789
111287
5198
21483
30748
2119
420
112785
146
185
1537
77024
111721
1270
5328
320
57692
757
1700
1265
2673
57798
88460
139281
1332
146836
98354
103970
98184
4704
1950
4663
78605
170
1922
133972
3319
292
112798
123106
63514
104690
743
123872
2414
100722
149437
174603
114884
122311
87724
81926
2387
5017
85702
70
93829
89841
395
163967
74585
163
966
2466
902
68106
130002
110652
118381
3844
8929
109509
120100
1650
153893
2118
186997
4992
454
2414
168732
70412
981
1129
110383
1000
837
66112
104216
87114
2356
279
12004
186263
702
147696
2414
177353
2492
578
25052
138208
538
47462
50644
130070
224764
1491
43466
8787
1486
696
159052
86055
178219
1486
6181
128021
167847
5702
464
98442
110182
21653
847
12990
111797
1509
147075
148667
227563
8846
4427
1790682
686
74091
145320
74649
1353
160912
465
53666
99865
69681
249638
13982
198254
14337
232
99502
473
1291
85571
1408
2081
162143
133236
207427
2176
2277
87335
6886
169002
69667
88204
1993
160565
40285
141013
174356
152306
168285
50733
601
198009
2614
145398
438
6475
80318
48838
108572
14706
7521
4992
13594
257971
127474
339
42718
794
102
2011
185684
150102
7386
140172
1900
122700
142591
183
1138
1392
109483
5434
706
150142
1789
2199
4986
97883
158042
27435
804
1920
2512
2641
131868
619
18076
22410
138263
277508
439
752
23852
156370
249637
127028
102732
4099
2678
11
161089
17467
158713
66366
150652
5316
197845
218907
4186
4182
266006
18163
1666
7559
154136
158556
5864
8262
43003
1292
3360
1129
218396
3290
2049
847
32715
164218
12296
102071
4738
14338
1491
4034
302262
177655
341324
60568
10054
175896
1365
1811
201987
38
161557
1482
202436
284353
274002
2641
247937
230271
236363
888
59191
159196
217499
102635
226594
244129
121563
5156
1188
18805
616
155734
538
2978
1545
190052
964
11666
3843
8706
207094
5070
294
1459
260414
149
157696
1920
308013
3523
4724
279013
967
691
7396
6776
128810
486
157597
252023
302194
209831
961
6242
376414
91901
19138
270432
3722
3666
888
234531
1470
1607
