7585
6231
1839
6610
7192
9244
9707
3045
6738
8624
3448
870
11552
4385
2179
6177
15910
18939
6489
14293
9399
10647
10976
302
2028
771
272
508
1712
12004
3735
962
4757
852
20828
1046
1619
10488
69
817
7820
29901
591
22052
13759
25192
17875
9348
6562
34601
139
964
13984
3533
370
22394
708
58246
39151
15147
32412
34697
42268
51353
39258
806
30634
2972
43112
125
32406
865
4961
34296
36734
946
62055
1320
51201
865
57800
59570
36596
955
1848
1214
6243
65570
912
2180
8167
65865
3362
1695
336
69396
10438
17158
393
71002
608
4244
52
31624
78018
8503
664
50971
27760
1053
71314
983
4151
72614
3433
1487
88075
1649
22782
148
76379
87148
7297
786
783
5354
1269
111
54858
1314
84039
5230
96283
1270
3718
547
44059
2174
87513
622
49925
67165
88741
93207
1069
1413
33181
7884
39483
96724
106385
1432
2008
53337
4458
336
1346
100289
1683
51711
1766
727
4237
2691
86465
4261
1324
2518
617
65570
96870
1413
38364
840
13142
1038
71796
114419
841
72545
66803
293
11250
117028
845
2504
975
2858
100986
120128
1233
726
115052
64364
35366
108405
691
67095
84492
19402
140252
4341
123779
5938
1159
118574
110395
16442
10735
1397
1868
44806
122980
86583
23283
11245
982
982
139648
927
22280
100840
2357
144237
4722
695
1271
114655
112458
5526
1845
55857
1630
292
115136
20667
168756
135496
82581
79458
34588
663
995
180951
37814
127713
969
69521
1133
2683
4572
1143
4836
28623
1587307
124252
1074
3439
153517
144936
991
145779
1796
2069
1210
53716
2489
85128
125648
28662
6441
8863
167844
15174
801
134238
1053
142588
38941
167483
176242
120018
1890
83469
852
163964
179505
4316
162698
156883
8819
153174
19045
154224
157965
765
6532
49030
1621
5621
178983
831
15726
190539
1765
101637
1845
983
82981
177224
55871
154250
934
137043
5852
1163
3340
155441
1735
136114
112583
447
180951
3116
7242
9121
118337
232341
190018
189621
36845
795
585
192462
132161
118458
178348
192000
1255
195484
1432
171091
19975
157464
138980
179527
175990
824
195334
1712
180636
81505
299
187783
2154
862
77334
1437
1068
171729
167930
4543
598
4543
1057
232218
18346
231354
191426
1710
879
5250
221726
178825
199462
209500
98306
188459
1853
2830
65625
199059
367
221023
77924
250632
135730
220887
226294
1270
227986
3957
250307
158880
182040
5095
1769
155904
6156
216037
547
4548
185228
74294
1492
38165
260779
1739
117124
108474
224232
142635
1184
1801
506
117091
771
50694
1177
220739
245326
190515
429
5289
183007
262493
1710
171720
767
270688
161166
663
959
978
207527
631
10673
969
2749
93391
259895
77498
280
1883
4052
204183
3340
326315
6079
747
899
290448
1458
1531
217075
10593
6032
247387
322
13299
1828
3992
2480
1200
4609
262025
8117
212132
160071
253943
217449
263333
184279
170324
496083
1512
272163
320
3121
2112
246069
165619
236081
328504
302401
3095
1958
5393
231524
7616
141313
302464
206466
806
1161
106291
181814
1052
289501
291442
285999
48624
6082
226510
79161
252816
259097
1015
307833
8017
1846
289651
1118
41412
888
261768
2526264
2856
281640
2749
