42
42
1764
294
42
42
42
42
42
42
42
42
42
42
42
42
588
42
42
42
42
42
42
42
1764
42
42
42
1764
42
1764
882
42
84
42
42
126
252
42
882
42
42
882
42
42
42
42
294
126
42
42
126
42
42
3528
42
42
42
1764
42
3528
42
42
294
42
42
42
42
42
42
1764
42
42
42
1764
42
252
42
1764
42
42
42
42
126
42
1764
294
42
1764
42
1764
42
42
42
42
126
42
42
42
42
42
1764
42
42
42
42
42
42
42
588
42
42
42
42
42
42
42
42
42
42
42
42
1764
42
42
42
588
42
42
1764
42
42
588
42
1764
42
42
126
42
252
126
42
1764
42
1764
42
1764
42
42
42
882
1764
42
126
42
42
1764
42
42
42
1764
42
42
42
84
42
42
42
42
252
42
1764
84
42
42
42
42
42
42
294
42
42
42
42
126
42
1764
42
42
42
42
42
42
5292
42
42
588
42
42
42
882
42
42
42
42
294
42
882
42
42
42
42
42
126
294
42
42
42
42
42
42
42
42
42
42
84
42
42
42
42
42
42
1764
42
1764
42
42
42
42
42
42
42
42
42
42
42
42
126
42
42
42
42
42
42
42
42
1764
42
42
42
882
1764
42
126
42
126
42
42
42
1764
42
42
42
42
42
126
42
252
42
42
1764
1764
42
126
42
42
42
42
42
42
42
42
42
1764
42
42
42
84
42
42
882
42
42
42
42
42
42
1764
42
42
42
42
42
42
252
882
1764
42
42
42
252
42
42
42
42
42
42
42
42
42
42
42
42
294
588
42
42
126
42
42
42
84
42
42
42
42
42
42
42
42
42
42
42
42
1764
1764
252
42
42
42
42
42
42
42
42
42
42
42
42
588
42
42
42
42
42
42
42
42
588
42
42
42
42
42
42
42
42
42
42
42
252
42
42
588
294
42
84
84
294
1764
42
42
42
588
42
42
42
42
42
42
84
42
294
42
42
42
42
42
42
42
42
37044
42
1764
42
42
294
42
42
42
294
42
42
126
42
252
42
42
42
84
1764
42
42
84
42
42
294
42
42
42
42
42
1764
42
42
42
1764
126
42
42
126
42
42
42
42
42
1764
42
42
1764
42
42
42
42
1764
42
42
42
294
42
42
1764
42
42
42
42
42
42
42
42
42
42
42
1764
42
42
42
42
42
294
