-179 11 -1844
-49 137 1095
-47 137 968
-179 137 -322
-65 82 62
82 82 82
-182 23 -614
-124 136 178
-204 136 -1811
-66 103 113
-124 136 88
-145 117 -792
-204 117 -1430
-2 -2 -2
-21 241 2503
84 241 548
-66 241 3657
-146 179 1007
-93 167 609
-76 167 317
-95 185 618
-122 107 94
-122 213 775
-95 185 1150
-19 98 194
-88 214 2390
-66 160 861
-28 160 412
-66 214 1442
-66 192 1179
-114 261 3156
-66 183 625
-148 244 968
-114 350 10279
-31 350 10547
-148 350 12810
70 350 2838
-108 335 7366
-47 175 218
50 402 4163
43 490 12275
50 490 10220
-114 266 3624
43 490 17497
-12 570 15897
-174 225 69
-26 262 1560
65 206 415
-114 208 243
