31
0111111111111111111111111111111
0011111111111111111111111111111
0001111111111111111111111111111
0000111111111111111111111111111
0000011111111111111111111111111
0000001111111111111111111111111
0000000111111111111111111111111
0000000001111111111111111111111
0000000100111111111111111111111
0000000010011111111111111111111
0000000001011111111111111111111
0000000000001111111111111111111
0000000000000111111111111111111
0000000000000011111111111111111
0000000000000001111111111111111
0000000000000000111111111111111
0000000000000000000111111111111
0000000000000000100011111111111
0000000000000000110001111111111
0000000000000000011000111111111
0000000000000000001100011111111
0000000000000000000110011111111
0000000000000000000011001111111
0000000000000000000000101111111
0000000000000000000000000111111
0000000000000000000000000011111
0000000000000000000000000001111
0000000000000000000000000000111
0000000000000000000000000000011
0000000000000000000000000000001
0000000000000000000000000000000
