31
0111111111111111111111111111111
0011111111111111111111111111111
0000111111111111111111111111111
0010011111111111111111111111111
0001011111111111111111111111111
0000000111111111111111111111111
0000010011111111111111111111111
0000001001111111111111111111111
0000000101111111111111111111111
0000000000001100111111111111111
0000000001011000011111111111111
0000000001001000111111111111111
0000000000000111101111111111111
0000000000110011001111111111111
0000000001110001001111111111111
0000000001110000011111111111111
0000000000100111001111111111111
0000000000001110101101111111111
0000000000000000000011111111111
0000000000000000001001111111111
0000000000000000010100111111111
0000000000000000000010111111111
0000000000000000000000001111111
0000000000000000000000100111111
0000000000000000000000010111111
0000000000000000000000000011111
0000000000000000000000000000011
0000000000000000000000000010001
0000000000000000000000000011000
0000000000000000000000000001100
0000000000000000000000000000110
