29
01111111111111111111111111111
00111111111111111111111111111
00011111111111111111111111111
00000011111111111111111111111
00010001111111111111111111111
00011000111111111111111111111
00001100111111111111111111111
00000110101111111111111111111
00000000001111111111111111111
00000001100011111111111111111
00000000010111111111111111111
00000000010011111111111111111
00000000000000000101101111111
00000000000010000110001111111
00000000000011011010010001111
00000000000011001110001010111
00000000000011000110000111111
00000000000000100001101111111
00000000000010000100101111111
00000000000001111010010001111
00000000000001111001010001111
00000000000011011110000001111
00000000000000101001110101111
00000000000000110001110010011
00000000000000100001111000001
00000000000000010000000110000
00000000000000000000000111000
00000000000000000000000011100
00000000000000000000000001110
