30
011111111111111111111111111111
000111111111111111111111111111
010011111111111111111111111111
001001111111111111111111111111
000101111111111111111111111111
000000111111111111111111111111
000000011111111111111111111111
000000000011111111111111111111
000000010001111111111111111111
000000011000111111111111111111
000000001100111111111111111111
000000000110111111111111111111
000000000000011111111111111111
000000000000001111111111111111
000000000000000111111111111111
000000000000000010111111111111
000000000000000001111111111111
000000000000000100111111111111
000000000000000000011111111111
000000000000000000001111111111
000000000000000000000111111111
000000000000000000000011111111
000000000000000000000000111111
000000000000000000000010011111
000000000000000000000001011101
000000000000000000000000001011
000000000000000000000000000011
000000000000000000000000011000
000000000000000000000000100100
000000000000000000000000000110
