32
01011111111111111111111111111111
00111111111111111111111111111111
10001111111111111111111111111111
00100111111111111111111111111111
00010011111111111111111111111111
00001001111111111111111111111111
00000101111111111111111111111111
00000000111111111111111111111111
00000000011111111111111111111111
00000000001111111111111111111111
00000000000111111111111111111111
00000000000011111111111111111111
00000000000001111111111111111111
00000000000000111111111111111111
00000000000000011111111111111111
00000000000000001111111111111111
00000000000000000111111111111111
00000000000000000011111111111111
00000000000000000001111111111111
00000000000000000000111111111111
00000000000000000000011111111111
00000000000000000000001111111111
00000000000000000000000111111111
00000000000000000000000011111111
00000000000000000000000001111111
00000000000000000000000000111111
00000000000000000000000000011111
00000000000000000000000000001111
00000000000000000000000000000111
00000000000000000000000000000011
00000000000000000000000000000001
00000000000000000000000000000000
