28
0111111111111111111111111111
0001111111111111111111111111
0100111111111111111111111111
0010111111111111111111111111
0000001111111111111111111111
0000100111111111111111111111
0000010111111111111111111111
0000000010110111111111111111
0000000001011111111111111111
0000000100011111111111111111
0000000011010111111111111111
0000000000001111111111111111
0000000100100011111111111111
0000000000001011111111111111
0000000000000001011111111111
0000000000000000111111111111
0000000000000010011111111111
0000000000000000001111111111
0000000000000000000111111111
0000000000000000000011110011
0000000000000000000000101111
0000000000000000000010100111
0000000000000000000000001111
0000000000000000000011100001
0000000000000000000101010001
0000000000000000000100011001
0000000000000000000000011101
0000000000000000000000000000
