27
011111111111111111111111111
001111110000001110111111111
000000001111110111111111111
001000001110110111111111111
001100001110010111111111111
001110000110010111111111111
001111000010010111111111111
001111100000010111111111111
010001110001101011111111111
010000111001101011111111111
010000011101101011111111111
010111110000001101111111111
010011110001001101111111111
010000001111101000111111111
001111110000000000011111111
000000001110011000011111111
000000000001111100011111111
010000000000011110001111111
000000000000001111001111011
000000000000000001101101011
000000000000000000000011011
000000000000000000001000111
000000000000000000010100101
000000000000000000000110101
000000000000000000111000001
000000000000000000000011101
000000000000000000000000000
