31
0111111111111111111111111111111
0011111111111111111111111111111
0001111111111111111111111111111
0000001111111111111111111111111
0001000111111111111111111111111
0001100011111111111111111111111
0000110011111111111111111111111
0000011011111111111111111111111
0000000001111111111111111111111
0000000000011111111111111111111
0000000001001111111111111111111
0000000000100111111111111111111
0000000000010111111111111111111
0000000000000011111111111111111
0000000000000001111111111111111
0000000000000000111111111111111
0000000000000000011111111111111
0000000000000000000111111111111
0000000000000000010011111111111
0000000000000000001001111111111
0000000000000000000101111111011
0000000000000000000000011111111
0000000000000000000001011111011
0000000000000000000000001111111
0000000000000000000000000111111
0000000000000000000000000011111
0000000000000000000000000001111
0000000000000000000000000000111
0000000000000000000010100000001
0000000000000000000000000000101
0000000000000000000000000000000
