28
0111111111111111111111111111
0011111111111111111111111111
0000000111111111111111111111
0010000011111111111111111111
0011000001111111111111111111
0011100000111111111111111111
0011110000011111111111111111
0001111000011111111111111111
0000111100001111111111111111
0000011110001111111111111111
0000001111000111111111111111
0000000011100111111111111111
0000000000110011111111111111
0000000000001011111111111111
0000000000000001110011111111
0000000000000000000111011011
0000000000000001001110010011
0000000000000001100001110011
0000000000000011010000100111
0000000000000010011000100111
0000000000000000011101001011
0000000000000000101100001111
0000000000000001100011000111
0000000000000000001111100011
0000000000000000111100110001
0000000000000001110010011001
0000000000000000000000001100
0000000000000000000000000010
