31
0111111111111111111111111111111
0001111111111111111111111111111
0100111111111111111111111111111
0010011111111111111111111111111
0001011111111111111111111111111
0000000010011111011111111111111
0000010010001111011111111111111
0000011010000111011111111111111
0000000001111100111111111111111
0000011100000011111111111111111
0000011101000001111111111111111
0000001101100001111111111111111
0000000101110001111111111111111
0000000001111001111111111111111
0000000010111100111111111111111
0000000010000010111111111111111
0000011100000000011111111111111
0000000000000000001101001111111
0000000000000000000011011111111
0000000000000000001011001111111
0000000000000000010000111111111
0000000000000000000010111111111
0000000000000000011100000111111
0000000000000000010100100111111
0000000000000000000000110111111
0000000000000000000000000001111
0000000000000000000000000100111
0000000000000000000000000010111
0000000000000000000000000000001
0000000000000000000000000000100
0000000000000000000000000000010
