31
0111111111111111111111111111111
0011111111111111111111111111111
0000111111111111111111111111111
0010011111111111111111111111111
0001011111111111111111111111111
0000000111111111111111111111111
0000010011111111111111111111111
0000001001111111111111111111111
0000000100111111111111111111111
0000000010111111111111111111111
0000000000011010011111111111111
0000000000001110110111111111111
0000000000000101111111111111111
0000000000100001111111111111111
0000000000001100111111111111111
0000000000110010011111111111111
0000000000100001010111111111111
0000000000000000001111111111111
0000000000010000100011111111111
0000000000000000001011111111111
0000000000000000000001111111111
0000000000000000000000111111111
0000000000000000000000011111111
0000000000000000000000001111111
0000000000000000000000000111111
0000000000000000000000000011111
0000000000000000000000000001111
0000000000000000000000000000111
0000000000000000000000000000011
0000000000000000000000000000001
0000000000000000000000000000000
