30
011111111111111111111111111111
001111111111111111111111111111
000111111111111111111111111111
000011111111111111111111111111
000001111111111111111111111111
000000111111111111111111111111
000000001111111111111111111111
000000100111111111111111111111
000000010111111111111111111111
000000000011111111111111111111
000000000001111111111111111111
000000000000111011111111111111
000000000000010111111111111111
000000000000000111111111111111
000000000000110001111111111111
000000000001001000111111111111
000000000000001100011111111111
000000000000000110001111111111
000000000000000011000111111111
000000000000000001100011111111
000000000000000000110011111111
000000000000000000011011111111
000000000000000000000001111111
000000000000000000000000111111
000000000000000000000000011111
000000000000000000000000001111
000000000000000000000000000111
000000000000000000000000000011
000000000000000000000000000001
000000000000000000000000000000
