31
0111111111111111111111111111111
0000111111111111111111111111111
0100011111111111111111111111111
0110001111111111111111111111111
0011001111111111111111111111111
0001100111111111111111111111111
0000010000011101111111111111111
0000001010100101111111111111111
0000001000111010111111111111111
0000001110000011111111111111111
0000001001001011111111111111111
0000000101100011111111111111111
0000000101010101111111111111111
0000000011110010011111111111111
0000001100001000011111111111111
0000000010000110011111111111111
0000000000000111001111111111111
0000000000000000101111111111111
0000000000000000000111111111111
0000000000000000000000000111111
0000000000000000000100000011111
0000000000000000000110000001111
0000000000000000000111000000111
0000000000000000000111100000011
0000000000000000000111110000001
0000000000000000000011111000001
0000000000000000000001111100001
0000000000000000000000111110001
0000000000000000000000011111001
0000000000000000000000001111101
0000000000000000000000000000000
