30
011111111111111111111111111111
000011111111111111111111111111
010001111111111111111111111111
011000111111111111111111111111
001100111111111111111111111111
000110111110111111111111111111
000000001011011001111111111111
000000100110010101111111111111
000000010110100101111111111111
000000100001101111111011111111
000000000100111111111111111011
000001011010000011111111111111
000000110001010011111111111111
000000001101001111111111111011
000000011001100011111111111111
000000100001101001111011111011
000000111000000100111011111011
000000000000000010011111111111
000000000000000001001111110101
000000000000000000100111111101
000000000000000000010111110111
000000000100000110000011000101
000000000000000000000000110111
000000000000000000000010001111
000000000000000000000101001110
000000000000000000000101101010
000000000000000000101110000100
000000000010010110000000010000
000000000000000000110100001100
000000000000000000000000111110
