31
0111111111111111111111111111111
0000011111111111111111111111111
0100001111111111111111111111111
0110000111111111111111111111111
0111000011111111111111111111111
0011100011111111111111111111111
0001110011111111111111111111111
0000111001111111111111111111111
0000000101111111111111111111111
0000000000111111111111111111111
0000000000011111111111111111111
0000000000001111111111111111111
0000000000000011111111111111111
0000000000001001111111111111111
0000000000000100111111111111111
0000000000000010011111111111111
0000000000000001001111111111111
0000000000000000101111111111111
0000000000000000000111111111111
0000000000000000000011111110111
0000000000000000000000111111111
0000000000000000000010111110111
0000000000000000000000011111111
0000000000000000000000001111111
0000000000000000000000000111111
0000000000000000000000000001111
0000000000000000000000000101011
0000000000000000000101000000011
0000000000000000000000000011011
0000000000000000000000000000001
0000000000000000000000000000000
