30
011111111111111111111111111111
001111111111111111111111111111
000001111111111111111111111111
001000111111111111111111111111
001100011111111111111111111111
000110001111111111111111111111
000011001111111111111111111111
000001100111111111111111111111
000000010111111111111111111111
000000000011001111111111111111
000000000000111111111111111111
000000000010011111111111111111
000000000101000111111111111111
000000000100100011111111111111
000000000000110001111111111111
000000000000011000111111111111
000000000000001100011111111111
000000000000000110011111111111
000000000000000011001111111111
000000000000000000101111111111
000000000000000000000011111111
000000000000000000001001111111
000000000000000000000101110111
000000000000000000000000011111
000000000000000000000001010111
000000000000000000000000001111
000000000000000000000010100011
000000000000000000000000001011
000000000000000000000000000001
000000000000000000000000000000
