29
01111111111111111111111111111
00001111111111111111111111111
01000111111111111111111111111
01100101111111111111111111111
00110101111111111111111111111
00000011111111111111111111111
00011000111111111111111111111
00000010011111111111111111111
00000001011111111111111111111
00000000000111111111111111111
00000000010011111111111111111
00000000001011111111111111111
00000000000000111111111111111
00000000000010011111111111111
00000000000001011111111111111
00000000000000000101111111111
00000000000000010101110111111
00000000000000000010011011111
00000000000000011000000111111
00000000000000000110001011111
00000000000000000111000011111
00000000000000000011100101111
00000000000000001010110001111
00000000000000000101101010111
00000000000000000000011000011
00000000000000000000000110011
00000000000000000000000011011
00000000000000000000000000001
00000000000000000000000000000
