1000
1 2
2 3
1 4
3 5
3 6
3 7
2 8
2 9
3 10
9 11
4 12
9 13
13 14
14 15
15 16
12 17
10 18
18 19
19 20
12 21
12 22
20 23
17 24
22 25
23 26
22 27
19 28
23 29
20 30
27 31
31 32
24 33
33 34
33 35
29 36
32 37
32 38
37 39
34 40
37 41
38 42
36 43
36 44
40 45
44 46
37 47
46 48
48 49
44 50
43 51
44 52
51 53
48 54
51 55
46 56
49 57
52 58
51 59
51 60
54 61
61 62
54 63
58 64
63 65
57 66
62 67
64 68
61 69
60 70
65 71
65 72
65 73
69 74
66 75
66 76
74 77
70 78
77 79
77 80
76 81
74 82
75 83
75 84
79 85
84 86
83 87
85 88
79 89
85 90
83 91
90 92
90 93
93 94
86 95
94 96
93 97
97 98
91 99
96 100
95 101
98 102
101 103
102 104
98 105
98 106
105 107
107 108
103 109
101 110
110 111
103 112
112 113
109 114
108 115
107 116
116 117
108 118
115 119
113 120
118 121
121 122
114 123
118 124
119 125
125 126
120 127
127 128
121 129
120 130
124 131
127 132
130 133
128 134
128 135
134 136
135 137
130 138
131 139
136 140
133 141
141 142
140 143
141 144
142 145
145 146
143 147
143 148
144 149
147 150
150 151
150 152
144 153
150 154
149 155
151 156
150 157
150 158
149 159
155 160
152 161
159 162
154 163
156 164
158 165
165 166
165 167
166 168
161 169
161 170
166 171
169 172
171 173
170 174
174 175
170 176
175 177
176 178
176 179
171 180
179 181
179 182
178 183
179 184
182 185
176 186
178 187
182 188
184 189
181 190
181 191
189 192
192 193
185 194
189 195
188 196
195 197
189 198
192 199
199 200
198 201
197 202
195 203
203 204
195 205
201 206
200 207
201 208
208 209
204 210
201 211
203 212
207 213
210 214
211 215
212 216
208 217
216 218
210 219
219 220
219 221
221 222
220 223
216 224
224 225
223 226
225 227
220 228
228 229
220 230
227 231
229 232
226 233
232 234
234 235
233 236
232 237
229 238
234 239
236 240
236 241
237 242
237 243
237 244
239 245
236 246
243 247
241 248
239 249
242 250
245 251
245 252
243 253
247 254
250 255
249 256
253 257
253 258
252 259
258 260
254 261
259 262
256 263
259 264
256 265
257 266
260 267
266 268
261 269
267 270
261 271
264 272
264 273
272 274
274 275
273 276
267 277
276 278
276 279
279 280
280 281
273 282
280 283
276 284
284 285
279 286
284 287
280 288
282 289
284 290
289 291
282 292
286 293
289 294
294 295
292 296
292 297
290 298
290 299
292 300
296 301
298 302
299 303
301 304
299 305
298 306
305 307
302 308
308 309
300 310
306 311
307 312
306 313
311 314
313 315
311 316
316 317
317 318
313 319
314 320
317 321
316 322
315 323
322 324
322 325
319 326
319 327
318 328
319 329
320 330
323 331
323 332
331 333
333 334
328 335
330 336
334 337
329 338
329 339
338 340
336 341
335 342
333 343
339 344
340 345
337 346
340 347
342 348
341 349
344 350
341 351
347 352
350 353
349 354
353 355
347 356
355 357
352 358
354 359
350 360
353 361
354 362
360 363
362 364
355 365
357 366
359 367
361 368
365 369
360 370
370 371
368 372
372 373
371 374
368 375
372 376
376 377
370 378
376 379
376 380
375 381
377 382
374 383
379 384
379 385
382 386
381 387
384 388
380 389
381 390
386 391
386 392
392 393
387 394
386 395
395 396
387 397
394 398
390 399
395 400
397 401
392 402
400 403
396 404
400 405
405 406
405 407
407 408
408 409
407 410
405 411
407 412
410 413
410 414
414 415
406 416
416 417
412 418
411 419
411 420
412 421
415 422
422 423
420 424
423 425
421 426
424 427
425 428
422 429
428 430
429 431
426 432
430 433
430 434
425 435
432 436
427 437
432 438
438 439
435 440
436 441
439 442
435 443
439 444
443 445
436 446
441 447
446 448
441 449
443 450
445 451
445 452
447 453
445 454
454 455
452 456
452 457
455 458
455 459
450 460
460 461
456 462
453 463
458 464
464 465
456 466
463 467
458 468
468 469
462 470
462 471
469 472
463 473
464 474
467 475
466 476
468 477
468 478
471 479
479 480
471 481
479 482
473 483
483 484
484 485
481 486
485 487
480 488
488 489
485 490
485 491
490 492
488 493
486 494
486 495
489 496
492 497
491 498
494 499
491 500
498 501
495 502
497 503
496 504
501 505
496 506
501 507
506 508
499 509
500 510
501 511
510 512
512 513
507 514
509 515
508 516
516 517
515 518
516 519
510 520
519 521
521 522
521 523
521 524
523 525
522 526
522 527
524 528
520 529
529 530
524 531
522 532
528 533
532 534
533 535
527 536
530 537
530 538
538 539
533 540
540 541
540 542
535 543
543 544
541 545
544 546
542 547
539 548
545 549
545 550
545 551
549 552
544 553
551 554
547 555
547 556
551 557
552 558
555 559
555 560
553 561
555 562
554 563
556 564
557 565
562 566
563 567
567 568
562 569
565 570
564 571
567 572
570 573
566 574
565 575
574 576
574 577
568 578
575 579
575 580
575 581
577 582
582 583
583 584
579 585
579 586
578 587
580 588
587 589
581 590
581 591
586 592
591 593
592 594
585 595
591 596
588 597
591 598
589 599
590 600
597 601
596 602
594 603
598 604
597 605
605 606
602 607
599 608
606 609
605 610
610 611
609 612
608 613
604 614
605 615
610 616
611 617
617 618
613 619
616 620
620 621
613 622
617 623
614 624
624 625
617 626
620 627
624 628
623 629
622 630
623 631
625 632
632 633
630 634
632 635
627 636
633 637
637 638
633 639
636 640
640 641
641 642
635 643
636 644
641 645
636 646
644 647
645 648
641 649
648 650
647 651
647 652
646 653
647 654
650 655
647 656
654 657
657 658
652 659
650 660
655 661
658 662
654 663
662 664
663 665
657 666
660 667
664 668
662 669
666 670
666 671
664 672
663 673
673 674
666 675
669 676
675 677
673 678
673 679
676 680
674 681
674 682
681 683
677 684
676 685
676 686
678 687
685 688
686 689
684 690
686 691
688 692
684 693
685 694
693 695
694 696
689 697
696 698
697 699
696 700
693 701
695 702
697 703
701 704
703 705
698 706
704 707
701 708
701 709
708 710
703 711
709 712
710 713
706 714
710 715
715 716
713 717
710 718
716 719
715 720
720 721
721 722
720 723
718 724
723 725
725 726
722 727
725 728
727 729
722 730
726 731
727 732
728 733
731 734
733 735
734 736
727 737
736 738
734 739
736 740
737 741
741 742
740 743
737 744
744 745
738 746
739 747
745 748
745 749
741 750
743 751
747 752
751 753
748 754
745 755
750 756
755 757
753 758
753 759
751 760
756 761
758 762
754 763
755 764
761 765
757 766
764 767
762 768
768 769
769 770
762 771
764 772
763 773
769 774
768 775
773 776
767 777
769 778
770 779
778 780
773 781
781 782
780 783
782 784
777 785
782 786
785 787
783 788
785 789
785 790
781 791
790 792
785 793
786 794
792 795
786 796
792 797
788 798
792 799
793 800
794 801
793 802
801 803
795 804
800 805
797 806
801 807
800 808
807 809
803 810
802 811
810 812
808 813
813 814
805 815
813 816
814 817
811 818
817 819
818 820
811 821
820 822
814 823
816 824
817 825
821 826
821 827
819 828
820 829
823 830
827 831
828 832
826 833
828 834
825 835
834 836
828 837
830 838
836 839
837 840
839 841
834 842
840 843
839 844
844 845
837 846
837 847
842 848
848 849
845 850
843 851
845 852
851 853
847 854
848 855
854 856
856 857
856 858
855 859
850 860
855 861
858 862
855 863
863 864
863 865
860 866
858 867
862 868
863 869
860 870
867 871
869 872
868 873
866 874
867 875
875 876
876 877
875 878
870 879
876 880
876 881
872 882
877 883
882 884
879 885
878 886
881 887
883 888
884 889
880 890
889 891
883 892
891 893
885 894
887 895
889 896
891 897
894 898
898 899
899 900
898 901
896 902
893 903
894 904
900 905
897 906
900 907
904 908
907 909
902 910
904 911
907 912
907 913
913 914
911 915
913 916
914 917
909 918
918 919
915 920
915 921
915 922
916 923
923 924
921 925
921 926
919 927
919 928
924 929
920 930
927 931
927 932
932 933
925 934
928 935
935 936
934 937
935 938
937 939
935 940
933 941
934 942
940 943
936 944
935 945
942 946
941 947
945 948
946 949
947 950
950 951
949 952
950 953
945 954
954 955
947 956
950 957
956 958
949 959
956 960
955 961
955 962
962 963
954 964
961 965
959 966
963 967
962 968
967 969
965 970
970 971
965 972
964 973
966 974
974 975
972 976
969 977
970 978
975 979
973 980
974 981
981 982
979 983
974 984
976 985
978 986
983 987
981 988
980 989
989 990
990 991
991 992
989 993
991 994
991 995
986 996
995 997
991 998
989 999
995 1000
