1000
1 2
1 3
2 4
3 5
3 6
4 7
3 8
5 9
4 10
2 11
10 12
9 13
13 14
11 15
13 16
9 17
8 18
12 19
10 20
15 21
18 22
18 23
19 24
18 25
20 26
17 27
27 28
27 29
26 30
25 31
30 32
23 33
31 34
27 35
29 36
36 37
31 38
29 39
37 40
32 41
32 42
33 43
41 44
40 45
41 46
44 47
46 48
44 49
47 50
42 51
51 52
46 53
53 54
50 55
54 56
50 57
53 58
55 59
54 60
59 61
54 62
56 63
61 64
62 65
62 66
60 67
62 68
59 69
66 70
66 71
66 72
68 73
70 74
74 75
67 76
75 77
73 78
76 79
75 80
78 81
78 82
76 83
79 84
77 85
78 86
82 87
87 88
87 89
87 90
83 91
83 92
86 93
89 94
91 95
87 96
92 97
89 98
93 99
90 100
91 101
100 102
101 103
100 104
103 105
104 106
105 107
103 108
105 109
101 110
102 111
108 112
105 113
111 114
111 115
115 116
109 117
114 118
114 119
117 120
118 121
118 122
116 123
123 124
124 125
123 126
123 127
119 128
127 129
128 130
124 131
126 132
123 133
125 134
131 135
127 136
131 137
134 138
133 139
137 140
132 141
133 142
142 143
135 144
142 145
141 146
143 147
141 148
143 149
147 150
141 151
142 152
144 153
147 154
150 155
147 156
152 157
154 158
149 159
156 160
160 161
159 162
156 163
154 164
164 165
156 166
162 167
161 168
162 169
169 170
166 171
171 172
170 173
164 174
168 175
174 176
174 177
170 178
170 179
176 180
179 181
173 182
181 183
179 184
180 185
181 186
186 187
186 188
188 189
189 190
185 191
186 192
190 193
184 194
192 195
193 196
191 197
194 198
191 199
193 200
197 201
200 202
196 203
198 204
195 205
205 206
201 207
204 208
199 209
201 210
208 211
203 212
209 213
208 214
206 215
215 216
213 217
208 218
215 219
216 220
219 221
220 222
222 223
214 224
216 225
225 226
223 227
220 228
220 229
226 230
223 231
231 232
231 233
225 234
232 235
230 236
232 237
228 238
232 239
236 240
237 241
241 242
239 243
242 244
241 245
241 246
239 247
243 248
241 249
244 250
241 251
244 252
252 253
248 254
253 255
255 256
248 257
256 258
254 259
255 260
260 261
258 262
254 263
255 264
261 265
258 266
257 267
263 268
260 269
267 270
264 271
267 272
270 273
266 274
273 275
267 276
269 277
272 278
276 279
277 280
278 281
279 282
279 283
277 284
276 285
285 286
282 287
283 288
284 289
284 290
289 291
287 292
288 293
285 294
289 295
287 296
290 297
296 298
297 299
295 300
291 301
294 302
293 303
298 304
298 305
297 306
302 307
301 308
307 309
308 310
310 311
306 312
303 313
311 314
311 315
310 316
312 317
311 318
317 319
316 320
315 321
318 322
320 323
320 324
323 325
318 326
326 327
324 328
328 329
329 330
329 331
327 332
324 333
333 334
329 335
333 336
336 337
337 338
331 339
335 340
335 341
338 342
334 343
335 344
343 345
336 346
338 347
339 348
339 349
341 350
347 351
343 352
343 353
350 354
351 355
350 356
347 357
354 358
351 359
353 360
359 361
360 362
353 363
362 364
363 365
363 366
358 367
358 368
366 369
361 370
367 371
362 372
371 373
373 374
368 375
373 376
368 377
371 378
371 379
379 380
378 381
381 382
373 383
381 384
377 385
376 386
382 387
386 388
379 389
381 390
385 391
387 392
388 393
392 394
393 395
394 396
395 397
394 398
396 399
393 400
400 401
395 402
401 403
397 404
400 405
401 406
399 407
402 408
399 409
406 410
410 411
411 412
408 413
412 414
411 415
415 416
411 417
417 418
414 419
419 420
411 421
417 422
415 423
419 424
415 425
424 426
418 427
421 428
427 429
425 430
429 431
422 432
430 433
424 434
429 435
428 436
430 437
435 438
437 439
434 440
440 441
436 442
439 443
441 444
439 445
439 446
440 447
443 448
444 449
444 450
444 451
446 452
447 453
447 454
453 455
455 456
450 457
449 458
451 459
459 460
455 461
452 462
454 463
461 464
464 465
459 466
463 467
458 468
468 469
463 470
468 471
465 472
463 473
467 474
469 475
470 476
471 477
474 478
475 479
470 480
474 481
480 482
482 483
475 484
479 485
482 486
477 487
487 488
481 489
485 490
485 491
487 492
484 493
484 494
491 495
490 496
495 497
495 498
495 499
498 500
496 501
497 502
502 503
500 504
496 505
498 506
503 507
506 508
505 509
500 510
508 511
508 512
504 513
512 514
508 515
509 516
511 517
514 518
514 519
517 520
519 521
512 522
516 523
519 524
517 525
522 526
521 527
522 528
524 529
522 530
526 531
527 532
524 533
530 534
530 535
530 536
528 537
528 538
533 539
533 540
538 541
537 542
536 543
543 544
541 545
540 546
545 547
546 548
545 549
542 550
548 551
545 552
544 553
552 554
553 555
547 556
550 557
554 558
552 559
558 560
555 561
560 562
561 563
559 564
555 565
559 566
564 567
563 568
560 569
564 570
567 571
566 572
563 573
567 574
574 575
571 576
570 577
577 578
576 579
574 580
577 581
579 582
582 583
574 584
580 585
584 586
585 587
587 588
587 589
584 590
584 591
587 592
591 593
584 594
591 595
591 596
589 597
590 598
593 599
597 600
600 601
594 602
602 603
602 604
603 605
596 606
601 607
599 608
602 609
605 610
601 611
604 612
608 613
609 614
607 615
607 616
607 617
611 618
613 619
611 620
620 621
618 622
615 623
616 624
615 625
622 626
620 627
627 628
624 629
627 630
629 631
626 632
629 633
628 634
625 635
627 636
629 637
635 638
632 639
632 640
631 641
639 642
641 643
641 644
638 645
640 646
641 647
641 648
641 649
641 650
646 651
646 652
650 653
645 654
648 655
654 656
648 657
657 658
649 659
655 660
651 661
658 662
658 663
659 664
659 665
658 666
659 667
658 668
664 669
666 670
669 671
670 672
669 673
669 674
667 675
673 676
667 677
668 678
669 679
670 680
675 681
680 682
674 683
676 684
675 685
679 686
683 687
682 688
681 689
680 690
687 691
690 692
686 693
686 694
688 695
688 696
691 697
689 698
692 699
690 700
696 701
693 702
698 703
700 704
703 705
699 706
701 707
705 708
708 709
703 710
704 711
710 712
706 713
706 714
707 715
706 716
711 717
711 718
711 719
710 720
718 721
721 722
719 723
721 724
718 725
716 726
720 727
720 728
723 729
727 730
724 731
730 732
727 733
729 734
733 735
728 736
735 737
729 738
729 739
736 740
733 741
733 742
741 743
735 744
739 745
738 746
744 747
744 748
744 749
742 750
750 751
745 752
746 753
751 754
748 755
748 756
748 757
751 758
754 759
750 760
758 761
761 762
758 763
762 764
755 765
760 766
759 767
758 768
760 769
768 770
766 771
764 772
768 773
766 774
770 775
773 776
773 777
776 778
770 779
773 780
774 781
774 782
777 783
780 784
784 785
783 786
783 787
782 788
788 789
783 790
784 791
784 792
792 793
791 794
794 795
790 796
788 797
789 798
797 799
799 800
796 801
797 802
799 803
803 804
795 805
797 806
804 807
798 808
800 809
801 810
810 811
810 812
803 813
809 814
808 815
809 816
814 817
811 818
815 819
812 820
815 821
821 822
820 823
815 824
815 825
816 826
825 827
824 828
819 829
824 830
825 831
829 832
830 833
830 834
834 835
830 836
831 837
834 838
837 839
830 840
835 841
832 842
839 843
838 844
835 845
841 846
841 847
846 848
842 849
842 850
848 851
851 852
846 853
845 854
845 855
847 856
849 857
851 858
850 859
853 860
851 861
856 862
859 863
854 864
862 865
864 866
857 867
867 868
868 869
861 870
866 871
863 872
872 873
872 874
866 875
868 876
876 877
875 878
869 879
870 880
877 881
877 882
879 883
879 884
878 885
876 886
884 887
883 888
883 889
880 890
883 891
887 892
892 893
887 894
891 895
887 896
893 897
890 898
892 899
893 900
893 901
896 902
894 903
900 904
897 905
903 906
903 907
905 908
902 909
901 910
907 911
906 912
910 913
906 914
906 915
908 916
915 917
914 918
911 919
918 920
917 921
914 922
915 923
918 924
924 925
923 926
917 927
920 928
923 929
928 930
924 931
929 932
931 933
931 934
926 935
930 936
933 937
931 938
934 939
932 940
933 941
933 942
936 943
938 944
943 945
943 946
943 947
940 948
941 949
949 950
942 951
948 952
951 953
952 954
947 955
946 956
949 957
956 958
958 959
958 960
957 961
959 962
961 963
962 964
962 965
957 966
964 967
964 968
962 969
966 970
964 971
970 972
965 973
973 974
969 975
975 976
972 977
970 978
974 979
971 980
975 981
978 982
979 983
980 984
981 985
983 986
983 987
980 988
984 989
981 990
990 991
989 992
986 993
992 994
986 995
988 996
987 997
989 998
989 999
992 1000
