1000
1 2
2 3
2 4
3 5
5 6
5 7
6 8
6 9
3 10
5 11
9 12
11 13
11 14
8 15
13 16
14 17
12 18
12 19
11 20
11 21
15 22
13 23
23 24
20 25
18 26
19 27
19 28
24 29
22 30
24 31
27 32
27 33
30 34
31 35
33 36
32 37
30 38
33 39
35 40
40 41
36 42
42 43
34 44
37 45
36 46
44 47
41 48
40 49
44 50
45 51
48 52
46 53
53 54
51 55
53 56
49 57
56 58
58 59
50 60
53 61
55 62
61 63
56 64
58 65
62 66
59 67
63 68
61 69
65 70
64 71
63 72
69 73
71 74
72 75
71 76
75 77
68 78
76 79
78 80
76 81
75 82
78 83
77 84
81 85
80 86
82 87
82 88
82 89
83 90
88 91
90 92
86 93
84 94
87 95
88 96
94 97
92 98
93 99
96 100
91 101
98 102
94 103
103 104
100 105
96 106
97 107
103 108
102 109
103 110
102 111
103 112
110 113
110 114
110 115
107 116
109 117
114 118
110 119
114 120
116 121
118 122
113 123
121 124
123 125
125 126
126 127
123 128
127 129
127 130
125 131
124 132
130 133
130 134
129 135
128 136
133 137
132 138
131 139
138 140
136 141
140 142
138 143
135 144
142 145
140 146
140 147
141 148
141 149
140 150
145 151
143 152
152 153
152 154
151 155
150 156
156 157
148 158
157 159
158 160
158 161
152 162
161 163
154 164
155 165
158 166
166 167
166 168
162 169
163 170
164 171
170 172
164 173
169 174
172 175
173 176
167 177
177 178
173 179
175 180
173 181
177 182
179 183
180 184
184 185
180 186
177 187
179 188
185 189
184 190
187 191
191 192
186 193
187 194
189 195
186 196
194 197
194 198
193 199
193 200
194 201
193 202
201 203
201 204
199 205
197 206
202 207
199 208
204 209
204 210
208 211
211 212
205 213
204 214
213 215
212 216
216 217
210 218
210 219
218 220
214 221
217 222
217 223
216 224
224 225
225 226
217 227
219 228
220 229
225 230
225 231
222 232
228 233
233 234
234 235
229 236
227 237
237 238
232 239
236 240
236 241
236 242
241 243
240 244
244 245
240 246
239 247
247 248
244 249
240 250
241 251
251 252
248 253
253 254
245 255
247 256
254 257
248 258
256 259
258 260
259 261
252 262
253 263
258 264
259 265
263 266
261 267
258 268
262 269
266 270
263 271
269 272
269 273
264 274
270 275
268 276
268 277
277 278
274 279
275 280
279 281
281 282
279 283
283 284
277 285
277 286
278 287
287 288
287 289
289 290
284 291
291 292
287 293
289 294
291 295
290 296
296 297
291 298
293 299
296 300
294 301
294 302
300 303
301 304
304 305
304 306
306 307
304 308
301 309
303 310
308 311
307 312
303 313
309 314
307 315
312 316
316 317
311 318
313 319
317 320
314 321
321 322
316 323
316 324
316 325
318 326
326 327
320 328
324 329
324 330
329 331
330 332
328 333
326 334
328 335
329 336
331 337
334 338
333 339
332 340
340 341
332 342
340 343
336 344
335 345
341 346
340 347
342 348
342 349
345 350
348 351
345 352
349 353
348 354
346 355
349 356
356 357
357 358
354 359
351 360
352 361
361 362
362 363
363 364
364 365
361 366
364 367
364 368
360 369
363 370
370 371
371 372
367 373
364 374
367 375
371 376
372 377
369 378
378 379
375 380
378 381
372 382
382 383
378 384
382 385
384 386
377 387
384 388
386 389
380 390
387 391
390 392
384 393
387 394
389 395
395 396
392 397
389 398
391 399
395 400
400 401
399 402
402 403
403 404
400 405
396 406
401 407
400 408
405 409
405 410
409 411
407 412
410 413
409 414
414 415
407 416
414 417
417 418
412 419
413 420
418 421
421 422
418 423
423 424
417 425
425 426
421 427
424 428
420 429
423 430
428 431
427 432
427 433
426 434
434 435
429 436
432 437
433 438
429 439
438 440
433 441
436 442
437 443
443 444
442 445
440 446
439 447
441 448
447 449
446 450
446 451
442 452
444 453
448 454
450 455
447 456
447 457
456 458
450 459
455 460
451 461
457 462
456 463
456 464
464 465
460 466
465 467
466 468
466 469
464 470
470 471
466 472
469 473
466 474
466 475
471 476
475 477
476 478
473 479
478 480
472 481
474 482
478 483
474 484
478 485
481 486
480 487
485 488
488 489
487 490
484 491
487 492
489 493
486 494
488 495
490 496
488 497
496 498
496 499
491 500
497 501
497 502
501 503
502 504
501 505
502 506
498 507
500 508
504 509
504 510
503 511
508 512
510 513
506 514
510 515
507 516
509 517
514 518
516 519
512 520
514 521
513 522
519 523
516 524
517 525
522 526
520 527
526 528
526 529
528 530
528 531
523 532
528 533
525 534
531 535
528 536
529 537
536 538
531 539
533 540
540 541
532 542
533 543
538 544
539 545
542 546
543 547
538 548
539 549
543 550
544 551
545 552
551 553
547 554
545 555
546 556
550 557
553 558
550 559
554 560
558 561
557 562
559 563
557 564
555 565
564 566
561 567
558 568
567 569
561 570
561 571
562 572
563 573
564 574
573 575
574 576
568 577
574 578
569 579
578 580
574 581
572 582
577 583
581 584
580 585
583 586
583 587
584 588
584 589
588 590
581 591
591 592
585 593
587 594
589 595
593 596
590 597
596 598
597 599
594 600
591 601
592 602
600 603
594 604
601 605
601 606
598 607
607 608
604 609
609 610
604 611
611 612
605 613
607 614
613 615
614 616
610 617
614 618
613 619
610 620
620 621
619 622
613 623
614 624
623 625
618 626
626 627
619 628
622 629
629 630
625 631
626 632
631 633
624 634
630 635
635 636
634 637
632 638
635 639
638 640
640 641
640 642
641 643
636 644
642 645
636 646
639 647
639 648
639 649
641 650
642 651
646 652
643 653
645 654
645 655
651 656
649 657
657 658
651 659
654 660
660 661
657 662
659 663
663 664
664 665
659 666
664 667
666 668
667 669
660 670
666 671
670 672
669 673
666 674
666 675
668 676
673 677
668 678
678 679
676 680
674 681
675 682
681 683
674 684
682 685
679 686
683 687
687 688
685 689
685 690
683 691
685 692
685 693
685 694
694 695
687 696
695 697
696 698
695 699
695 700
696 701
692 702
701 703
695 704
701 705
705 706
698 707
702 708
703 709
706 710
707 711
710 712
704 713
708 714
711 715
708 716
714 717
714 718
713 719
715 720
713 721
712 722
715 723
719 724
722 725
723 726
717 727
724 728
725 729
724 730
721 731
725 732
732 733
724 734
726 735
729 736
736 737
729 738
733 739
736 740
732 741
739 742
736 743
735 744
736 745
739 746
742 747
738 748
746 749
746 750
750 751
742 752
752 753
753 754
750 755
748 756
755 757
750 758
749 759
759 760
752 761
755 762
759 763
758 764
758 765
760 766
765 767
758 768
764 769
762 770
769 771
765 772
771 773
765 774
774 775
766 776
774 777
774 778
775 779
770 780
774 781
780 782
777 783
775 784
775 785
777 786
777 787
783 788
783 789
782 790
788 791
785 792
790 793
790 794
788 795
795 796
795 797
795 798
797 799
793 800
798 801
798 802
798 803
803 804
801 805
796 806
798 807
800 808
806 809
806 810
805 811
803 812
811 813
808 814
813 815
810 816
811 817
810 818
812 819
819 820
817 821
819 822
818 823
818 824
818 825
819 826
818 827
824 828
824 829
828 830
826 831
827 832
825 833
828 834
830 835
830 836
827 837
837 838
834 839
830 840
831 841
838 842
836 843
836 844
844 845
836 846
837 847
842 848
844 849
846 850
848 851
843 852
845 853
852 854
851 855
851 856
855 857
856 858
854 859
855 860
854 861
854 862
854 863
859 864
863 865
859 866
857 867
860 868
860 869
867 870
867 871
869 872
869 873
870 874
874 875
866 876
870 877
871 878
876 879
875 880
872 881
877 882
882 883
878 884
882 885
878 886
879 887
885 888
887 889
884 890
886 891
883 892
890 893
884 894
890 895
895 896
888 897
891 898
889 899
896 900
894 901
897 902
896 903
901 904
904 905
900 906
900 907
898 908
904 909
903 910
907 911
909 912
905 913
907 914
910 915
914 916
907 917
912 918
918 919
915 920
913 921
917 922
915 923
914 924
917 925
925 926
918 927
925 928
924 929
923 930
924 931
923 932
925 933
931 934
932 935
930 936
930 937
932 938
937 939
932 940
938 941
937 942
938 943
943 944
936 945
936 946
937 947
941 948
939 949
943 950
946 951
945 952
951 953
946 954
949 955
946 956
951 957
950 958
954 959
957 960
960 961
952 962
961 963
959 964
960 965
965 966
961 967
964 968
965 969
968 970
965 971
970 972
966 973
971 974
972 975
974 976
971 977
969 978
977 979
972 980
974 981
974 982
978 983
982 984
977 985
984 986
977 987
980 988
982 989
982 990
988 991
989 992
989 993
986 994
989 995
989 996
990 997
997 998
993 999
991 1000
