1000
64 273 26 687 903 466 896 844 916 387 556 666 378 405 661 523 606 653 624 723 739 523 902 76 596 950 805 265 349 270 625 594 980 915 103 764 99 873 369 517 290 684 492 109 408 173 151 906 463 317 154 864 892 200 240 145 750 495 982 193 930 783 511 242 57 486 632 10 344 246 571 260 134 61 719 804 725 221 344 507 212 206 279 466 531 676 425 86 681 131 307 120 411 249 404 629 725 623 754 123 878 691 676 843 604 927 949 374 621 464 302 301 96 251 797 20 456 190 689 386 642 235 71 228 498 516 848 745 376 767 337 917 173 538 241 24 504 338 189 477 776 109 348 520 436 886 482 409 194 398 202 861 553 423 171 232 925 969 670 48 551 954 272 445 412 672 916 203 756 350 799 169 808 737 721 924 331 762 257 168 892 556 857 42 761 313 591 969 922 216 912 849 989 92 905 342 951 453 80 690 980 296 859 737 492 131 207 8 370 210 660 721 501 939 455 602 895 371 966 454 885 740 310 819 269 179 632 846 733 668 559 910 365 332 517 960 724 925 963 742 996 942 128 525 927 302 833 1 255 309 318 391 74 408 109 673 63 725 739 536 842 321 954 262 107 425 886 308 94 826 604 802 283 892 224 531 110 268 47 975 68 722 968 85 608 493 401 903 185 903 24 111 251 570 426 826 469 122 635 535 374 905 314 514 406 682 169 280 462 221 995 871 670 322 711 949 350 388 107 205 750 334 501 94 687 226 652 578 363 25 235 849 279 450 505 990 197 725 515 721 183 866 99 231 844 623 239 367 369 526 755 97 961 916 700 504 979 95 175 145 101 654 87 663 879 332 119 242 901 532 259 431 263 105 971 668 648 600 267 540 124 583 828 12 733 258 91 992 599 442 982 95 865 843 55 113 823 636 810 719 604 671 622 39 939 887 167 812 914 981 867 945 277 446 881 74 222 805 716 749 500 205 698 545 255 354 851 618 623 588 480 342 705 501 260 402 171 243 748 73 923 630 821 443 820 553 262 254 99 838 422 166 210 59 15 5 731 452 458 29 845 1000 748 260 487 129 699 682 623 350 927 449 692 97 70 243 933 585 112 301 326 132 324 705 477 826 593 504 188 580 127 449 438 965 230 454 28 987 787 350 137 439 931 536 760 560 951 148 446 47 695 493 643 93 329 572 597 231 611 733 146 581 433 754 160 966 562 887 207 325 713 131 747 593 946 400 62 634 501 19 700 900 691 910 450 444 521 465 919 450 985 766 236 286 976 33 867 656 483 918 579 335 721 240 525 118 278 118 973 925 618 52 922 94 960 594 998 2 639 356 621 310 356 717 828 568 873 786 790 623 515 172 291 519 690 626 661 659 12 78 873 116 998 815 718 984 633 685 542 726 194 895 751 892 935 307 899 422 308 82 997 202 839 981 390 489 356 682 244 995 697 567 91 930 320 952 139 928 499 839 948 609 285 71 461 564 324 7 703 161 488 360 413 107 58 399 325 376 112 40 490 582 903 332 206 280 334 571 359 616 923 552 811 425 422 425 182 504 994 739 803 499 437 935 365 72 670 801 31 504 939 675 995 758 310 742 719 26 575 953 908 132 397 793 623 423 653 857 17 459 561 300 190 565 828 837 878 699 416 866 815 341 952 609 896 525 546 859 757 438 646 93 923 755 915 7 424 922 947 410 378 237 89 632 93 743 86 648 363 711 501 375 340 553 461 744 631 626 217 164 73 681 730 586 206 509 140 682 991 912 330 710 408 380 744 550 89 213 86 146 835 777 718 355 87 129 326 395 329 353 215 269 693 247 644 47 841 595 179 135 335 358 827 628 829 833 67 222 587 414 911 308 959 457 979 870 382 785 184 559 34 345 333 947 780 492 835 105 581 816 801 477 333 401 987 397 786 550 854 550 742 848 404 739 434 560 703 27 684 602 836 34 790 143 694 620 483 198 967 73 506 526 114 484 191 434 537 176 675 725 490 535 539 926 356 653 868 968 539 3 662 742 352 518 170 428 259 474 217 85 201 1000 938 684 134 738 772 969 995 892 603 340 361 866 362 521 3 140 795 918 910 353 508 183 940 337 630 783 18 557 372 115 64 294 993 578 150 950 329 342 930 784 476 507 354 878 864 507 756 642 525 562 180 951 591 446 520 211 871 615 465 700 993 938 138 851 474 471 128 103 112 807 413 473 570 152 841 447 733 585 215 216 346 278 145 603 461 576 461 400 132 706 20 54 708 435 522 751 456 511 845 877 16 542 131 183 528 575 150 355 
1 2
2 3
3 4
1 5
4 6
6 7
7 8
6 9
8 10
9 11
10 12
5 13
7 14
1 15
9 16
14 17
6 18
15 19
2 20
17 21
3 22
12 23
13 24
23 25
21 26
11 27
5 28
15 29
14 30
17 31
29 32
28 33
26 34
20 35
33 36
36 37
23 38
18 39
23 40
34 41
7 42
13 43
22 44
5 45
19 46
30 47
32 48
10 49
10 50
32 51
27 52
15 53
38 54
13 55
21 56
10 57
52 58
43 59
30 60
46 61
15 62
47 63
54 64
46 65
64 66
44 67
37 68
5 69
26 70
20 71
20 72
23 73
32 74
62 75
6 76
55 77
14 78
54 79
33 80
26 81
40 82
10 83
49 84
79 85
28 86
12 87
20 88
1 89
57 90
10 91
5 92
88 93
26 94
6 95
94 96
39 97
62 98
4 99
68 100
84 101
40 102
96 103
85 104
42 105
71 106
26 107
60 108
83 109
84 110
107 111
62 112
11 113
48 114
111 115
57 116
76 117
56 118
76 119
3 120
47 121
118 122
21 123
116 124
117 125
79 126
7 127
9 128
57 129
111 130
96 131
56 132
17 133
17 134
107 135
76 136
10 137
79 138
122 139
100 140
121 141
102 142
64 143
50 144
81 145
113 146
75 147
69 148
48 149
49 150
129 151
29 152
64 153
128 154
94 155
55 156
155 157
47 158
15 159
125 160
113 161
20 162
6 163
26 164
31 165
20 166
122 167
160 168
140 169
54 170
75 171
35 172
82 173
135 174
2 175
138 176
19 177
33 178
14 179
5 180
70 181
36 182
58 183
163 184
146 185
149 186
88 187
171 188
56 189
87 190
17 191
45 192
25 193
59 194
188 195
148 196
35 197
10 198
79 199
177 200
177 201
63 202
93 203
131 204
135 205
139 206
77 207
152 208
208 209
131 210
51 211
26 212
166 213
27 214
20 215
35 216
32 217
165 218
183 219
184 220
110 221
6 222
220 223
81 224
152 225
56 226
10 227
154 228
26 229
37 230
143 231
7 232
9 233
54 234
196 235
139 236
105 237
41 238
208 239
185 240
161 241
118 242
192 243
109 244
209 245
2 246
186 247
49 248
170 249
60 250
155 251
219 252
213 253
107 254
96 255
255 256
255 257
236 258
47 259
71 260
65 261
135 262
126 263
30 264
190 265
264 266
241 267
246 268
149 269
89 270
42 271
91 272
100 273
228 274
266 275
205 276
151 277
243 278
41 279
52 280
21 281
89 282
87 283
199 284
215 285
3 286
223 287
153 288
241 289
111 290
181 291
40 292
187 293
260 294
193 295
37 296
223 297
290 298
230 299
154 300
244 301
136 302
290 303
242 304
265 305
91 306
241 307
305 308
119 309
144 310
263 311
153 312
204 313
191 314
247 315
106 316
275 317
108 318
114 319
83 320
96 321
283 322
203 323
152 324
89 325
65 326
92 327
290 328
241 329
241 330
201 331
59 332
331 333
144 334
260 335
252 336
16 337
146 338
297 339
88 340
146 341
10 342
140 343
6 344
138 345
126 346
147 347
256 348
124 349
144 350
102 351
306 352
80 353
90 354
300 355
73 356
90 357
75 358
143 359
152 360
139 361
75 362
302 363
107 364
216 365
341 366
128 367
75 368
118 369
57 370
55 371
311 372
284 373
167 374
158 375
247 376
281 377
272 378
14 379
73 380
51 381
338 382
88 383
163 384
370 385
140 386
56 387
299 388
155 389
327 390
330 391
138 392
302 393
213 394
279 395
389 396
319 397
140 398
164 399
277 400
125 401
211 402
206 403
62 404
40 405
219 406
202 407
264 408
329 409
259 410
51 411
91 412
86 413
190 414
141 415
220 416
61 417
98 418
132 419
122 420
109 421
57 422
209 423
314 424
307 425
178 426
201 427
321 428
339 429
86 430
171 431
19 432
431 433
189 434
407 435
174 436
243 437
307 438
26 439
299 440
388 441
273 442
58 443
191 444
340 445
331 446
308 447
195 448
46 449
354 450
57 451
108 452
447 453
26 454
141 455
215 456
108 457
81 458
202 459
231 460
59 461
160 462
431 463
36 464
388 465
182 466
24 467
144 468
262 469
59 470
359 471
192 472
315 473
105 474
354 475
378 476
111 477
68 478
152 479
58 480
128 481
286 482
334 483
351 484
177 485
378 486
183 487
1 488
269 489
388 490
85 491
151 492
461 493
158 494
325 495
352 496
48 497
367 498
15 499
8 500
92 501
492 502
319 503
141 504
454 505
370 506
61 507
17 508
488 509
506 510
74 511
355 512
293 513
477 514
319 515
488 516
501 517
481 518
121 519
133 520
511 521
196 522
142 523
198 524
509 525
144 526
47 527
417 528
60 529
7 530
458 531
525 532
136 533
354 534
267 535
423 536
273 537
214 538
14 539
352 540
245 541
322 542
93 543
344 544
202 545
493 546
456 547
288 548
432 549
418 550
187 551
167 552
176 553
35 554
162 555
151 556
438 557
541 558
170 559
410 560
541 561
164 562
266 563
228 564
499 565
494 566
294 567
252 568
110 569
510 570
529 571
117 572
561 573
358 574
176 575
235 576
33 577
276 578
489 579
497 580
344 581
387 582
270 583
413 584
302 585
353 586
129 587
5 588
267 589
232 590
138 591
518 592
186 593
160 594
88 595
537 596
388 597
329 598
403 599
350 600
180 601
306 602
50 603
242 604
336 605
124 606
518 607
272 608
531 609
302 610
129 611
333 612
235 613
243 614
574 615
139 616
165 617
592 618
486 619
556 620
459 621
73 622
88 623
461 624
436 625
559 626
48 627
18 628
227 629
316 630
580 631
483 632
312 633
119 634
625 635
14 636
378 637
262 638
49 639
303 640
183 641
373 642
387 643
4 644
549 645
228 646
83 647
385 648
484 649
600 650
544 651
504 652
205 653
640 654
41 655
379 656
338 657
500 658
404 659
610 660
116 661
411 662
573 663
178 664
97 665
399 666
388 667
193 668
229 669
139 670
392 671
660 672
649 673
611 674
29 675
336 676
672 677
365 678
490 679
449 680
83 681
125 682
242 683
479 684
527 685
556 686
278 687
542 688
253 689
360 690
96 691
37 692
501 693
88 694
43 695
585 696
4 697
439 698
417 699
386 700
297 701
559 702
560 703
448 704
211 705
236 706
463 707
531 708
91 709
316 710
274 711
548 712
199 713
691 714
275 715
610 716
429 717
236 718
329 719
132 720
408 721
650 722
581 723
581 724
32 725
288 726
388 727
629 728
390 729
61 730
370 731
690 732
385 733
108 734
193 735
364 736
676 737
136 738
139 739
199 740
26 741
483 742
103 743
268 744
592 745
355 746
537 747
367 748
164 749
308 750
627 751
580 752
748 753
342 754
193 755
321 756
324 757
253 758
180 759
68 760
158 761
5 762
240 763
6 764
39 765
177 766
104 767
600 768
312 769
352 770
141 771
361 772
4 773
71 774
251 775
332 776
408 777
500 778
105 779
40 780
263 781
600 782
313 783
425 784
203 785
431 786
428 787
404 788
765 789
477 790
235 791
441 792
741 793
89 794
270 795
428 796
455 797
294 798
771 799
721 800
45 801
630 802
382 803
113 804
343 805
554 806
540 807
15 808
499 809
718 810
761 811
220 812
434 813
211 814
778 815
605 816
633 817
613 818
664 819
133 820
729 821
240 822
192 823
796 824
772 825
613 826
276 827
376 828
219 829
291 830
315 831
62 832
624 833
473 834
419 835
373 836
712 837
477 838
263 839
282 840
738 841
767 842
488 843
17 844
215 845
607 846
823 847
356 848
14 849
90 850
77 851
362 852
571 853
503 854
316 855
720 856
1 857
734 858
364 859
508 860
213 861
468 862
593 863
694 864
128 865
127 866
292 867
805 868
725 869
536 870
841 871
344 872
400 873
343 874
329 875
743 876
517 877
215 878
856 879
465 880
497 881
13 882
136 883
537 884
174 885
331 886
536 887
287 888
102 889
686 890
74 891
810 892
844 893
276 894
588 895
83 896
563 897
826 898
345 899
870 900
173 901
64 902
351 903
229 904
481 905
269 906
78 907
150 908
82 909
499 910
292 911
342 912
796 913
508 914
257 915
665 916
630 917
554 918
617 919
289 920
424 921
480 922
708 923
734 924
356 925
548 926
310 927
534 928
9 929
886 930
665 931
377 932
684 933
412 934
285 935
232 936
133 937
161 938
124 939
636 940
84 941
809 942
837 943
643 944
712 945
138 946
388 947
161 948
612 949
173 950
82 951
921 952
746 953
306 954
607 955
394 956
270 957
780 958
504 959
920 960
545 961
674 962
764 963
737 964
194 965
616 966
328 967
665 968
109 969
217 970
762 971
217 972
334 973
600 974
294 975
836 976
257 977
963 978
925 979
403 980
406 981
815 982
460 983
757 984
252 985
153 986
380 987
812 988
941 989
722 990
332 991
905 992
78 993
689 994
360 995
761 996
671 997
527 998
331 999
893 1000
1000
944 156
471 883
460 214
680 369
275 611
703 833
86 436
787 948
402 784
904 699
629 203
733 637
109 402
446 581
831 913
206 307
608 907
491 47
861 267
398 397
239 724
73 523
492 453
933 431
862 743
334 578
755 467
872 294
956 177
946 128
731 194
105 504
221 369
271 427
464 562
792 592
131 852
416 211
335 362
272 217
246 603
207 115
882 330
487 264
551 985
720 156
299 850
698 304
307 914
209 140
807 377
957 473
529 69
701 645
469 434
402 257
899 689
271 725
146 878
641 377
424 254
888 886
78 171
149 118
96 510
708 117
107 243
877 215
707 480
157 432
14 949
927 953
593 147
590 180
538 172
320 288
437 43
339 949
843 507
46 856
987 882
757 294
974 59
53 800
215 413
528 346
766 663
117 368
353 320
178 963
494 703
510 243
380 685
494 589
463 496
936 207
158 934
574 692
748 682
516 89
487 852
244 94
141 127
613 554
858 228
916 746
573 583
315 888
310 40
554 700
393 224
638 718
235 687
209 852
575 424
426 959
565 558
835 348
723 593
728 716
336 965
304 829
850 553
852 2
509 322
694 139
670 637
343 556
617 755
6 938
693 344
255 682
40 341
896 225
345 692
821 377
727 900
437 631
35 124
617 684
953 708
797 314
123 772
417 879
100 306
870 34
742 279
233 32
153 486
233 158
498 228
647 180
118 145
554 169
267 49
72 233
569 643
821 615
316 639
473 704
11 989
582 294
500 862
56 939
297 248
481 631
492 987
150 880
200 109
907 547
364 60
747 109
979 827
139 341
797 847
498 742
525 340
402 807
897 245
138 767
483 606
449 963
620 514
317 763
154 167
323 252
687 181
455 90
271 192
512 502
213 135
990 318
483 515
170 25
639 9
21 709
717 473
5 331
288 1
524 157
300 608
421 72
475 892
560 148
623 769
172 790
910 536
733 882
685 738
355 858
392 362
837 810
567 100
803 911
595 660
93 146
983 942
362 856
268 485
719 929
813 613
914 205
848 410
741 648
732 270
180 702
623 634
918 85
577 292
302 988
562 643
712 645
331 149
768 996
458 556
679 606
843 523
744 277
858 166
334 501
756 664
770 245
954 207
682 100
87 98
369 113
638 911
875 260
680 909
531 162
912 730
581 394
466 973
669 72
134 513
464 482
464 573
801 220
221 67
21 263
743 782
383 192
552 713
92 588
458 920
618 979
132 13
845 481
845 491
124 234
255 416
691 314
167 18
271 890
305 982
749 874
859 197
433 629
336 683
821 92
32 127
798 499
902 656
869 88
324 107
946 67
301 701
435 170
279 69
73 972
584 169
343 447
983 613
903 724
646 644
159 341
186 41
587 954
781 996
170 499
721 184
86 42
915 921
737 973
519 829
366 521
998 299
830 863
499 959
326 536
635 661
736 285
469 556
845 893
152 968
140 45
311 318
153 283
189 303
211 614
184 410
187 808
635 586
605 226
82 944
271 26
912 608
615 920
855 683
546 412
18 92
17 250
287 898
907 907
659 136
582 431
803 665
427 571
890 680
161 827
773 443
40 190
570 107
919 436
88 434
218 873
487 65
665 235
571 255
775 973
988 956
308 445
865 27
777 245
475 683
331 468
598 668
692 690
200 583
598 148
704 67
466 934
772 996
937 829
458 116
455 945
748 310
756 565
784 196
502 188
984 493
173 50
502 458
872 617
791 690
466 646
54 655
845 917
459 716
327 369
106 979
197 966
822 43
491 215
627 940
423 882
301 761
893 150
80 585
595 214
756 617
865 881
479 334
973 452
913 431
417 144
504 174
513 262
882 249
629 391
41 317
730 53
544 732
26 670
13 182
332 309
85 165
805 739
314 231
679 128
261 327
158 862
184 818
350 948
951 585
696 995
926 229
602 931
448 37
270 276
401 213
77 415
602 983
905 614
244 605
238 987
716 719
46 125
435 612
663 772
593 932
487 950
838 89
652 166
432 518
35 16
160 351
628 636
9 454
461 306
30 560
808 216
564 704
30 796
72 437
655 126
469 884
176 24
759 90
659 238
528 555
59 227
728 271
517 936
460 470
639 997
686 604
900 940
30 623
46 870
874 770
890 554
621 689
149 540
946 868
861 585
991 906
847 245
598 763
520 446
511 94
385 391
195 741
612 313
584 162
732 462
52 635
791 586
257 75
239 514
957 291
543 764
298 925
73 44
101 229
143 855
325 91
815 551
245 806
75 604
723 756
273 364
301 471
282 952
311 554
927 252
112 73
21 434
943 574
223 241
955 356
624 864
188 470
351 593
815 508
772 653
558 79
788 895
94 300
836 144
116 465
89 380
123 81
61 136
235 33
300 615
828 385
901 541
491 759
72 797
223 811
585 636
209 33
186 546
36 165
570 539
894 31
181 560
463 872
950 499
292 358
845 441
962 523
231 491
121 943
827 828
897 644
637 427
425 849
378 453
599 969
256 622
278 753
965 949
911 56
175 70
275 940
810 681
165 966
329 180
795 804
275 349
207 818
659 665
629 865
422 133
755 287
142 505
853 5
672 320
210 713
542 86
186 553
906 35
854 558
856 214
461 377
543 144
205 317
49 816
484 269
5 37
939 456
767 526
880 298
927 187
814 139
67 598
396 117
615 258
755 304
361 420
486 580
373 684
543 286
510 915
187 686
158 841
422 811
967 151
961 595
780 112
795 105
789 779
236 859
635 923
282 161
877 148
496 933
185 558
553 442
410 343
297 314
264 460
783 831
90 749
891 130
259 522
573 722
924 818
123 917
153 594
700 278
675 215
461 772
743 570
775 611
521 998
447 440
18 514
147 189
201 253
596 447
428 714
865 313
68 879
429 834
861 19
303 718
553 194
660 876
427 161
334 659
724 449
964 179
839 607
922 983
863 867
444 496
633 739
278 379
367 623
892 928
302 242
323 161
736 963
563 841
857 347
800 295
747 164
437 722
559 993
894 745
388 8
79 846
514 53
681 491
426 226
843 517
619 822
225 732
163 778
725 933
487 328
873 275
606 263
954 57
518 833
839 501
226 99
45 12
809 50
328 166
61 316
190 216
717 515
218 433
472 413
265 148
29 73
97 83
262 659
207 317
448 756
875 558
119 625
11 882
648 516
607 327
36 613
164 382
159 406
203 881
917 464
757 694
612 31
386 596
480 455
946 629
586 608
538 735
177 444
911 728
500 340
123 382
301 728
316 14
183 229
850 324
572 93
552 443
44 88
477 647
388 488
254 638
22 147
458 160
552 585
989 733
55 638
556 516
293 321
523 223
388 312
899 534
591 387
710 360
378 752
279 8
821 185
791 266
990 321
443 550
483 506
148 17
391 849
76 247
256 964
920 136
8 337
200 707
966 685
518 248
75 338
588 148
402 102
846 966
217 345
215 182
622 725
555 46
972 910
570 899
59 111
775 575
665 941
722 732
462 979
344 103
484 376
585 269
220 322
998 857
283 505
829 759
934 662
773 966
584 694
295 541
571 182
699 311
145 871
591 610
803 426
342 486
934 692
291 145
412 139
291 325
49 316
349 17
609 383
563 308
327 787
731 294
997 954
904 844
243 73
876 306
646 608
242 72
728 858
626 870
423 623
904 261
911 18
167 323
791 894
224 336
313 872
478 922
435 314
611 494
438 294
339 138
976 223
528 744
434 393
764 709
485 750
603 692
831 810
650 601
294 374
343 754
643 434
231 598
538 268
874 643
97 479
358 817
885 951
963 384
821 56
39 519
762 902
281 656
338 71
897 354
439 211
441 486
895 122
956 457
767 354
553 307
810 828
334 631
785 218
401 629
236 760
315 464
158 432
44 527
322 208
757 573
445 584
491 680
705 184
715 915
690 614
809 563
561 578
623 41
268 554
997 181
350 677
945 680
878 972
758 143
295 749
539 287
578 36
185 26
987 271
120 688
796 880
173 94
71 794
435 620
255 406
973 546
366 165
709 552
126 849
986 522
553 149
870 783
383 409
935 878
929 439
994 80
181 709
994 594
858 908
356 515
831 604
282 338
444 199
248 990
361 59
626 112
364 682
760 634
800 538
332 686
143 809
415 874
789 695
632 568
866 687
932 859
573 50
872 870
275 699
935 375
812 937
439 97
661 761
964 262
682 457
811 943
218 285
225 644
43 909
582 215
60 206
487 596
751 126
92 547
797 250
573 436
184 592
858 656
787 229
196 632
417 800
975 673
815 907
889 129
635 334
321 925
181 651
322 949
454 69
438 370
61 631
613 972
264 533
606 43
453 103
860 832
542 498
689 775
137 626
592 747
418 267
204 792
73 182
977 592
484 968
283 794
545 809
551 800
228 962
831 986
765 805
484 966
713 452
534 477
743 964
151 868
758 827
118 480
454 645
542 994
509 165
19 961
21 905
119 261
670 827
500 929
9 609
963 12
869 145
124 483
426 122
359 9
858 472
603 43
553 843
603 325
90 424
76 637
311 319
330 572
273 767
620 649
702 922
767 111
104 268
396 797
418 695
778 752
522 723
354 867
741 185
120 873
609 572
92 576
730 246
