378
466
559
466
387
466
606
556
466
606
466
600
466
466
606
405
405
405
551
477
466
433
376
661
606
520
596
535
624
666
492
604
606
624
466
466
606
273
571
466
387
466
466
556
687
405
602
739
466
349
405
661
273
454
623
466
501
594
556
648
606
401
466
405
606
606
606
455
653
466
466
535
482
466
556
387
408
454
504
606
522
570
466
405
277
623
624
466
466
466
918
466
405
556
480
466
405
661
499
504
654
606
642
344
423
535
661
401
517
273
739
321
408
654
606
405
656
673
349
726
556
606
387
654
446
405
405
387
625
507
231
499
556
387
666
466
661
408
387
466
713
405
189
606
387
606
450
365
600
405
745
324
212
273
556
365
464
652
571
711
525
536
520
606
454
466
449
466
466
405
606
279
606
405
408
466
273
387
405
344
387
413
405
466
466
556
466
405
604
493
606
387
387
596
499
405
466
624
553
606
685
466
414
409
666
466
661
687
405
466
654
553
278
666
466
466
559
654
308
416
501
492
504
606
504
466
687
531
517
454
335
466
594
387
452
635
466
376
405
387
629
387
387
456
623
556
666
536
517
606
466
501
450
606
538
265
661
335
523
666
526
408
405
786
556
466
466
455
466
387
454
629
466
387
406
466
687
632
606
442
466
571
399
594
606
466
454
387
466
466
477
387
409
621
564
466
466
682
516
661
405
466
545
520
611
349
466
405
466
370
490
608
606
466
447
408
405
553
739
594
405
273
507
718
517
684
387
551
606
466
273
309
401
3
273
480
583
405
376
556
687
517
739
625
501
412
556
369
405
450
466
425
745
370
437
466
596
504
624
466
632
507
190
606
606
553
520
629
355
466
492
517
449
535
349
556
666
630
466
466
571
307
492
466
466
378
387
606
507
687
629
466
450
374
618
466
606
591
466
556
405
624
349
235
556
492
606
405
559
668
624
520
344
520
666
466
666
466
764
531
501
405
348
408
718
666
556
466
296
466
466
666
606
466
342
466
666
653
606
492
739
273
687
606
273
606
405
387
387
606
661
492
632
466
466
463
405
466
405
400
466
286
458
387
446
506
521
408
730
466
466
556
687
606
676
456
606
507
606
606
474
466
666
523
739
666
466
591
349
606
629
466
387
545
516
520
466
501
466
454
504
492
719
517
405
241
656
395
606
344
635
540
212
466
409
535
532
603
387
405
310
804
370
444
466
532
625
739
535
615
517
635
433
344
465
531
425
600
551
307
387
629
408
570
606
606
405
414
235
466
556
369
409
369
632
405
461
666
405
466
405
466
387
349
594
739
492
466
405
805
594
764
455
520
606
387
405
551
466
466
606
189
466
387
411
560
387
466
405
739
405
517
644
466
663
452
551
409
454
556
387
405
454
387
629
606
466
405
466
405
630
519
268
422
405
606
405
405
406
653
606
501
283
629
629
539
454
506
314
466
629
551
450
273
495
666
495
466
454
553
405
466
606
606
501
606
466
483
596
405
387
405
531
668
633
606
387
405
404
600
269
350
594
739
387
516
682
466
516
606
466
466
672
624
466
349
606
449
409
466
466
466
350
687
466
689
466
504
466
517
606
670
411
723
349
466
258
495
387
568
805
466
632
466
583
387
571
739
466
411
606
109
606
635
408
482
466
606
532
466
387
591
454
666
666
515
571
387
739
466
344
520
623
450
409
556
466
606
551
523
661
270
463
661
409
594
405
594
556
466
624
661
560
492
666
525
349
504
606
661
466
454
405
666
556
507
405
277
596
405
575
606
666
583
600
507
246
387
606
571
405
542
405
606
570
528
739
466
629
685
466
387
483
370
624
653
466
492
805
606
495
296
405
551
454
387
308
606
466
425
466
466
387
536
477
285
556
556
405
369
553
606
413
442
466
466
399
571
425
594
668
405
501
531
551
414
450
412
498
273
594
405
405
425
631
676
466
349
405
504
425
531
606
286
606
520
553
455
501
606
405
531
739
604
666
618
666
273
296
739
450
466
405
666
435
466
606
551
455
739
501
606
498
387
466
594
556
606
341
378
483
606
466
634
387
587
466
369
520
434
739
466
400
405
455
405
653
405
606
466
465
466
273
492
455
193
495
501
273
270
606
272
270
629
409
405
666
350
517
450
666
606
466
466
551
594
409
405
466
406
466
745
466
489
265
623
629
556
461
666
466
450
466
745
553
369
517
374
739
606
387
606
556
466
501
446
405
606
466
492
466
606
586
594
324
405
466
405
466
404
466
545
600
516
466
387
666
495
666
466
405
623
356
409
537
606
466
542
409
302
