28
10
795
984
789
711
667
436
939
383
142
531
54
759
40
863
274
718
660
778
142
426
804
82
260
667
680
595
790
768
564
648
698
597
346
346
766
905
560
954
40
189
858
131
617
209
896
867
292
195
870
187
560
613
505
193
118
83
401
31
30
389
813
859
666
980
591
731
229
655
304
690
208
162
94
128
481
665
47
55
814
97
890
481
346
844
420
954
102
203
470
429
722
21
940
207
214
865
49
634
176
253
988
479
143
216
907
1000
867
234
844
390
10
589
296
980
956
31
980
602
825
827
571
481
11
470
281
123
323
212
690
833
612
74
404
66
795
666
814
358
389
490
505
499
743
421
54
