1000
255 15 772 336 410 995 858 421 219 225 215 14 867 321 585 892 683 854 476 131 441 60 960 315 768 289 986 683 915 929 241 779 599 289 700 986 102 572 711 634 791 171 676 380 392 478 116 602 753 409 635 733 494 529 423 624 224 295 945 520 633 632 26 745 628 455 587 357 943 402 50 369 162 401 300 237 517 871 530 205 747 376 836 900 847 231 97 479 726 446 261 418 257 926 687 446 789 678 723 301 420 607 234 852 993 102 510 523 909 652 704 449 373 999 389 278 470 819 14 173 372 430 153 188 891 765 882 201 8 283 582 808 455 74 219 249 16 567 236 225 192 966 131 970 863 651 968 629 661 92 864 228 625 147 612 390 545 152 522 569 631 456 375 542 282 157 196 104 288 772 73 466 485 638 439 15 12 697 522 644 428 703 494 954 674 351 57 42 652 318 147 803 710 202 253 548 608 104 60 894 806 109 39 270 70 569 314 260 64 403 409 869 869 693 396 853 827 807 757 717 426 226 133 158 721 35 643 367 558 274 375 69 992 217 453 899 760 430 435 912 851 435 269 767 269 151 141 568 717 553 486 356 739 721 102 41 138 675 296 330 125 208 12 740 192 764 573 214 526 399 272 399 244 437 840 375 748 478 550 190 15 769 47 129 445 301 253 8 33 730 297 987 898 282 374 803 106 757 286 809 801 301 697 132 533 346 610 520 291 178 128 541 757 4 388 606 368 852 215 685 338 422 154 833 128 205 441 940 4 301 663 712 723 89 326 942 144 151 480 677 711 738 391 905 964 762 200 714 575 12 508 70 316 80 777 534 817 45 960 496 109 486 840 792 443 392 28 452 449 299 969 85 822 681 437 193 135 826 825 559 462 381 482 791 822 385 76 193 814 987 709 819 865 648 987 176 393 152 352 352 204 662 489 298 520 909 397 130 537 3 1 980 280 21 278 955 627 254 316 293 430 608 980 200 992 219 855 98 152 900 400 248 851 47 359 717 589 887 697 138 429 130 640 428 377 408 271 687 470 782 456 471 161 87 201 370 754 580 549 8 337 736 334 678 286 113 179 299 722 262 845 55 147 424 157 33 447 352 534 205 344 780 307 270 555 756 168 650 182 381 710 198 493 435 327 38 132 472 625 261 546 49 371 849 379 260 931 775 822 862 315 835 545 329 79 566 490 230 485 705 77 686 646 241 476 631 123 851 423 931 165 222 115 8 449 134 133 388 955 533 357 486 604 795 58 554 611 789 961 762 200 662 571 635 938 280 249 670 909 940 545 986 92 924 623 494 996 476 451 201 779 465 205 791 229 339 410 788 470 146 736 94 59 830 531 153 648 288 814 869 274 398 330 271 322 409 775 885 116 168 838 101 759 599 997 555 227 941 203 219 263 8 714 860 316 195 994 564 486 260 591 788 611 675 805 341 39 138 198 137 548 401 411 479 723 301 943 983 11 614 449 926 995 33 875 611 241 91 97 576 288 834 134 317 574 401 356 8 94 986 518 989 569 981 701 226 721 704 413 433 495 379 290 590 611 694 223 841 317 863 206 348 265 511 171 943 37 352 839 689 391 921 213 252 105 59 335 992 743 92 525 819 85 202 678 353 261 490 362 25 247 606 543 234 604 383 653 573 922 323 337 2 473 328 805 206 739 509 708 82 464 44 50 256 130 766 269 878 824 528 128 737 602 920 52 795 126 68 107 756 740 867 342 436 991 167 552 536 190 847 659 190 3 844 561 399 400 282 330 243 773 356 122 696 498 901 714 919 530 201 550 929 680 469 859 347 364 424 829 694 671 452 800 665 846 381 587 810 179 600 818 271 7 670 912 436 606 110 212 405 463 879 220 484 158 281 484 108 268 160 833 808 535 248 854 749 272 765 898 394 116 202 980 763 892 628 563 820 687 744 224 7 724 108 354 521 75 263 27 651 199 543 504 17 115 556 489 813 734 414 581 957 24 350 775 645 346 645 890 944 688 772 842 424 379 186 512 887 323 860 981 870 22 356 224 497 694 893 374 106 606 548 957 73 240 167 721 765 440 164 903 298 957 21 845 819 829 167 875 92 363 469 353 589 63 532 917 416 733 79 518 181 819 241 130 423 88 337 390 465 623 565 710 248 503 818 252 187 348 966 132 723 896 173 205 804 806 191 715 299 519 231 180 299 994 729 173 801 282 574 215 653 822 650 1 641 1 782 447 723 117 45 510 831 624 27 821 986 24 935 819 848 895 275 205 727 981 993 383 545 594 2 688 429 136 477 231 753 610 573 
1000
query 16 168 84
modify 786 616
modify 360 703
modify 600 258
query 121 708 541
modify 30 91
modify 379 165
query 550 779 198
modify 776 626
query 777 839 42
query 956 977 11
modify 815 382
modify 398 117
query 807 957 10
modify 849 244
modify 906 914
modify 252 567
modify 183 107
query 246 515 88
modify 588 85
query 501 560 8
modify 376 418
query 382 899 303
query 875 933 15
query 213 740 329
query 528 790 92
modify 721 776
query 65 636 407
query 881 995 15
modify 35 726
query 565 956 82
modify 542 623
query 426 641 6
query 371 483 74
query 147 793 150
modify 444 663
query 24 114 65
modify 869 988
query 299 506 203
modify 428 269
query 979 990 2
query 514 564 47
modify 915 392
modify 589 917
modify 497 128
query 453 504 1
modify 84 207
query 219 867 92
query 607 948 101
modify 38 82
modify 480 218
query 822 978 117
modify 61 500
modify 616 50
modify 219 208
query 98 963 29
query 543 932 304
query 529 811 253
modify 333 713
query 691 888 99
query 251 664 85
modify 696 114
modify 70 574
query 639 889 178
query 555 810 76
query 535 627 87
modify 590 159
modify 944 922
query 900 923 18
modify 919 867
query 868 892 3
modify 741 315
modify 820 81
modify 797 766
modify 251 525
query 659 995 218
query 515 832 225
query 566 617 49
query 592 904 166
query 709 892 112
modify 137 543
query 683 944 230
query 749 893 18
modify 354 208
modify 825 315
modify 449 608
modify 329 621
query 187 960 739
query 766 890 31
query 943 992 41
query 420 900 352
modify 266 179
modify 39 355
query 995 995 1
query 449 929 284
query 965 990 3
modify 741 117
query 510 642 49
query 640 835 24
query 267 317 49
modify 847 753
modify 667 727
modify 630 416
modify 954 94
query 409 927 499
query 131 229 37
modify 964 130
modify 3 766
modify 158 423
modify 189 665
modify 731 898
query 693 885 146
modify 210 268
modify 147 696
query 638 819 79
modify 809 677
modify 437 269
modify 530 977
modify 50 530
query 80 828 210
query 387 997 173
query 583 774 92
modify 607 229
query 536 637 12
query 158 775 464
modify 996 657
query 731 980 86
modify 779 615
modify 185 813
query 963 996 33
modify 34 869
modify 789 961
modify 909 499
modify 280 997
query 456 796 17
query 625 763 26
modify 64 961
query 451 939 137
modify 280 871
query 817 888 30
modify 227 139
query 43 600 348
modify 565 135
modify 13 40
modify 701 958
query 865 958 39
query 436 650 81
modify 430 728
modify 667 412
query 455 507 17
modify 839 660
modify 104 715
modify 354 106
query 806 943 43
query 159 539 158
modify 115 877
query 585 821 45
query 894 921 21
modify 94 837
modify 827 109
modify 950 451
modify 726 361
query 618 728 67
query 885 949 49
query 572 911 289
modify 90 797
modify 551 465
modify 608 251
modify 429 214
query 954 987 12
modify 29 989
modify 305 307
query 328 940 387
query 330 330 1
modify 217 856
modify 103 55
modify 70 537
modify 533 748
modify 331 776
modify 412 399
modify 580 516
modify 567 931
modify 269 740
query 455 717 149
modify 76 379
modify 121 203
modify 654 854
query 27 926 7
query 762 772 1
modify 145 614
modify 816 679
query 104 887 706
modify 662 734
modify 249 936
modify 402 942
query 644 835 125
modify 699 843
modify 857 545
modify 516 113
modify 668 523
modify 980 273
modify 314 231
query 520 933 213
modify 974 359
query 36 504 41
modify 714 913
query 47 684 571
query 570 689 50
modify 763 600
query 690 755 12
query 678 727 50
query 682 921 60
query 911 914 2
query 425 691 24
query 365 571 19
query 246 450 158
modify 286 339
query 777 981 204
query 725 768 20
modify 223 541
modify 419 829
modify 608 199
modify 604 569
modify 892 346
query 534 564 14
query 462 811 82
query 15 286 227
query 285 937 242
modify 412 204
modify 134 766
modify 761 311
modify 714 421
modify 269 934
query 368 589 198
query 779 836 25
query 557 810 253
query 963 975 1
modify 834 41
modify 428 84
modify 246 352
modify 479 371
query 381 865 214
modify 182 402
modify 591 143
modify 901 800
modify 52 900
query 330 594 164
query 963 991 27
modify 631 204
query 861 885 18
modify 936 606
modify 109 31
modify 48 209
modify 667 615
modify 891 723
query 562 812 118
modify 871 623
query 511 689 127
query 428 867 213
query 816 912 83
modify 870 991
modify 557 9
modify 484 598
query 698 762 63
modify 967 780
modify 726 385
query 9 168 160
query 363 977 196
query 934 983 24
modify 75 602
modify 577 410
query 869 963 86
query 641 741 46
modify 164 650
modify 387 105
modify 136 901
modify 287 350
modify 97 507
query 81 900 422
modify 430 585
query 747 950 163
query 771 917 78
modify 627 89
modify 839 965
query 564 983 52
modify 514 883
query 736 988 52
modify 699 926
modify 55 262
modify 837 11
modify 958 409
query 274 498 145
modify 547 471
query 116 168 32
modify 215 18
modify 437 64
query 387 956 250
modify 133 996
query 33 91 7
query 272 690 59
modify 900 179
modify 209 711
modify 789 615
modify 454 895
query 91 320 64
query 137 487 331
modify 580 567
query 335 386 8
query 794 903 16
query 72 804 385
modify 979 720
modify 426 316
modify 191 971
query 932 975 36
modify 13 763
query 310 531 37
modify 700 693
query 414 508 29
modify 693 269
query 655 697 17
query 98 117 5
query 204 561 131
modify 598 35
modify 441 972
query 38 133 93
query 561 655 40
modify 844 518
query 408 672 254
query 85 286 145
query 571 586 16
query 987 995 7
modify 620 907
modify 529 796
modify 902 683
modify 734 102
modify 750 706
query 759 783 22
query 417 556 17
modify 92 491
modify 990 852
query 386 708 108
query 382 709 316
modify 213 439
modify 691 726
query 595 703 67
query 172 360 153
query 179 620 191
query 399 565 120
query 426 695 161
query 584 727 43
query 115 549 39
query 159 165 4
modify 874 846
query 555 893 184
modify 848 955
modify 515 26
query 789 891 25
query 374 483 33
query 616 944 125
query 510 609 12
modify 377 234
modify 244 324
query 779 956 25
query 839 858 1
modify 9 545
query 433 925 237
modify 7 127
modify 836 967
modify 823 797
modify 49 650
query 863 993 54
modify 23 547
modify 914 662
modify 408 954
modify 527 329
query 621 801 51
query 101 233 113
query 859 983 116
query 274 739 78
query 561 798 187
query 626 739 32
query 752 794 34
modify 153 24
modify 924 814
modify 551 455
query 887 938 22
modify 976 807
modify 181 91
modify 81 816
modify 448 238
query 709 761 20
modify 433 358
query 7 372 314
modify 4 867
query 184 244 12
query 851 895 4
query 108 635 47
modify 327 226
modify 266 252
modify 617 132
modify 302 647
query 923 944 15
modify 108 903
modify 574 522
modify 191 255
query 918 981 31
query 653 823 81
query 562 759 174
modify 434 929
modify 32 297
modify 38 988
modify 647 14
query 885 952 50
modify 437 426
modify 629 331
query 252 795 324
query 88 454 311
modify 918 616
query 981 993 11
modify 871 575
query 276 501 153
modify 272 489
query 661 983 1
query 251 717 159
modify 545 995
modify 164 21
query 180 909 406
query 366 579 114
modify 514 567
modify 177 667
query 591 784 29
query 15 49 30
query 105 363 91
modify 475 414
modify 754 787
query 185 600 397
query 95 150 30
modify 684 312
modify 847 483
modify 419 283
modify 759 558
modify 547 138
query 271 363 69
query 145 273 105
modify 961 196
modify 268 960
modify 274 318
query 452 831 28
query 660 953 159
modify 1 464
query 809 840 29
modify 988 780
modify 157 469
modify 377 94
modify 748 568
query 419 995 557
modify 614 464
query 171 424 96
query 425 883 320
modify 469 916
query 37 915 826
modify 850 644
query 539 668 99
modify 298 55
query 646 743 77
modify 258 746
modify 418 505
query 783 881 50
modify 537 767
modify 898 994
modify 861 874
query 93 715 314
query 471 617 74
modify 670 418
query 317 415 11
modify 490 593
modify 951 149
query 413 456 8
modify 682 398
modify 803 923
modify 856 674
modify 935 854
query 812 870 56
query 213 263 39
modify 72 446
modify 1 368
modify 311 100
query 263 604 129
query 167 220 12
modify 32 372
modify 125 91
query 541 926 250
query 214 466 239
query 227 616 56
modify 496 773
modify 776 980
query 790 819 23
modify 623 465
modify 658 55
query 965 977 5
query 594 852 170
modify 884 627
query 747 904 23
query 243 738 280
query 969 982 13
modify 486 13
modify 559 785
modify 258 862
query 117 538 157
query 64 292 130
modify 603 236
query 685 811 29
query 225 687 290
query 395 999 214
modify 561 894
modify 787 476
modify 616 996
query 774 797 13
query 587 866 235
modify 776 779
query 232 884 223
modify 42 335
query 179 756 292
query 217 479 234
query 396 865 49
query 783 880 19
modify 704 445
modify 887 751
modify 640 326
query 117 518 234
modify 947 666
modify 261 393
query 217 567 138
modify 443 923
modify 479 616
modify 167 450
modify 906 518
query 393 443 41
query 842 931 79
query 939 949 6
modify 235 841
query 742 905 143
modify 249 417
query 218 934 84
query 387 655 246
modify 521 703
query 671 876 165
modify 201 331
query 502 925 314
modify 708 784
query 66 205 26
modify 722 110
modify 757 9
query 560 846 152
query 580 606 21
modify 74 920
modify 906 526
modify 858 912
modify 403 181
modify 23 730
query 807 844 7
query 171 621 361
modify 931 148
modify 942 132
modify 658 74
modify 312 678
modify 780 303
query 595 915 144
query 652 936 87
query 660 680 11
modify 759 356
modify 942 283
query 623 846 28
query 474 777 215
modify 514 7
modify 714 135
query 308 470 160
query 64 911 459
query 705 954 53
modify 150 263
modify 303 486
query 672 863 75
query 413 868 220
query 705 799 17
query 390 979 167
modify 557 359
query 683 980 171
modify 669 634
modify 416 510
modify 295 867
modify 987 71
modify 911 136
modify 14 648
query 37 923 424
modify 521 223
modify 792 792
modify 689 999
modify 58 344
query 445 638 135
query 419 540 97
query 956 993 23
modify 782 512
modify 528 503
modify 117 726
query 153 537 229
query 203 863 535
query 532 884 210
query 722 868 7
modify 539 234
modify 27 381
query 440 863 384
query 892 928 13
query 353 941 333
modify 545 77
modify 415 277
query 745 808 19
modify 30 154
modify 46 758
query 316 996 413
modify 692 409
modify 923 665
query 405 886 337
modify 479 953
modify 56 117
query 455 805 249
query 377 846 262
modify 180 364
modify 351 513
query 90 777 510
modify 375 668
query 256 836 397
query 665 910 136
modify 239 254
query 931 955 1
modify 654 814
modify 532 668
query 381 851 349
modify 61 158
modify 454 157
modify 103 572
modify 154 320
modify 511 272
query 933 963 13
modify 364 358
query 254 511 155
query 634 931 45
query 588 885 123
modify 389 399
modify 78 623
modify 812 569
modify 736 927
modify 294 953
modify 270 186
query 288 302 14
modify 836 282
modify 648 358
query 588 841 74
query 116 832 144
modify 216 487
modify 262 321
modify 286 180
modify 253 850
modify 979 297
query 405 727 2
query 305 867 468
modify 264 491
modify 12 977
modify 429 133
query 243 519 170
modify 423 307
query 954 995 38
query 596 813 70
query 459 912 94
modify 106 788
query 156 190 34
query 10 591 357
query 179 781 439
query 402 983 303
query 710 788 34
query 315 622 233
modify 713 573
modify 561 283
query 7 45 3
query 902 902 1
query 126 876 720
query 847 993 138
query 469 940 370
query 774 874 64
query 806 938 35
modify 355 598
modify 858 177
modify 823 424
query 367 821 165
query 723 772 37
modify 270 561
query 528 836 137
modify 212 661
query 195 494 76
query 187 307 30
query 460 984 112
modify 159 910
query 320 532 35
query 470 956 17
query 470 766 202
query 167 367 69
query 246 705 262
modify 171 702
modify 833 571
query 935 981 18
query 142 276 16
query 377 983 235
query 432 962 125
query 437 622 60
modify 47 177
query 190 389 13
query 347 369 15
modify 275 568
query 72 823 47
query 606 910 104
modify 672 60
modify 94 302
modify 25 449
modify 544 283
modify 988 712
query 212 909 124
modify 5 585
query 306 529 133
query 647 827 121
modify 118 50
modify 929 70
modify 735 106
query 348 684 88
modify 90 878
query 687 809 39
modify 116 845
modify 538 452
query 124 972 799
modify 71 386
query 668 972 247
modify 147 517
modify 948 431
modify 181 425
query 99 523 121
modify 450 172
query 187 347 21
query 481 584 70
modify 457 553
modify 226 819
query 497 505 8
query 450 493 43
modify 249 44
modify 333 431
modify 405 739
query 410 509 24
query 905 981 73
query 210 251 38
query 856 932 54
modify 423 281
query 251 764 484
modify 707 958
query 339 359 6
modify 55 151
query 752 803 28
query 122 917 421
modify 79 697
modify 976 571
modify 343 423
modify 758 586
query 879 885 3
modify 921 2
modify 758 238
modify 198 307
query 793 925 48
modify 843 105
modify 503 126
modify 823 752
query 531 860 256
modify 734 416
query 317 452 18
query 176 512 226
modify 908 361
modify 343 967
modify 570 771
query 400 462 10
query 815 837 10
modify 66 913
query 430 613 136
modify 454 54
modify 864 286
modify 737 229
query 618 714 43
modify 124 451
query 195 337 97
modify 55 181
modify 339 399
query 130 549 246
modify 976 121
query 469 558 50
modify 768 702
modify 382 754
modify 6 640
modify 840 841
query 111 479 179
modify 333 427
modify 623 789
query 426 892 279
query 849 1000 65
modify 658 641
modify 59 214
modify 326 134
modify 259 982
modify 65 349
query 458 493 27
modify 658 636
modify 985 731
query 986 994 8
modify 270 976
modify 580 775
query 97 467 139
modify 107 30
modify 101 495
modify 439 679
modify 869 238
modify 352 544
query 652 993 153
query 213 286 4
query 898 949 51
query 52 56 1
query 363 507 67
query 213 790 249
modify 397 513
modify 452 738
query 268 493 191
query 544 711 92
query 874 912 30
query 594 936 270
modify 357 631
query 488 600 80
query 857 878 3
query 264 845 23
modify 911 113
query 217 600 139
modify 699 272
query 695 840 65
modify 124 251
query 754 992 195
modify 564 625
query 366 413 11
modify 455 286
query 571 826 25
query 288 630 145
query 900 997 87
modify 543 742
modify 484 877
query 580 598 17
query 661 875 64
query 215 745 201
modify 378 423
modify 745 367
modify 381 89
modify 824 2
modify 254 441
query 809 865 2
modify 803 506
modify 492 114
query 509 841 108
modify 195 45
query 421 519 96
query 690 737 1
query 925 944 1
query 296 303 8
query 654 984 173
modify 230 189
query 741 881 108
modify 486 304
query 161 298 109
modify 934 556
modify 620 124
modify 567 277
modify 987 323
query 119 904 500
modify 461 209
modify 858 741
query 854 900 26
query 101 923 288
modify 926 441
modify 442 952
query 901 981 79
query 595 722 47
query 999 999 1
modify 212 198
query 121 342 79
modify 566 692
query 308 507 34
query 523 629 22
query 72 568 175
modify 289 431
modify 361 324
modify 816 861
query 790 910 54
modify 930 22
query 452 469 7
modify 179 185
modify 827 841
modify 618 499
query 569 988 131
query 965 990 12
query 226 982 16
query 585 885 300
modify 363 824
query 554 908 353
modify 47 887
modify 857 520
query 348 900 112
modify 657 18
query 380 445 39
query 169 829 376
modify 799 741
query 885 976 33
query 638 793 103
modify 802 120
modify 325 77
modify 996 663
modify 435 809
modify 995 11
query 760 875 13
modify 341 401
query 832 987 61
query 50 368 233
modify 981 630
query 497 532 24
query 454 688 113
query 549 820 267
query 830 863 8
query 208 364 93
query 641 831 125
modify 536 512
modify 462 397
modify 213 348
modify 871 738
query 261 851 436
modify 386 493
query 422 658 27
modify 677 293
modify 516 784
query 419 814 189
modify 864 728
modify 417 112
modify 940 349
query 60 482 125
modify 927 742
query 890 955 22
query 719 989 202
modify 483 607
modify 135 968
query 774 999 166
query 631 880 155
modify 817 489
query 711 718 8
query 416 594 78
modify 436 11
query 949 995 41
modify 224 275
modify 917 692
query 943 952 2
modify 921 964
modify 911 204
query 130 244 110
modify 892 344
query 118 327 50
query 308 426 87
modify 899 67
query 114 687 80
modify 146 93
query 310 557 185
modify 721 775
modify 1000 405
modify 751 837
query 423 618 99
modify 694 274
query 961 990 16
query 292 869 335
modify 987 766
modify 736 104
modify 197 984
modify 962 947
query 857 958 57
modify 874 980
query 849 883 3
modify 648 740
query 791 931 32
modify 948 160
query 930 977 11
modify 973 53
query 935 963 17
modify 120 795
query 670 734 18
query 854 896 3
query 312 491 19
modify 250 81
