1000
296 976 697 699 104 994 968 151 768 867 287 686 857 294 380 546 759 885 193 436 852 901 536 576 483 770 150 954 827 219 894 210 368 300 141 607 398 324 106 962 561 40 773 550 293 954 749 222 243 513 128 393 361 838 241 999 21 707 601 371 988 707 268 146 23 323 131 37 321 165 380 988 696 806 365 905 585 308 723 45 611 16 450 973 854 840 457 923 895 874 976 680 787 452 336 705 277 143 502 145 840 423 361 346 52 664 527 340 247 129 698 419 503 601 761 32 718 40 177 858 675 182 5 983 875 160 602 410 480 24 208 708 631 437 535 574 903 608 869 182 102 756 538 606 651 227 863 851 948 417 517 152 321 338 676 508 667 166 858 649 815 805 933 904 674 578 830 549 753 717 918 28 581 443 31 912 209 208 291 772 322 975 587 434 594 225 763 920 561 95 849 358 710 258 605 848 344 919 816 830 954 754 993 415 968 721 692 235 605 847 697 677 294 477 222 760 97 610 671 61 606 520 952 21 498 308 820 44 249 995 369 463 500 119 191 825 125 25 30 956 418 5 798 136 420 479 49 285 507 612 253 635 66 864 168 193 123 631 648 670 653 536 845 5 157 591 471 613 11 3 905 392 868 225 665 834 541 416 500 806 235 870 955 777 173 783 648 572 867 507 405 955 987 868 10 977 813 441 161 192 609 852 960 768 437 88 261 88 724 701 214 212 260 182 400 757 687 422 240 994 725 867 49 322 314 731 166 646 327 489 706 315 377 45 530 916 748 981 983 61 962 243 953 291 93 634 260 932 956 292 58 722 554 924 312 415 406 517 179 643 212 47 74 122 981 726 157 203 670 844 457 169 166 147 582 318 763 129 487 183 844 272 417 898 720 743 429 321 945 962 564 412 253 482 674 526 661 939 384 20 934 560 894 323 45 224 887 252 71 75 522 824 457 425 213 666 602 227 619 26 674 567 902 496 955 239 475 157 550 343 807 719 538 505 831 17 346 142 471 789 423 280 248 935 713 446 107 182 35 810 677 314 436 463 935 591 556 521 658 270 901 804 893 77 697 597 713 896 652 646 911 711 557 46 610 126 795 759 907 671 587 907 46 887 343 863 786 811 666 658 99 429 166 260 145 176 189 353 519 216 273 726 231 773 979 804 649 502 666 98 149 683 593 855 924 371 96 81 506 299 376 780 905 850 413 540 751 438 477 151 145 173 40 13 737 21 317 515 333 580 720 555 1000 514 789 660 560 694 494 386 322 626 436 88 398 304 577 242 465 712 709 873 338 844 621 895 158 549 40 203 162 944 486 686 778 284 360 595 428 172 923 371 966 487 776 939 459 274 473 663 60 811 155 648 146 125 496 126 764 768 902 537 431 827 150 121 250 401 185 168 646 806 193 5 229 37 806 759 916 782 101 441 481 713 876 972 54 377 20 64 612 460 210 486 204 591 964 280 810 134 980 390 28 239 64 411 584 578 814 481 681 341 405 334 71 530 47 896 184 239 62 745 672 763 31 878 886 544 775 417 448 536 815 705 715 908 113 757 93 653 739 680 234 506 938 492 253 731 491 840 55 15 855 794 776 246 327 627 588 529 315 946 978 867 872 501 249 219 2 797 385 184 582 499 882 396 10 380 87 472 431 546 211 571 772 101 422 516 481 698 699 961 604 655 949 128 410 340 210 746 725 878 551 313 965 504 150 890 322 957 421 552 737 338 997 280 371 646 27 348 16 232 712 119 42 887 560 328 190 348 165 281 112 40 643 895 902 186 980 538 485 102 638 25 183 85 646 45 262 483 615 12 972 308 198 692 546 480 49 836 358 955 899 808 438 588 526 103 177 344 865 30 893 130 813 631 82 403 163 444 794 961 942 397 221 907 226 414 414 324 602 967 500 945 68 190 449 470 718 796 5 597 865 371 825 354 627 385 456 252 426 445 615 863 963 573 429 359 571 678 790 474 870 384 731 844 195 669 349 21 417 333 103 991 505 814 201 122 707 218 943 105 910 984 296 589 187 319 657 980 126 15 393 654 832 673 833 655 697 46 412 800 531 954 682 99 956 627 292 589 772 877 902 495 212 24 51 764 20 721 868 165 316 595 512 785 349 815 778 113 880 409 628 209 827 542 581 804 706 143 644 832 145 215 988 434 519 540 799 666 551 978 762 854 69 417 389 20 668 11 859 587 222 43 33 987 812 442 346 970 905 766 921 842 617 207 113 572 383 720 124 880 85 686 461 891 657 147 869 69 965 574 427 221 993 387 879 781 718 580 
1000
modify 347 461
query 150 259 4
query 626 754 2
modify 951 857
query 96 504 321
query 853 932 79
query 400 444 36
modify 613 946
modify 172 987
modify 372 99
query 445 780 239
query 120 309 118
query 11 462 191
query 256 704 424
modify 72 614
query 965 983 6
modify 738 460
modify 105 735
query 421 801 54
modify 154 31
modify 186 33
query 513 928 226
modify 701 313
query 476 934 30
modify 795 118
modify 29 334
modify 583 424
query 408 928 395
modify 998 639
modify 242 137
modify 370 960
modify 715 508
query 510 674 7
query 386 509 106
modify 153 241
query 452 638 51
modify 260 291
query 555 939 277
query 543 549 5
modify 980 690
modify 688 855
query 912 929 14
query 433 518 12
query 848 876 11
modify 946 55
modify 560 516
modify 991 704
modify 231 537
modify 389 351
query 368 900 429
query 801 831 2
query 461 586 29
modify 482 999
query 49 386 218
query 36 430 269
modify 878 162
query 923 925 2
modify 431 83
modify 412 94
modify 744 652
modify 638 896
modify 822 990
modify 153 380
query 584 863 221
modify 196 102
query 575 643 52
modify 229 581
query 59 444 216
modify 701 844
query 509 740 152
modify 877 907
modify 165 937
query 78 116 25
query 431 469 23
query 354 446 38
query 40 303 88
query 963 996 22
modify 834 214
query 32 643 551
modify 299 292
query 663 922 145
query 67 919 809
modify 83 189
modify 537 395
query 387 617 8
modify 751 310
modify 690 683
query 204 519 66
query 7 339 282
modify 584 175
modify 407 75
modify 461 175
modify 647 424
modify 84 983
query 54 181 16
query 964 980 8
query 918 964 12
query 582 856 248
query 697 728 29
query 53 873 242
query 852 982 25
modify 171 412
query 763 906 122
query 868 935 14
modify 615 136
modify 30 637
query 86 735 361
modify 633 924
query 213 267 43
query 64 971 454
query 365 613 55
modify 337 980
modify 140 500
modify 541 402
query 746 828 15
modify 23 616
modify 374 230
query 217 438 26
query 551 611 26
modify 142 899
modify 808 835
query 105 206 3
query 579 837 10
query 952 956 2
query 128 338 162
modify 311 254
modify 603 726
query 959 969 9
modify 227 753
query 278 708 280
query 576 836 259
modify 271 904
modify 212 853
modify 757 287
query 570 733 97
modify 388 98
query 585 697 79
query 601 625 8
query 729 754 15
modify 11 675
query 401 756 102
query 977 983 5
modify 378 75
modify 588 814
query 135 202 9
modify 93 760
modify 820 389
query 846 908 8
modify 246 244
modify 121 142
modify 497 565
query 14 677 62
modify 444 111
modify 15 276
modify 899 956
modify 807 749
modify 599 947
modify 68 53
query 724 877 20
query 482 946 225
modify 347 576
query 71 666 387
modify 683 399
query 310 901 29
modify 11 138
modify 185 880
modify 594 903
query 908 978 8
modify 208 315
modify 56 604
modify 286 158
query 346 659 263
modify 379 914
modify 810 689
modify 956 754
query 203 967 78
modify 240 275
modify 249 807
query 727 967 212
query 727 778 28
query 965 981 3
modify 387 605
query 372 459 78
query 118 276 59
query 710 907 183
query 670 963 30
modify 929 940
query 328 523 44
query 796 938 60
query 450 759 126
query 209 732 380
query 497 537 2
query 902 950 46
query 953 996 10
query 769 974 44
modify 812 116
query 784 938 131
query 70 360 19
modify 291 388
query 79 632 341
modify 916 774
query 290 736 85
query 671 692 5
query 66 144 79
modify 963 404
query 115 834 338
query 52 107 8
query 370 722 81
modify 301 117
query 817 911 82
modify 448 51
query 977 1000 24
modify 675 858
modify 287 826
modify 887 244
query 309 324 15
query 656 932 61
query 87 451 300
query 619 754 46
query 218 310 4
modify 78 535
modify 129 408
query 601 895 180
modify 689 233
query 765 925 45
query 785 981 192
modify 941 245
query 872 955 79
modify 571 465
modify 240 383
modify 660 181
query 602 671 3
query 720 831 110
modify 623 766
query 149 545 232
modify 656 444
query 788 907 94
modify 957 441
query 857 954 77
modify 725 841
query 590 876 170
modify 953 31
modify 668 861
query 585 855 136
query 851 974 1
query 152 977 378
modify 109 955
query 743 778 13
query 131 637 61
modify 985 728
modify 3 169
query 280 451 69
query 285 767 104
query 980 981 1
modify 439 953
modify 356 171
modify 268 689
query 385 928 452
modify 32 263
modify 462 711
query 622 687 40
modify 577 53
query 341 415 6
modify 965 674
modify 797 606
query 937 964 11
query 151 957 54
modify 842 972
query 221 558 273
query 468 526 36
modify 374 730
query 547 833 235
modify 739 209
modify 10 365
modify 156 465
modify 773 23
query 184 205 5
modify 777 490
modify 253 163
modify 998 867
modify 3 216
modify 140 76
query 789 834 17
modify 654 2
query 429 851 215
query 829 932 46
modify 111 808
query 15 999 475
modify 978 260
query 344 422 64
modify 659 196
modify 363 173
modify 811 14
modify 621 963
query 325 826 215
query 554 987 27
modify 440 29
modify 293 983
query 657 730 10
modify 56 834
modify 554 27
query 897 913 13
query 96 266 13
modify 660 252
modify 857 763
query 684 782 35
query 538 806 269
modify 489 713
query 326 601 122
query 235 670 428
modify 164 911
modify 995 170
modify 429 331
query 244 852 169
modify 45 451
modify 322 613
modify 495 757
modify 581 649
query 922 930 3
query 646 980 233
modify 776 597
modify 895 694
query 611 794 65
modify 441 171
query 700 715 15
modify 205 615
modify 923 298
query 694 814 98
query 590 691 73
query 98 243 123
query 142 417 132
query 186 946 96
modify 231 598
modify 962 7
query 538 712 4
modify 701 835
modify 518 26
modify 785 749
modify 152 409
modify 910 828
query 543 943 346
query 577 891 156
modify 79 833
query 364 705 217
query 664 955 239
modify 545 501
modify 251 299
modify 217 154
modify 110 478
query 827 922 72
query 314 427 5
modify 448 859
modify 22 982
query 571 881 277
query 843 941 16
query 378 882 505
modify 707 796
modify 792 585
modify 997 621
modify 804 29
modify 637 890
query 491 944 100
query 732 933 145
modify 291 635
query 700 939 212
modify 621 160
query 361 755 265
modify 869 284
query 145 317 129
query 231 703 52
modify 487 140
query 267 433 28
modify 256 62
modify 949 804
modify 117 548
modify 244 200
modify 543 531
modify 124 976
modify 443 39
modify 399 131
query 143 695 497
modify 442 402
modify 713 703
query 825 904 1
query 458 546 63
modify 377 374
modify 578 864
query 484 494 7
query 241 362 31
modify 780 800
query 602 643 21
query 248 789 13
query 701 701 1
modify 641 430
query 794 924 38
query 970 989 1
modify 951 508
modify 79 141
query 115 314 8
modify 600 69
modify 316 246
query 194 560 361
query 919 969 7
modify 959 835
modify 603 190
query 85 759 224
modify 621 420
query 718 798 71
query 529 982 72
query 280 412 68
query 783 928 16
modify 350 529
modify 73 947
modify 832 427
query 321 935 374
query 703 876 80
query 641 740 98
query 685 777 88
query 756 895 93
modify 459 430
query 474 955 262
query 192 672 430
modify 985 434
query 637 800 84
query 73 77 2
modify 696 613
query 881 892 4
modify 600 93
query 565 631 34
modify 917 385
modify 33 80
query 193 748 298
modify 925 169
query 603 920 285
modify 524 898
modify 769 323
query 6 346 304
modify 746 502
query 1000 1000 1
query 636 926 106
modify 968 306
modify 626 294
query 882 925 43
modify 825 525
query 336 769 357
modify 643 504
query 123 659 353
query 17 37 8
query 289 644 336
query 869 959 12
query 77 262 61
query 864 962 78
query 652 824 114
modify 668 360
modify 448 514
modify 997 388
modify 988 331
query 371 884 474
modify 146 709
query 143 211 22
query 317 546 139
modify 790 500
query 808 859 48
query 988 1000 8
query 709 903 114
modify 793 503
modify 210 712
modify 618 180
query 478 491 9
modify 872 124
modify 545 299
query 631 760 96
query 929 968 24
modify 407 894
modify 264 360
modify 95 117
query 830 924 71
query 809 856 5
modify 432 106
query 721 940 69
modify 374 545
modify 754 91
modify 442 161
query 362 852 8
query 72 650 516
modify 397 931
query 705 724 18
query 648 850 171
query 272 966 637
modify 446 122
modify 231 844
query 595 887 129
query 963 991 15
query 749 944 172
query 743 957 208
query 308 349 20
query 594 881 186
query 769 814 38
query 52 621 336
modify 410 726
query 419 585 157
query 590 661 22
query 221 952 528
query 20 548 157
query 16 719 71
modify 869 82
modify 251 760
query 162 388 46
modify 893 609
modify 809 426
query 175 299 105
query 122 433 191
modify 543 346
query 508 691 119
query 503 681 25
query 757 768 10
modify 204 699
modify 191 141
query 888 940 7
modify 252 632
query 981 988 4
modify 106 164
modify 90 155
query 730 737 2
modify 357 486
query 288 892 236
query 373 994 234
modify 167 778
query 153 211 7
query 572 839 118
modify 721 811
query 723 887 65
query 618 672 45
query 22 493 159
modify 778 184
query 263 563 258
query 916 995 3
modify 491 238
modify 530 4
query 545 552 3
modify 491 137
query 650 895 231
query 442 450 5
query 756 825 43
query 807 900 24
query 254 722 147
query 295 569 66
query 559 632 68
modify 778 897
query 360 515 31
query 799 953 44
query 68 201 27
modify 874 795
modify 809 631
query 6 993 233
modify 332 497
modify 819 882
modify 568 8
query 839 957 59
query 729 965 228
modify 210 345
query 448 856 250
query 230 835 442
query 718 999 10
modify 824 521
query 733 946 4
modify 239 610
query 783 935 97
modify 245 662
modify 125 286
modify 297 34
modify 899 38
query 138 262 64
modify 413 892
query 897 918 8
query 568 888 35
query 504 877 201
query 536 536 1
modify 486 357
query 613 654 29
modify 90 334
query 497 805 151
query 285 553 79
query 346 764 110
modify 430 857
modify 716 660
query 540 979 408
query 806 976 138
query 181 219 11
query 91 936 37
query 874 954 30
query 4 783 479
modify 781 627
query 77 611 508
query 331 340 1
modify 246 891
modify 70 767
query 631 819 54
query 267 769 330
modify 724 870
query 501 962 388
modify 73 828
query 8 776 324
modify 708 986
query 520 675 89
modify 367 842
query 52 595 152
modify 813 570
query 89 240 61
modify 828 149
query 354 695 58
modify 996 348
modify 369 344
query 327 932 553
query 949 955 1
modify 107 201
modify 260 960
modify 151 189
query 910 996 34
modify 673 840
query 532 712 112
modify 381 485
modify 912 597
query 326 525 22
query 345 638 143
query 368 793 168
modify 902 288
modify 324 929
query 912 981 18
query 361 771 54
modify 420 951
modify 405 284
modify 919 821
modify 705 87
modify 931 870
query 697 966 127
modify 825 553
query 891 998 103
query 719 921 151
query 873 987 79
modify 809 863
query 778 988 30
modify 781 698
modify 91 739
query 46 998 683
modify 173 775
modify 846 820
query 873 946 18
modify 88 500
modify 435 209
modify 65 388
query 653 838 4
modify 530 268
modify 386 160
modify 512 349
query 615 652 20
query 745 826 64
query 965 987 8
modify 110 461
query 997 997 1
modify 76 812
query 914 992 13
query 203 221 9
modify 253 590
query 620 620 1
query 294 839 272
modify 484 210
modify 197 561
modify 683 909
modify 888 470
query 940 987 42
modify 385 524
query 404 462 34
query 555 888 128
modify 301 249
query 669 798 113
query 525 571 16
query 349 983 131
modify 264 487
modify 42 472
modify 733 914
modify 296 489
modify 500 662
modify 908 360
modify 995 501
modify 793 357
query 646 865 169
modify 386 85
modify 698 917
query 840 916 68
query 524 734 110
modify 786 287
query 143 160 6
query 113 729 322
query 671 687 1
query 437 955 17
query 821 828 4
modify 821 939
query 314 456 128
modify 782 743
modify 221 928
modify 848 11
query 689 913 224
query 675 774 29
query 705 811 61
query 500 837 175
query 313 594 148
modify 734 880
modify 732 816
modify 619 481
query 311 712 339
query 945 994 42
modify 193 430
query 730 836 101
query 880 901 20
modify 171 208
modify 510 611
modify 615 667
query 432 836 217
modify 759 626
query 607 626 11
query 838 855 4
query 476 888 31
modify 427 900
modify 33 299
query 802 924 78
modify 38 934
query 268 733 112
query 272 289 10
query 616 873 43
modify 515 700
modify 146 155
query 587 967 305
modify 201 746
query 894 1000 38
query 650 913 64
query 982 993 6
query 721 776 4
query 489 870 95
modify 526 600
query 152 540 187
query 383 553 58
modify 397 821
query 184 922 315
query 366 944 87
modify 854 532
modify 85 291
query 317 667 62
query 522 722 11
query 532 725 162
modify 614 988
modify 639 114
query 24 370 12
modify 756 411
query 4 991 461
query 625 652 15
modify 74 121
query 617 984 317
modify 966 321
modify 585 862
query 17 629 14
query 356 806 281
query 865 919 15
query 314 620 132
modify 524 383
modify 432 811
query 485 953 455
modify 5 937
query 282 988 523
query 993 998 5
query 666 871 195
modify 70 867
query 523 575 11
modify 898 766
modify 359 40
modify 541 213
modify 457 732
query 699 905 155
modify 885 628
modify 361 913
modify 738 679
modify 290 130
query 866 979 1
modify 474 194
modify 824 840
modify 520 303
query 418 526 96
modify 709 509
query 718 943 67
query 997 1000 1
modify 24 98
query 58 965 461
query 484 695 176
modify 997 776
modify 140 275
modify 368 73
modify 524 117
modify 826 143
query 710 896 68
query 620 641 17
modify 541 112
modify 518 316
query 308 987 182
modify 869 531
modify 527 808
modify 142 806
query 386 950 220
query 280 948 213
query 83 862 749
query 901 998 76
query 527 594 49
query 330 809 351
query 744 975 186
modify 232 710
query 25 477 335
modify 334 790
modify 119 238
query 871 882 12
modify 531 598
query 737 896 42
modify 576 938
query 340 888 92
query 19 809 279
modify 733 863
modify 69 501
query 985 988 1
modify 298 740
modify 995 71
modify 858 330
modify 616 390
modify 275 646
query 115 890 211
query 754 941 137
modify 497 385
modify 304 857
query 572 679 104
query 662 694 3
modify 255 472
modify 322 612
modify 664 372
query 746 888 116
query 71 91 2
query 229 372 119
query 559 642 48
modify 422 180
modify 879 925
query 241 606 276
modify 251 658
query 992 998 1
modify 563 279
modify 370 935
query 838 841 1
modify 903 921
modify 715 649
modify 196 597
query 520 611 62
query 458 972 409
query 685 886 16
query 329 734 296
modify 595 704
modify 195 160
modify 978 747
modify 575 811
query 609 799 27
query 102 838 491
modify 393 904
query 966 990 13
query 404 452 6
modify 835 589
modify 170 290
modify 403 606
modify 231 372
query 762 872 36
query 128 927 572
query 694 697 3
modify 355 790
modify 29 644
query 118 505 113
modify 710 593
query 172 276 4
query 828 830 3
query 904 915 7
modify 559 862
modify 235 21
modify 386 402
query 426 634 81
modify 729 579
query 354 604 111
query 753 870 86
query 894 992 64
query 72 639 289
query 671 844 160
query 117 563 347
query 804 979 48
query 445 818 330
query 278 948 541
modify 716 163
query 387 560 167
modify 80 702
query 277 602 310
modify 762 561
query 367 497 24
query 853 972 51
modify 861 306
query 196 524 309
modify 549 121
modify 152 970
query 383 756 264
modify 857 379
modify 964 277
query 337 844 400
query 354 883 3
modify 619 43
modify 678 736
query 595 960 279
query 797 922 54
query 221 647 115
query 394 879 437
modify 477 384
query 815 959 61
query 629 915 58
query 166 755 296
query 465 672 13
query 97 170 5
modify 682 781
query 200 982 180
query 258 369 101
query 958 971 8
modify 707 50
modify 150 300
query 779 830 22
query 458 607 26
modify 502 388
query 153 192 39
modify 258 65
query 355 507 134
modify 384 565
query 494 683 133
query 178 952 175
query 453 834 241
modify 740 200
query 589 972 45
modify 805 488
modify 77 623
query 611 791 76
query 352 882 482
modify 457 647
query 533 627 28
query 64 765 587
modify 186 889
query 927 993 7
modify 916 321
modify 336 804
query 185 716 496
modify 507 749
query 709 985 60
query 368 773 406
modify 869 713
modify 159 660
modify 318 30
query 169 452 179
query 974 984 11
query 675 687 2
modify 124 111
modify 520 850
modify 895 680
modify 277 530
query 81 466 338
modify 881 347
modify 116 698
modify 729 973
modify 278 902
query 998 1000 1
query 860 900 26
modify 490 688
query 968 997 20
query 697 997 259
modify 248 833
modify 276 860
query 521 724 26
query 325 734 210
modify 712 384
query 233 901 233
modify 676 394
modify 826 33
modify 792 962
modify 259 411
modify 387 990
query 892 940 15
query 209 929 181
query 26 734 72
modify 608 290
modify 430 984
modify 670 136
query 116 154 20
query 385 390 2
query 114 538 295
query 686 990 31
modify 259 129
query 672 846 42
