1000
55 121 147 534 822 469 584 41 83 849 255 815 765 790 834 918 422 858 510 479 8 1000 179 653 267 955 210 754 723 664 329 493 901 484 886 47 599 927 947 575 870 759 918 939 311 457 608 682 621 156 499 920 729 452 395 665 965 137 584 234 660 286 159 342 194 680 303 133 856 131 479 331 627 265 189 47 874 191 721 860 132 600 555 584 152 205 197 872 953 282 291 7 212 875 316 73 539 661 293 293 287 322 376 277 92 561 605 365 983 291 294 970 357 94 179 816 679 833 169 164 586 975 67 401 302 179 873 716 72 651 952 6 279 647 66 505 164 245 80 954 184 690 280 865 362 250 462 958 905 506 697 640 644 540 94 374 797 9 585 618 535 297 26 354 618 734 129 170 48 493 805 287 474 8 464 890 213 361 862 715 263 663 385 627 354 740 520 321 889 429 358 321 165 175 404 349 698 536 172 171 919 91 861 438 727 464 85 997 1000 470 807 306 68 665 199 595 839 859 313 991 621 101 700 559 468 147 459 575 891 633 365 865 937 15 581 73 30 219 535 718 888 50 993 245 142 99 104 686 691 472 405 523 466 283 722 934 399 584 564 318 342 425 612 278 905 281 483 486 328 71 740 86 669 582 276 66 180 503 783 303 189 673 594 65 834 258 173 233 747 612 799 427 30 955 752 621 242 525 365 737 160 662 575 698 334 257 263 247 567 784 921 856 193 640 120 473 322 210 117 546 145 341 163 884 514 214 460 505 381 470 275 830 547 968 51 653 211 604 608 788 317 588 62 560 62 256 717 621 279 671 345 978 842 274 102 202 299 588 398 419 206 462 116 62 557 133 654 392 309 589 66 560 506 456 903 497 937 194 674 434 151 348 136 39 650 84 763 786 184 864 944 537 588 963 434 824 597 714 498 142 619 432 863 191 677 80 886 910 562 928 731 435 115 398 471 935 936 590 853 958 982 680 56 47 426 852 995 276 395 891 734 515 733 536 472 195 847 6 386 562 579 951 157 791 843 399 958 677 89 675 429 52 764 548 686 958 966 563 21 365 761 684 805 3 374 778 28 258 211 625 137 127 539 236 871 972 295 866 66 374 915 606 100 891 619 116 520 982 433 794 462 503 311 39 726 147 570 608 849 526 680 528 224 224 797 616 505 885 743 890 460 214 493 226 442 990 791 831 153 488 669 998 18 988 801 500 483 375 396 379 446 672 882 761 215 726 35 123 427 72 293 113 906 76 893 567 1000 124 629 585 319 268 56 101 34 162 82 272 414 750 477 253 484 640 18 59 28 568 613 337 265 735 837 438 996 47 601 5 231 842 222 254 151 127 782 529 397 589 871 999 861 823 902 593 890 874 149 200 140 457 577 853 820 305 359 732 37 937 217 765 82 718 585 880 311 359 85 455 470 125 320 838 433 181 53 516 127 632 845 87 521 695 517 198 670 95 321 135 361 754 958 506 966 70 712 34 72 32 832 887 433 154 612 525 155 311 876 834 839 441 826 955 278 965 297 903 88 246 650 369 969 833 521 174 970 80 76 846 347 109 544 80 280 18 176 86 671 419 319 898 914 769 635 197 580 549 250 273 265 404 591 626 572 126 648 278 477 485 10 768 419 715 571 815 909 113 300 910 436 552 210 716 586 415 260 988 598 855 78 165 570 35 700 636 157 642 949 591 153 56 701 246 757 99 305 453 996 544 737 646 679 825 892 470 428 660 315 130 919 945 122 630 682 154 63 486 535 525 608 922 684 646 500 417 59 122 494 18 836 886 66 594 725 241 115 289 253 876 825 840 290 6 861 78 722 671 397 495 705 37 841 569 901 306 985 140 408 600 135 943 894 859 750 57 867 3 441 490 698 181 458 961 725 485 237 279 179 29 348 4 406 316 131 954 306 28 687 854 373 856 553 81 167 523 776 778 678 289 269 835 546 159 791 790 77 541 295 168 41 239 436 104 456 788 14 332 931 764 629 490 931 888 302 893 795 950 676 931 480 597 768 333 729 350 717 898 92 482 273 288 786 123 190 687 375 873 430 610 78 134 297 173 124 794 908 87 722 157 76 495 285 941 452 742 903 85 631 976 37 789 89 829 826 307 137 321 241 736 25 624 546 333 470 800 832 893 450 411 892 188 105 502 349 652 233 229 263 732 18 721 114 62 907 630 134 834 824 79 250 367 747 165 970 871 335 175 221 7 227 824 511 41 958 450 358 119 323 381 849 716 19 292 966 10 954 630 933 872 744 863 388 728 490 981 226 4 118 687 219 739 
1000
query 549 920 332
query 393 834 361
query 459 531 27
query 405 479 2
query 271 327 12
modify 652 68
query 175 795 103
query 175 444 41
modify 774 764
query 589 952 98
modify 823 348
modify 743 754
query 28 607 30
modify 123 357
modify 518 465
query 729 883 150
modify 908 161
modify 91 576
query 177 951 227
modify 520 756
modify 462 890
query 750 801 52
modify 289 798
modify 464 928
modify 286 96
query 287 315 23
modify 302 398
modify 691 716
modify 798 765
modify 520 519
query 911 973 27
modify 348 563
modify 436 512
modify 344 875
modify 933 361
modify 967 70
query 995 995 1
modify 666 971
modify 14 331
modify 212 644
query 257 267 1
modify 564 794
modify 982 643
query 254 623 65
modify 24 875
query 50 803 178
modify 367 176
modify 374 771
modify 282 965
modify 567 395
modify 639 365
modify 876 710
modify 396 674
query 414 990 1
modify 961 735
modify 269 784
query 61 872 675
query 537 931 35
query 477 735 237
modify 97 997
modify 529 679
modify 109 9
modify 770 441
query 984 993 5
query 951 974 22
modify 25 597
modify 802 379
query 507 642 134
modify 356 759
modify 935 188
modify 519 710
modify 869 663
query 798 837 25
query 101 333 183
modify 596 315
query 234 344 58
modify 561 403
query 440 883 56
query 424 439 2
query 907 972 1
query 469 859 173
modify 553 299
query 591 695 29
modify 886 255
query 754 962 63
modify 830 147
modify 120 825
query 717 723 3
modify 300 982
query 38 847 164
query 455 461 6
query 331 517 128
modify 113 467
modify 923 428
modify 304 90
query 371 715 199
modify 922 793
modify 599 556
query 948 960 9
modify 972 398
modify 527 978
modify 234 820
modify 283 811
modify 899 821
query 724 768 3
modify 378 81
modify 144 440
modify 4 321
query 135 202 59
query 796 825 5
modify 554 832
query 610 678 69
query 855 995 34
modify 135 427
query 565 834 123
modify 315 19
query 957 978 21
query 507 762 143
modify 277 762
query 717 719 2
modify 51 801
modify 80 83
modify 181 491
modify 125 811
modify 693 855
modify 779 433
modify 574 482
modify 988 162
query 51 389 326
modify 701 550
query 331 692 226
query 571 768 50
modify 506 636
modify 123 499
modify 235 970
modify 780 477
modify 353 367
query 376 566 147
modify 22 853
modify 604 553
modify 760 505
modify 653 212
modify 61 72
modify 719 57
query 37 416 361
query 726 824 60
modify 689 937
query 962 981 8
query 576 822 148
query 303 491 87
modify 94 949
query 710 799 59
query 311 594 76
modify 253 284
query 561 908 330
query 918 919 1
query 670 705 36
query 661 921 63
modify 199 785
query 986 991 6
modify 450 630
modify 153 622
query 43 301 144
modify 604 657
modify 80 188
query 709 968 133
query 535 966 5
modify 836 367
query 996 996 1
modify 45 189
query 837 899 9
query 62 825 607
query 386 589 59
modify 780 590
modify 687 43
query 497 626 8
modify 648 384
query 285 979 421
query 564 859 93
query 464 649 88
modify 250 103
modify 164 860
modify 360 725
query 666 698 2
modify 874 276
query 39 969 599
query 154 372 30
modify 371 506
modify 427 955
modify 840 971
modify 813 113
modify 474 505
modify 990 493
query 999 999 1
query 212 292 79
query 337 883 506
modify 400 839
query 741 760 5
modify 693 236
modify 133 698
query 916 920 1
modify 575 961
query 769 779 9
modify 772 903
modify 690 959
modify 585 68
query 881 944 30
query 827 922 28
modify 114 429
modify 130 520
query 298 643 83
modify 255 99
query 851 945 43
query 582 864 188
modify 693 593
modify 211 881
query 461 941 196
query 104 718 477
modify 407 714
modify 500 72
query 242 490 246
modify 866 22
modify 165 869
query 681 934 103
query 288 713 410
modify 985 99
modify 473 194
modify 87 648
modify 842 787
modify 122 170
modify 929 918
query 854 945 80
modify 566 455
query 647 998 3
query 42 236 125
modify 68 342
query 64 204 137
query 95 380 194
query 803 991 186
query 443 617 4
query 355 647 227
modify 63 74
modify 942 103
query 965 965 1
modify 249 792
modify 177 918
modify 996 377
query 266 328 42
modify 779 21
modify 149 927
query 921 991 57
query 282 379 10
modify 873 342
modify 342 819
modify 422 101
query 656 930 183
modify 318 220
modify 70 365
modify 505 78
query 20 717 581
query 653 791 76
modify 437 768
modify 475 626
query 677 718 15
modify 978 457
query 299 314 1
query 32 892 752
query 359 858 200
modify 51 771
modify 561 491
query 994 1000 2
query 223 711 100
query 478 948 318
modify 894 951
query 955 960 6
query 739 889 39
query 313 994 342
query 842 932 23
modify 503 244
modify 864 979
query 271 449 171
query 119 246 29
modify 259 946
query 49 624 267
query 49 69 19
modify 855 495
query 235 718 56
modify 951 721
query 553 944 52
query 756 944 5
modify 29 764
query 939 989 35
query 801 885 62
query 504 932 81
query 770 791 21
modify 194 515
query 260 289 21
query 24 925 848
modify 738 334
query 665 834 149
query 448 990 257
query 264 840 115
modify 893 177
query 158 922 665
modify 388 430
query 807 986 18
query 307 530 4
modify 211 103
query 872 878 3
modify 833 221
query 351 799 102
modify 44 660
query 362 986 103
modify 623 62
query 338 423 6
query 169 691 419
modify 652 65
query 549 670 109
modify 277 575
query 66 664 365
query 283 918 512
modify 248 14
modify 512 479
modify 117 420
query 111 665 197
query 420 849 108
query 272 644 81
modify 470 188
query 880 906 17
modify 447 14
query 275 872 167
query 298 327 24
query 710 894 143
modify 36 305
query 212 321 3
modify 258 320
modify 451 446
modify 802 548
modify 46 350
modify 24 175
modify 735 315
query 768 838 37
modify 577 787
query 692 732 39
query 787 968 83
modify 102 189
modify 752 566
modify 793 414
query 74 472 240
query 27 343 3
query 358 918 226
modify 917 63
query 466 762 179
query 421 714 238
query 180 521 204
modify 281 132
query 994 1000 1
modify 438 183
modify 308 512
modify 789 541
modify 142 55
query 289 874 215
modify 384 395
query 630 767 7
modify 214 348
query 813 857 26
query 794 846 4
query 764 979 204
query 7 640 354
query 747 759 11
modify 818 810
modify 117 72
query 249 922 633
query 762 973 173
modify 828 484
query 134 404 99
modify 564 294
query 659 799 74
query 811 818 6
modify 183 431
query 782 834 31
modify 32 177
query 843 868 20
query 460 621 18
modify 978 340
modify 193 98
modify 825 420
modify 31 853
modify 649 226
modify 515 354
modify 754 769
query 806 818 8
modify 729 223
modify 833 76
query 832 884 44
modify 776 15
modify 680 62
query 813 874 62
modify 271 306
query 264 674 4
query 299 556 122
modify 489 473
modify 722 877
modify 337 178
modify 320 585
query 914 982 24
modify 192 555
query 413 731 293
modify 636 588
query 280 697 289
query 846 972 90
query 239 918 259
modify 101 359
modify 515 982
query 469 686 86
query 939 969 17
query 643 674 3
query 622 956 20
query 808 899 39
query 644 725 25
modify 559 906
query 481 869 140
modify 80 886
query 443 590 136
query 797 798 2
query 719 996 256
query 928 993 24
modify 820 526
query 499 967 71
query 119 752 417
modify 884 718
modify 604 345
query 136 846 375
modify 589 630
query 383 660 154
query 400 744 195
query 404 692 127
modify 466 627
query 710 882 63
modify 261 355
query 821 855 26
query 723 822 47
query 926 989 42
modify 929 229
query 980 1000 3
query 669 714 10
modify 342 558
modify 821 389
query 767 794 19
query 179 597 245
modify 440 350
query 342 580 192
modify 134 477
modify 812 401
query 13 584 170
query 400 969 265
modify 578 997
query 673 746 38
query 1 763 287
modify 990 463
modify 637 974
modify 143 153
query 944 979 17
query 385 821 278
query 167 226 13
query 53 219 130
query 695 855 104
modify 34 826
query 624 883 40
query 682 875 96
modify 275 971
modify 320 277
modify 112 494
modify 936 795
modify 785 555
query 86 585 415
modify 353 42
query 85 649 195
query 784 874 10
modify 530 879
query 641 649 6
query 996 999 2
modify 948 103
query 541 819 70
query 310 473 131
modify 99 232
modify 960 341
modify 570 985
modify 773 676
query 874 988 42
query 787 901 20
query 621 835 190
modify 901 666
query 17 572 553
query 630 773 133
modify 849 177
query 435 855 282
query 207 804 353
query 747 929 7
query 325 328 1
modify 504 290
modify 278 436
modify 552 654
query 760 999 41
modify 43 802
query 493 719 2
query 377 667 111
query 334 551 153
query 439 584 104
query 694 728 20
query 569 702 33
modify 178 616
query 83 391 4
modify 199 917
modify 644 963
query 837 839 3
modify 243 468
modify 262 194
modify 851 237
modify 39 842
query 11 806 183
query 4 246 46
modify 531 804
query 73 607 456
query 718 980 46
query 446 980 15
query 688 871 126
modify 809 805
query 792 911 59
query 54 71 17
modify 925 578
query 563 611 3
query 954 973 1
modify 715 55
modify 109 264
query 727 845 6
query 674 891 10
modify 693 15
query 851 924 59
query 155 443 62
query 878 907 30
modify 541 873
query 432 626 86
query 536 574 24
query 185 745 531
query 777 919 15
modify 973 597
query 13 962 618
query 173 823 484
modify 894 136
modify 723 664
query 316 586 94
query 472 745 92
modify 526 382
query 878 942 50
modify 603 958
modify 301 35
query 502 539 15
query 48 877 122
query 36 95 2
modify 156 618
modify 89 334
modify 277 823
query 485 963 93
query 844 879 30
modify 843 104
query 132 920 779
modify 326 285
query 267 729 424
modify 960 791
modify 240 419
query 531 900 360
query 897 900 4
query 315 417 50
modify 613 841
modify 852 221
query 885 981 51
modify 379 622
modify 288 815
modify 426 667
modify 72 505
query 791 791 1
modify 780 110
query 860 876 12
modify 555 92
query 112 540 223
modify 192 230
query 65 70 5
modify 582 495
query 572 618 32
modify 879 886
query 286 706 55
modify 619 7
modify 816 518
query 619 961 155
modify 21 454
query 689 715 21
modify 988 499
query 840 932 52
query 866 984 63
modify 919 829
modify 434 543
modify 386 999
modify 437 339
modify 49 656
query 227 709 270
modify 459 973
query 147 420 247
modify 363 840
modify 854 857
modify 717 905
modify 989 182
modify 722 137
query 465 774 94
query 878 927 26
modify 726 539
modify 107 622
modify 149 51
modify 970 374
modify 667 307
query 643 752 59
query 130 617 170
query 937 967 30
query 675 903 125
modify 99 126
query 738 838 14
modify 969 515
modify 938 498
modify 517 863
modify 15 352
query 769 872 97
query 864 963 68
query 360 537 122
modify 24 825
query 735 808 40
query 838 931 14
query 659 986 250
query 223 434 199
query 174 620 387
modify 974 983
query 418 721 211
modify 46 951
modify 893 228
query 629 837 134
modify 324 192
query 594 652 10
modify 808 554
query 606 813 127
query 187 366 109
modify 737 202
modify 477 996
modify 504 584
query 987 987 1
query 306 880 251
query 836 944 77
query 723 761 18
query 924 980 54
modify 709 467
query 234 904 536
query 484 765 126
modify 41 19
modify 90 845
query 690 939 203
query 344 641 218
query 416 847 35
modify 156 861
query 943 944 2
modify 621 200
modify 202 395
modify 457 688
query 155 696 344
query 845 950 42
query 636 688 38
modify 480 803
modify 774 152
query 475 941 463
query 103 450 223
query 863 931 58
modify 704 646
query 80 496 297
modify 435 984
query 586 617 24
query 173 428 135
modify 223 313
modify 300 427
query 252 269 15
query 902 936 28
query 453 811 167
query 518 959 373
modify 372 157
modify 661 389
query 241 276 32
query 528 619 71
query 431 454 13
query 990 998 6
query 219 871 622
query 222 842 603
modify 415 535
modify 790 47
query 354 666 105
modify 742 359
query 267 523 176
query 126 133 3
query 706 890 103
modify 474 59
modify 479 993
query 979 993 13
query 146 881 675
modify 955 577
query 983 993 9
query 176 292 31
query 882 940 5
query 473 939 173
query 129 666 68
modify 627 980
query 456 750 255
query 494 812 133
query 67 740 629
modify 917 15
modify 468 357
modify 223 307
modify 684 384
query 813 864 21
modify 47 507
query 992 996 3
query 226 948 247
modify 779 626
query 989 994 2
modify 448 216
query 880 919 15
modify 693 634
modify 329 223
query 568 620 10
modify 289 309
modify 846 367
modify 484 972
query 239 454 27
query 966 977 3
modify 455 605
query 453 808 150
modify 481 905
query 513 806 78
query 887 956 28
modify 14 360
modify 445 368
query 732 989 177
query 265 670 335
modify 189 473
query 188 814 139
query 508 848 283
modify 10 669
query 826 958 7
query 349 833 340
query 592 821 89
query 455 956 447
modify 836 79
modify 557 38
modify 351 483
modify 910 920
query 887 909 4
modify 895 900
query 960 994 20
modify 654 697
modify 294 116
modify 529 366
modify 897 436
query 423 425 2
modify 451 48
modify 214 578
query 366 690 98
modify 545 790
modify 957 901
query 504 917 9
modify 489 333
query 625 967 56
modify 537 227
modify 834 842
modify 992 90
query 48 700 168
query 215 364 66
query 583 659 54
query 926 996 16
query 181 423 171
query 855 873 14
modify 485 272
modify 236 759
modify 892 630
query 27 172 57
modify 748 759
modify 158 263
modify 3 154
query 381 552 82
modify 512 486
modify 658 737
query 830 932 75
query 929 935 3
query 759 845 36
modify 697 845
modify 709 67
modify 515 267
query 99 921 795
modify 869 994
modify 282 875
query 910 955 39
query 729 880 151
query 51 770 498
modify 305 260
query 925 998 19
modify 149 489
query 270 413 67
modify 785 610
query 740 792 44
modify 406 77
query 16 58 23
query 833 872 39
query 354 828 348
query 132 203 5
modify 824 738
modify 198 3
modify 89 926
query 687 760 13
modify 872 27
modify 284 423
modify 897 590
modify 502 178
modify 745 626
modify 193 50
modify 35 992
query 515 588 5
modify 864 117
query 345 525 151
modify 743 411
query 108 362 158
query 340 400 17
modify 951 716
query 489 568 18
modify 161 841
query 722 757 12
query 917 958 41
modify 580 322
query 561 829 157
modify 618 894
modify 108 537
modify 654 25
query 497 738 156
modify 545 447
query 53 688 33
query 120 629 48
query 133 752 16
query 639 726 55
query 119 546 382
modify 962 858
query 620 937 277
modify 794 343
query 77 544 292
query 362 815 307
modify 378 138
modify 403 334
query 608 811 10
query 64 237 39
modify 351 659
query 497 623 19
modify 522 870
query 311 528 24
query 67 464 357
modify 809 419
modify 901 817
modify 889 221
query 800 854 47
query 408 950 58
modify 95 216
modify 762 789
modify 969 16
query 553 888 226
query 676 683 7
modify 485 228
query 379 577 35
query 269 771 268
modify 767 733
query 220 599 253
modify 572 562
modify 289 60
query 567 784 124
query 469 622 18
modify 709 395
query 834 842 2
query 818 917 13
query 434 761 67
modify 535 136
modify 309 363
modify 207 398
query 32 84 45
query 78 666 534
query 302 407 37
modify 938 104
query 255 499 242
query 531 997 349
modify 16 107
query 725 901 54
query 381 703 69
query 983 983 1
modify 296 343
modify 663 796
query 952 997 41
query 411 874 143
query 351 400 21
query 529 569 4
modify 53 277
modify 18 466
query 315 586 249
query 969 982 11
query 471 986 440
query 173 321 92
modify 548 303
modify 887 963
query 343 485 48
modify 445 54
modify 146 39
query 409 515 40
query 302 592 188
query 763 957 156
modify 787 898
modify 885 964
modify 372 702
modify 765 126
modify 690 285
modify 159 139
query 804 914 69
query 158 369 26
modify 938 97
modify 909 519
query 386 902 408
modify 680 85
modify 342 501
modify 568 320
query 43 835 607
query 147 843 247
modify 99 753
modify 165 343
modify 814 706
modify 888 450
modify 137 402
query 994 1000 6
modify 780 267
modify 250 747
query 566 871 95
query 383 387 5
modify 171 13
query 525 927 48
query 297 423 21
query 236 655 282
modify 909 103
query 60 736 375
modify 880 232
query 112 875 716
modify 606 872
modify 926 711
query 74 450 181
modify 662 711
query 321 762 171
modify 539 303
query 402 410 7
query 760 970 201
modify 894 181
query 449 780 179
modify 892 832
query 289 805 330
query 443 658 51
modify 231 834
modify 348 432
modify 907 64
modify 778 38
modify 228 528
modify 467 60
modify 560 814
query 711 934 138
modify 772 612
query 341 651 182
modify 202 661
modify 941 582
modify 622 199
modify 268 469
query 15 654 258
query 631 773 73
modify 307 362
modify 15 684
query 279 321 18
modify 376 470
query 538 932 165
query 41 426 162
modify 243 284
query 635 668 26
modify 697 432
query 332 941 414
modify 556 943
modify 44 33
query 410 818 240
query 987 995 2
query 793 984 14
modify 580 853
