54216125
12978194
12978194
63643426
1455503
1455503
1455503
1455503
1455503
1455503
1455503
1455503
1455503
1455503
1455503
7885572
1455503
12978194
52620401
1455503
52620401
12978194
1455503
1455503
12978194
1455503
180556414
1455503
52620401
32187622
52620401
1455503
1455503
180556414
73108089
1455503
12978194
52620401
50416370
52620401
101480290
1455503
121068442
475126581
12978194
1455503
1455503
52620401
1455503
48189506
17581427
1455503
1455503
20226028
58598780
38292419
1423082
1423082
1423082
1423082
1455503
17581427
1423082
1423082
231603747
146566907
1423082
1423082
73108089
1423082
1423082
73108089
1423082
132144664
1455503
1423082
96617229
1423082
1455503
26016778
1423082
1423082
22343895
1423082
235914128
1423082
1423082
1423082
1423082
52620401
1423082
132794907
52620401
1423082
1423082
32187622
1423082
52620401
1455503
1423082
52620401
132794907
1423082
1423082
1455503
1423082
170554880
52620401
132144664
1423082
56165676
1423082
138115401
20800439
1423082
52620401
1455503
1423082
1423082
1423082
1423082
1423082
1423082
1423082
1423082
1423082
38302856
1455503
1423082
1423082
1423082
1423082
16863368
1423082
1423082
1423082
1423082
1455503
1423082
1423082
20800439
38302856
1423082
88880178
1423082
81461265
127156257
1423082
1455503
1423082
1423082
1423082
38292419
1455503
1423082
1455503
1423082
1455503
1423082
1423082
1455503
1455503
1423082
1423082
132794907
1423082
1423082
1455503
3666746
1423082
1455503
135121893
73227057
1423082
1423082
1423082
12978194
1423082
1423082
73227057
52620401
1455503
99854714
1423082
1423082
14474421
1423082
1423082
52620401
14474421
231529444
52620401
1423082
7769008
1423082
1455503
52620401
1423082
73227057
1455503
1423082
1423082
1423082
52620401
1455503
132794907
12978194
1423082
1455503
1455503
79040937
151039548
1423082
73227057
52620401
1423082
1423082
1423082
1423082
1423082
1455503
1423082
90007970
12978194
52620401
1423082
44941957
1455503
1423082
1423082
1423082
52390328
1455503
1423082
1423082
121068442
1423082
1455503
1423082
20226028
52390328
1423082
1423082
1423082
1423082
1423082
145342996
81461265
52390328
1423082
52620401
1423082
96504059
1423082
175371721
52620401
1423082
1423082
1423082
1423082
78275957
52620401
333198712
32187622
16863368
176665549
1423082
1455503
59597382
1423082
1423082
1423082
1423082
3219722
1423082
52390328
1423082
195609297
1423082
5345599
1423082
1423082
1455503
1423082
1423082
73227057
1455503
38302856
1455503
52390328
78275957
208042502
1455503
1423082
78275957
1423082
1423082
1423082
1455503
1423082
62794122
162075562
90007970
1455503
16863368
1423082
1423082
1423082
96504059
101654320
96504059
90007970
62262257
1455503
6998015
52390328
96504059
1423082
1423082
1423082
1423082
1423082
1423082
1455503
1455503
1423082
1423082
404203273
1423082
96504059
1455503
1423082
1423082
129840511
1423082
1455503
12978194
1423082
7769008
1423082
14384054
1423082
1455503
78275957
1423082
1423082
5345599
1423082
1423082
12978194
1423082
1423082
1423082
1423082
90007970
1423082
52390328
90007970
1455503
52390328
1423082
50416370
1423082
300354618
1423082
24122151
1423082
1423082
1455503
1455503
1423082
5345599
1455503
3666746
1423082
1455503
1423082
1423082
1423082
1423082
1423082
52390328
1423082
1423082
141235671
10394531
193600609
59778144
1423082
50416370
64180624
1423082
1423082
16863368
1423082
1423082
16863368
1423082
2250190
1423082
1423082
1455503
1455503
1423082
1423082
1423082
16863368
3666746
12978194
1423082
1455503
38302856
1423082
41846242
20857341
1423082
1455503
92796830
1423082
6998015
62794122
1455503
10394531
458036264
1455503
41846242
1455503
