6903914
6903914
15922751
81022541
6903914
6903914
6903914
15922751
6903914
15922751
6903914
6903914
6903914
16706021
261466809
15922751
15922751
16706021
6903914
6903914
173359753
58388930
6903914
15922751
6903914
6903914
17854220
6903914
6903914
6903914
16706021
100457631
43705286
6903914
6903914
6903914
15922751
6903914
19356846
15922751
134947506
6903914
298249342
6903914
19356846
43705286
17854220
19356846
6903914
6903914
6903914
15922751
6903914
6903914
6903914
6903914
16706021
15922751
17854220
378060068
6903914
6903914
6903914
16706021
15922751
6903914
15922751
15922751
6903914
16706021
6903914
15922751
15922751
16706021
16706021
19356846
6903914
6903914
100457631
15922751
6903914
6903914
15922751
15922751
17854220
43705286
65436409
6903914
6903914
81022541
15922751
17854220
6903914
16706021
6903914
19356846
6903914
6903914
15922751
6903914
271541366
6903914
13950131
6903914
4625548
6903914
346434559
6903914
7547700
6903914
6903914
7547700
104946221
16706021
983816265
16706021
6903914
17854220
6903914
27532778
148837667
16706021
16706021
6903914
19356846
16706021
6903914
16706021
6903914
16706021
163399537
6903914
65436409
6903914
16706021
207999959
16706021
16706021
16706021
19356846
6903914
29868216
16706021
6903914
104946221
16706021
16706021
6903914
6903914
6903914
6903914
6903914
43705286
6903914
6903914
6903914
6903914
6903914
6903914
17854220
17854220
43705286
19356846
19356846
321620038
43705286
6903914
6903914
7547700
134947506
123863248
6903914
19356846
104946221
6903914
6903914
16706021
6903914
17854220
16706021
104946221
17854220
16706021
6903914
19356846
43705286
43705286
6903914
6903914
43705286
17854220
439152362
6903914
6903914
100457631
6903914
6903914
6903914
17854220
6903914
6903914
104946221
6903914
16706021
6903914
16706021
6903914
43705286
16706021
144391285
6903914
6903914
134947506
43705286
91555132
123863248
70686832
16706021
16706021
43705286
6903914
6903914
6903914
43476711
12336138
43705286
16706021
16706021
144391285
16706021
43705286
404058194
17854220
17854220
29868216
43705286
16706021
16706021
17854220
16706021
16706021
16706021
43476711
43705286
117521624
16706021
17854220
43705286
43476711
16706021
16706021
382834413
478089329
104946221
163399537
16706021
193402779
16706021
16706021
29868216
16706021
16706021
29868216
16706021
29868216
134947506
16706021
16706021
43476711
43705286
29868216
29868216
16706021
16706021
16706021
9528243
16706021
43705286
16706021
104946221
16706021
17854220
16706021
16706021
193402779
16706021
16706021
16706021
43476711
29868216
43476711
71577176
16706021
16706021
16706021
71577176
43705286
16706021
16706021
43705286
12336138
43705286
597191220
29868216
16706021
16706021
16706021
100457631
145144516
16706021
16706021
16706021
16706021
16706021
16706021
16706021
16706021
124251775
9528243
71577176
43705286
16706021
43705286
16706021
16706021
16706021
81022541
43476711
16706021
17854220
71577176
13950131
16706021
4625548
43476711
16706021
145144516
43476711
308790700
16706021
16706021
17854220
16706021
43476711
43476711
16706021
16706021
16706021
16706021
12336138
12336138
104946221
17854220
16706021
12336138
16706021
419630642
16706021
134947506
16706021
298925576
229512952
16706021
16706021
43705286
43476711
16706021
13950131
134947506
23042699
16706021
134947506
16706021
104946221
16706021
43476711
229512952
16706021
210319194
16706021
13950131
43705286
16706021
16706021
104946221
16706021
17854220
16706021
16706021
16706021
29868216
104946221
16706021
9528243
43476711
16706021
23042699
17854220
16706021
29868216
16706021
163399537
29868216
43705286
16706021
16706021
16706021
134947506
16706021
43476711
43705286
17854220
16706021
30931029
17854220
16706021
134947506
16706021
16706021
43705286
43476711
16706021
104946221
16706021
16706021
16706021
16706021
16706021
132613542
43476711
16706021
16706021
16706021
16706021
17854220
16706021
16706021
16706021
163399537
137200721
16706021
16706021
16706021
16706021
16706021
16706021
16706021
16706021
16706021
134947506
12336138
16706021
16706021
16706021
134947506
16706021
16706021
16706021
16706021
104946221
16706021
43705286
30931029
210319194
16706021
16706021
43476711
43476711
81022541
30931029
132582884
132582884
165945181
17854220
278575897
16706021
136092880
16706021
16706021
16706021
132582884
43476711
16706021
16706021
16706021
43705286
16706021
104946221
137200721
9528243
16706021
16706021
17854220
16706021
104946221
17854220
16706021
16706021
43705286
16706021
16706021
43476711
132582884
43705286
16706021
43476711
43705286
137200721
179262283
175716697
16706021
16706021
16706021
104946221
104946221
104946221
9528243
193402779
16706021
16706021
16706021
43476711
16706021
12336138
43476711
16706021
