887 886
2 1 217427373
3 2 732215117
4 1 918070614
5 3 766669704
6 4 208042502
7 6 927090648
8 2 883061097
9 3 685788426
10 7 286338413
11 1 315340330
12 5 699014206
13 4 247014534
14 9 803440713
15 14 601388459
16 8 160034363
17 10 83567974
18 10 563441921
19 12 368580036
20 12 175371721
21 11 580247825
22 15 651771903
23 20 950717403
24 19 466031953
25 19 199715055
26 21 459641770
27 21 805369178
28 20 973785401
29 28 285678184
30 26 115285610
31 27 955826599
32 27 217596394
33 27 291255524
34 27 306381479
35 29 520220716
36 28 277241805
37 28 368234443
38 36 270837961
39 34 525931087
40 35 535756617
41 40 44941957
42 40 665395512
43 40 482230650
44 42 403915973
45 35 17759354
46 41 290702941
47 40 628247316
48 46 104316075
49 48 931494163
50 40 176594590
51 42 999832709
52 43 101480290
53 51 950922166
54 47 805774948
55 46 174578996
56 54 226318674
57 54 637631948
58 51 900221464
59 52 442709131
60 50 709173987
61 60 890605246
62 54 529426464
63 57 290602993
64 59 508446333
65 57 581430258
66 56 669211366
67 59 539577550
68 65 16863368
69 68 287699154
70 67 443245776
71 61 684978315
72 68 330798956
73 69 341302981
74 69 298170440
75 70 306112142
76 70 788455825
77 73 917203762
78 68 207829429
79 74 549130304
80 74 840760672
81 76 409001347
82 76 939379583
83 75 948771081
84 81 325891391
85 76 420050719
86 78 594089485
87 85 430734418
88 81 450143127
89 81 537521006
90 82 438629321
91 88 391142273
92 91 669996753
93 89 745821656
94 84 599816474
95 87 170554880
96 89 340796243
97 91 545555909
98 88 173365864
99 89 475126581
100 93 653228423
101 93 851381405
102 96 167784476
103 94 337429642
104 101 581005780
105 103 537060808
106 100 339844252
107 97 889455461
108 105 923194529
109 104 195894958
110 100 955275857
111 110 101654320
112 107 535196760
113 104 544554680
114 104 111969699
115 111 777030994
116 110 620786016
117 116 931742028
118 111 533074171
119 112 470267699
120 114 250557985
121 111 882570196
122 115 188016319
123 113 304390715
124 117 298936067
125 117 536135606
126 119 972580697
127 124 919476690
128 123 143795822
129 127 713458268
130 124 145129775
131 130 207816544
132 129 832164042
133 129 56165676
134 127 939814059
135 129 712240717
136 126 412962431
137 136 235914128
138 133 818849331
139 136 825015297
140 137 271813109
141 132 414843119
142 138 231546929
143 140 135121893
144 141 759545748
145 139 970317488
146 137 575313676
147 139 734501215
148 138 961918917
149 143 894016061
150 141 160151852
151 149 756859864
152 145 508115694
153 152 501116157
154 152 622183673
155 148 646201017
156 154 985931129
157 154 949833304
158 151 164208859
159 158 302017896
160 151 629416908
161 153 454045110
162 158 164483386
163 156 924111183
164 158 347278929
165 156 555675775
166 161 180556414
167 160 136158164
168 161 767397742
169 165 220856859
170 166 753068815
171 162 268005473
172 166 831097741
173 170 409850867
174 166 658784085
175 170 538013277
176 173 549869845
177 171 886682477
178 173 558334393
179 170 659671344
180 179 578212974
181 180 464740850
182 172 464577185
183 180 266331201
184 178 557061631
185 181 758621419
186 183 503192182
187 180 956519162
188 187 88880178
189 182 218524606
190 185 266194849
191 184 578682050
192 183 504059246
193 185 845408725
194 184 38302856
195 186 898046721
196 190 290230812
197 190 728939670
198 188 781740437
199 193 956629280
200 192 757429922
201 194 688967531
202 194 360514351
203 201 661010053
204 202 489528681
205 197 623567803
206 205 54216125
207 203 380823705
208 199 457026265
209 205 65830637
210 209 440059817
211 202 301036740
212 205 147043162
213 206 500717675
214 205 661805914
215 205 834353263
216 215 576295253
217 214 662816156
218 215 455706424
219 213 61027584
220 211 602013488
221 215 230689768
222 217 721188267
223 218 308021729
224 217 669273941
225 221 876836535
226 221 174509851
227 225 740820600
228 227 784192554
229 225 372647793
230 221 663129072
231 225 360448559
232 225 635667481
233 223 489483134
234 231 403181202
235 228 850017389
236 227 871803273
237 231 361280071
238 231 348451690
239 235 755243673
240 231 923730146
241 239 417306418
242 233 982517982
243 242 496923165
244 236 738970251
245 237 497208232
246 242 218107735
247 237 394188896
248 246 665402094
249 245 125800722
250 240 740262718
251 248 784584906
252 246 524771442
253 243 56791254
254 244 153919225
255 254 553000643
256 251 129840511
257 253 679032926
258 255 50416370
259 251 982258611
260 251 773305469
261 252 129611024
262 259 864033167
263 258 586626306
264 258 897339348
265 260 658367574
266 256 930565946
267 266 35321880
268 259 473248749
269 266 522346391
270 269 517311066
271 269 956340830
272 263 413629742
273 265 843057210
274 269 957955414
275 267 476384570
276 266 116022272
277 271 79040937
278 272 394051736
279 270 525851157
280 277 111489228
281 276 408176971
282 281 662245511
283 274 825663064
284 280 998769656
285 277 714744968
286 276 379158923
287 286 763799913
288 285 246640622
289 283 122397384
290 285 628178956
291 281 458261682
292 282 539202836
293 284 17581427
294 286 114109042
295 289 389822873
296 291 325668820
297 293 321809905
298 293 865778470
299 293 849185160
300 298 725899925
301 298 113738667
302 298 543949454
303 297 328611814
304 303 348310462
305 297 880571399
306 302 938755347
307 299 288786459
308 299 103090617
309 300 870847598
310 303 81068829
311 305 1455503
312 302 449127149
313 305 102996041
314 312 450544917
315 305 690500522
316 309 308295618
317 314 465087230
318 316 839458657
319 311 768690644
320 319 501567136
321 313 628515319
322 313 479784555
323 316 78275957
324 320 292332015
325 319 223517338
326 323 217909402
327 320 307362805
328 318 671641623
329 324 347291729
330 324 893692501
331 326 267329212
332 331 265068928
333 324 504364675
334 328 66695174
335 331 966995762
336 331 1445011
337 329 621375639
338 330 311510036
339 337 558924479
340 339 942598070
341 331 439043063
342 338 848228071
343 340 435579084
344 339 29044562
345 342 172480010
346 339 497754343
347 344 259584191
348 341 162666960
349 348 167273528
350 343 233257596
351 345 732974082
352 351 276896662
353 352 808485865
354 351 79561742
355 354 382378491
356 353 963334414
357 347 466823813
358 349 575526405
359 357 237912084
360 357 325360799
361 353 973790580
362 352 937352393
363 356 732403636
364 361 340742832
365 355 210517535
366 358 886655682
367 363 89537090
368 363 686247339
369 367 20226028
370 360 925489240
371 366 494624552
372 371 596799479
373 369 263528004
374 366 299129844
375 369 333702093
376 368 354100220
377 371 900883600
378 369 296514044
379 378 495136153
380 370 919880226
381 377 50292278
382 377 799762650
383 373 14646772
384 375 650852561
385 380 746468000
386 376 379117812
387 378 876840518
388 379 527866481
389 384 330069812
390 384 906958004
391 386 350151671
392 388 708280682
393 390 348988764
394 385 418343553
395 385 336000623
396 392 163401764
397 391 548525695
398 397 948070594
399 392 914280215
400 397 901028104
401 391 614479876
402 398 925061089
403 402 166414677
404 396 392045180
405 396 858039637
406 399 992326725
407 397 777230994
408 399 669371113
409 406 295936985
410 408 173174358
411 407 299103799
412 410 107205304
413 411 163541752
414 407 37516924
415 413 162075562
416 413 472606287
417 416 169860122
418 408 367772959
419 411 333744725
420 414 77618712
421 418 116018343
422 415 5351079
423 418 606336415
424 415 73108089
425 421 456172551
426 418 375580540
427 422 980100335
428 426 621493212
429 424 736302499
430 427 426692102
431 428 588841903
432 429 309629608
433 431 720432865
434 432 977382062
435 428 507557702
436 428 602371397
437 434 688814890
438 432 742491610
439 436 71517468
440 436 221926427
441 437 649328103
442 439 636627955
443 440 156330649
444 437 475758994
445 441 704002174
446 441 856097634
447 441 129918245
448 439 12978194
449 446 383981145
450 446 877819022
451 447 69354024
452 448 34110979
453 447 449366750
454 446 165904350
455 449 3219722
456 448 614070733
457 456 281249655
458 451 357068220
459 458 721763635
460 457 827706328
461 458 749602699
462 455 915702415
463 460 871903243
464 461 133475980
465 455 162878081
466 463 693682366
467 461 309008123
468 461 232161362
469 463 430738371
470 466 451670195
471 469 424420201
472 471 64180624
473 464 863069880
474 472 936894677
475 468 955231422
476 467 724045999
477 468 117339336
478 472 357282700
479 474 476661859
480 478 121205272
481 476 652350811
482 480 429092672
483 473 45923262
484 477 488968242
485 480 526996953
486 476 978718297
487 480 239273529
488 483 502634852
489 482 810853291
490 480 29632319
491 489 718727483
492 487 736698904
493 485 680116791
494 491 580864603
495 494 816340523
496 491 590578869
497 495 756619494
498 495 751304211
499 493 314053235
500 499 576548259
501 495 687377696
502 497 965752528
503 498 608120186
504 502 211000649
505 502 28787278
506 500 877703419
507 501 607906472
508 504 614061585
509 504 481976278
510 502 888915706
511 502 486561125
512 504 78920802
513 512 63643426
514 506 239638327
515 506 975358745
516 515 884807332
517 508 570365848
518 509 132144664
519 511 596098348
520 514 315302720
521 513 284092066
522 518 485294087
523 514 572036359
524 514 906957980
525 521 194935719
526 520 215358315
527 522 808713232
528 521 997135649
529 523 999836687
530 521 796009132
531 529 7769008
532 522 621407031
533 532 529293633
534 530 994089010
535 533 619403599
536 531 160697159
537 535 407049383
538 533 147405924
539 536 195893334
540 533 588455351
541 533 913190824
542 540 160281516
543 542 847902251
544 540 840419057
545 536 722918316
546 541 860345969
547 540 286810168
548 545 664212315
549 539 510082075
550 544 313613084
551 550 231529444
552 549 147111775
553 546 750364254
554 551 815580179
555 554 660816534
556 550 612618084
557 551 979129819
558 554 240768959
559 556 378879928
560 553 550126546
561 560 672703995
562 553 685125768
563 562 534490801
564 554 988813584
565 557 472877606
566 559 638919383
567 566 251944681
568 559 556048264
569 566 485190085
570 564 911336210
571 566 309226952
572 565 419408289
573 567 436826686
574 565 38828963
575 574 691422390
576 574 38292419
577 570 146566907
578 577 179761392
579 572 275377947
580 578 451978838
581 577 630302050
582 576 976749923
583 581 34014303
584 575 577185730
585 579 525932765
586 582 845480290
587 581 353811946
588 581 92689520
589 580 169371859
590 580 601237847
591 589 362676004
592 589 800507078
593 592 209943212
594 591 127180713
595 586 985843574
596 593 261402413
597 587 834294223
598 593 619648704
599 594 544657990
600 592 660639246
601 593 885350822
602 601 7885572
603 597 179549949
604 596 380989391
605 598 677548440
606 603 552626909
607 598 953731332
608 598 170917082
609 606 96617229
610 607 363120307
611 603 713308609
612 604 136488853
613 610 458426733
614 613 192115950
615 609 168854174
616 614 634417258
617 610 127156257
618 611 445295606
619 618 20061442
620 617 621372352
621 612 994551951
622 613 121689139
623 613 669613141
624 615 401966590
625 622 872090656
626 616 649476622
627 620 263709182
628 623 604441998
629 622 757846076
630 622 677306349
631 621 547007335
632 631 22343895
633 626 688608844
634 628 782276153
635 626 270477815
636 628 403807297
637 628 14384054
638 633 463572315
639 636 852840726
640 632 115730996
641 640 622598628
642 633 684590009
643 635 415242284
644 643 735658264
645 635 702949948
646 638 82851261
647 646 113328289
648 641 175147349
649 643 231442472
650 648 482442190
651 642 505356766
652 646 363869523
653 645 153207567
654 651 255585363
655 651 138115401
656 655 235090299
657 650 729674329
658 656 90437558
659 653 649851979
660 658 365808691
661 656 920940909
662 653 647662174
663 660 849125965
664 658 767482340
665 663 786329525
666 658 613568691
667 666 14474421
668 659 165269751
669 662 900927128
670 662 119607069
671 669 765189868
672 666 508441042
673 666 335643006
674 665 628915716
675 665 188055131
676 667 298950879
677 671 701595087
678 673 133733840
679 669 500094569
680 670 410349189
681 678 769367284
682 676 887495913
683 675 817526397
684 680 997654315
685 683 140600403
686 683 52390328
687 685 158089217
688 679 6212411
689 688 632062293
690 686 678953635
691 689 617974876
692 686 30247708
693 683 756042594
694 689 281898515
695 687 693502198
696 695 770903862
697 692 523042275
698 693 52620401
699 697 172940599
700 695 662130161
701 697 534092350
702 692 58121251
703 697 424178311
704 698 991759797
705 702 713029597
706 698 532997011
707 698 131234382
708 706 662136554
709 706 767179814
710 703 225745191
711 708 802986996
712 703 961703928
713 711 877734531
714 711 892001097
715 712 760266465
716 715 730585415
717 715 974613595
718 709 59778144
719 713 11200637
720 715 374594367
721 716 337804566
722 718 538296020
723 721 761656369
724 714 647222857
725 720 459702299
726 722 597800204
727 718 298147683
728 718 116734667
729 725 386872020
730 720 402259826
731 730 273015165
732 724 803932975
733 729 166521000
734 732 212344941
735 733 749503461
736 726 436185051
737 735 271018751
738 732 274764901
739 730 402582533
740 736 204243257
741 734 983797570
742 738 597928386
743 737 934864195
744 736 327489455
745 742 157457623
746 744 492809453
747 742 404203273
748 742 580513191
749 746 24122151
750 748 425332812
751 745 374791870
752 747 822129032
753 750 121068442
754 745 132145736
755 752 481021385
756 749 52569530
757 752 955393433
758 757 571154762
759 753 340404628
760 753 321267877
761 752 381741706
762 761 318732216
763 756 174284678
764 762 194311345
765 758 932362710
766 760 555378683
767 761 376839431
768 762 59597382
769 761 526100198
770 760 500311676
771 766 465846143
772 771 6775756
773 765 780499745
774 769 310658466
775 770 657061462
776 769 915758507
777 767 752871918
778 769 876682708
779 775 532429045
780 778 203748427
781 780 338589879
782 778 58598780
783 776 638802114
784 777 145342996
785 784 999704291
786 781 309772545
787 780 962798886
788 785 477766511
789 783 503256026
790 780 185215691
791 787 62794122
792 782 774573762
793 783 718558979
794 792 637807426
795 791 691356500
796 791 742809718
797 790 582701512
798 793 851871950
799 789 503068142
800 790 764108020
801 793 955422096
802 798 609860567
803 795 911060158
804 795 353890467
805 801 634565572
806 803 349843141
807 800 570557742
808 800 533256170
809 806 800748490
810 800 282729472
811 802 896027812
812 805 457190707
813 807 848625419
814 812 848023536
815 812 245913738
816 809 688732901
817 814 563812591
818 811 415640317
819 818 203840583
820 814 439237991
821 813 633181407
822 814 808825232
823 818 873336131
824 815 845429027
825 822 892618305
826 816 984248335
827 820 32187622
828 823 372472448
829 822 879565438
830 825 148732644
831 829 591936152
832 824 852316134
833 829 967069951
834 825 884946549
835 827 341923265
836 832 622092221
837 836 806531371
838 832 646058284
839 835 205277129
840 833 812705902
841 831 400178281
842 832 261905264
843 836 790231064
844 835 783391327
845 843 231603747
846 837 354781096
847 844 648896534
848 840 855770617
849 848 662695872
850 847 320181310
851 845 369447724
852 850 772753828
853 850 328455848
854 851 694657433
855 851 396728000
856 852 134152649
857 849 48189506
858 855 354742817
859 854 151039548
860 854 301343950
861 855 500427768
862 859 708623934
863 860 226012422
864 856 236420381
865 857 206805297
866 863 557146712
867 859 467818632
868 866 267464988
869 865 921028950
870 865 420760791
871 864 470731304
872 868 953973045
873 868 432142797
874 867 937415715
875 873 731299152
876 874 859823567
877 876 877529599
878 871 267124900
879 874 834350951
880 872 75573073
881 878 195020116
882 875 283899075
883 881 828528085
884 879 475100197
885 880 884212533
886 884 657417958
887 878 257699841
812
1 215 575211784
1 413 756043448
0 206 262
0 573 447
1 814 581542200
0 523 365
1 630 367392127
0 663 530
0 778 88
1 768 726362593
1 78 291401280
0 247 422
0 40 622
0 371 693
0 693 38
0 593 73
1 504 242159021
0 651 75
0 461 236
0 871 4
0 169 689
1 846 815117116
1 327 592276496
0 649 382
1 183 109311800
0 320 602
0 551 341
1 369 376737228
0 673 356
0 621 714
1 473 151520249
1 225 778842543
1 754 479852256
1 484 433806445
1 121 310605690
0 266 618
0 503 759
0 428 771
0 77 514
1 820 835730025
0 653 143
0 843 464
1 379 182962513
0 616 187
1 118 314783445
0 180 90
0 222 384
1 559 20800439
1 862 193600609
1 272 713292295
1 169 928539857
0 762 631
1 871 717866974
1 185 285788023
0 853 551
0 823 494
1 217 502075947
1 855 942396776
1 150 945656051
1 20 918217138
0 538 100
0 222 375
1 137 208567398
1 123 582277617
1 520 62262257
0 215 156
0 447 339
1 851 734800992
1 456 712756839
0 154 792
1 718 423959690
1 465 477165006
1 294 6436266
1 592 492860330
0 619 379
1 91 793194824
1 692 141235671
0 744 503
0 263 95
1 786 993510942
0 544 732
1 153 99854714
1 479 19517649
0 38 106
0 432 123
1 138 132794907
1 496 277043061
0 753 879
1 879 832651479
1 687 967446453
0 99 104
1 694 439163296
0 333 853
1 511 854573944
0 158 410
1 337 323264509
1 723 597877818
0 841 157
0 649 875
1 823 734864897
0 532 18
1 469 537616244
0 611 870
1 726 666773116
1 881 267628914
1 830 96981835
1 265 272563005
1 718 727840891
0 184 321
0 498 303
0 233 821
0 488 443
0 846 794
1 234 455721878
1 488 1423082
0 785 582
1 51 333198712
1 329 733452072
1 780 681378029
1 827 211620334
1 527 954427707
0 156 759
1 532 318298872
1 163 831171480
0 258 694
1 185 614836687
0 360 787
1 877 998819794
0 160 567
1 82 189553539
1 22 378262623
1 479 629725483
0 387 23
1 778 823565558
0 317 273
1 47 850385011
0 396 507
1 195 120936470
0 299 628
0 860 849
0 544 635
0 328 669
0 296 683
0 444 319
1 122 119585748
1 493 305658971
1 534 614015772
1 664 410213300
1 595 300354618
0 591 236
0 731 416
1 680 882864073
0 447 364
0 672 280
1 344 951278176
1 468 188718489
0 519 653
0 69 406
1 842 559873472
1 806 503291760
1 814 506541177
1 880 807927773
1 277 35065054
1 163 461214686
1 185 187910521
1 459 792521184
1 130 530409592
0 618 362
1 274 853667117
1 777 917594633
1 578 362193805
0 592 624
1 700 804530612
0 769 463
0 440 85
1 63 26016778
1 466 394770284
0 238 64
0 509 44
1 401 929487723
0 505 238
0 640 649
1 571 700500840
1 234 6781934
1 563 659797295
1 798 518658962
0 244 736
1 437 680813986
0 116 140
0 562 6
1 573 243905936
1 455 833664214
0 736 351
0 198 864
0 324 854
0 628 752
0 764 362
1 291 589660724
0 195 91
0 617 825
0 580 25
0 818 218
0 852 761
1 868 378877002
1 439 61498010
0 722 405
0 615 854
1 183 575457173
0 453 92
1 417 874796511
1 377 590950346
0 529 661
1 645 537906602
0 884 663
0 212 36
1 443 393101915
0 872 44
1 739 213663364
0 881 336
1 881 560198581
0 377 444
1 648 286836811
0 39 736
0 65 95
1 225 101394843
0 608 758
0 497 543
1 309 62295519
1 452 283350626
0 516 547
1 60 724168702
1 691 795036686
0 148 30
1 581 422897515
0 214 565
1 421 468553121
0 555 655
0 505 560
0 808 475
0 741 556
0 208 356
0 682 287
0 518 204
0 292 605
0 614 376
0 407 718
0 678 254
0 553 15
0 167 590
1 330 568566174
1 659 362268206
1 738 784874960
1 308 713706870
1 292 868773958
0 754 296
1 367 807879935
0 107 202
0 422 75
0 222 763
0 378 609
1 205 916225868
0 529 579
1 823 219956742
0 127 764
1 2 73227057
0 348 77
0 540 7
0 172 860
0 105 729
0 69 801
0 477 3
0 489 189
0 768 57
1 631 179834888
0 561 532
0 166 194
0 338 820
1 26 812747408
1 546 489900540
1 644 81461265
0 42 188
1 230 280158433
1 223 688557562
0 27 530
0 668 607
0 607 620
1 354 2777879
0 773 111
1 625 90007970
0 289 442
0 149 606
0 36 765
1 395 633061166
0 572 410
1 37 769122024
1 463 112250253
1 559 738941263
1 92 940377458
0 595 785
1 693 431139691
1 655 482542626
0 184 410
0 710 229
1 562 983388397
0 178 378
0 761 336
0 470 186
0 51 723
1 385 510173597
1 144 992844818
1 308 654165642
0 220 709
0 459 142
0 545 62
0 206 747
1 54 993068067
1 564 916582808
0 482 860
1 296 810836555
1 340 227758667
0 244 141
1 555 489347714
1 786 176665549
0 277 697
1 252 827751434
0 679 332
1 613 283318946
1 436 3666746
0 478 279
0 454 369
0 625 124
0 204 352
1 660 424678124
0 164 144
0 10 284
1 79 883685788
1 516 11587261
0 11 793
0 351 742
1 573 117196295
1 203 897212470
1 522 911758334
1 229 989805297
0 825 326
1 633 672642615
0 435 490
0 375 782
0 450 866
0 34 98
1 374 128475566
0 534 718
0 260 325
0 177 163
1 81 195609297
1 829 66012897
0 123 590
0 594 248
1 778 86482684
0 676 820
0 389 809
1 701 216499638
0 275 630
0 802 521
0 792 682
1 151 912642095
0 522 570
0 628 794
0 735 215
1 9 525134763
0 457 552
1 214 411992372
1 812 269016820
1 318 232199367
1 338 241802323
1 309 608569649
0 303 768
0 157 460
1 141 110757280
1 834 133772021
1 684 805171353
1 425 781485470
1 405 573046093
0 768 491
1 334 572145340
0 578 63
0 56 7
0 445 125
1 339 985743294
0 754 342
1 102 190263237
0 462 561
0 403 588
0 508 841
0 353 210
1 177 913011833
1 664 183948252
1 666 491291116
0 15 173
0 426 457
1 238 973225814
0 615 12
0 499 223
0 179 424
0 206 315
1 309 484724562
0 876 706
0 537 243
0 99 21
1 873 367419465
1 561 264485255
0 714 659
0 357 576
0 167 587
0 358 847
1 189 300378110
0 754 264
0 602 376
0 361 67
0 108 655
0 542 683
0 398 490
1 583 434401784
0 785 601
0 640 177
0 46 70
0 483 159
0 429 763
1 816 811182953
0 701 162
0 591 59
0 543 692
0 449 203
0 139 715
1 165 96504059
1 549 252228417
1 65 632746090
0 224 856
0 879 771
0 546 348
1 679 787024214
1 141 23759847
0 376 269
1 295 828035822
1 149 717648691
1 702 965829513
0 416 865
1 324 315946646
1 700 382220880
0 396 438
1 873 776480181
0 494 712
1 623 379709
0 863 205
1 699 227760531
0 474 704
0 569 21
1 696 634443452
1 344 2250190
1 781 526519692
0 746 381
0 376 699
0 854 785
0 685 679
0 737 882
1 592 929677772
0 254 761
0 599 761
0 637 256
0 171 252
0 460 664
0 61 3
0 755 668
1 814 5345599
0 862 141
1 802 564071504
0 131 880
0 107 554
1 13 859917729
0 217 775
0 374 317
0 800 621
1 833 352825001
0 85 57
1 675 746804042
1 556 529596141
0 864 817
1 317 21449214
1 276 935029986
1 261 511044400
0 318 79
0 787 813
0 256 557
1 158 712901622
0 311 52
0 831 768
1 723 847073999
1 601 324318622
1 773 92495970
1 468 856434098
0 730 350
1 296 939168455
0 42 706
0 846 403
1 16 785067786
1 275 387484239
0 795 254
0 486 455
0 652 252
1 786 734765911
1 733 875169508
0 692 616
0 579 79
1 234 629245756
1 778 727569221
1 248 921143486
1 513 912789728
0 90 29
0 647 275
1 438 411612366
1 699 543695429
0 573 854
1 256 48349202
1 766 252845826
1 291 213369927
1 697 258319254
0 92 595
0 53 657
1 103 846977589
0 333 244
0 612 421
1 420 341197072
1 588 92796830
0 376 688
1 543 465468451
1 245 458036264
1 370 499996753
0 97 32
0 22 515
0 201 195
0 130 472
0 692 652
0 260 372
1 339 793611381
0 31 18
0 381 347
1 524 436422026
1 709 105288808
1 821 6998015
1 663 120117578
0 447 866
1 474 66802295
0 149 341
0 791 348
0 245 807
1 57 878303650
1 882 93588984
0 662 314
0 172 515
0 43 770
0 795 648
0 397 430
1 459 111246956
1 687 808315014
1 263 419745729
1 128 442151325
1 479 207508718
1 499 188892030
0 682 543
1 218 208936859
1 154 596912497
1 552 728429580
0 290 367
1 705 937942793
0 69 302
1 129 724737649
0 569 272
1 325 363802949
0 535 514
0 868 41
0 185 129
1 857 652755950
0 91 121
1 102 474303226
0 51 248
0 567 633
1 135 607144699
1 382 229832412
0 525 780
0 51 440
0 744 865
1 108 438171152
0 703 781
1 49 15678059
1 749 206339695
1 819 913554454
1 425 194506862
1 843 20857341
1 389 493296162
0 322 158
1 617 895976891
0 117 695
1 628 89438286
1 549 970948050
0 25 653
0 541 440
1 830 895380515
0 472 717
0 808 88
0 537 206
0 9 452
0 139 406
1 256 528648407
0 881 382
1 547 688818371
0 667 236
0 748 758
0 144 519
1 525 465592620
1 75 281851567
0 287 163
1 735 888699213
0 529 234
0 30 586
1 782 831891226
0 527 404
1 279 575413531
0 254 306
1 494 10394531
0 709 196
1 225 552726975
1 104 73233333
0 369 322
1 180 858162124
0 499 442
0 327 688
0 548 463
1 570 222621856
1 744 894394122
0 458 600
0 760 637
1 556 225287218
1 372 279916624
1 18 349154813
0 118 704
1 778 970885664
1 41 185729237
1 120 97637514
0 369 218
1 614 578500171
1 293 27551367
1 433 669128986
1 380 423541057
1 642 48789713
0 85 358
1 386 813812973
1 723 505309604
1 503 828357648
1 775 999154288
1 108 505802625
0 707 484
1 316 500232873
0 216 879
0 877 569
0 237 579
0 843 72
0 499 417
0 69 602
0 834 356
0 661 100
0 373 805
1 602 650959996
0 693 578
1 123 635475069
1 272 609936698
0 461 727
0 717 568
0 599 673
1 408 56042575
0 109 375
1 625 801970811
1 343 815417109
1 197 403172618
1 574 832946207
1 237 524059926
0 720 521
0 789 216
0 133 272
0 468 589
1 213 499303737
0 593 604
0 615 424
0 763 628
0 707 335
0 454 854
0 514 105
0 120 478
0 599 17
1 287 549367259
1 433 10558650
0 854 678
1 104 544597530
0 476 335
1 363 145515484
0 445 383
1 487 670886402
0 242 674
1 616 415523635
1 323 749653664
0 123 363
1 740 473531699
0 629 324
1 810 575694228
0 350 613
0 586 258
0 183 508
0 556 105
0 716 785
0 637 434
1 797 160805165
0 872 202
0 660 773
1 275 105311508
0 496 778
1 167 611116665
0 866 842
0 675 736
1 814 41846242
0 94 603
0 264 35
0 469 493
1 162 990658277
1 834 778207655
1 724 884953101
1 578 894355766
0 365 735
1 277 342201290
1 352 823601856
0 447 505
1 515 202258291
0 77 283
0 575 529
0 89 848
1 542 352007741
0 77 157
0 396 635
1 124 821901708
1 106 998928371
0 357 391
1 82 738480179
0 860 55
0 847 314
1 260 29911541
0 536 83
0 523 87
0 429 605
1 342 175348691
1 514 397307766
0 508 286
0 711 163
1 832 849865538
0 57 86
1 638 86764807
1 533 610181800
0 401 451
1 799 62874488
1 47 525035457
0 414 515
0 289 872
1 384 358146231
1 94 567051243
0 94 340
1 5 414997203
0 194 21
0 347 758
0 866 580
1 254 739326881
0 838 850
0 244 599
0 455 149
1 397 529680076
1 854 561701275
0 601 565
1 734 287458514
1 449 863699875
1 261 273901575
1 679 551595101
0 102 602
1 118 412904373
1 796 216898476
1 274 538554870
1 488 26409107
0 849 533
1 649 15272809
1 333 846357722
1 25 693509124
1 649 892568327
1 579 79861853
0 628 804
1 122 661384211
1 633 215560357
1 170 640180710
0 569 147
0 405 679
1 166 503101498
1 30 997739941
0 233 248
1 427 141971015
0 860 186
0 721 854
1 814 157969075
1 187 564554283
0 641 185
