49019065
10602359
211076790
83683279
57379587
10602359
36944441
72288629
10602359
25100152
56360251
10602359
72288629
10602359
10602359
72288629
124158328
25100152
10602359
83683279
56360251
25100152
10602359
10602359
82271334
207753726
10602359
10602359
56360251
25100152
10602359
25627798
25100152
10602359
10602359
56360251
10602359
10602359
23369241
81692089
10602359
56360251
25100152
56360251
56360251
56360251
81692089
10602359
81692089
10602359
25100152
73744175
10602359
6517100
10602359
10602359
56360251
10602359
10602359
10602359
10602359
25100152
25100152
10602359
40120755
10602359
10602359
25627798
10602359
25100152
10602359
83683279
10602359
10602359
10602359
10602359
10602359
10602359
10602359
82297141
82271334
10602359
10602359
10602359
201881245
56360251
10602359
10602359
10602359
10602359
10602359
10602359
56360251
10602359
10602359
10602359
10602359
10602359
10602359
10602359
56360251
10602359
10602359
25627798
10602359
49019065
56360251
91841110
305616174
25100152
56360251
91841110
25627798
91841110
10602359
10602359
10602359
10602359
91841110
10602359
56360251
25100152
10602359
10602359
56360251
10602359
10602359
56360251
10602359
56360251
10602359
10602359
10602359
25100152
10602359
91841110
6517100
10602359
10602359
10602359
10602359
10602359
10602359
91841110
25100152
10602359
10602359
370345007
18777943
311660277
10602359
82271334
73744175
56360251
83683279
25627798
56360251
10602359
10602359
10602359
10602359
10602359
56360251
10602359
10602359
10602359
10602359
10602359
10602359
18777943
10602359
285938495
10602359
45608259
10602359
10602359
10602359
25100152
10602359
45608259
10602359
10602359
10602359
10602359
10602359
10602359
10602359
81692089
10602359
10602359
108633162
10602359
82271334
10602359
91841110
10602359
45608259
91841110
25100152
10602359
45608259
25100152
25100152
56360251
73744175
10602359
58569718
10602359
10602359
10602359
25627798
45608259
56360251
10602359
18777943
25100152
10602359
10602359
25100152
56360251
10602359
10602359
10602359
56360251
10602359
10602359
56360251
18777943
10602359
10602359
10602359
45608259
10602359
73744175
10602359
10602359
10602359
83683279
10602359
10602359
10602359
10602359
45608259
10602359
25627798
217332939
46763748
10602359
10602359
23369241
10602359
46763748
45608259
10602359
10602359
25627798
10602359
45608259
10602359
25627798
10602359
10602359
10602359
25100152
10602359
10602359
25100152
25100152
25100152
10602359
10602359
10602359
10602359
10602359
10602359
10602359
56360251
10602359
56360251
45608259
10602359
25100152
45608259
82271334
10602359
10602359
83683279
18777943
56360251
211076790
342629865
10602359
73744175
10602359
10602359
10602359
10602359
10602359
103967978
10602359
10602359
54478701
10602359
81692089
203011624
10602359
10602359
10602359
10602359
10602359
25100152
10602359
18777943
56360251
56360251
10602359
25100152
10602359
83683279
10602359
56360251
211076790
25100152
73744175
10602359
10602359
10602359
10602359
25100152
56360251
10602359
83683279
10602359
10602359
10602359
10602359
25100152
25627798
10602359
25100152
10602359
56360251
10602359
10602359
25627798
106071113
10602359
10602359
91841110
56360251
10602359
56360251
146120918
10602359
57379587
56360251
10602359
25100152
82271334
23369241
10602359
10602359
56360251
91841110
91841110
10602359
207753726
10602359
25100152
25627798
10602359
10602359
10602359
290606730
25627798
10602359
25100152
54478701
65312286
10602359
10602359
10602359
25100152
65312286
18777943
25100152
10602359
10602359
25100152
26111885
285938495
10602359
25100152
10602359
10602359
56360251
10602359
10602359
10602359
10602359
25627798
18777943
10602359
10602359
54478701
25627798
10602359
10602359
10602359
10602359
48995632
10602359
25627798
290606730
10602359
10602359
25100152
124158328
48995632
25100152
25100152
301912129
48995632
60317763
25100152
25100152
82654318
48995632
56360251
25100152
48995632
25627798
25100152
25100152
48995632
57379587
25627798
48995632
48995632
82654318
48995632
18777943
25100152
48995632
25100152
82654318
25100152
48995632
79205114
40120755
25100152
25100152
25100152
82654318
25100152
25627798
57379587
56360251
25100152
25100152
56360251
48995632
25100152
25100152
25100152
25627798
446214773
25100152
31353981
18777943
57379587
68611815
48995632
25627798
48995632
