714 951
1 2 429206543
1 3 384996435
3 2 660085164
4 5 742429169
4 6 872517784
6 5 185042474
7 8 519101428
7 9 447919616
9 8 786603331
10 11 975127064
10 12 875088621
12 11 272702780
13 14 505889982
13 15 4928731
15 14 702968932
16 17 175899524
16 18 239753204
18 17 651568495
19 20 354467942
19 21 181157620
21 20 523358228
22 23 35024658
22 24 479080255
24 23 700070377
25 26 416832650
25 27 430063424
27 26 146634109
28 29 97469696
28 30 373771524
30 29 568470967
31 32 143196653
31 33 221484310
33 32 328459117
34 35 773602931
34 36 974586780
36 35 537555272
37 38 103776756
37 39 439028658
39 38 719136726
40 41 185365747
40 42 221275910
42 41 463814640
43 44 217800746
43 45 332620212
45 44 373807438
46 47 98974699
46 48 121063011
48 47 537489256
49 50 272469947
49 51 368429727
51 50 56529551
52 53 521779756
52 54 340414329
54 53 417244490
55 56 479088890
55 57 331127901
57 56 519013365
58 59 610259817
58 60 327731250
60 59 652925080
61 62 844067549
61 63 409217208
63 62 323189509
64 65 341530042
64 66 142115869
66 65 612541236
67 68 587407485
67 69 26910432
69 68 519767010
70 71 29222683
70 72 425663466
72 71 324892007
73 74 218932377
73 75 868196074
75 74 435714263
76 77 458970860
76 78 198571248
78 77 486605661
79 80 156838163
79 81 579693900
81 80 440800723
82 83 429047665
82 84 89677480
84 83 742040740
85 86 761727087
85 87 659612260
87 86 680121318
88 89 137665874
88 90 418920497
90 89 897823667
91 92 598877529
91 93 723908081
93 92 157597383
94 95 930223386
94 96 509582797
96 95 52823391
97 98 259951645
97 99 591135382
99 98 199426128
100 101 472844473
100 102 426499680
102 101 602787429
103 104 477022255
103 105 806386524
105 104 533970430
106 107 536988932
106 108 784008438
108 107 177821926
109 110 742045091
109 111 558831407
111 110 181740147
112 113 857176370
112 114 102972476
114 113 11003364
115 116 133362867
115 117 718505054
117 116 644064502
118 119 657614431
118 120 203504131
120 119 835265223
121 122 398121279
121 123 554263581
123 122 850727664
124 125 4968203
124 126 861838018
126 125 652200157
127 128 21079110
127 129 965391877
129 128 858112878
130 131 271862425
130 132 36928275
132 131 994309843
133 134 764539248
133 135 455893905
135 134 260383908
136 137 910181587
136 138 117931315
138 137 96026687
139 140 860959366
139 141 597972896
141 140 411786598
142 143 271314787
142 144 656681605
144 143 758542104
145 146 358373621
145 147 209581047
147 146 667402927
148 149 504376665
148 150 216283406
150 149 767532859
151 152 823825233
151 153 981177534
153 152 4850973
154 155 366396585
154 156 383541496
156 155 21776358
157 158 154298063
157 159 443503105
159 158 849074800
160 161 868525484
160 162 600343057
162 161 438852413
163 164 800792776
163 165 584170287
165 164 520485648
166 167 747349661
166 168 104636747
168 167 660456394
169 170 326025786
169 171 118632092
171 170 367478662
172 173 658884379
172 174 492611643
174 173 516920823
175 176 602083656
175 177 402841856
177 176 87457792
178 179 437152684
178 180 268911260
180 179 21035412
181 182 709730999
181 183 671258359
183 182 234199504
184 185 897994550
184 186 193173964
186 185 279667030
187 188 602932593
187 189 521592450
189 188 157786348
190 191 943498374
190 192 16677964
192 191 470371924
193 194 581515268
193 195 900350083
195 194 152917357
196 197 266637771
196 198 305306434
198 197 37075850
199 200 117476386
199 201 933873730
201 200 305771794
202 203 48558105
202 204 368835576
204 203 746671448
205 206 149755425
205 207 601907948
207 206 381431484
208 209 347261672
208 210 743588700
210 209 319420674
211 212 596405882
211 213 707274001
213 212 799160305
214 215 492903317
214 216 447549312
216 215 908144175
217 218 862448460
217 219 811536932
219 218 721951835
220 221 454821086
220 222 996135194
222 221 806814828
223 224 172089816
223 225 707835901
225 224 188090184
226 227 187251817
226 228 211085059
228 227 79391400
229 230 807287300
229 231 855968856
231 230 511524651
232 233 263999548
232 234 243534266
234 233 234555063
235 236 46336475
235 237 526957141
237 236 538332951
238 239 429326915
238 240 165218528
240 239 350005458
241 242 236244745
241 243 928412664
243 242 683840585
244 245 959294927
244 246 895377596
246 245 381187860
247 248 58639969
247 249 355184041
249 248 528868765
250 251 791216915
250 252 507390390
252 251 677028092
253 254 749893977
253 255 2680755
255 254 805280533
256 257 299152551
256 258 617609182
258 257 954219248
259 260 710902667
259 261 682416582
261 260 584685400
262 263 180821255
262 264 299671140
264 263 996980150
265 266 887676980
265 267 688012407
267 266 742467886
268 269 287572500
268 270 409362207
270 269 260686330
271 272 826382262
271 273 904735933
273 272 730595591
274 275 626080912
274 276 881069577
276 275 590204877
277 278 739313432
277 279 162008435
279 278 463393907
280 281 775268771
280 282 838064831
282 281 142756387
283 284 832218498
283 285 370820315
285 284 244580777
286 287 69556827
286 288 672888323
288 287 746307154
289 290 494736324
289 291 170513432
291 290 128807683
292 293 527576869
292 294 750585660
294 293 233931160
295 296 971787727
295 297 592672433
297 296 248387198
298 299 831455063
298 300 20810739
300 299 926277267
301 302 384787512
301 303 798875667
303 302 292697405
304 305 418599592
304 306 360692054
306 305 109644488
307 308 744371642
307 309 7150349
309 308 963032325
310 311 633391284
310 312 21982134
312 311 203554335
313 314 836878514
313 315 597278548
315 314 655791552
316 317 254400123
316 318 666462219
318 317 879243876
319 320 478544547
319 321 490615550
321 320 770980091
322 323 395659233
322 324 894397292
324 323 151092421
325 326 45325745
325 327 992189449
327 326 687851370
328 329 724198189
328 330 913110682
330 329 800103256
331 332 564392488
331 333 670758868
333 332 759577697
334 335 627468940
334 336 9351541
336 335 2984597
337 338 835752949
337 339 933685410
339 338 570923356
340 341 725221774
340 342 181012611
342 341 270240982
343 344 536090666
343 345 877815580
345 344 416510838
346 347 293252261
346 348 391683694
348 347 96124380
349 350 703823997
349 351 759031758
351 350 817871091
352 353 23217323
352 354 421898116
354 353 736117323
355 356 305044679
355 357 33851559
357 356 347199672
358 359 569588315
358 360 534460727
360 359 896560427
361 362 60516998
361 363 51078779
363 362 617350095
364 365 78268885
364 366 944768412
366 365 730790247
367 368 820257373
367 369 872144002
369 368 1602278
370 371 30180893
370 372 608372462
372 371 502259535
373 374 930545554
373 375 337380313
375 374 737979343
376 377 674748058
376 378 518086411
378 377 130348568
379 380 564429197
379 381 313358078
381 380 946536704
382 383 963061401
382 384 661134580
384 383 445282137
385 386 974759773
385 387 95003990
387 386 808493330
388 389 508467913
388 390 77166671
390 389 805556878
391 392 914245940
391 393 91315369
393 392 291519044
394 395 613786302
394 396 52686567
396 395 331348631
397 398 231916008
397 399 695727778
399 398 671335927
400 401 604262513
400 402 992290856
402 401 951189816
403 404 588913266
403 405 182918226
405 404 419391025
406 407 600627644
406 408 907271333
408 407 201626777
409 410 478669681
409 411 544657836
411 410 481852189
412 413 7238113
412 414 476006292
414 413 882244292
415 416 316290214
415 417 928505608
417 416 296387719
418 419 691303170
418 420 182445647
420 419 283089196
421 422 667657336
421 423 315644579
423 422 278032227
424 425 66666920
424 426 697675731
426 425 784429602
427 428 563385711
427 429 594096667
429 428 467602757
430 431 965968959
430 432 361750082
432 431 55037024
433 434 611777979
433 435 546986997
435 434 420080103
436 437 546400406
436 438 366986338
438 437 226620033
439 440 989822124
439 441 889316632
441 440 856714408
442 443 77987681
442 444 581179678
444 443 233655429
445 446 383660601
445 447 472243281
447 446 220466698
448 449 328486328
448 450 840243971
450 449 417814351
451 452 288960636
451 453 519225296
453 452 750768945
454 455 799757464
454 456 901997506
456 455 709430825
457 458 465617202
457 459 698097832
459 458 544578921
460 461 508450399
460 462 255330226
462 461 518240828
463 464 658291006
463 465 940048465
465 464 355324831
466 467 271743570
466 468 718229837
468 467 851643418
469 470 279372836
469 471 735770151
471 470 19552740
472 473 740867097
472 474 838883504
474 473 746275639
475 476 853808016
475 477 911270122
477 476 652752624
478 479 180092735
478 480 811022110
480 479 915007337
481 482 304603343
481 483 486088254
483 482 544168346
484 485 240957109
484 486 621503100
486 485 276750958
487 488 181240403
487 489 405722154
489 488 262070371
490 491 653616206
490 492 570856660
492 491 98490725
493 494 290882865
493 495 424109211
495 494 391735018
496 497 188735554
496 498 230562772
498 497 316308049
499 500 994265764
499 501 273624288
501 500 195399031
502 503 954403502
502 504 199030349
504 503 706715547
505 506 815017353
505 507 252312878
507 506 744892019
508 509 394287376
508 510 844951991
510 509 298616718
511 512 641351651
511 513 361652252
513 512 736242156
514 515 266037709
514 516 757351850
516 515 931859931
517 518 743474775
517 519 958110245
519 518 72593172
520 521 575429036
520 522 687980900
522 521 158162710
523 524 833743791
523 525 198850347
525 524 219890625
526 527 183253338
526 528 956817224
528 527 218299445
529 530 199054937
529 531 82108401
531 530 910085612
532 533 654474471
532 534 470275675
534 533 914809877
535 536 326528487
535 537 407702430
537 536 823866163
538 539 414464326
538 540 789151687
540 539 675240183
541 542 922349199
541 543 263807294
543 542 544489561
544 545 116872143
544 546 240153691
546 545 352180733
547 548 67489450
547 549 286450499
549 548 717564100
550 551 182498238
550 552 939540999
552 551 71528623
553 554 112092215
553 555 795376894
555 554 995138044
556 557 13036466
556 558 909605217
558 557 91909755
559 560 268208727
559 561 364831784
561 560 745942320
562 563 194978097
562 564 29368613
564 563 807267886
565 566 953206480
565 567 177008734
567 566 436099250
568 569 867941409
568 570 431844271
570 569 206868350
571 572 859458957
571 573 332807839
573 572 604381560
574 575 63433807
574 576 60429441
576 575 857597571
577 578 957920282
577 579 422831822
579 578 6977692
580 581 349972203
580 582 964828609
582 581 554618679
583 584 198213930
583 585 79183668
585 584 773348570
586 587 328291847
586 588 85547962
588 587 610407163
589 590 781875219
589 591 508916220
591 590 774080535
592 593 617816605
592 594 516822104
594 593 228305427
595 596 407001679
595 597 437432503
597 596 648410326
598 599 826033032
598 600 740331694
600 599 483733286
601 602 276984571
601 603 714590680
603 602 73662403
604 605 710547975
604 606 811340402
606 605 281037505
607 608 713672793
607 609 84990008
609 608 493043498
610 611 125252160
610 612 13076350
612 611 956992212
613 614 588069200
613 615 679109777
615 614 423267967
616 617 345686841
616 618 125211983
618 617 214094898
619 620 906790632
619 621 801349380
621 620 661394902
622 623 495783903
622 624 518473863
624 623 152362003
625 626 112639953
625 627 860470421
627 626 915262313
628 629 856583297
628 630 317816429
630 629 28618130
631 632 792719323
631 633 612102828
633 632 289796888
634 635 563762771
634 636 686875754
636 635 716406065
637 638 890904957
637 639 988151444
639 638 461019106
640 641 792044270
640 642 723289996
642 641 11402323
643 644 705060177
643 645 398357758
645 644 176858479
646 647 915698636
646 648 434139140
648 647 396643519
649 650 557490069
649 651 408416125
651 650 808818568
652 653 48406991
652 654 404932265
654 653 786917410
655 656 117778345
655 657 641491465
657 656 996945307
658 659 58079929
658 660 725369461
660 659 941448587
661 662 744418197
661 663 199459454
663 662 637336121
664 665 467237555
664 666 443315718
666 665 899659503
667 668 988875138
667 669 673140764
669 668 657351322
670 671 459947976
670 672 964333340
672 671 834293413
673 674 463299390
673 675 409033991
675 674 815519766
676 677 568812393
676 678 601926175
678 677 995508456
679 680 243684283
679 681 298757575
681 680 214353835
682 683 492273641
682 684 228858776
684 683 460313946
685 686 956497038
685 687 155568327
687 686 202179964
688 689 197120513
688 690 166425525
690 689 1005694
691 692 765130610
691 693 779665367
693 692 444442702
694 695 516138059
694 696 616668616
696 695 606389051
697 698 617896389
697 699 572621228
699 698 543339787
700 701 369875144
700 702 872575943
702 701 290846813
703 704 233092616
703 705 278077789
705 704 29170241
706 707 933696604
706 708 974739403
708 707 825479189
709 710 218021217
709 711 396692454
711 710 436614050
712 713 865037391
712 714 324627347
714 713 178677111
4 2 400993562
8 6 612608000
10 9 489853536
15 8 547498632
18 7 605416197
19 15 483331236
22 20 426987121
25 16 843341243
28 21 625184781
32 23 7547700
36 33 361241919
38 31 912232057
40 37 699573104
44 41 745524977
48 42 907738633
49 44 392036868
53 47 679498352
55 52 666589466
59 54 536256527
63 59 243000219
66 59 81022541
67 65 713217775
71 66 619561105
74 72 124251775
77 67 871362117
79 75 324549041
82 74 136092880
87 78 444190190
89 82 706563994
92 83 100457631
94 88 339729419
97 92 318752554
101 95 894254475
105 98 65436409
108 103 892978050
109 107 208949618
114 108 610085720
116 111 162456575
118 116 144391285
121 120 858662407
126 119 557458497
129 118 722253042
132 127 788122661
133 132 420336167
138 132 698396551
141 133 985780496
143 133 502387152
146 138 244731668
148 144 393105513
152 143 571242395
155 152 992118456
158 155 185979917
162 155 532455975
163 160 762052563
168 165 595056157
171 163 349139539
172 168 775164418
176 173 846454006
179 169 387892029
181 172 378060068
185 177 594735416
189 179 321620038
192 183 210319194
195 188 58388930
197 191 555112203
200 198 774075138
203 195 9528243
206 200 883079532
210 202 108735162
212 206 6903914
216 213 231597449
219 216 51963747
220 213 594942342
225 222 746615743
227 220 676397594
230 228 454231269
233 223 989159085
236 231 73116223
238 236 373069992
241 234 469173044
245 242 163399537
249 244 990197548
250 243 889348722
254 249 550235535
258 247 483193106
260 258 97370566
264 254 29868216
265 262 929291575
270 263 290926798
271 267 258508107
274 268 446819003
277 273 716690794
281 279 281694183
285 275 194926845
287 285 850193338
291 287 368087402
292 284 786938268
296 286 416524315
300 292 148004085
303 293 271541366
305 303 972027181
308 301 16706021
312 301 804443052
315 308 679529423
318 307 920080346
321 317 933119388
324 320 419154208
327 316 13950131
328 320 266047716
333 322 298249342
336 333 775707791
337 331 749329508
342 334 201354634
344 337 976132557
348 337 834892604
349 347 454984225
352 349 17854220
355 350 389607625
358 351 573270628
361 354 853698347
364 359 959649451
369 362 178436784
372 368 758704456
374 369 936999104
378 371 609012645
381 371 145144516
384 380 293981481
386 378 619904034
389 379 91555132
393 388 686839876
396 385 361083206
398 389 651585168
402 399 466629807
405 401 563886192
406 402 512299744
409 404 179262283
414 411 480162111
416 411 173359753
418 411 69102901
422 412 25816465
426 417 869505067
428 419 412987341
431 426 475476871
433 430 253847204
437 433 134947506
439 438 584642942
443 437 541281557
446 440 398767043
448 443 592422935
453 443 778683100
455 450 607636255
458 452 652941871
460 454 517614999
464 455 827432741
468 459 951426790
470 465 337430311
473 470 500327540
477 472 193402779
478 471 134965161
483 475 27532778
485 476 967140333
489 485 753569661
491 489 585935016
494 488 672251835
496 492 806236994
500 497 648509963
502 493 333674275
507 500 207999959
509 507 570220467
512 506 488433798
514 511 19429467
517 513 945748352
520 519 350749825
524 517 781458476
527 523 598796687
530 523 726772724
532 529 764016875
535 530 15922751
540 535 520523775
541 537 914623606
546 535 985673777
549 542 699878399
552 547 452310763
553 552 722763843
556 555 505394580
560 558 335360682
563 556 726671763
567 557 770467997
568 567 404058194
571 563 447909250
575 568 927346488
577 570 633167554
580 574 690943917
585 574 434698694
588 579 278575897
591 582 919258613
592 590 394187493
595 590 600108726
599 597 363736183
602 599 765807987
604 601 203722552
609 605 498786707
612 602 803173520
615 607 945706110
618 614 211208168
621 617 807332251
623 620 945538726
627 616 869857364
630 619 597191220
631 623 866698768
634 625 920168440
637 630 118522424
640 638 366121820
645 641 419630642
648 644 43705286
650 644 996888423
654 648 382384288
657 652 273976127
659 652 214173009
663 658 148837667
665 659 660712769
668 661 172512377
672 661 671158232
674 666 935218346
677 668 764457598
680 670 435194143
684 680 940497563
685 678 273717567
690 687 613415831
693 685 89085553
696 685 858438874
699 692 494097439
701 696 283240908
703 698 583973296
707 699 995634134
709 703 4625548
714 703 896743518
1000
0 407 110
1 247 857521747
0 160 540
0 333 668
1 855 267441200
1 760 439152362
0 46 72
0 189 484
1 609 658397400
1 479 20090762
1 355 818986357
1 334 910044570
1 841 97701182
1 174 350837952
0 645 201
0 646 48
1 438 820973600
0 473 690
1 886 261466809
1 277 27742551
0 438 25
0 422 698
1 330 36803463
0 111 309
0 172 677
1 238 608143172
1 136 860014984
1 642 731879590
1 144 435145446
1 690 432311661
0 33 366
1 62 780817699
1 797 97383984
1 200 932635320
1 747 358271451
1 186 263945216
0 369 279
1 515 603414324
1 379 221706283
0 505 533
1 97 663374056
1 877 553723184
0 510 536
0 447 649
0 502 221
1 764 850161980
0 34 375
1 465 934868985
0 269 208
0 399 425
0 192 194
0 4 254
0 539 521
1 925 985238780
1 848 19356846
0 78 301
0 87 380
1 353 621858575
0 516 315
1 766 156793597
1 30 314964874
0 499 151
0 99 638
0 244 171
0 432 305
1 21 407416165
0 98 89
0 623 647
0 56 263
0 279 159
0 137 420
1 809 594329793
0 680 311
1 742 348142752
1 446 840320791
0 151 604
0 396 417
1 296 314744641
1 26 985465382
0 450 570
1 890 862402598
0 413 441
0 204 462
1 646 507003193
0 332 319
0 181 259
1 17 139915853
0 407 527
0 557 669
0 307 417
0 361 462
0 202 265
0 172 515
0 528 31
0 441 585
0 100 293
0 126 227
0 685 172
0 192 485
1 605 958246027
1 2 974767294
1 627 170365410
1 668 95878378
1 449 673225980
0 226 460
1 592 944480729
0 688 224
1 284 976721244
1 142 844734479
0 345 419
1 853 176613711
0 140 181
1 408 538013294
0 418 58
1 694 724783997
0 20 470
0 448 137
1 782 278174003
1 698 154278501
0 269 319
0 232 660
0 416 5
1 398 94078567
1 919 132613542
1 58 545048861
0 456 575
0 447 630
1 922 421582837
1 945 112558980
1 578 443899291
0 634 85
1 193 7890959
1 947 877278922
0 419 277
0 534 72
0 555 400
1 53 789142831
0 372 569
1 704 840801182
0 268 492
0 262 353
0 407 509
1 893 153342322
1 728 592430634
0 172 416
1 679 636898870
1 519 904532955
0 180 607
0 81 98
1 464 146235613
0 567 414
0 77 586
0 230 196
1 579 48035623
0 407 575
0 689 246
0 521 350
0 691 556
1 474 359071489
0 152 70
0 644 70
0 182 312
0 64 59
0 698 481
0 358 393
1 567 606657716
1 176 420493196
0 689 73
1 828 290201763
1 107 356596645
0 409 269
1 535 385715584
1 310 708009836
0 233 165
1 266 257297550
0 375 515
1 643 726360970
1 534 898920995
0 75 658
0 207 628
1 628 470759419
0 289 545
0 684 52
0 293 301
0 13 343
1 871 412673558
1 892 543981080
0 325 623
0 47 647
1 452 752208713
1 39 723826138
1 365 358753764
1 547 439036665
0 138 709
1 714 743073315
0 208 240
0 633 629
0 70 597
0 2 87
1 394 751143716
0 41 488
0 586 51
0 192 8
1 607 310005263
1 313 106265281
0 533 630
0 704 305
1 519 944308738
0 149 150
0 219 545
1 942 90749634
0 75 648
0 337 686
0 4 488
1 391 955565955
0 482 588
0 680 664
0 283 484
1 422 760104263
0 229 506
0 56 312
1 478 664606838
0 383 637
1 363 836265081
1 906 678261625
0 476 228
0 626 185
1 339 375072654
0 228 648
1 288 19014571
1 529 182496786
1 714 766415107
0 74 227
1 725 724437654
0 256 455
0 244 214
0 6 526
1 376 928864
1 363 383782833
1 9 243008779
0 35 108
0 430 96
0 305 631
0 495 522
1 18 932204329
1 825 400964110
1 107 77785983
0 229 576
0 615 267
0 414 298
0 500 392
0 107 279
0 244 282
0 228 502
1 484 480463733
0 251 125
0 506 574
0 237 517
1 190 328588981
1 434 961593781
0 280 399
0 106 489
0 661 75
0 6 609
1 42 357745430
0 192 366
0 159 325
0 694 461
0 348 30
0 169 343
0 349 58
0 371 153
0 157 321
0 118 520
0 594 331
0 611 348
0 677 574
1 331 982542811
0 372 511
0 490 386
0 189 153
1 613 973122970
0 673 474
0 135 625
1 917 449846465
0 231 176
0 80 21
1 629 42068702
0 426 472
1 377 678017568
1 171 546350739
0 575 607
1 398 51255038
0 153 685
1 465 808056445
0 452 388
1 484 140056046
1 862 695298218
0 507 642
1 564 88153011
1 438 837758804
1 510 431068767
0 194 394
1 794 746544473
0 164 366
0 418 303
1 943 380361864
1 790 457686364
1 673 231229116
0 670 27
0 373 347
0 278 566
0 638 475
0 503 357
1 33 454621736
0 311 386
0 675 201
0 395 476
0 571 667
0 419 672
0 423 125
1 432 945394965
1 848 461446699
1 60 158125182
1 895 545593504
0 147 652
0 619 695
1 594 425672214
0 439 329
0 141 172
0 162 690
1 750 43476711
0 68 302
1 181 782378156
1 544 929408177
0 76 99
1 175 564258853
1 879 311485707
1 521 398908732
0 708 158
1 606 622671978
0 69 320
1 716 518875722
0 686 31
0 360 455
1 697 621335689
1 916 295983162
1 751 111896000
1 636 320093618
0 106 697
1 665 836112299
0 676 181
0 523 611
1 237 343628884
1 522 246644603
0 512 84
0 289 539
0 205 373
1 320 102037707
1 477 864173978
0 361 225
1 537 312280035
1 320 103234296
0 118 445
1 608 271676381
1 464 970022018
0 539 669
0 212 473
1 226 506399030
1 829 217014958
0 117 187
1 455 733994528
1 745 197241522
1 209 939229048
1 797 789977642
0 84 697
0 419 138
1 211 945594927
0 543 425
0 653 506
1 813 55240016
1 431 182705248
0 369 401
1 854 831073673
1 483 632754096
1 365 848671707
0 620 569
0 469 629
0 233 507
0 211 336
0 608 694
0 597 140
1 502 984584845
0 151 497
0 137 620
1 734 797855304
1 794 890922440
1 482 223251936
1 303 369709454
1 771 375424865
1 724 106686239
0 44 186
1 531 986609359
1 784 349024320
1 53 979413394
1 724 700083050
0 341 485
0 385 677
0 419 270
0 597 311
0 109 165
1 83 503048778
1 428 165894406
1 676 950853315
1 914 487222016
0 451 120
1 805 369691973
0 506 676
1 182 117230919
1 843 973538527
1 806 452118300
0 576 557
1 5 967590141
0 671 307
1 532 1864393
0 308 533
1 696 892216193
0 97 274
0 368 703
0 111 552
1 197 906386034
0 250 405
1 468 715074018
1 904 332478927
0 387 338
1 758 638869384
1 906 487656204
0 425 276
0 591 133
0 110 467
0 214 98
0 676 642
1 472 979035591
1 93 768717453
1 264 360533718
0 473 564
1 90 597845921
1 564 177488904
1 940 402313908
1 699 817446341
0 312 667
1 548 7228924
1 681 803964194
0 580 348
1 889 690718540
1 884 617882521
0 650 694
0 21 229
0 588 227
0 87 362
0 392 403
1 873 627267897
1 449 888397902
1 222 559236553
0 242 223
0 643 535
0 178 246
1 759 181070842
1 695 994736414
0 640 225
1 580 660901025
0 561 440
0 581 140
1 231 555666900
1 147 858781373
1 163 637931385
0 684 183
1 252 669537061
0 68 266
1 101 692887013
1 629 547468284
0 407 26
0 686 227
0 299 72
0 516 289
0 192 288
1 434 1919251
1 752 559751360
0 413 458
0 249 632
1 352 457034989
1 368 392730574
1 903 572246045
0 145 639
1 680 723238180
1 684 454575131
0 222 26
0 417 652
1 707 46691223
1 879 310516629
1 713 166639050
1 905 212511091
1 433 459368549
0 291 251
0 264 41
1 204 714457246
1 377 421373420
1 598 94982926
1 238 772992705
0 672 273
0 475 161
0 151 463
0 203 451
0 384 159
0 583 671
0 60 525
0 610 399
1 114 295893436
1 730 656990292
0 93 403
1 926 740781460
0 315 590
0 375 15
1 753 312900343
1 150 990157419
0 655 156
0 474 505
0 338 167
0 366 157
1 885 328547876
1 82 425554081
1 861 71577176
1 951 413428495
1 931 639462792
0 369 56
0 225 64
0 212 275
0 139 84
1 388 166918485
1 628 429911883
0 591 412
0 337 19
0 44 346
1 684 32185050
0 421 227
0 430 452
0 660 511
0 191 685
0 661 24
0 669 562
1 75 540472590
0 341 110
1 891 928369972
0 665 524
1 507 585002814
0 617 638
1 409 371551187
0 297 100
0 275 307
1 720 229512952
0 147 356
1 199 866062717
0 235 574
0 92 65
0 435 368
0 262 450
0 480 34
0 613 46
1 627 439917989
0 504 91
0 279 522
1 87 637130802
0 15 634
1 494 965912763
0 366 62
0 533 277
1 763 422478058
0 101 65
1 621 35619051
0 385 208
0 389 606
1 800 485433209
1 905 931181888
1 309 932065708
0 494 681
0 177 506
1 465 838639676
0 569 699
1 577 733305939
0 302 447
0 229 322
0 385 239
1 271 597772901
1 228 60155423
1 439 135774944
1 520 506788698
1 288 584404323
1 681 234800845
1 806 624360583
0 66 46
0 257 103
1 115 88757167
0 42 672
0 549 322
0 420 444
1 738 950279764
1 123 949820506
0 327 300
0 242 624
1 419 363479180
0 645 710
1 491 77225972
1 744 498759992
0 179 90
1 901 499932396
1 447 323454583
0 646 191
0 399 373
1 861 508735091
1 2 21428329
0 160 88
1 438 289918581
0 130 174
0 539 28
0 147 602
1 772 749973514
0 489 337
0 555 89
0 100 212
0 79 231
1 881 471612975
0 611 212
1 627 366821834
1 884 481692061
1 734 305330915
1 768 915146747
0 430 150
1 477 22154871
1 950 683570896
1 708 77735772
1 493 977857051
0 551 109
1 109 814140629
1 583 823814151
1 600 10858708
1 765 827925849
1 709 342668305
0 8 313
1 875 330675242
1 442 763049407
1 437 891723746
1 253 996910135
0 438 341
0 340 269
1 89 699326953
1 621 180340441
1 923 214341871
0 434 608
0 386 347
0 19 558
1 44 698183707
0 334 537
0 16 428
0 640 643
0 30 423
0 426 471
1 342 86013744
0 69 573
1 797 419514945
1 45 946450722
1 170 127099712
0 467 471
1 434 782844537
1 486 963063412
1 565 922318688
0 12 52
0 474 305
0 318 6
1 841 737841838
0 654 616
1 626 632071471
0 123 39
1 766 23042699
1 554 937329069
1 846 701787242
1 522 36962123
1 562 40879253
0 226 320
1 586 649757818
0 326 333
1 901 253728938
0 547 405
0 24 157
1 430 367305593
0 441 77
0 434 548
1 812 955472210
0 189 496
0 615 379
0 282 349
0 87 173
0 45 7
1 402 57269160
1 257 23436395
0 37 380
1 69 19919061
1 577 38836131
0 166 243
0 690 291
1 684 812238173
1 552 612485829
1 289 911447119
0 261 326
1 419 717086269
1 453 550151277
1 290 153821900
1 822 325986638
1 444 228268548
1 838 485181498
1 237 634417617
0 603 703
1 698 130767745
1 190 799272970
0 641 299
0 13 527
1 663 205528004
1 930 464882686
0 608 545
0 130 528
1 470 695098394
0 308 399
0 11 477
1 654 422607754
0 394 234
0 66 387
1 329 735116176
1 895 943235776
0 268 48
1 456 17082272
1 728 199776567
1 41 923458878
0 628 443
1 810 30931029
1 662 165436606
0 444 158
0 331 208
0 219 28
0 615 281
1 537 165403980
0 159 60
1 154 57517784
1 197 442426218
1 129 93735449
1 496 576084112
0 528 323
0 70 603
0 83 311
0 86 444
1 523 886920074
0 176 257
1 263 287653951
1 867 640419628
1 300 790239082
0 136 302
0 400 700
1 570 741955162
0 64 352
0 354 102
0 60 637
1 650 620495475
0 532 421
1 701 388467694
1 244 924157246
1 731 211720581
1 893 165945181
0 298 506
1 801 137200721
1 934 705205216
1 423 39071707
0 99 256
1 532 23420514
1 664 102889489
0 706 408
0 337 704
0 573 233
1 374 616053992
0 291 237
0 656 347
0 247 645
0 461 369
0 31 445
0 495 295
0 709 388
0 84 296
1 737 387914907
0 465 128
1 763 265521974
1 407 411381546
1 575 621304503
1 848 529974037
0 582 549
0 267 604
1 303 103815876
1 675 714567374
0 665 261
1 101 692655783
1 285 868132319
0 171 405
1 283 421534393
0 160 710
0 206 578
1 868 993329184
0 640 577
0 97 297
1 180 608890110
1 59 95613144
0 450 113
1 507 429905545
0 525 154
1 90 554384237
0 609 163
1 580 64301275
0 92 489
0 366 687
1 439 235266703
0 447 77
0 608 106
0 486 243
1 395 198181938
1 248 74449026
0 260 126
0 302 233
1 289 144082950
0 349 213
0 174 491
1 296 236175319
0 459 127
1 372 578828754
1 600 618727386
1 437 99977601
0 31 623
1 564 26231974
1 608 472674350
1 771 132582884
0 410 112
0 378 230
0 449 43
0 158 474
0 1 377
0 551 403
0 326 334
0 408 165
0 452 276
1 24 360762698
1 543 372541188
0 177 506
0 412 467
0 135 491
1 246 124775334
1 821 428798981
1 549 500284231
1 351 749238371
1 639 670061897
0 610 110
1 119 467979130
0 9 514
0 274 360
0 491 651
1 520 777279700
1 628 635086597
1 566 321110349
1 373 924681109
0 291 673
0 428 693
0 291 49
0 243 182
1 522 619041339
0 31 388
0 160 405
0 108 190
0 136 95
0 73 4
1 31 728840641
1 762 878845265
1 400 749973107
0 109 290
1 107 996072565
0 117 182
1 39 988895811
0 130 247
0 540 450
0 326 397
1 635 531902581
0 590 588
1 720 589117319
1 734 256869744
1 671 723003079
0 682 51
0 101 81
0 265 408
0 505 14
1 744 286261314
1 282 754764858
0 457 155
1 305 542599688
1 272 102954129
0 110 251
0 181 107
1 496 809997749
0 558 88
1 765 630615684
1 184 199839888
1 464 885759231
1 889 521906978
1 322 537850231
1 536 890757633
0 256 372
0 516 8
0 670 608
0 283 396
0 571 557
1 272 7052873
0 284 198
1 311 467979695
0 385 208
0 511 185
0 25 685
0 326 425
1 554 20904941
1 347 869057916
0 406 94
1 887 216127464
1 840 593976629
1 745 624077191
0 476 640
0 463 324
1 779 668749268
1 224 855368243
0 548 293
0 16 551
0 526 713
1 97 655341582
0 677 68
0 521 250
1 604 84647249
0 96 253
0 274 178
1 306 320162777
1 489 380657645
1 338 469926094
0 700 530
0 137 440
1 726 153278300
1 260 996154896
1 181 612112355
1 586 515887746
1 409 834913564
1 760 703264574
0 58 195
1 493 759298319
0 698 376
0 197 285
0 423 395
1 847 324075413
1 224 143465676
1 691 149795030
1 233 957536382
1 619 252086084
0 520 468
1 356 519044511
0 143 411
0 8 359
1 248 438608373
0 188 457
1 221 844619877
1 441 931681304
1 325 336071805
1 570 57174517
0 433 569
1 837 723504859
0 613 362
1 346 827715425
1 615 911560091
0 594 515
0 259 204
0 449 494
1 87 615562345
1 781 26317822
0 312 473
0 29 471
0 277 653
1 551 891799420
0 106 148
1 576 997330200
0 395 38
0 334 39
0 110 87
1 447 18760750
0 656 266
1 28 986809595
