651 867
1 2 692813677
1 3 793611880
3 2 418505781
4 5 745421626
4 6 916317598
6 5 878048253
7 8 111016544
7 9 922791788
9 8 221724633
10 11 699837990
10 12 216189067
12 11 160587056
13 14 438643868
13 15 649736304
15 14 423542357
16 17 329685811
16 18 632630436
18 17 866631848
19 20 746653082
19 21 544393314
21 20 610729709
22 23 860018906
22 24 379053686
24 23 585445355
25 26 310956212
25 27 69077332
27 26 674302792
28 29 492135738
28 30 807962487
30 29 244421795
31 32 290025644
31 33 643855356
33 32 928359155
34 35 174938516
34 36 911124862
36 35 796352542
37 38 798042404
37 39 727854387
39 38 475326685
40 41 539876814
40 42 902882887
42 41 960667855
43 44 516111397
43 45 969218424
45 44 796840154
46 47 907226099
46 48 171613426
48 47 835411913
49 50 556495770
49 51 635115116
51 50 910849827
52 53 4768687
52 54 509835651
54 53 91187785
55 56 176236244
55 57 906638422
57 56 73191891
58 59 453247445
58 60 678058594
60 59 352561451
61 62 248348678
61 63 750938014
63 62 473721449
64 65 740504539
64 66 807623642
66 65 635534449
67 68 633846728
67 69 741398100
69 68 975148363
70 71 958325595
70 72 690827675
72 71 374839490
73 74 488379031
73 75 45158824
75 74 785880383
76 77 917238162
76 78 596237370
78 77 837547238
79 80 501668433
79 81 955662193
81 80 619028210
82 83 636828898
82 84 271179438
84 83 293000013
85 86 43479995
85 87 938999209
87 86 325985395
88 89 724589650
88 90 873535955
90 89 60774791
91 92 658428
91 93 317795821
93 92 86949558
94 95 917939466
94 96 484856296
96 95 923848139
97 98 545042978
97 99 262129407
99 98 315092243
100 101 94131162
100 102 115895315
102 101 167803507
103 104 567971994
103 105 655811142
105 104 147964615
106 107 987362995
106 108 892005850
108 107 222559100
109 110 378806970
109 111 162806603
111 110 121756784
112 113 293938218
112 114 562196650
114 113 607412745
115 116 946528825
115 117 392340284
117 116 424004499
118 119 500172026
118 120 288059730
120 119 801195487
121 122 867845299
121 123 861925994
123 122 613538328
124 125 574203776
124 126 546227079
126 125 673662696
127 128 403601192
127 129 295565261
129 128 666006987
130 131 586690879
130 132 499338591
132 131 331699377
133 134 516388732
133 135 537627261
135 134 15068634
136 137 614995548
136 138 868552408
138 137 617562094
139 140 19716086
139 141 285900088
141 140 714459227
142 143 14319905
142 144 968750417
144 143 152773108
145 146 534655683
145 147 889287649
147 146 536707014
148 149 808765307
148 150 10345229
150 149 349329468
151 152 897059187
151 153 972126973
153 152 204774517
154 155 652484222
154 156 891934901
156 155 746285540
157 158 568278649
157 159 104277302
159 158 626289705
160 161 330018271
160 162 970767061
162 161 78124847
163 164 978562732
163 165 682894042
165 164 686493574
166 167 111969143
166 168 631432028
168 167 31940866
169 170 287119562
169 171 180089691
171 170 937236884
172 173 230400708
172 174 264053534
174 173 114161255
175 176 972022514
175 177 294063310
177 176 428544830
178 179 695042665
178 180 939375443
180 179 889689100
181 182 235971112
181 183 232198510
183 182 920878805
184 185 648255916
184 186 945703704
186 185 788501443
187 188 477720019
187 189 712269593
189 188 771275147
190 191 815987189
190 192 359083243
192 191 989395970
193 194 40210240
193 195 938867408
195 194 222807290
196 197 365627987
196 198 368244273
198 197 591740770
199 200 90645790
199 201 500061241
201 200 176950429
202 203 635059448
202 204 988191410
204 203 540707362
205 206 492144897
205 207 731042591
207 206 327647060
208 209 458343098
208 210 70453273
210 209 557139875
211 212 785625826
211 213 302169326
213 212 101327587
214 215 182667410
214 216 492399991
216 215 644254700
217 218 982772379
217 219 468968505
219 218 608734066
220 221 497471775
220 222 865637567
222 221 501874469
223 224 40807278
223 225 814336566
225 224 447888652
226 227 746097698
226 228 24807497
228 227 15378205
229 230 187277693
229 231 224193599
231 230 736234785
232 233 577712130
232 234 293448274
234 233 640989383
235 236 80855889
235 237 743958353
237 236 982438406
238 239 895439687
238 240 410762360
240 239 428969399
241 242 840446806
241 243 933903246
243 242 163127921
244 245 135077921
244 246 857803072
246 245 838157223
247 248 867938651
247 249 890534844
249 248 5271808
250 251 952509920
250 252 926848913
252 251 420546550
253 254 677658644
253 255 87455942
255 254 930268082
256 257 766632571
256 258 201680953
258 257 849833766
259 260 397798553
259 261 987420985
261 260 141846890
262 263 446983692
262 264 658588517
264 263 26888283
265 266 666148839
265 267 859678918
267 266 814610290
268 269 538461264
268 270 722539563
270 269 876130017
271 272 873426012
271 273 146572228
273 272 697600755
274 275 241462826
274 276 460618242
276 275 746279845
277 278 846351165
277 279 253718701
279 278 670923904
280 281 703194910
280 282 734139462
282 281 409619128
283 284 382534706
283 285 686632350
285 284 152386442
286 287 946435288
286 288 62556087
288 287 257453778
289 290 875073735
289 291 518722010
291 290 78491115
292 293 204701861
292 294 506629625
294 293 332747978
295 296 338595306
295 297 917887814
297 296 58052445
298 299 408976631
298 300 182318355
300 299 971057953
301 302 296055153
301 303 629847532
303 302 592366338
304 305 246595811
304 306 233086194
306 305 341877622
307 308 709741971
307 309 238179706
309 308 679505116
310 311 153949092
310 312 104994021
312 311 545849873
313 314 254408301
313 315 52852417
315 314 670373716
316 317 249924631
316 318 950614817
318 317 260282715
319 320 507062141
319 321 940027193
321 320 392116405
322 323 155425343
322 324 199799357
324 323 544987490
325 326 461992232
325 327 311214714
327 326 161513648
328 329 244907713
328 330 319499444
330 329 895086424
331 332 580313653
331 333 774587330
333 332 167671257
334 335 520142951
334 336 879858280
336 335 31671571
337 338 595459409
337 339 619664244
339 338 481316134
340 341 74326943
340 342 463460380
342 341 166083724
343 344 611497612
343 345 699935893
345 344 988701556
346 347 235607547
346 348 975463159
348 347 988586338
349 350 758255321
349 351 371320912
351 350 702018820
352 353 14613937
352 354 866899461
354 353 49654357
355 356 645852048
355 357 896626545
357 356 377716472
358 359 996119322
358 360 941274040
360 359 334068430
361 362 458830317
361 363 351500267
363 362 193693401
364 365 697413173
364 366 198277473
366 365 335235156
367 368 429758608
367 369 849478739
369 368 982771218
370 371 287873571
370 372 607253690
372 371 143102998
373 374 610621692
373 375 909528421
375 374 702605684
376 377 109495466
376 378 998399325
378 377 149474918
379 380 385571099
379 381 460940157
381 380 937623730
382 383 236414901
382 384 321009740
384 383 337883706
385 386 138819254
385 387 393032221
387 386 134982628
388 389 575684816
388 390 623747945
390 389 72946860
391 392 63102208
391 393 245744491
393 392 484813062
394 395 598116014
394 396 643330813
396 395 810030200
397 398 950778378
397 399 586158514
399 398 596536184
400 401 886316709
400 402 76748595
402 401 134328195
403 404 420201038
403 405 546879710
405 404 406183294
406 407 85227567
406 408 458423708
408 407 705005648
409 410 421244967
409 411 881020418
411 410 531756479
412 413 845885033
412 414 230787243
414 413 356380555
415 416 110964053
415 417 75071700
417 416 248224456
418 419 591568789
418 420 754893625
420 419 140616064
421 422 155815035
421 423 870618414
423 422 723170441
424 425 984089242
424 426 843625472
426 425 219644323
427 428 48211106
427 429 513157261
429 428 135134677
430 431 527961216
430 432 288467233
432 431 276170760
433 434 321111734
433 435 617748372
435 434 881441252
436 437 538199543
436 438 700551072
438 437 961794794
439 440 815889158
439 441 694160775
441 440 627184082
442 443 695576271
442 444 237906149
444 443 562155046
445 446 305940166
445 447 616929746
447 446 429204510
448 449 827123584
448 450 799753275
450 449 836756158
451 452 62869391
451 453 97428866
453 452 291054638
454 455 219514017
454 456 668705875
456 455 237290073
457 458 414632667
457 459 379376328
459 458 488439752
460 461 863690867
460 462 994872512
462 461 131139264
463 464 31189900
463 465 131598460
465 464 990869145
466 467 803305045
466 468 316154746
468 467 918038369
469 470 586718564
469 471 751982997
471 470 791616945
472 473 999971919
472 474 730241629
474 473 595450061
475 476 676079244
475 477 680146612
477 476 374567682
478 479 505312906
478 480 394814633
480 479 334937148
481 482 781043983
481 483 565952409
483 482 827201254
484 485 772440276
484 486 283509378
486 485 279974150
487 488 797369950
487 489 777429161
489 488 728763800
490 491 852129311
490 492 135745136
492 491 945592873
493 494 952549580
493 495 204877425
495 494 944020151
496 497 183344640
496 498 690757342
498 497 998789576
499 500 872220434
499 501 374649116
501 500 19919561
502 503 307599922
502 504 802906524
504 503 233472168
505 506 422395850
505 507 196965884
507 506 393043636
508 509 866652179
508 510 880389983
510 509 928338867
511 512 979263221
511 513 893019401
513 512 382615876
514 515 332552740
514 516 616052030
516 515 861336439
517 518 832721783
517 519 702985307
519 518 186085034
520 521 131677579
520 522 18568245
522 521 267727270
523 524 463451288
523 525 454582193
525 524 911183866
526 527 611234706
526 528 700145316
528 527 424684182
529 530 482090883
529 531 494010860
531 530 439866538
532 533 946847527
532 534 244076494
534 533 2250944
535 536 544307401
535 537 869122194
537 536 891413528
538 539 863608924
538 540 669098845
540 539 392954947
541 542 971996125
541 543 983451981
543 542 462882562
544 545 527148007
544 546 69089498
546 545 808640608
547 548 390012055
547 549 564280172
549 548 459369741
550 551 339958946
550 552 30859576
552 551 763584765
553 554 994830515
553 555 221792095
555 554 271099457
556 557 672094985
556 558 93171784
558 557 734826021
559 560 614494545
559 561 564835901
561 560 948509322
562 563 427783361
562 564 562811972
564 563 895038340
565 566 958633589
565 567 91115327
567 566 201015095
568 569 605295117
568 570 222458694
570 569 492067821
571 572 16350342
571 573 31169860
573 572 370356348
574 575 265581400
574 576 869786320
576 575 788114134
577 578 508724689
577 579 803433549
579 578 769921777
580 581 906685617
580 582 192890693
582 581 31791577
583 584 685865990
583 585 136765697
585 584 409672466
586 587 460083528
586 588 105788268
588 587 703190067
589 590 696498615
589 591 490224168
591 590 835045055
592 593 621584116
592 594 992997873
594 593 406376518
595 596 181341150
595 597 279101490
597 596 810753724
598 599 842905007
598 600 787023077
600 599 42871065
601 602 676974422
601 603 769655983
603 602 676018225
604 605 543226134
604 606 680076091
606 605 233414613
607 608 768202847
607 609 891241943
609 608 116613161
610 611 572209132
610 612 450330700
612 611 257197895
613 614 31141405
613 615 981017601
615 614 304620821
616 617 34148245
616 618 667571026
618 617 388578659
619 620 226422295
619 621 317328174
621 620 466545736
622 623 335818653
622 624 953579759
624 623 13728445
625 626 750711226
625 627 196515965
627 626 533228922
628 629 190926641
628 630 587221157
630 629 288161296
631 632 698566613
631 633 859126198
633 632 936818759
634 635 606627490
634 636 118145117
636 635 466382265
637 638 505859100
637 639 899379394
639 638 182245807
640 641 941524712
640 642 676852194
642 641 531097403
643 644 542692520
643 645 844706607
645 644 196485526
646 647 231743771
646 648 420657253
648 647 270437563
649 650 170052468
649 651 251578286
651 650 92825667
4 2 191785465
9 6 228569495
12 9 188836481
13 12 931859940
17 7 509988141
21 18 774600714
23 16 847914087
27 16 958060145
30 23 25627798
32 23 558454657
35 29 683833889
38 36 767146403
42 37 509616498
45 37 598295357
48 41 461113072
49 48 49019065
54 46 184251651
57 53 31353981
58 54 564202003
63 56 382769907
64 59 374647432
68 65 736205953
72 65 554505931
75 67 51613585
77 68 611699522
81 77 290606730
82 77 518128214
85 81 389796308
88 80 196672623
93 82 346003415
94 90 58569718
97 91 704120058
100 91 908818769
105 100 757335976
107 101 103967978
109 100 476380230
112 104 962160936
115 114 263358781
119 110 394758258
122 116 311660277
124 119 911313202
129 119 491817942
132 123 83683279
134 130 106071113
137 133 538000561
139 137 110281908
143 139 665476160
147 141 422535040
149 146 563159780
153 149 511738646
155 148 994598149
158 150 486661596
162 152 195540235
164 157 402934332
168 161 88636254
169 162 201881245
174 163 82271334
175 173 246083431
179 171 524834443
181 178 656934657
186 177 888909878
188 183 32746453
190 181 671837133
195 185 316920394
197 195 943141306
199 190 404169416
204 195 510128739
206 198 898391991
209 199 612175410
211 206 333832064
215 213 26111885
217 212 399651465
220 218 683093726
225 222 56360251
228 220 435029132
229 225 207753726
234 224 340992767
236 233 323975483
239 229 849800863
243 240 489417560
245 242 723582420
247 238 911907519
252 243 742119174
253 247 834842582
256 250 932031645
259 258 305677063
263 256 287833345
267 263 719742137
270 265 114301594
273 264 932836179
275 265 712933329
278 276 201145151
281 274 550592780
283 281 521293540
286 282 887653556
290 281 277320874
294 283 199583538
297 287 923334905
300 297 259769580
301 300 36944441
305 295 576330828
309 300 273456338
311 306 81692089
313 310 253679917
317 313 913285019
320 313 252081584
323 319 695775833
326 320 560153284
329 325 855004253
333 328 941061842
334 329 354497038
339 335 175924800
341 336 420641236
345 337 10602359
346 344 80832023
350 344 925886688
354 346 285938495
357 349 423304418
358 353 776530356
363 356 370372580
365 358 631065055
367 366 852389456
372 367 134673446
374 368 874944141
376 371 195319538
380 378 57379587
383 381 896060076
385 382 809959450
389 383 860589498
392 385 560567354
396 387 107319430
399 390 519915979
400 391 812004214
403 399 82297141
407 402 390296820
411 402 214155488
412 406 783967591
417 414 387547445
419 411 535930167
422 416 770182298
424 421 217332939
428 419 238823800
431 423 933928077
434 426 716847672
437 432 46763748
441 438 934275392
444 436 343516728
446 440 79205114
450 442 608154354
452 448 521091020
454 445 25100152
458 454 855491104
460 455 761964595
465 459 503284317
468 458 832677771
470 465 380017387
472 465 342629865
475 472 416333874
480 475 40120755
481 476 244400282
484 479 561667411
489 482 624333963
491 488 73744175
493 492 112548461
497 489 755004337
500 491 525498024
502 495 867338559
507 499 589578148
510 500 60317763
511 503 227966921
516 513 913396516
517 514 529308032
522 517 108633162
525 520 631511343
527 524 696432669
531 526 558016832
533 529 816336645
536 527 23369241
539 531 751529834
543 534 157434404
546 538 940840372
547 543 770206151
551 543 489493579
553 550 6517100
556 551 324854167
559 556 972664186
563 558 189057025
567 564 141131353
570 567 992523759
571 570 664399472
576 570 678424522
578 570 324853801
581 575 688373243
585 579 858812395
587 581 755836136
591 581 656479775
594 586 822038779
596 589 785205035
600 592 56800923
602 597 124158328
605 602 370345007
607 601 699565422
611 608 168584737
615 611 72288629
618 608 956556504
619 615 406527478
624 615 204075196
626 624 18777943
628 626 887062069
633 624 330594306
634 632 922531243
639 629 532728925
642 631 94417286
643 640 532585682
647 639 787403310
649 645 991965640
1000
1 90 843429781
1 178 96663421
1 175 982684038
1 64 603333410
1 729 721541869
0 49 288
1 382 33680319
1 240 635824719
1 156 665825815
1 435 624090092
0 478 158
0 388 434
1 128 940606836
1 1 612119698
0 192 79
0 406 357
0 534 83
0 302 73
1 177 137384710
0 620 493
1 639 476515199
0 511 227
0 594 357
0 134 342
1 71 150703147
1 865 753954094
1 8 35104374
0 463 2
0 615 547
1 332 199306808
0 546 280
1 311 328123077
0 220 352
0 492 631
0 528 610
1 596 423788234
0 440 631
1 632 265201991
0 501 100
0 125 139
1 628 46929950
1 582 48117098
0 338 153
0 465 416
0 627 12
0 637 53
1 431 774841956
1 263 275023846
0 205 109
1 361 113650450
0 237 284
0 459 195
0 269 507
1 204 947805748
0 211 333
1 400 559861944
0 357 576
0 237 558
0 312 19
1 867 493627117
1 464 141829459
1 23 501202179
0 364 511
0 414 221
1 101 77668030
1 807 787952077
1 49 224719692
0 435 317
0 290 83
0 645 318
0 225 551
0 536 464
0 334 245
1 587 966873552
0 186 359
1 540 808648800
0 72 326
1 631 898229160
0 391 619
1 241 429773264
0 245 202
1 105 968618723
0 297 211
1 672 880087121
0 78 320
0 330 261
1 599 185791792
0 273 472
1 125 961863338
0 336 308
0 567 122
0 542 437
0 617 497
0 83 467
0 441 554
1 790 949994520
1 383 805209288
1 335 938470930
1 643 645521012
1 742 229185527
1 657 92450897
1 750 495058235
0 563 242
0 110 609
0 308 37
1 674 319472928
0 112 650
1 763 670148254
0 351 221
0 563 337
1 781 910399415
1 128 892185154
0 316 457
0 599 387
1 723 244671226
0 616 385
0 526 337
0 484 623
1 788 864943132
1 668 94431544
0 326 564
1 800 343158911
1 715 203455325
1 275 546140904
1 9 569268634
1 635 150024085
0 227 498
1 594 632999439
1 374 695677898
0 8 119
0 274 402
0 494 387
1 532 638066575
0 160 417
0 83 132
0 467 15
0 600 332
1 548 55479641
0 647 261
0 509 240
0 255 442
1 325 552765795
0 525 153
1 86 13251389
1 105 163472073
1 772 357975999
0 501 227
1 811 935366873
0 404 430
1 440 277164894
0 219 110
0 520 69
1 533 391981324
1 156 821981037
1 323 184241073
0 233 602
0 448 258
0 190 161
1 831 91841110
1 575 771134862
1 71 101235142
1 398 710921944
1 196 567547728
0 321 98
0 295 604
1 855 284899283
0 405 96
1 690 747710416
0 2 357
1 711 797217402
0 152 366
0 416 168
1 242 862305892
1 569 640208702
0 101 648
0 254 140
1 192 556700290
0 491 306
1 571 819174959
1 266 450336650
1 125 467925031
1 819 776479763
0 491 234
1 415 344562652
0 240 584
0 128 399
0 522 323
1 616 539578886
0 76 413
0 125 350
1 297 609256075
1 723 277191831
0 326 212
0 449 87
0 202 388
1 25 301294174
1 332 339685942
1 751 885973469
0 104 16
1 720 663354475
1 177 120841043
1 822 388960901
0 454 196
1 862 979543563
1 492 95282803
1 128 233275329
0 50 91
0 100 338
1 122 296353331
0 587 505
1 210 728646543
1 267 437743237
0 139 145
0 443 547
1 145 200162934
0 115 325
1 552 782505810
0 494 591
0 120 23
0 517 607
0 1 588
1 152 354854883
0 63 493
0 338 581
0 56 611
0 617 492
0 393 48
1 793 599922109
0 110 339
1 636 910029071
1 755 550058123
0 437 621
1 743 728853552
1 625 408218489
0 130 493
1 719 635719021
0 402 319
1 310 397334766
0 41 313
1 228 200816997
1 181 330495453
1 693 65312286
0 478 124
1 761 585641416
1 148 742649465
0 434 162
0 265 35
1 151 978613924
0 640 97
1 347 760948138
1 61 827504836
1 340 493389897
0 316 227
1 235 641458340
0 269 353
1 585 719159620
0 243 622
1 1 519444629
0 139 631
1 524 755486309
0 592 395
1 114 169365355
0 617 322
0 521 634
0 553 635
1 269 934022998
0 145 488
1 716 256049047
0 406 186
0 140 593
1 88 472175035
0 387 300
0 105 528
0 249 564
0 633 525
0 571 393
1 81 319883063
1 575 920139560
1 566 851111088
1 453 833240598
1 622 257713533
1 822 205681723
1 223 864937084
0 631 341
0 249 511
0 609 604
1 690 885020606
0 639 453
0 116 122
0 28 446
0 186 59
1 309 725858390
1 293 908978844
0 524 482
1 541 167636958
1 10 546715250
0 170 316
1 240 480293915
0 160 54
1 867 531242634
1 291 93791732
1 742 45608259
0 77 2
1 635 6988333
0 179 268
1 433 813391125
0 269 576
1 4 576442666
1 167 620838831
0 129 398
1 858 567919922
1 397 165742993
0 552 77
0 113 370
0 169 424
1 225 906528175
0 112 231
0 156 467
0 448 3
0 533 326
1 246 703221833
1 494 42699636
1 215 514550347
0 120 521
1 472 921303600
1 534 651794333
0 640 63
1 352 685840177
1 793 280778650
1 465 730355146
0 50 590
0 599 625
1 39 878330598
0 396 123
1 134 174121068
1 186 459072607
1 671 505193139
1 793 669738030
0 348 374
0 332 378
1 520 306079711
1 680 802837507
0 92 280
1 451 920361748
1 308 562391947
0 314 568
0 630 154
1 210 242826256
1 475 429079316
1 67 614175454
1 819 176959496
0 383 211
0 377 580
1 57 517865218
1 119 436573756
0 12 471
0 268 284
0 172 607
1 612 132759444
0 1 560
1 159 322487386
1 289 457295458
0 130 457
0 606 285
0 309 416
1 654 754452027
1 534 662831338
0 255 377
0 339 590
0 283 339
1 632 352840742
0 12 431
0 83 608
1 354 575614382
0 499 540
1 375 830461601
0 297 634
1 21 189701989
1 429 752113595
1 47 96426042
0 226 98
0 197 533
1 501 915397842
0 502 636
1 30 379962086
0 637 102
1 112 587115781
1 381 461787615
1 409 140640643
1 663 705795187
1 118 524159828
0 251 312
0 609 532
1 648 407203810
0 493 399
1 4 529791514
0 197 365
0 318 249
1 589 851686272
0 351 513
1 517 419064264
1 207 129000859
1 135 226920092
1 605 632266337
1 410 610085227
0 375 566
1 395 548574286
1 539 148848695
1 135 312189309
1 713 567596954
1 12 164466903
1 214 828472364
1 651 38205789
1 276 639415634
0 260 76
1 505 640919249
1 16 505709226
1 372 561685592
1 605 291686056
0 483 610
0 398 280
0 203 94
1 651 274833326
1 253 362849189
0 444 82
1 34 83846732
0 583 295
1 836 501706801
1 36 472188691
0 416 93
1 466 480412720
1 795 533135401
1 383 653000521
0 325 7
1 50 742482667
0 310 266
0 256 46
0 157 604
1 505 824543540
1 308 651346901
0 639 356
0 411 471
0 339 540
1 261 530853352
0 332 378
1 276 474439177
0 368 598
0 185 239
0 232 459
0 469 145
0 217 549
1 183 646484306
0 154 232
0 492 50
1 242 464916641
1 436 563269256
1 184 507852657
1 706 885733791
0 497 22
0 273 68
0 637 428
0 227 428
0 98 624
0 463 111
0 288 28
0 550 28
1 279 259569426
1 89 142492317
0 541 498
1 547 485482917
0 547 136
1 661 453431677
1 541 196199252
0 447 22
0 578 83
1 589 343521133
1 93 563121290
0 150 99
1 662 821515719
1 481 699686140
1 640 537936156
0 497 100
1 692 124313208
1 1 776754937
1 82 736258283
0 74 352
1 667 325015084
0 112 427
1 204 631030805
1 598 561509850
1 356 670071331
0 436 3
1 800 687251704
0 280 41
1 13 724570587
1 507 410369372
1 750 872762933
1 326 884512722
0 72 403
1 840 203011624
0 2 123
1 165 140902388
0 416 433
1 48 745144109
1 407 997756788
1 830 88718256
1 76 872289858
1 524 155120827
1 476 599101941
0 442 366
0 105 454
1 151 691692895
0 523 84
1 386 644801516
0 623 535
0 432 224
1 826 853109461
0 352 436
1 12 328516689
0 306 131
0 551 240
1 163 92813055
0 386 219
1 65 362503469
1 348 449716033
0 20 332
0 378 84
1 379 553907908
0 302 211
0 362 267
0 245 24
1 610 39341565
0 466 310
0 359 51
1 275 627772796
1 565 620960999
1 762 598031630
1 737 799355273
1 123 613314242
1 179 561620945
1 757 139144858
1 123 624385573
1 492 33044285
1 164 470965067
0 638 7
0 600 347
0 198 647
0 116 361
0 425 632
1 213 227634392
0 377 549
1 466 238604135
0 384 530
1 477 312908557
1 147 457323683
1 102 612736104
0 475 183
0 406 312
0 541 298
0 541 328
0 564 105
1 587 392827737
1 21 12996768
1 82 788549146
1 214 762992495
1 461 965266701
0 65 613
0 510 322
1 505 602056737
0 153 267
0 163 451
1 796 658223793
1 717 342386808
1 81 503331200
1 728 886145693
1 425 654898880
0 203 272
1 548 978925916
1 619 602900875
1 77 941615012
0 297 248
0 324 565
1 177 424893541
1 494 615085678
1 387 131528919
1 479 142532611
0 487 445
0 249 278
0 106 174
1 663 54478701
0 269 599
0 183 348
1 742 788504162
1 759 173431737
0 98 158
0 637 369
0 230 162
0 423 392
1 507 331531178
1 744 446214773
1 104 715639468
0 456 475
0 615 24
1 21 771575642
1 614 935699343
0 525 471
0 160 445
0 313 496
0 621 110
1 131 171858481
0 303 497
0 363 193
0 108 125
1 26 877634028
0 451 124
1 237 527592062
1 585 57855327
1 475 391330275
1 400 406544520
0 348 268
1 771 372514671
0 34 148
0 86 431
0 266 319
1 52 614316984
0 565 588
1 483 679038353
1 785 222676784
1 224 901191449
0 372 154
1 687 248180774
0 64 594
1 128 715707569
1 161 83352202
1 290 219250776
0 646 66
1 61 822462430
1 619 867527986
0 550 52
0 134 425
1 395 156465217
0 347 603
1 68 100665301
1 207 366845571
0 171 574
1 36 42088499
1 241 783485149
1 620 828244888
0 378 626
1 712 692470956
0 258 160
1 672 701474512
1 602 317600412
1 319 430785096
1 436 347449275
0 228 338
1 447 133738760
1 300 927238070
1 120 673910479
0 161 488
0 599 380
1 209 364358631
0 92 407
1 641 365447720
1 340 283657262
1 115 528933383
1 173 775768637
1 535 55170054
1 422 876998503
0 115 154
1 833 633590612
0 424 230
1 82 160797133
1 482 93927959
1 46 888086080
1 38 178532832
1 69 848423742
1 124 831861668
0 92 277
0 397 411
0 642 355
1 304 156600925
1 123 505405392
1 10 600976687
0 463 607
1 316 907314355
0 163 371
1 157 618621392
1 688 794100304
0 323 441
0 521 114
0 60 619
1 454 965959079
1 92 425955628
0 371 461
0 110 277
1 850 996222245
0 208 410
0 78 161
0 377 71
1 518 462050857
0 445 335
1 158 450691352
0 632 5
1 281 94138450
0 3 505
0 370 546
0 20 40
1 352 387745662
1 154 687229502
0 558 239
0 427 614
1 658 706042318
1 597 104977144
0 460 341
0 303 171
0 302 355
1 302 215273414
1 239 628104388
1 152 347286637
0 629 287
0 25 282
1 536 243278550
0 181 132
1 507 844280964
0 589 5
1 682 73894192
1 288 569212414
1 419 205234581
0 128 623
0 522 633
1 339 571772375
0 233 84
1 253 458354992
1 409 976292854
1 161 543218447
1 305 947012560
0 106 441
1 587 606379424
0 95 308
0 6 17
1 732 323031040
0 497 34
1 18 578964249
1 211 740226106
1 709 648344188
1 26 625113213
0 343 433
1 415 157236599
1 463 731943811
1 699 82654318
0 137 312
0 406 45
1 576 337706949
0 453 522
0 179 202
1 4 548565273
0 596 537
1 13 223321104
0 100 348
1 258 879822717
1 712 622023157
1 666 856617983
0 426 294
1 466 143171928
1 131 158322817
1 860 932470252
0 86 288
0 560 526
1 700 377829764
0 592 494
0 420 316
0 290 237
1 320 235137772
0 432 189
1 837 519392342
0 523 388
1 220 185113321
0 111 5
1 284 992502531
1 221 792895879
1 463 620318697
1 233 856886833
1 670 287971651
1 336 623015423
0 424 271
0 643 230
1 176 353381093
1 111 546481512
1 222 85146097
0 295 583
0 69 88
1 762 147971807
1 404 980838166
1 590 694420296
1 403 319272651
0 201 8
0 159 352
0 526 404
1 287 647922670
1 43 969582006
0 34 111
0 129 204
0 227 591
0 2 635
0 192 520
0 465 371
0 128 197
0 351 639
1 236 548615230
1 603 893357197
0 531 450
1 54 394271184
1 755 756187896
1 299 915166732
0 282 534
0 487 267
1 792 774871516
1 272 855648444
1 547 362047306
0 430 621
0 104 216
0 360 348
0 146 483
1 641 810229690
0 356 465
0 77 536
0 35 408
1 621 470693738
0 316 208
0 271 345
1 119 433768875
0 181 576
1 296 150767491
0 496 160
1 846 18678776
0 98 440
1 314 90323518
0 258 17
0 646 466
1 184 729835604
1 198 635736701
0 410 139
1 420 350040786
1 593 302514258
0 130 648
0 34 183
0 224 2
1 372 860792401
1 641 556854149
1 760 944662800
1 172 218321401
1 709 48995632
1 69 455399916
1 502 543758918
0 642 322
1 814 909961229
0 544 247
0 85 388
0 427 257
0 319 66
1 864 910221931
1 322 700273253
1 326 320869105
0 186 617
1 376 454652833
0 270 16
1 296 128139531
1 645 91365269
0 84 90
1 21 233463125
1 204 365288003
1 303 583369893
1 195 886786469
1 747 690301953
1 828 842333672
0 473 157
1 770 307995408
1 246 761207823
1 428 713249159
1 63 275216240
0 144 489
1 47 64803645
1 765 504573680
0 313 507
1 236 297143335
0 641 580
0 352 138
1 344 276342746
1 438 799537136
1 279 92891446
0 181 528
0 620 250
0 276 264
1 693 63034047
1 464 203538879
1 449 236292572
0 222 101
1 172 433766117
0 510 507
1 812 595805740
0 452 457
0 352 477
1 427 112902565
0 120 178
1 741 146006453
0 378 192
0 348 197
0 546 433
0 403 111
0 26 437
1 751 345018202
0 88 516
1 490 8477202
1 258 499879747
0 604 349
0 277 138
0 391 311
1 390 333243496
0 24 240
1 401 945174816
1 562 165288117
0 252 160
0 41 226
0 51 153
1 597 123022847
1 737 428323379
0 86 197
0 637 335
1 305 402389527
1 675 910917143
1 439 882335500
0 634 286
0 361 108
1 316 789581455
0 618 346
0 165 83
1 683 566105775
1 532 343830746
0 544 247
1 737 999003951
0 355 59
1 654 822175862
0 452 446
1 333 605354903
0 485 524
0 463 438
1 472 720031162
0 530 53
0 185 615
1 498 564566238
0 181 71
1 97 714416606
0 602 432
1 667 820944360
0 102 23
1 332 456604848
1 814 531689532
0 451 318
1 490 35567530
0 202 386
1 132 878010392
0 602 253
0 425 604
1 627 394756729
0 221 413
1 782 150170739
1 414 138077260
0 139 387
1 149 300011609
1 410 684189126
0 518 303
0 497 378
0 494 240
0 13 173
0 288 276
1 88 246583481
1 115 671248311
0 131 462
0 57 311
1 228 619152574
1 732 124236005
0 627 290
1 422 454213055
0 427 321
1 78 823507496
1 695 671477599
1 106 256611091
1 316 44586025
0 463 585
0 278 180
0 16 217
1 366 692583405
1 408 26133412
0 151 295
1 857 999702921
1 633 835015781
1 115 699847388
1 134 954062854
1 74 599374826
