16.2000000000
-1.0
14.1666666667
-1.0
16.2000000000
16.4666666667
14.7000000000
16.2000000000
15.9333333333
16.7333333333
13.2666666667
14.6333333333
14.1666666667
14.1000000000
-1.0
16.6000000000
16.4000000000
16.8000000000
14.3666666667
14.6333333333
15.5333333333
15.1333333333
16.2000000000
15.4666666667
15.3666666667
14.6333333333
16.8000000000
-1.0
16.1333333333
15.6000000000
15.5333333333
14.7666666667
16.2000000000
15.3000000000
13.4333333333
14.9333333333
14.1000000000
14.9333333333
15.3666666667
16.0666666667
16.6000000000
14.7666666667
14.7666666667
16.7333333333
14.6333333333
16.5333333333
15.2666666667
16.0666666667
15.1333333333
16.6666666667
16.4666666667
15.5333333333
14.6333333333
14.9333333333
14.7000000000
16.0000000000
14.7666666667
-1.0
15.3000000000
16.2000000000
16.1333333333
15.1000000000
14.9333333333
15.1000000000
16.5333333333
16.4000000000
16.3333333333
16.2666666667
14.1000000000
-1.0
16.5333333333
15.2333333333
14.7666666667
13.2666666667
16.4666666667
16.1333333333
15.3000000000
-1.0
-1.0
14.1000000000
16.4666666667
16.8000000000
14.5000000000
14.9333333333
16.2000000000
16.4666666667
16.0666666667
15.5333333333
-1.0
13.4333333333
-1.0
14.9666666667
14.1000000000
14.5000000000
14.3666666667
16.1333333333
16.2000000000
15.4666666667
13.4333333333
16.2000000000
16.8000000000
14.7666666667
15.4666666667
16.6666666667
13.2666666667
15.5333333333
16.2000000000
16.3333333333
15.2666666667
-1.0
16.5333333333
16.0666666667
14.8666666667
14.8666666667
16.6666666667
14.7000000000
14.7666666667
14.7666666667
14.9333333333
14.5000000000
15.3666666667
15.2666666667
16.4666666667
14.7666666667
15.2333333333
14.8666666667
14.6333333333
14.8666666667
14.1000000000
15.3666666667
16.0666666667
16.3333333333
16.4666666667
15.1000000000
16.6000000000
15.8000000000
-1.0
15.4000000000
15.8000000000
16.0000000000
15.1000000000
-1.0
-1.0
15.1000000000
16.2666666667
16.0666666667
-1.0
14.7666666667
16.2000000000
14.1000000000
15.6000000000
15.4666666667
16.2000000000
-1.0
-1.0
14.7000000000
16.7333333333
15.3000000000
14.1000000000
15.2333333333
14.3666666667
14.8666666667
14.3666666667
14.3666666667
15.5333333333
-1.0
16.1333333333
14.1000000000
15.3666666667
16.4666666667
14.7666666667
15.2666666667
16.2000000000
13.2666666667
14.1000000000
14.5000000000
15.8000000000
16.4000000000
14.0333333333
15.2333333333
15.8000000000
16.0666666667
16.0000000000
15.5333333333
16.5333333333
-1.0
-1.0
16.6000000000
16.4666666667
-1.0
15.8666666667
16.1333333333
15.2333333333
14.0333333333
15.5333333333
14.7666666667
15.2666666667
15.2666666667
15.1333333333
16.4000000000
16.2000000000
16.6666666667
14.7000000000
14.8666666667
16.1333333333
15.2666666667
15.4000000000
14.8666666667
15.8000000000
16.3333333333
15.6000000000
16.2666666667
-1.0
15.5333333333
16.2000000000
-1.0
14.1666666667
-1.0
16.1333333333
14.6333333333
16.3333333333
14.7000000000
16.2000000000
15.5333333333
16.2000000000
14.0333333333
-1.0
14.7000000000
14.3666666667
16.0666666667
15.1333333333
14.0333333333
14.6333333333
16.2000000000
16.0666666667
14.7000000000
14.9666666667
14.7666666667
14.9333333333
14.1666666667
14.6333333333
15.8000000000
14.1666666667
14.7000000000
15.2333333333
14.9666666667
13.2666666667
16.0000000000
16.2666666667
15.3666666667
16.6666666667
14.7666666667
16.4666666667
16.2000000000
14.7666666667
15.5333333333
16.1333333333
16.1333333333
14.7000000000
16.2000000000
16.2000000000
15.9333333333
14.7000000000
14.7000000000
14.7000000000
16.2000000000
16.2666666667
16.6000000000
16.5333333333
16.5333333333
16.2666666667
14.1000000000
15.2333333333
15.1333333333
14.1000000000
15.1333333333
15.2333333333
14.8666666667
15.8666666667
16.4666666667
16.6666666667
14.3666666667
15.8000000000
15.1333333333
16.1333333333
15.2666666667
16.8000000000
15.3000000000
14.7666666667
14.7666666667
13.4333333333
14.1666666667
15.4666666667
15.8666666667
14.3666666667
16.1333333333
14.0333333333
15.2333333333
15.3666666667
14.3666666667
