16.4000000000
12.7600000000
15.2400000000
13.2000000000
14.7600000000
12.2400000000
15.2800000000
16.9600000000
13.7600000000
13.4800000000
15.4800000000
14.2400000000
14.8400000000
14.4800000000
13.6000000000
16.0800000000
16.6400000000
14.4400000000
13.5200000000
15.0800000000
15.4400000000
14.1600000000
16.2000000000
17.0000000000
16.7200000000
16.1200000000
12.6800000000
17.0000000000
14.2400000000
14.0400000000
13.8000000000
17.0400000000
16.0000000000
13.7600000000
14.3600000000
14.5600000000
16.5200000000
14.5600000000
15.7600000000
15.1600000000
13.8800000000
14.0000000000
14.4000000000
13.2400000000
16.0800000000
13.4800000000
15.3600000000
13.0000000000
12.6800000000
17.2400000000
14.3200000000
14.0800000000
16.6800000000
-1.0
12.4400000000
12.3200000000
13.2000000000
14.9200000000
13.7600000000
12.6800000000
14.5600000000
15.8400000000
13.2000000000
13.9600000000
12.9200000000
14.9200000000
15.2800000000
15.7600000000
15.0000000000
15.2400000000
16.2400000000
15.6000000000
15.8800000000
13.6800000000
14.6400000000
12.8400000000
14.9200000000
15.2000000000
14.4800000000
14.5600000000
13.2400000000
16.4800000000
16.4800000000
15.1200000000
16.4800000000
15.5600000000
14.0000000000
15.4400000000
16.1600000000
14.9600000000
14.1600000000
16.4800000000
14.2800000000
14.4400000000
15.8400000000
14.9200000000
14.6400000000
13.6400000000
16.1200000000
16.7600000000
-1.0
15.3600000000
14.1200000000
14.6000000000
13.9200000000
13.0800000000
15.0800000000
14.6400000000
13.7200000000
13.7200000000
14.4400000000
14.1200000000
14.8400000000
16.0800000000
16.1200000000
13.2800000000
14.2000000000
14.2800000000
15.4800000000
14.5600000000
15.4400000000
15.3200000000
15.7600000000
16.7600000000
15.0400000000
13.2800000000
14.1600000000
15.7200000000
13.8800000000
14.5200000000
12.9200000000
15.2400000000
14.4000000000
13.9600000000
16.9200000000
14.9200000000
15.6800000000
14.0400000000
15.0000000000
15.1600000000
13.9200000000
14.7600000000
14.3200000000
14.3200000000
16.6400000000
14.6800000000
15.9600000000
13.4800000000
13.8000000000
14.6000000000
16.2800000000
15.8800000000
13.8800000000
14.6400000000
15.2800000000
14.7600000000
13.8000000000
14.0000000000
15.6000000000
14.5200000000
15.5200000000
16.0000000000
15.4400000000
15.0000000000
17.3200000000
13.5200000000
13.6800000000
12.2400000000
16.1200000000
14.6000000000
15.7200000000
14.2400000000
12.6400000000
14.4800000000
14.8400000000
14.9600000000
14.6800000000
15.2400000000
16.2400000000
17.4000000000
13.3200000000
14.5600000000
13.6800000000
18.2400000000
13.8400000000
13.6000000000
14.1200000000
13.4400000000
16.0400000000
14.2000000000
16.8800000000
14.6400000000
14.6800000000
12.8400000000
13.4000000000
13.4000000000
13.4800000000
16.5600000000
14.8800000000
14.1200000000
13.9200000000
15.0400000000
14.4000000000
14.4400000000
15.0800000000
13.4800000000
13.2800000000
15.7600000000
14.5632000000
-1.0
14.4800000000
16.6400000000
13.8400000000
14.2000000000
14.6400000000
14.6000000000
17.2400000000
14.1600000000
13.2800000000
13.9600000000
14.1600000000
14.5600000000
14.6400000000
15.7600000000
13.4400000000
13.6800000000
14.3200000000
14.6400000000
13.0800000000
14.0400000000
15.8400000000
15.0800000000
14.2800000000
15.0000000000
15.1600000000
14.5600000000
17.0400000000
16.5600000000
12.7200000000
16.0400000000
14.9200000000
13.4800000000
14.2000000000
13.6000000000
14.5200000000
15.6400000000
13.7200000000
16.0400000000
15.0400000000
15.2400000000
15.1600000000
14.3600000000
12.5600000000
13.0800000000
12.2400000000
13.4400000000
16.6400000000
15.1200000000
16.2000000000
13.0400000000
15.5600000000
12.9600000000
16.8800000000
16.2400000000
14.5600000000
14.3600000000
13.7200000000
14.6800000000
13.7200000000
14.8800000000
13.0800000000
14.4800000000
12.6800000000
13.7200000000
14.8400000000
14.3600000000
15.0000000000
13.6400000000
13.3600000000
-1.0
15.0000000000
14.2800000000
13.6800000000
13.5600000000
15.0400000000
15.7200000000
15.8400000000
14.8000000000
15.5200000000
14.1200000000
14.0400000000
13.2000000000
14.1600000000
12.8800000000
15.7200000000
13.4800000000
16.1600000000
14.8000000000
13.0400000000
15.2000000000
13.6400000000
13.7200000000
14.4000000000
13.0400000000
13.2400000000
15.8400000000
15.9600000000
13.1600000000
15.4800000000
15.5200000000
13.0800000000
15.0400000000
15.4800000000
12.7600000000
14.3200000000
14.2800000000
15.0000000000
15.0400000000
14.3600000000
16.7600000000
14.7600000000
15.4800000000
13.4800000000
13.8000000000
16.0400000000
15.1200000000
14.2800000000
14.4000000000
13.9600000000
14.2000000000
14.8000000000
15.8400000000
15.0400000000
13.8400000000
13.6400000000
14.9600000000
14.8000000000
14.7200000000
14.2000000000
13.2800000000
18.5600000000
15.8000000000
15.0400000000
14.5600000000
14.5600000000
16.2400000000
15.6000000000
14.2400000000
14.8800000000
14.3600000000
14.4000000000
13.8800000000
14.4800000000
13.8800000000
13.7616000000
14.2000000000
14.9600000000
15.0000000000
15.6400000000
15.8000000000
14.4800000000
14.4400000000
13.4800000000
15.9200000000
15.4400000000
13.4000000000
13.0000000000
15.2000000000
14.0400000000
13.2400000000
16.2800000000
14.2400000000
15.6000000000
15.4400000000
13.9600000000
13.8400000000
14.5600000000
14.6000000000
14.7600000000
13.5600000000
16.3200000000
16.4800000000
14.1200000000
16.5200000000
12.2400000000
14.4000000000
13.3600000000
12.8000000000
14.6400000000
-1.0
15.0400000000
15.8000000000
14.3200000000
14.4000000000
13.4800000000
15.5200000000
15.9200000000
12.7600000000
14.1200000000
15.4000000000
13.7600000000
15.2400000000
14.7200000000
12.4400000000
14.4400000000
17.5200000000
15.0800000000
13.9200000000
14.1200000000
14.2800000000
15.7200000000
14.3200000000
13.6000000000
13.9200000000
14.8000000000
14.6000000000
14.4800000000
12.8400000000
13.4800000000
14.9600000000
12.0000000000
13.5200000000
13.8400000000
15.6800000000
12.3200000000
12.3200000000
13.6400000000
12.0000000000
13.8000000000
13.5200000000
15.4800000000
14.4800000000
11.7200000000
-1.0
14.4000000000
15.6400000000
14.2000000000
14.6000000000
14.4400000000
15.3200000000
14.6800000000
17.4400000000
13.8400000000
15.6800000000
15.6000000000
15.4400000000
15.6000000000
14.6800000000
16.8800000000
14.3600000000
15.5200000000
13.6400000000
15.2800000000
15.4400000000
14.5200000000
15.1600000000
14.5200000000
16.4800000000
16.3600000000
15.2000000000
16.2800000000
12.9200000000
16.5600000000
15.9200000000
13.6800000000
13.0000000000
13.4000000000
15.8000000000
14.8800000000
13.0800000000
16.4400000000
15.2400000000
15.4000000000
15.1600000000
14.5200000000
-1.0
15.1200000000
14.4400000000
15.4400000000
16.1600000000
13.5600000000
15.7200000000
13.9200000000
13.6000000000
15.2400000000
15.1600000000
16.1600000000
14.0000000000
14.5200000000
16.0800000000
13.4800000000
14.8800000000
13.7600000000
15.3600000000
14.0000000000
15.2400000000
14.4800000000
12.4800000000
16.2800000000
14.0000000000
16.9200000000
14.6800000000
14.9600000000
16.6800000000
15.2800000000
12.9600000000
13.0800000000
14.4400000000
13.9200000000
14.9600000000
14.8000000000
13.4000000000
15.2400000000
14.8800000000
16.1600000000
13.4000000000
12.6400000000
16.9200000000
15.0800000000
17.8800000000
13.6000000000
14.9600000000
16.0000000000
14.8000000000
16.0800000000
13.2800000000
13.4800000000
13.7600000000
14.5600000000
17.0400000000
14.3200000000
15.1200000000
15.4400000000
14.4400000000
13.3200000000
16.9600000000
15.0400000000
14.3200000000
16.0000000000
12.9600000000
-1.0
14.3200000000
13.8000000000
14.4400000000
14.5200000000
14.0400000000
14.6000000000
15.5600000000
14.3600000000
13.7600000000
14.1200000000
15.8400000000
15.8800000000
14.8800000000
14.2800000000
13.5200000000
16.1600000000
16.4800000000
12.8800000000
14.9200000000
15.2000000000
16.1600000000
15.5600000000
15.6800000000
16.7200000000
13.9200000000
15.4400000000
15.1600000000
14.9200000000
16.2800000000
16.5600000000
12.5200000000
13.4000000000
12.8400000000
14.3200000000
13.6000000000
12.3200000000
15.2400000000
14.4000000000
13.2400000000
13.2000000000
14.8800000000
13.3600000000
14.5600000000
15.7200000000
13.3200000000
15.8000000000
14.4000000000
16.2800000000
14.2400000000
14.4800000000
15.3200000000
12.8800000000
15.2000000000
16.2400000000
14.1600000000
12.0400000000
13.9200000000
14.9200000000
15.9600000000
15.8000000000
17.1600000000
15.8800000000
15.7200000000
17.0000000000
15.4800000000
13.3600000000
14.5600000000
16.4000000000
16.4400000000
14.0400000000
13.6400000000
14.7200000000
13.1600000000
15.2000000000
14.2000000000
17.4000000000
12.4800000000
15.7200000000
14.0400000000
13.6816000000
13.6416000000
15.0800000000
13.8800000000
16.0800000000
15.9200000000
15.0400000000
15.4400000000
17.7600000000
13.1600000000
14.6000000000
16.7600000000
15.6800000000
12.3200000000
14.4000000000
13.0800000000
16.9200000000
14.7200000000
14.9600000000
16.0000000000
15.2400000000
13.1600000000
15.2800000000
14.6400000000
15.0400000000
13.1600000000
13.2000000000
16.9600000000
12.6400000000
13.4800000000
14.7200000000
13.8800000000
16.9200000000
14.1200000000
15.4800000000
14.7600000000
15.2400000000
17.1200000000
14.2800000000
15.7600000000
15.0800000000
15.0000000000
15.3200000000
12.6800000000
14.6400000000
12.2000000000
15.8000000000
15.3200000000
15.3600000000
14.4000000000
15.6400000000
14.8400000000
15.7200000000
14.7600000000
16.9600000000
15.2400000000
14.7200000000
14.5600000000
13.0400000000
14.2000000000
14.2800000000
13.5600000000
13.7200000000
12.9600000000
14.0400000000
15.9200000000
15.0000000000
14.4000000000
16.7600000000
14.0000000000
14.1600000000
12.9200000000
16.5200000000
15.4800000000
15.2400000000
14.3600000000
14.9200000000
14.5600000000
15.6800000000
14.2400000000
14.0000000000
15.9600000000
15.2000000000
12.9600000000
14.2400000000
15.0400000000
15.1200000000
15.0000000000
16.3600000000
14.2000000000
13.7200000000
14.4800000000
14.7600000000
13.2000000000
13.4400000000
14.4800000000
13.9200000000
14.9600000000
13.7600000000
15.4800000000
-1.0
16.2800000000
14.3200000000
14.8800000000
15.5600000000
14.9200000000
13.1200000000
14.8000000000
14.3600000000
13.7600000000
14.6400000000
15.3200000000
15.4400000000
14.4400000000
14.1200000000
16.2400000000
15.6000000000
15.5600000000
16.1600000000
14.3200000000
14.4800000000
14.1600000000
16.0400000000
14.3200000000
16.6000000000
13.7600000000
14.6800000000
15.7200000000
17.5200000000
13.5200000000
15.0800000000
14.4400000000
15.8800000000
14.0000000000
14.8000000000
14.5200000000
13.9200000000
14.6800000000
13.4000000000
14.5200000000
17.0400000000
13.6400000000
13.6400000000
13.6000000000
17.0000000000
14.9600000000
15.8000000000
14.4400000000
15.9200000000
14.5600000000
16.0800000000
15.2400000000
13.0000000000
15.0400000000
15.0000000000
14.8400000000
15.3600000000
14.9600000000
16.0400000000
14.1600000000
16.8800000000
13.4800000000
15.3200000000
12.9600000000
13.1200000000
15.3600000000
16.6000000000
14.3600000000
16.9600000000
16.6000000000
14.3600000000
14.4800000000
13.9600000000
14.2800000000
14.2000000000
14.6000000000
13.6000000000
15.8800000000
14.4800000000
15.0800000000
14.2400000000
15.7200000000
13.8800000000
15.0800000000
15.6000000000
16.6000000000
15.9600000000
15.6000000000
13.3600000000
13.4000000000
14.5600000000
13.6000000000
14.4800000000
14.8000000000
16.5200000000
16.6800000000
16.2800000000
16.2800000000
16.4400000000
13.1600000000
15.6000000000
14.0400000000
14.0400000000
15.0000000000
13.0400000000
13.3600000000
13.5600000000
13.7200000000
14.5200000000
14.0000000000
13.3600000000
13.2400000000
13.6000000000
14.7600000000
15.6800000000
15.6800000000
14.4400000000
14.2400000000
15.8400000000
13.0800000000
15.0000000000
15.9600000000
13.5200000000
15.3600000000
14.8800000000
16.2800000000
14.5200000000
14.3600000000
12.2000000000
14.6800000000
13.5600000000
15.4800000000
13.1600000000
16.4000000000
15.0400000000
14.9200000000
17.4000000000
14.3600000000
16.0800000000
13.4000000000
16.8800000000
13.2000000000
15.3600000000
17.3200000000
14.3600000000
15.0400000000
14.2400000000
13.8400000000
13.1600000000
14.7600000000
15.5200000000
15.9200000000
14.4400000000
16.2800000000
16.4800000000
15.4000000000
14.5200000000
14.4000000000
14.9600000000
14.3600000000
14.2000000000
13.7200000000
14.8800000000
14.1600000000
15.4400000000
15.5200000000
14.9600000000
15.6000000000
15.6000000000
14.2400000000
14.6000000000
12.9600000000
16.1600000000
14.8000000000
12.6800000000
13.4800000000
14.4400000000
13.6800000000
16.2400000000
16.5600000000
14.5200000000
14.2400000000
14.7600000000
12.2400000000
16.2400000000
13.2800000000
14.0400000000
15.6400000000
13.4400000000
13.2000000000
13.8000000000
13.4000000000
13.8800000000
15.8800000000
15.4000000000
14.8800000000
14.0000000000
14.3600000000
13.0800000000
14.4800000000
16.5600000000
13.6000000000
15.2400000000
13.2800000000
12.4800000000
12.8800000000
13.5200000000
14.9600000000
14.3600000000
13.0400000000
14.0000000000
13.2800000000
13.8000000000
13.3200000000
14.3600000000
15.9200000000
12.5600000000
16.4400000000
15.4000000000
14.4400000000
13.0400000000
14.8000000000
13.9600000000
15.4800000000
13.0800000000
13.3200000000
14.2400000000
17.2000000000
-1.0
14.7200000000
13.8000000000
14.0800000000
15.4400000000
13.1200000000
14.4800000000
13.9200000000
13.8400000000
16.1600000000
15.0400000000
16.0000000000
14.9600000000
14.0400000000
14.7600000000
14.3600000000
13.0400000000
16.1200000000
14.2400000000
14.7200000000
15.2800000000
14.4000000000
14.4000000000
14.8800000000
13.7200000000
15.1200000000
14.4000000000
17.0400000000
14.5600000000
16.2800000000
13.2000000000
15.3600000000
14.5200000000
13.6000000000
14.9600000000
14.2800000000
15.2000000000
13.6400000000
13.8800000000
16.0800000000
15.3200000000
16.4400000000
15.7200000000
14.2800000000
15.0000000000
14.6400000000
15.6400000000
16.1600000000
12.7600000000
13.3200000000
13.3200000000
13.9200000000
15.3600000000
14.4400000000
15.5200000000
14.0400000000
13.4000000000
14.6800000000
14.9200000000
14.0000000000
13.3200000000
14.6000000000
15.8400000000
17.0000000000
15.5600000000
14.5200000000
15.8000000000
12.5200000000
13.2800000000
13.3200000000
14.4400000000
14.4800000000
14.4000000000
13.5200000000
14.3600000000
16.1200000000
14.5632000000
13.1600000000
15.5200000000
15.3200000000
13.6800000000
13.9600000000
13.1200000000
16.3200000000
15.2400000000
15.6800000000
16.6400000000
17.5200000000
15.0400000000
16.5600000000
15.4800000000
14.4000000000
15.0400000000
16.6800000000
13.6800000000
16.3200000000
14.4000000000
12.5200000000
14.2400000000
13.3200000000
15.3600000000
14.8400000000
15.3200000000
14.8000000000
13.6000000000
15.7200000000
14.5200000000
16.0000000000
15.0000000000
14.6800000000
15.5600000000
15.1600000000
15.8800000000
13.5600000000
16.0000000000
14.8000000000
17.2000000000
13.9600000000
14.0800000000
14.8800000000
17.8400000000
14.3600000000
13.3200000000
12.4400000000
14.2416000000
14.2400000000
13.6400000000
13.4400000000
16.9600000000
18.1600000000
16.6400000000
15.6000000000
14.3200000000
14.5200000000
16.8400000000
14.6800000000
15.1200000000
14.7600000000
14.6000000000
13.8400000000
13.6800000000
14.4800000000
15.5200000000
13.6400000000
14.8400000000
14.3200000000
15.8800000000
12.3200000000
14.8400000000
14.0000000000
14.1200000000
14.4400000000
14.7200000000
15.5600000000
16.2800000000
13.7600000000
16.1600000000
14.0000000000
13.2000000000
16.5600000000
14.2400000000
14.8800000000
13.9200000000
14.3600000000
15.0000000000
14.8800000000
14.0400000000
14.4000000000
12.8000000000
15.8800000000
14.5600000000
14.5200000000
13.0800000000
13.9600000000
14.0800000000
15.7200000000
13.7200000000
13.5216000000
13.2000000000
16.0800000000
14.5600000000
14.7600000000
14.6400000000
13.5216000000
14.6400000000
14.3600000000
17.5200000000
16.0400000000
13.2000000000
13.8400000000
15.5600000000
14.6400000000
15.0800000000
13.4000000000
14.5200000000
13.6400000000
13.4400000000
14.1200000000
13.4000000000
12.8800000000
13.8800000000
13.4000000000
13.6800000000
16.6800000000
17.2400000000
13.7200000000
16.0400000000
12.9600000000
14.2800000000
14.6400000000
14.1200000000
14.4800000000
15.2400000000
15.9600000000
13.6000000000
15.0800000000
15.6000000000
13.2000000000
16.6800000000
15.7200000000
14.6000000000
12.3200000000
15.0800000000
15.2400000000
15.3600000000
15.4000000000
14.8000000000
15.0000000000
16.0000000000
13.9600000000
14.4800000000
15.8000000000
14.1600000000
14.3200000000
14.3600000000
14.1200000000
14.8800000000
13.7200000000
14.4400000000
15.2000000000
13.7200000000
13.1200000000
14.0000000000
14.1200000000
15.0400000000
14.1600000000
13.0400000000
15.1600000000
12.8400000000
14.2800000000
17.5200000000
14.7200000000
15.4800000000
13.4400000000
12.7200000000
13.7600000000
14.5200000000
13.8400000000
15.0800000000
15.0400000000
15.8800000000
16.2800000000
17.8000000000
16.3200000000
14.1600000000
12.5600000000
14.2000000000
16.3200000000
13.8800000000
14.9200000000
13.6000000000
13.6800000000
13.9200000000
14.0000000000
15.4800000000
13.2400000000
13.2000000000
16.9600000000
14.0800000000
14.3600000000
15.7200000000
14.9200000000
14.3200000000
13.1600000000
14.9600000000
15.7200000000
15.9200000000
14.4000000000
17.4000000000
14.5600000000
15.2800000000
15.5200000000
15.4800000000
15.0400000000
16.7200000000
14.2800000000
13.8800000000
16.2800000000
15.1200000000
14.7600000000
12.5200000000
13.6400000000
14.9600000000
14.3600000000
15.7200000000
15.5600000000
14.4800000000
17.1200000000
13.4800000000
16.9600000000
14.1200000000
13.6400000000
13.7200000000
15.1200000000
13.3200000000
15.4800000000
14.4400000000
14.6000000000
12.7600000000
14.6800000000
16.2400000000
16.6800000000
12.5200000000
15.4800000000
14.3600000000
16.8400000000
15.0400000000
14.2000000000
13.1600000000
15.2800000000
15.7200000000
13.7200000000
15.3600000000
14.1200000000
16.3600000000
16.1600000000
13.0400000000
12.4000000000
12.3600000000
14.2000000000
14.8800000000
12.1600000000
16.3600000000
15.5600000000
13.7600000000
-1.0
16.5600000000
14.6000000000
14.6400000000
13.8800000000
17.4400000000
13.0800000000
13.7200000000
14.2800000000
15.6800000000
13.6000000000
14.8800000000
14.1600000000
15.4800000000
16.6000000000
12.3200000000
16.2400000000
12.0000000000
15.8400000000
16.8800000000
14.9200000000
13.1600000000
15.0000000000
13.5600000000
13.7600000000
15.2000000000
15.4800000000
15.8400000000
15.6000000000
13.1600000000
14.1200000000
15.1200000000
16.1200000000
16.4800000000
17.8000000000
17.3200000000
13.2800000000
14.6000000000
15.7200000000
13.8000000000
15.7200000000
14.3200000000
13.6800000000
16.1600000000
13.1200000000
13.6000000000
13.2800000000
15.2000000000
16.8800000000
14.2000000000
15.4000000000
15.1200000000
15.2400000000
15.7200000000
16.8400000000
15.3600000000
14.4400000000
13.4800000000
14.8000000000
14.4000000000
16.9600000000
13.0400000000
12.7200000000
16.1600000000
14.4800000000
14.6000000000
14.4000000000
15.0000000000
15.1200000000
14.4400000000
14.5200000000
14.2400000000
15.5200000000
15.3200000000
15.2000000000
16.7600000000
13.4000000000
12.9200000000
14.1200000000
13.6000000000
14.4000000000
13.8400000000
17.4000000000
16.0400000000
15.9200000000
12.2400000000
14.9200000000
14.2400000000
14.6400000000
14.7200000000
15.7200000000
14.1200000000
15.6400000000
15.2400000000
18.0800000000
13.5200000000
18.1600000000
14.0000000000
14.5600000000
14.3200000000
13.0400000000
13.5600000000
16.4000000000
14.0400000000
16.9600000000
12.9600000000
13.8800000000
12.4800000000
14.6800000000
12.8400000000
15.0000000000
14.2800000000
16.9200000000
15.6000000000
12.9600000000
16.5200000000
13.1600000000
15.6400000000
15.9600000000
14.2800000000
15.1600000000
17.5200000000
14.3600000000
15.6000000000
13.8000000000
15.6800000000
16.2800000000
14.7200000000
15.5200000000
12.6400000000
15.9200000000
16.0800000000
13.9200000000
16.1600000000
16.4800000000
12.2400000000
14.5600000000
13.6400000000
13.6000000000
16.1200000000
14.6000000000
15.6400000000
14.7200000000
15.1200000000
16.0800000000
15.5600000000
14.3600000000
15.4000000000
15.8800000000
14.6000000000
14.6800000000
13.8000000000
15.3600000000
15.4400000000
16.1600000000
17.5200000000
12.4800000000
14.7600000000
15.6400000000
14.2800000000
14.9600000000
14.8000000000
14.8800000000
14.8000000000
17.0000000000
14.3200000000
15.2400000000
14.4400000000
16.2800000000
14.8000000000
15.5600000000
14.6400000000
13.8400000000
13.7600000000
14.3600000000
14.9200000000
15.3200000000
15.9200000000
16.6000000000
13.7600000000
14.0800000000
14.4400000000
14.6400000000
15.1200000000
15.5200000000
15.1600000000
14.7200000000
14.1600000000
16.2800000000
14.6000000000
15.4400000000
15.1600000000
15.2800000000
15.8400000000
13.0400000000
14.6400000000
13.5600000000
14.6800000000
12.2400000000
14.2800000000
14.3600000000
13.8400000000
14.9600000000
13.8816000000
14.0800000000
12.8800000000
14.0000000000
17.1200000000
13.0800000000
14.6400000000
17.4400000000
12.4400000000
15.8800000000
14.8400000000
13.0400000000
13.6800000000
13.2400000000
13.8400000000
13.9200000000
17.0800000000
13.6400000000
15.1600000000
13.6800000000
13.6800000000
16.5600000000
15.1200000000
14.9600000000
12.5200000000
13.4800000000
13.4400000000
15.8800000000
13.8800000000
15.6800000000
15.1200000000
13.9200000000
16.3600000000
16.6800000000
13.7600000000
15.0400000000
15.8400000000
14.2000000000
15.9600000000
15.3200000000
15.6800000000
12.8800000000
14.4000000000
-1.0
15.8800000000
13.7600000000
13.9600000000
14.9200000000
16.7200000000
14.9600000000
15.9600000000
13.5200000000
16.7600000000
13.8800000000
15.3200000000
13.8000000000
15.6000000000
12.4800000000
14.3200000000
15.7200000000
14.4000000000
14.9600000000
14.1600000000
14.0400000000
17.1200000000
15.5600000000
14.6800000000
12.7200000000
16.4000000000
14.8800000000
13.9200000000
15.1600000000
13.9200000000
15.4800000000
13.6400000000
16.2000000000
14.5600000000
14.1600000000
16.7200000000
16.4800000000
14.0000000000
14.6000000000
12.7200000000
16.5600000000
15.8800000000
13.2400000000
14.5200000000
16.9600000000
16.3600000000
16.8000000000
16.0000000000
16.9200000000
15.5200000000
16.2000000000
14.4400000000
15.6000000000
16.1600000000
17.8400000000
15.0400000000
13.8400000000
13.5200000000
14.5600000000
15.9200000000
16.7600000000
14.2000000000
13.4000000000
14.3200000000
14.9600000000
14.4800000000
16.3600000000
15.7200000000
14.2800000000
14.4800000000
14.6400000000
14.4400000000
16.2400000000
13.6400000000
14.0400000000
12.9600000000
13.2000000000
14.2000000000
14.5200000000
16.2800000000
13.8400000000
15.0800000000
16.0400000000
15.1200000000
13.6400000000
15.4400000000
14.2800000000
13.1200000000
14.4000000000
14.7200000000
13.6800000000
13.9600000000
14.0000000000
14.3600000000
13.4800000000
14.8800000000
13.1600000000
16.8400000000
13.7200000000
15.5200000000
14.6400000000
15.8800000000
-1.0
14.8800000000
15.2400000000
14.6000000000
15.1200000000
14.6000000000
14.1600000000
13.3200000000
15.2000000000
13.6800000000
12.3600000000
13.0400000000
16.5200000000
14.2800000000
14.6400000000
15.6000000000
14.6800000000
14.2800000000
13.2800000000
14.7600000000
15.2000000000
15.2800000000
12.8800000000
13.4400000000
14.0400000000
15.8000000000
15.3200000000
15.6400000000
15.1200000000
12.9600000000
13.0800000000
14.8800000000
13.5600000000
14.4800000000
15.6400000000
16.4800000000
16.3600000000
14.6000000000
14.4400000000
13.9600000000
17.0400000000
14.6400000000
13.3600000000
16.0400000000
14.3200000000
14.1200000000
13.2800000000
15.4400000000
13.9200000000
15.4800000000
14.8000000000
15.3600000000
15.3200000000
14.0400000000
17.8400000000
14.2400000000
14.4400000000
15.7600000000
14.6000000000
13.5200000000
14.4800000000
14.1600000000
12.6000000000
12.8800000000
15.2400000000
13.5600000000
15.7600000000
14.0800000000
12.9600000000
17.8800000000
14.8000000000
12.8800000000
16.2800000000
14.8000000000
17.1600000000
15.6400000000
15.0400000000
14.4000000000
14.3600000000
14.4400000000
13.7600000000
13.9200000000
14.2000000000
14.0400000000
17.1200000000
15.2400000000
13.5600000000
15.0000000000
14.1200000000
13.3200000000
11.9200000000
15.5200000000
12.8400000000
13.8000000000
14.2800000000
15.1600000000
15.2400000000
13.2400000000
15.6800000000
15.2800000000
14.2400000000
15.2800000000
14.4400000000
14.8400000000
14.4400000000
16.5200000000
15.6000000000
14.3200000000
15.1600000000
15.2800000000
14.7600000000
13.8800000000
13.9600000000
15.9600000000
13.7600000000
15.2800000000
13.2800000000
13.0000000000
15.8000000000
15.0000000000
13.5600000000
15.8400000000
13.7600000000
14.2000000000
14.2800000000
15.8400000000
16.1200000000
15.0000000000
15.2800000000
13.2400000000
16.3200000000
13.8800000000
14.5600000000
13.2000000000
14.6800000000
14.4000000000
13.4400000000
13.2400000000
14.4800000000
16.2800000000
14.0800000000
13.9200000000
15.0800000000
15.0400000000
14.4400000000
13.6400000000
16.2800000000
15.1600000000
13.8800000000
14.1200000000
13.0800000000
13.8400000000
15.7200000000
17.1200000000
15.0800000000
14.1200000000
13.2400000000
14.2800000000
14.2400000000
15.4000000000
15.3600000000
13.2000000000
14.4400000000
13.9200000000
15.9200000000
12.8400000000
14.0000000000
14.4800000000
13.9200000000
16.7200000000
16.7600000000
14.4000000000
13.8000000000
14.0400000000
13.9200000000
13.6400000000
15.4800000000
15.6000000000
16.6000000000
13.8400000000
13.2800000000
13.2000000000
12.2400000000
14.5200000000
12.7200000000
13.7200000000
13.6000000000
15.6400000000
15.8400000000
13.5200000000
13.1200000000
12.2400000000
12.2400000000
15.7600000000
15.0400000000
15.0400000000
16.1200000000
15.1600000000
13.7600000000
15.8000000000
15.4000000000
14.6400000000
13.8800000000
14.8400000000
14.5200000000
15.9200000000
13.6800000000
14.2800000000
-1.0
15.8800000000
14.8000000000
15.2800000000
14.8800000000
17.8400000000
14.4000000000
13.6400000000
13.9200000000
14.1200000000
14.4000000000
16.5600000000
15.0000000000
15.9200000000
13.7200000000
14.4400000000
17.4400000000
15.4800000000
14.3600000000
13.9200000000
16.5200000000
13.6400000000
14.0800000000
16.3200000000
13.6400000000
13.1200000000
13.9200000000
15.6800000000
15.2800000000
18.1200000000
14.6800000000
16.6800000000
-1.0
13.9600000000
14.3600000000
12.6800000000
12.7600000000
14.4000000000
15.9600000000
14.0800000000
15.3600000000
15.2800000000
15.9600000000
14.3600000000
15.0400000000
16.5200000000
13.8400000000
13.3200000000
13.9600000000
16.6400000000
14.1600000000
14.3600000000
15.4800000000
15.1200000000
14.0400000000
15.6000000000
15.3600000000
15.0000000000
12.8800000000
15.0400000000
14.7200000000
13.4800000000
14.3600000000
14.2800000000
15.7200000000
16.6000000000
13.7200000000
14.1200000000
12.4400000000
13.6400000000
16.8400000000
13.4400000000
13.6816000000
-1.0
12.9600000000
13.8400000000
14.4400000000
14.9600000000
13.5600000000
15.3200000000
15.0000000000
14.4000000000
13.3200000000
15.4800000000
-1.0
14.9600000000
14.2400000000
15.9200000000
16.2800000000
17.3600000000
15.0000000000
15.8000000000
15.1200000000
14.7600000000
13.1600000000
14.5600000000
15.4800000000
14.6400000000
13.1600000000
15.1600000000
18.2400000000
13.8400000000
13.4400000000
16.7600000000
15.4000000000
14.8400000000
17.0000000000
14.8800000000
14.9600000000
15.1200000000
12.4400000000
16.0000000000
14.7600000000
18.5200000000
14.4800000000
12.6800000000
16.0000000000
15.1200000000
14.4000000000
15.3200000000
15.0000000000
14.2800000000
15.5600000000
16.9200000000
14.4800000000
13.8400000000
14.3200000000
13.4000000000
14.4000000000
14.6400000000
16.1600000000
14.8800000000
13.3200000000
15.4800000000
14.6800000000
15.3200000000
15.0400000000
12.6000000000
14.0400000000
13.8400000000
15.2400000000
17.0000000000
14.9600000000
15.9200000000
14.2000000000
16.5600000000
13.8400000000
14.5200000000
14.4800000000
14.9200000000
14.3600000000
