22.8400000000
22.5400000000
23.1001000000
23.5000000000
25.6000000000
21.7800000000
24.4500000000
23.7102000000
22.9601000000
23.3800000000
22.5400000000
21.3800000000
20.4700000000
24.7900000000
21.0500000000
20.5700000000
21.2400000000
24.2000000000
21.1900000000
23.3600000000
21.8100000000
23.7102000000
23.1000000000
24.1200000000
23.1100000000
27.0200000000
22.0600000000
22.5400000000
21.7200000000
27.0200000000
21.9900000000
25.6000000000
20.8900000000
24.5600000000
23.1100000000
23.6600000000
21.1900000000
22.6201000000
23.7600000000
20.7500000000
23.2600000000
22.8000000000
22.6301000000
22.0000000000
24.8300000000
20.8500000000
23.2900000000
23.1100000000
24.1200000000
22.9200000000
23.9700000000
20.8500000000
24.7900000000
-1.0
21.7900000000
24.2300000000
23.1001000000
23.7000000000
-1.0
20.8900000000
25.3900000000
22.3700000000
25.2700000000
21.4300000000
24.7900000000
25.0100000000
25.4400000000
23.2100000000
24.5000000000
23.3600000000
21.7200000000
24.2400000000
22.3700000000
22.0300000000
25.5100000000
21.6800000000
23.9002000000
23.0800000000
22.6700000000
23.8400000000
22.9601000000
25.9000000000
22.5400000000
24.2400000000
25.5100000000
20.5000000000
23.2100000000
19.9800000000
21.7900000000
23.0800000000
20.7100000000
22.9300000000
23.3200000000
25.0100000000
21.4800000000
22.3400000000
20.5100000000
23.7800000000
21.9700000000
27.6300000000
21.2400000000
21.9900000000
25.2900000000
22.2400000000
23.3800000000
21.9600000000
23.7800000000
22.4801000000
22.2700000000
-1.0
23.7800000000
26.2100000000
-1.0
22.7301000000
23.2100000000
20.6700000000
20.7100000000
22.4801000000
23.3900000000
23.8700000000
24.2400000000
23.9700000000
22.8000000000
23.0601000000
24.1800000000
23.1100000000
22.3600000000
23.1100000000
26.5400000000
23.1000000000
24.5300000000
23.7800000000
20.6000000000
20.5700000000
21.8100000000
-1.0
22.3400000000
21.7100000000
-1.0
-1.0
22.8000000000
20.6100000000
20.0800000000
23.7102000000
21.0500000000
21.7100000000
22.9200000000
22.8300000000
23.2000000000
24.5300000000
22.0000000000
22.2700000000
24.5000000000
20.6700000000
-1.0
24.5000000000
22.6200000000
23.1500000000
24.1200000000
-1.0
23.7600000000
24.7800000000
25.1100000000
24.5600000000
25.0600000000
21.9900000000
22.2700000000
22.8300000000
22.3600000000
-1.0
21.9600000000
21.5900000000
22.5500000000
-1.0
25.3900000000
25.9000000000
21.0600000000
21.1400000000
20.6000000000
-1.0
23.6702000000
21.1600000000
23.9700000000
21.1500000000
21.0600000000
23.1001000000
23.6900000000
21.2000000000
23.1500000000
21.1500000000
20.7500000000
20.8900000000
20.0800000000
25.3900000000
26.2100000000
20.6400000000
22.6201000000
23.3200000000
-1.0
24.6300000000
22.8000000000
23.3900000000
23.1001000000
23.3900000000
25.7700000000
21.9600000000
22.0300000000
24.2000000000
25.0600000000
24.8100000000
21.2000000000
22.6200000000
20.5700000000
23.6702000000
21.2400000000
23.5900000000
21.6900000000
21.9600000000
22.4801000000
21.7100000000
20.8900000000
25.4400000000
-1.0
26.6900000000
24.6800000000
23.6900000000
21.7200000000
24.5700000000
27.6300000000
23.7800000000
21.9600000000
21.4100000000
20.5100000000
23.7000000000
23.3600000000
21.6900000000
21.2000000000
23.3600000000
24.8100000000
25.2900000000
21.9600000000
20.4700000000
23.0800000000
25.1200000000
24.1200000000
24.3000000000
25.4400000000
21.9900000000
23.1100000000
21.9700000000
21.1700000000
21.0600000000
22.6700000000
26.6900000000
23.7800000000
23.3900000000
21.4800000000
25.0600000000
21.7200000000
24.0900000000
27.6300000000
21.2000000000
22.0800000000
21.4700000000
20.0800000000
19.9800000000
21.1300000000
22.4801000000
23.1100000000
23.8500000000
23.7600000000
-1.0
20.5700000000
22.9200000000
-1.0
25.5100000000
24.4800000000
23.2600000000
24.2000000000
20.7500000000
23.6702000000
21.5900000000
23.3900000000
20.5100000000
24.9600000000
20.6400000000
21.7800000000
21.7200000000
21.7800000000
22.4801000000
21.1500000000
21.5500000000
23.7000000000
21.4500000000
21.1300000000
23.5000000000
20.6000000000
24.5000000000
24.6300000000
21.1600000000
22.0800000000
20.5700000000
22.1100000000
22.3100000000
23.6900000000
21.8900000000
21.7800000000
22.7701000000
21.7200000000
22.6301000000
23.3800000000
20.4700000000
24.4800000000
21.9700000000
21.1600000000
23.9700000000
22.8000000000
-1.0
25.7500000000
23.5900000000
22.5500000000
23.1100000000
27.0200000000
25.7700000000
25.1800000000
24.8300000000
24.8100000000
22.0600000000
22.6301000000
27.0200000000
20.6100000000
20.7500000000
20.0800000000
23.7102000000
26.2300000000
22.2700000000
23.0800000000
25.5100000000
23.8400000000
21.7300000000
26.5400000000
24.5300000000
20.5000000000
22.9000000000
27.0200000000
25.7700000000
24.5300000000
21.6900000000
25.7500000000
20.6000000000
25.2700000000
23.9700000000
21.7800000000
20.5100000000
24.0900000000
27.0200000000
23.3800000000
21.4200000000
25.3900000000
22.0000000000
21.1600000000
20.7100000000
26.3600000000
21.4800000000
22.2400000000
24.9600000000
23.1500000000
22.5200000000
21.7200000000
22.6600000000
20.8900000000
23.2100000000
21.4800000000
22.7701000000
20.8500000000
21.4800000000
25.1800000000
20.6500000000
21.4300000000
24.4500000000
-1.0
21.9600000000
24.5000000000
24.6300000000
24.5600000000
21.1600000000
23.1400000000
26.2100000000
23.3200000000
21.9600000000
23.2600000000
24.2300000000
24.8100000000
21.1900000000
22.4801000000
24.9600000000
21.9900000000
-1.0
21.4700000000
27.6300000000
21.2400000000
22.1700000000
22.6301000000
25.6000000000
21.1500000000
23.5702000000
22.2700000000
23.3600000000
22.4801000000
24.1200000000
22.1100000000
20.7500000000
22.3400000000
-1.0
23.1500000000
22.3400000000
24.2000000000
21.1400000000
23.1000000000
26.3600000000
24.2000000000
22.0800000000
25.6000000000
22.3800000000
21.6900000000
23.2600000000
22.9300000000
22.0300000000
23.6900000000
22.8000000000
23.1001000000
21.7900000000
23.3200000000
21.6900000000
20.6400000000
22.9400000000
24.0002000000
23.5702000000
25.6200000000
21.9900000000
25.5100000000
21.4100000000
23.7600000000
23.3900000000
21.6900000000
23.7102000000
23.9700000000
25.2900000000
24.5300000000
21.0500000000
21.9900000000
22.5500000000
23.3000000000
24.5600000000
21.9900000000
25.0600000000
24.1700000000
22.7701000000
22.9400000000
24.1700000000
22.9000000000
20.5700000000
24.2200000000
23.6900000000
23.7102000000
23.5000000000
26.2300000000
22.9200000000
-1.0
22.9400000000
22.5500000000
22.9200000000
26.3600000000
21.7100000000
23.9700000000
23.2100000000
22.0800000000
23.6702000000
22.7701000000
21.3800000000
24.9600000000
24.5300000000
22.5801000000
22.1200000000
24.5700000000
22.9300000000
21.5900000000
22.4400000000
22.9300000000
22.6200000000
22.5600000000
21.2400000000
21.2400000000
25.1200000000
22.4801000000
20.5700000000
24.9600000000
21.4200000000
23.1500000000
21.9900000000
24.1800000000
22.7301000000
23.6300000000
23.7102000000
21.4300000000
23.2100000000
21.3300000000
23.3000000000
22.3600000000
23.5702000000
22.0300000000
22.0600000000
23.2900000000
22.4801000000
25.9500000000
23.2900000000
21.7900000000
21.7800000000
24.8100000000
25.1200000000
24.5700000000
23.0601000000
21.1400000000
25.1200000000
21.6900000000
23.6900000000
23.9002000000
-1.0
20.4700000000
22.4400000000
22.6201000000
-1.0
23.3600000000
24.5600000000
21.1700000000
23.9700000000
23.7800000000
21.4200000000
23.2000000000
21.1600000000
24.3500000000
23.1001000000
22.0300000000
24.4800000000
23.2900000000
22.1700000000
23.6300000000
22.9200000000
20.6000000000
22.6700000000
24.7800000000
24.7800000000
22.6200000000
25.9500000000
26.5400000000
22.0300000000
24.2200000000
23.3200000000
21.0500000000
20.6500000000
22.3600000000
20.8900000000
22.0800000000
21.0500000000
24.2400000000
24.2400000000
24.0002000000
-1.0
25.7700000000
21.1900000000
25.3900000000
21.7100000000
19.9800000000
22.3400000000
24.4500000000
22.9200000000
24.2200000000
21.9600000000
22.9000000000
21.4500000000
22.1100000000
21.5900000000
20.7500000000
21.1700000000
21.8500000000
21.5900000000
22.0300000000
23.1100000000
22.6700000000
20.0800000000
-1.0
21.4500000000
25.2700000000
20.7100000000
24.5600000000
24.9600000000
22.8400000000
22.3700000000
-1.0
23.1100000000
23.7600000000
23.7102000000
-1.0
22.5600000000
21.9600000000
23.9002000000
21.9700000000
23.6900000000
22.5600000000
24.9600000000
23.3600000000
-1.0
21.1900000000
22.3400000000
23.2900000000
24.3500000000
22.3600000000
26.2300000000
21.6900000000
21.6900000000
25.9000000000
22.3700000000
24.5000000000
25.1100000000
22.1200000000
23.6900000000
24.2300000000
22.3600000000
25.6000000000
23.5000000000
23.5000000000
20.5700000000
24.6800000000
21.1900000000
22.6700000000
22.3700000000
23.3000000000
-1.0
24.8100000000
23.6702000000
24.2200000000
23.2600000000
22.9300000000
24.8100000000
24.1700000000
21.9600000000
24.0400000000
25.2700000000
25.0600000000
25.0100000000
24.7900000000
22.8000000000
21.1300000000
24.2400000000
24.0402000000
25.2900000000
22.5801000000
25.0600000000
-1.0
23.8700000000
22.8000000000
23.5400000000
23.3200000000
20.8500000000
21.7300000000
22.6301000000
22.6700000000
23.6600000000
22.6600000000
22.8000000000
20.0800000000
20.5700000000
22.0300000000
25.7700000000
20.7500000000
24.0900000000
24.1200000000
23.3000000000
23.8500000000
21.7200000000
22.9601000000
22.7301000000
22.6301000000
23.9700000000
23.6300000000
24.0002000000
23.1100000000
21.4200000000
21.7300000000
24.5600000000
22.1700000000
23.7800000000
24.8300000000
22.8300000000
22.2400000000
23.6200000000
21.4500000000
23.2100000000
22.3600000000
24.2400000000
21.1700000000
26.2300000000
23.1001000000
22.5500000000
21.7100000000
22.8000000000
24.2400000000
24.6800000000
21.5500000000
21.5900000000
21.8500000000
25.0100000000
25.0600000000
26.2100000000
24.1800000000
23.2000000000
24.0900000000
24.0900000000
22.3800000000
24.5700000000
23.8700000000
21.2400000000
22.7701000000
23.2900000000
-1.0
21.1600000000
23.3800000000
24.8100000000
22.0300000000
-1.0
23.0601000000
23.2000000000
21.4800000000
-1.0
22.1700000000
24.2000000000
22.0600000000
24.7800000000
20.8500000000
23.3900000000
-1.0
21.9900000000
22.0800000000
22.6200000000
21.7300000000
21.9700000000
24.5000000000
22.3400000000
21.4500000000
21.2000000000
21.0600000000
21.8900000000
24.8100000000
-1.0
23.1100000000
23.1500000000
25.3900000000
22.5500000000
21.1500000000
22.1100000000
24.7800000000
22.6200000000
-1.0
-1.0
23.9002000000
-1.0
21.4500000000
22.4801000000
21.6900000000
20.0800000000
21.1300000000
-1.0
23.8500000000
22.2700000000
21.1700000000
24.2400000000
25.1800000000
27.6300000000
25.9500000000
21.6900000000
20.6100000000
24.4500000000
21.7100000000
21.4300000000
23.9002000000
26.2300000000
23.3200000000
24.2000000000
20.7100000000
22.9200000000
-1.0
23.0800000000
23.1001000000
23.3000000000
21.1600000000
21.9600000000
-1.0
21.7200000000
20.7100000000
25.6200000000
24.0402000000
24.2400000000
25.6000000000
21.0600000000
24.6300000000
20.6000000000
21.7800000000
21.9700000000
22.6700000000
22.1200000000
21.1700000000
22.9000000000
22.6200000000
22.2700000000
20.8900000000
21.2000000000
22.9000000000
24.5700000000
-1.0
20.6000000000
23.3800000000
22.1700000000
23.6702000000
23.6600000000
23.6600000000
24.1800000000
23.1001000000
22.0000000000
21.1600000000
22.3400000000
24.6800000000
24.2400000000
-1.0
27.6300000000
20.5100000000
23.5702000000
20.5700000000
21.4800000000
24.5700000000
22.7701000000
-1.0
20.6100000000
21.9600000000
24.5700000000
22.3600000000
22.5600000000
21.7800000000
27.0200000000
21.2000000000
25.2700000000
24.7900000000
22.1200000000
21.4200000000
25.9500000000
22.9000000000
-1.0
24.0400000000
22.7701000000
22.8300000000
22.8400000000
21.9700000000
20.6100000000
23.6900000000
25.2900000000
21.9600000000
23.3000000000
25.7500000000
24.0400000000
21.4800000000
26.2300000000
22.9200000000
20.6400000000
22.5600000000
21.5500000000
21.7100000000
24.6800000000
22.5600000000
22.9400000000
22.6200000000
23.2900000000
20.5100000000
23.7600000000
23.6600000000
22.6200000000
-1.0
19.9800000000
20.6500000000
21.9600000000
22.5200000000
21.7300000000
22.9000000000
25.0600000000
-1.0
23.3900000000
20.7500000000
24.8100000000
25.6200000000
21.1600000000
21.3800000000
21.4700000000
27.0200000000
25.2900000000
22.6301000000
21.1700000000
21.4300000000
25.0600000000
23.1400000000
22.6301000000
20.5700000000
23.2600000000
-1.0
26.6900000000
21.7200000000
21.1700000000
25.1200000000
22.4801000000
-1.0
25.6200000000
21.7900000000
26.2100000000
20.4700000000
26.6900000000
22.5600000000
21.4500000000
23.1100000000
23.9002000000
21.7100000000
-1.0
20.5700000000
20.5100000000
21.7100000000
21.7900000000
23.3600000000
21.4700000000
24.1800000000
21.7200000000
22.4400000000
22.3700000000
22.9300000000
23.1001000000
24.7900000000
24.7800000000
24.2300000000
22.3600000000
22.1700000000
22.9200000000
22.5600000000
21.1600000000
21.7300000000
22.8000000000
20.7500000000
24.8300000000
20.6500000000
22.6200000000
23.6900000000
22.2400000000
24.6300000000
23.5702000000
23.1000000000
24.1800000000
21.7200000000
22.5600000000
21.7200000000
22.1800000000
21.1700000000
22.5600000000
20.6000000000
21.1600000000
22.7701000000
24.6800000000
21.2300000000
21.9900000000
23.5000000000
22.8400000000
20.8500000000
24.0900000000
24.1700000000
22.0300000000
19.9400000000
21.4700000000
20.8500000000
22.3700000000
24.1700000000
21.9600000000
22.6201000000
26.5400000000
24.5600000000
21.4100000000
23.1100000000
24.7800000000
23.3800000000
21.1500000000
22.6200000000
21.2000000000
24.2300000000
-1.0
25.0600000000
22.1700000000
25.9000000000
20.5000000000
24.1700000000
22.0800000000
21.1900000000
23.7102000000
20.5700000000
27.0200000000
21.4800000000
21.8500000000
23.6900000000
24.2400000000
23.0601000000
22.9000000000
25.1100000000
24.8100000000
23.2000000000
22.5500000000
25.7500000000
21.9600000000
23.9700000000
21.4800000000
22.8000000000
22.0000000000
23.6900000000
22.3700000000
21.9600000000
21.7300000000
23.3600000000
22.3600000000
22.3700000000
22.3800000000
22.8300000000
21.2400000000
-1.0
21.7200000000
21.1700000000
24.1700000000
23.2100000000
25.1100000000
20.8900000000
21.9700000000
24.2000000000
-1.0
23.3000000000
24.0400000000
25.5100000000
-1.0
23.8500000000
26.5400000000
-1.0
19.9800000000
24.0002000000
24.2400000000
23.1400000000
-1.0
22.8400000000
23.3900000000
22.8000000000
24.5700000000
23.1000000000
24.3500000000
25.1200000000
22.7301000000
-1.0
22.0800000000
24.5700000000
21.9700000000
26.6900000000
22.6200000000
20.5100000000
27.0200000000
25.1100000000
24.8100000000
-1.0
-1.0
23.3000000000
20.6000000000
24.2000000000
24.7800000000
21.4700000000
24.2000000000
24.5700000000
22.0600000000
-1.0
22.3700000000
21.9700000000
24.5700000000
21.4500000000
24.2200000000
-1.0
26.6900000000
22.6700000000
22.5500000000
21.7200000000
22.9200000000
23.3200000000
20.4700000000
-1.0
23.1500000000
22.6200000000
21.6900000000
19.9400000000
-1.0
23.6600000000
26.2100000000
24.5600000000
23.1001000000
21.7900000000
22.9300000000
23.1100000000
25.9500000000
22.8000000000
-1.0
22.5400000000
-1.0
21.3300000000
20.8500000000
21.8100000000
21.1700000000
23.1500000000
22.1700000000
-1.0
22.8000000000
24.0400000000
23.8700000000
21.2400000000
22.8300000000
22.9601000000
25.2700000000
22.6700000000
21.7300000000
23.1001000000
21.4300000000
20.5700000000
25.4400000000
23.7102000000
24.3500000000
20.6500000000
21.6800000000
23.3800000000
21.9700000000
22.2700000000
23.3900000000
24.0400000000
22.0300000000
23.5900000000
24.7800000000
21.1700000000
24.0900000000
24.2400000000
24.8100000000
23.2000000000
21.4100000000
21.7100000000
24.2400000000
22.4400000000
21.8500000000
24.2000000000
23.1400000000
22.8000000000
22.7301000000
-1.0
27.0200000000
21.1700000000
25.1200000000
22.1800000000
25.7700000000
21.9700000000
23.2900000000
21.9700000000
25.2900000000
22.8300000000
20.6700000000
19.9400000000
22.0300000000
-1.0
22.1100000000
26.6900000000
25.9500000000
21.8500000000
24.8100000000
19.9800000000
21.4700000000
23.5702000000
24.0400000000
22.6600000000
22.4801000000
22.2700000000
20.7100000000
24.3000000000
21.6800000000
23.6200000000
21.7100000000
20.6700000000
24.5700000000
24.2200000000
23.5900000000
21.7800000000
21.4200000000
23.6200000000
22.3400000000
26.6900000000
22.6200000000
24.3000000000
25.4400000000
22.8000000000
22.9000000000
22.0000000000
24.3500000000
25.1200000000
24.8100000000
24.6300000000
23.6900000000
21.3300000000
24.6800000000
24.5000000000
23.2600000000
26.3600000000
22.6301000000
24.8100000000
21.2000000000
22.6301000000
20.7500000000
21.9900000000
22.3800000000
23.6200000000
22.1100000000
21.4500000000
21.1500000000
20.8500000000
21.7800000000
21.6800000000
23.1001000000
24.5600000000
24.2200000000
22.9601000000
23.2900000000
23.3900000000
22.0600000000
23.5400000000
23.3200000000
23.6300000000
-1.0
23.5400000000
21.4100000000
23.6600000000
21.9900000000
23.8700000000
24.9600000000
23.3900000000
24.5300000000
24.0900000000
21.1500000000
24.4500000000
23.5702000000
20.6400000000
21.1600000000
20.7500000000
20.6500000000
20.6500000000
25.6000000000
21.8100000000
26.2100000000
24.7800000000
22.5500000000
-1.0
22.7301000000
20.7500000000
-1.0
24.9600000000
21.7900000000
21.2000000000
21.9900000000
22.6200000000
-1.0
24.6300000000
22.6600000000
21.7100000000
23.9700000000
23.5000000000
21.9700000000
21.5500000000
22.4801000000
22.7301000000
22.0800000000
23.6600000000
22.5500000000
20.0800000000
21.6900000000
22.6200000000
24.3500000000
20.7100000000
25.1200000000
21.8100000000
23.2600000000
22.6301000000
21.8900000000
20.6400000000
22.6200000000
22.2700000000
27.6300000000
22.1700000000
24.7900000000
21.4100000000
24.2400000000
25.0100000000
21.1600000000
24.7800000000
-1.0
21.2300000000
23.3800000000
25.0100000000
22.3400000000
21.2400000000
22.3800000000
22.5801000000
21.5500000000
24.0402000000
22.3100000000
22.5200000000
20.8900000000
23.1500000000
23.8500000000
22.0000000000
20.8500000000
24.8300000000
20.5700000000
24.0002000000
23.3200000000
23.6900000000
23.8500000000
20.5700000000
25.0600000000
26.6900000000
23.3800000000
22.9000000000
25.9000000000
26.2300000000
24.1700000000
20.4700000000
21.7200000000
24.2400000000
25.1200000000
27.6300000000
22.6200000000
21.5900000000
-1.0
-1.0
25.3900000000
22.5600000000
23.6200000000
22.9300000000
21.3800000000
24.0002000000
-1.0
24.7900000000
22.3600000000
22.0300000000
23.3600000000
23.8700000000
21.9600000000
21.5500000000
24.2400000000
20.6100000000
20.7100000000
24.5000000000
22.8400000000
23.3900000000
25.7700000000
25.2700000000
24.3500000000
24.7900000000
25.2700000000
22.0800000000
24.5300000000
24.2000000000
24.4800000000
24.8100000000
21.8900000000
23.5000000000
21.2000000000
25.7500000000
22.9300000000
22.7301000000
26.5400000000
24.5300000000
23.0800000000
22.2700000000
24.1200000000
23.3200000000
23.1500000000
20.6700000000
26.2300000000
24.0900000000
20.7500000000
22.8000000000
24.7800000000
22.0300000000
-1.0
23.0601000000
22.3700000000
25.1200000000
21.3300000000
23.3900000000
-1.0
23.9700000000
22.5400000000
21.3800000000
21.2000000000
21.7300000000
23.7800000000
22.8300000000
20.5000000000
22.2400000000
21.7200000000
22.1700000000
25.1100000000
20.8900000000
22.1100000000
23.7800000000
-1.0
20.6100000000
25.0600000000
22.3100000000
23.2000000000
24.2000000000
22.7701000000
26.6900000000
23.7600000000
20.8900000000
24.5300000000
23.7800000000
-1.0
24.2400000000
27.6300000000
21.5500000000
21.7900000000
22.6700000000
-1.0
23.5400000000
23.8700000000
-1.0
-1.0
22.5500000000
21.7200000000
23.3000000000
21.9900000000
21.4800000000
23.6200000000
26.2300000000
22.0000000000
21.4700000000
21.1500000000
22.5500000000
20.5000000000
21.5900000000
20.6400000000
23.3600000000
20.6100000000
21.6900000000
24.1800000000
24.4500000000
21.0600000000
23.5000000000
24.1200000000
21.6800000000
21.7200000000
23.7600000000
21.7900000000
21.4500000000
25.6000000000
22.3400000000
22.6700000000
22.7701000000
21.7200000000
23.1400000000
20.6400000000
20.6500000000
25.0600000000
23.2000000000
23.9002000000
25.6000000000
23.8500000000
21.7200000000
26.6900000000
21.2000000000
22.0000000000
21.1300000000
25.3900000000
22.9400000000
24.5300000000
23.2100000000
21.6900000000
23.5900000000
22.9601000000
22.3400000000
25.5100000000
21.9900000000
21.3800000000
22.5500000000
23.7000000000
22.3400000000
22.6200000000
24.6800000000
24.8300000000
21.5900000000
25.7700000000
25.1200000000
21.6900000000
22.6600000000
23.3800000000
21.4200000000
22.2700000000
22.1800000000
25.3900000000
20.6100000000
22.5801000000
25.6000000000
-1.0
25.4400000000
25.1800000000
20.6700000000
23.1500000000
23.7800000000
23.1000000000
23.5900000000
21.0500000000
22.6700000000
22.0000000000
24.6800000000
23.8500000000
23.1100000000
21.5500000000
25.5100000000
22.5801000000
20.6100000000
24.1700000000
21.7200000000
25.7500000000
22.3700000000
20.7100000000
23.5400000000
24.2400000000
20.6500000000
23.2600000000
26.6900000000
25.3900000000
20.6000000000
22.2700000000
24.4500000000
25.2700000000
20.6100000000
24.4500000000
23.3200000000
25.2700000000
23.3800000000
20.6700000000
23.3200000000
24.1800000000
24.5700000000
22.9200000000
23.0601000000
23.1001000000
21.5500000000
24.2400000000
23.9002000000
21.9900000000
22.3400000000
25.2900000000
21.7100000000
25.1800000000
22.9601000000
25.7500000000
23.8700000000
-1.0
-1.0
21.3800000000
24.2000000000
23.2000000000
21.7100000000
23.5000000000
21.4100000000
23.8700000000
22.2700000000
21.6900000000
19.9800000000
24.2200000000
21.3800000000
24.2200000000
22.2400000000
22.6301000000
22.6201000000
23.0800000000
19.9800000000
26.2100000000
24.8100000000
24.0002000000
25.2700000000
24.8300000000
21.1300000000
22.1200000000
21.7100000000
20.5000000000
20.6700000000
21.9600000000
24.2400000000
21.7800000000
22.8000000000
23.2900000000
21.2300000000
25.5100000000
24.2300000000
21.7800000000
26.6900000000
23.6900000000
20.0800000000
23.5400000000
25.7500000000
22.2700000000
22.8000000000
21.0600000000
23.1001000000
23.3800000000
23.3900000000
24.5700000000
24.5300000000
-1.0
21.7800000000
24.1700000000
-1.0
23.6900000000
23.2000000000
24.1200000000
24.0002000000
22.9601000000
21.1300000000
26.6900000000
22.6600000000
20.6400000000
21.1500000000
22.4801000000
20.8900000000
22.2700000000
27.6300000000
22.6201000000
23.3900000000
-1.0
22.0800000000
22.1200000000
23.3000000000
22.0800000000
21.7100000000
22.6200000000
24.4500000000
23.5400000000
24.4500000000
24.1800000000
24.0400000000
25.1200000000
23.1500000000
21.9700000000
26.6900000000
21.7200000000
19.9400000000
24.6800000000
22.3700000000
20.7100000000
20.6100000000
-1.0
23.3600000000
22.5500000000
23.8500000000
24.5700000000
22.9300000000
24.2400000000
27.6300000000
24.8100000000
21.7900000000
22.8000000000
22.3100000000
24.8300000000
22.3800000000
-1.0
-1.0
21.8500000000
23.0601000000
21.4200000000
24.2000000000
24.6800000000
20.5700000000
20.8500000000
23.5000000000
21.7100000000
21.5900000000
20.5700000000
23.5702000000
22.9000000000
23.3000000000
23.7800000000
24.2400000000
20.7500000000
23.1400000000
22.6200000000
21.4700000000
25.7700000000
22.5801000000
21.7900000000
23.6900000000
25.2900000000
23.2100000000
21.0500000000
23.7600000000
-1.0
23.1001000000
25.6200000000
23.6900000000
21.1500000000
23.9002000000
21.2300000000
21.4300000000
22.8000000000
24.4500000000
25.2900000000
25.2900000000
20.7100000000
20.6100000000
22.4400000000
21.3300000000
23.6200000000
25.3900000000
20.8900000000
23.9700000000
19.9800000000
24.3500000000
20.6500000000
24.4500000000
21.8100000000
24.8100000000
26.5400000000
-1.0
21.1300000000
26.5400000000
21.7900000000
21.1400000000
23.5000000000
25.9500000000
22.3100000000
24.4500000000
-1.0
22.9200000000
21.3800000000
20.7500000000
22.7701000000
24.1800000000
25.4400000000
21.1400000000
23.2900000000
23.7600000000
25.0100000000
24.7900000000
25.9500000000
21.7100000000
21.2000000000
21.4700000000
21.5500000000
23.7600000000
24.2400000000
20.7100000000
22.3800000000
23.7102000000
22.9601000000
20.6100000000
23.6200000000
22.0800000000
23.0800000000
22.1100000000
21.9600000000
24.0900000000
23.7102000000
23.3600000000
-1.0
21.8900000000
23.7800000000
21.3800000000
26.2100000000
23.1001000000
22.2400000000
24.4800000000
23.7800000000
22.8000000000
21.7200000000
-1.0
25.9000000000
21.6800000000
21.3800000000
22.5500000000
25.4400000000
24.5700000000
20.5100000000
22.5400000000
22.5500000000
21.7100000000
27.6300000000
20.0800000000
21.9700000000
23.3800000000
21.9700000000
20.8500000000
21.7200000000
23.3900000000
21.1600000000
25.2700000000
24.2200000000
24.3000000000
24.0002000000
24.0900000000
22.6600000000
23.0601000000
23.3800000000
21.4300000000
21.1700000000
22.5500000000
23.7600000000
21.5900000000
24.2000000000
24.0900000000
25.4400000000
26.5400000000
22.3800000000
22.0600000000
22.6700000000
22.0000000000
25.0600000000
24.0900000000
24.2400000000
22.2400000000
19.9800000000
23.1100000000
23.7600000000
22.4801000000
23.1100000000
20.6400000000
22.6700000000
23.5702000000
21.8900000000
23.7102000000
26.2300000000
23.2600000000
23.6900000000
-1.0
22.4801000000
24.1700000000
24.6300000000
24.6300000000
21.4300000000
24.6300000000
22.8000000000
23.3600000000
-1.0
25.9500000000
22.3100000000
21.2400000000
21.3800000000
26.6900000000
23.2000000000
21.4800000000
20.7500000000
25.5100000000
22.4400000000
21.4800000000
24.2000000000
24.6800000000
25.0600000000
23.5900000000
21.4700000000
21.8900000000
21.2300000000
22.0600000000
22.1700000000
20.6400000000
24.7900000000
-1.0
22.7701000000
24.5700000000
20.8500000000
23.5900000000
23.6900000000
23.8400000000
22.5600000000
21.8100000000
26.5400000000
24.1200000000
24.6300000000
22.1800000000
20.5700000000
23.6300000000
20.6400000000
25.5100000000
25.7700000000
24.7900000000
23.8700000000
21.8100000000
-1.0
25.6000000000
21.1700000000
23.3900000000
25.1200000000
21.1300000000
22.6301000000
24.7900000000
25.3900000000
23.9002000000
23.3900000000
21.4700000000
23.8400000000
21.7200000000
22.6600000000
21.4500000000
20.8900000000
25.6200000000
22.3800000000
22.7701000000
22.0600000000
25.5100000000
23.6200000000
24.2400000000
20.0800000000
21.1500000000
21.4100000000
21.4200000000
22.0300000000
-1.0
21.2400000000
25.0100000000
21.7100000000
20.6000000000
21.1500000000
21.1700000000
23.2900000000
22.5200000000
24.0400000000
21.1600000000
24.3000000000
22.4400000000
-1.0
23.6702000000
24.5600000000
23.6900000000
23.2100000000
23.7102000000
22.1100000000
21.2400000000
23.1500000000
23.3200000000
20.6400000000
21.4700000000
21.7100000000
24.8100000000
21.4200000000
22.2700000000
24.1200000000
24.5700000000
22.7301000000
-1.0
19.9400000000
24.5600000000
21.1900000000
21.1500000000
25.4400000000
24.7900000000
20.6100000000
22.5500000000
22.6301000000
21.0500000000
22.8000000000
24.4500000000
20.5700000000
22.1700000000
24.5300000000
-1.0
21.5900000000
21.7100000000
23.3000000000
25.7700000000
21.2000000000
21.9700000000
24.1700000000
24.5300000000
26.5400000000
-1.0
23.5702000000
27.0200000000
22.0300000000
22.1100000000
20.6500000000
23.3800000000
25.5100000000
24.4500000000
20.6500000000
21.1500000000
21.9600000000
