300 294 300
2 1
3 2
4 2
5 1
6 5
7 5
8 5
9 1
10 8
11 9
12 7
13 1
14 11
15 1
16 5
17 4
18 7
19 4
20 17
21 8
22 13
23 15
24 22
25 9
26 19
27 16
28 25
29 22
30 1
31 5
32 9
33 1
34 17
35 9
36 16
37 11
38 27
39 30
40 2
41 10
42 10
43 21
44 10
45 25
46 18
47 41
48 31
49 23
50 45
52 51
53 51
54 51
55 54
56 55
57 54
58 57
59 54
60 58
61 57
62 55
63 58
64 52
65 56
66 60
67 64
68 63
69 64
70 54
71 60
72 64
73 71
74 65
75 61
76 68
77 51
78 66
79 72
80 61
81 61
82 64
83 73
84 76
85 64
86 82
87 70
88 84
89 66
90 67
91 88
92 79
93 74
94 51
95 67
96 74
97 83
98 75
99 82
100 59
102 101
103 102
104 101
105 104
106 104
107 101
108 103
109 108
110 103
111 106
112 107
113 104
114 107
115 114
116 104
117 115
118 101
119 114
120 106
121 104
122 115
123 106
124 114
125 114
126 110
127 107
128 112
129 107
130 117
131 111
132 129
133 106
134 124
135 126
136 102
137 126
138 103
139 104
140 123
141 138
142 126
143 131
144 117
145 122
146 138
147 145
148 134
149 103
150 136
152 151
153 151
154 153
155 152
156 152
157 153
158 155
159 155
160 155
161 151
162 160
163 154
164 161
165 163
166 153
167 151
168 160
169 155
170 166
171 165
172 160
173 156
174 155
175 166
176 159
177 153
178 163
179 156
180 155
181 163
182 153
183 175
184 160
185 151
186 179
187 163
188 179
189 160
190 165
191 165
192 170
193 179
194 193
195 170
196 152
197 162
198 180
199 154
200 176
202 201
203 201
204 202
205 204
206 205
207 204
208 207
209 205
210 205
211 206
212 208
213 201
214 207
215 208
216 208
217 212
218 201
219 210
220 201
221 205
222 217
223 201
224 217
225 222
226 208
227 215
228 204
229 223
230 209
231 216
232 222
233 214
234 208
235 226
236 212
237 224
238 209
239 230
240 236
241 234
242 209
243 201
244 218
245 207
246 224
247 246
248 204
249 207
250 229
252 251
253 251
254 252
255 251
256 253
257 254
258 251
259 257
260 259
261 256
262 261
263 261
264 258
265 251
266 251
267 261
268 259
269 264
270 260
271 254
272 268
273 259
274 272
275 254
276 269
277 258
278 277
279 257
280 277
281 262
282 275
283 281
284 269
285 283
286 280
287 266
288 262
289 260
290 275
291 260
292 263
293 287
294 293
295 261
296 267
297 252
298 285
299 287
300 270
178 286
69 6
162 249
20 7
213 271
138 27
110 47
172 165
225 65
64 253
238 3
145 292
196 33
80 264
269 250
168 285
274 115
71 73
213 132
283 20
47 222
243 75
30 75
74 155
45 210
72 113
295 68
192 11
35 292
214 124
209 227
35 39
169 79
69 255
299 189
116 53
150 127
280 20
194 53
23 186
116 203
176 18
286 58
5 225
215 241
3 71
290 151
49 241
87 266
12 179
61 118
121 140
77 196
16 283
50 190
82 142
64 137
44 16
61 155
126 193
279 111
207 241
53 114
89 54
237 189
203 195
45 158
298 300
151 77
31 107
7 252
91 29
108 126
264 204
154 136
253 127
265 258
261 245
84 138
97 216
181 69
64 108
300 230
257 32
21 196
219 209
29 288
80 10
267 78
71 136
158 274
209 190
115 253
109 141
113 152
17 289
70 235
300 238
87 190
241 69
283 237
182 176
161 162
164 6
126 62
23 164
299 93
46 165
276 251
175 207
164 63
174 144
176 55
220 64
271 149
63 224
239 74
42 5
74 10
246 193
140 114
91 86
153 259
124 297
286 34
121 232
258 51
134 15
158 280
215 42
219 176
157 153
242 11
178 128
101 247
231 139
27 207
90 70
177 7
209 81
78 87
8 88
138 197
46 92
127 153
213 275
161 5
260 40
175 11
138 193
293 208
50 28
246 234
259 43
143 156
291 57
14 229
28 22
170 298
190 14
91 94
106 86
191 159
36 213
290 151
62 228
41 278
274 140
113 106
197 218
195 106
281 69
86 29
1 262
232 133
193 298
54 139
40 106
137 173
69 38
291 193
159 106
206 22
78 195
202 158
119 103
297 224
68 15
126 34
187 27
9 91
252 59
78 223
225 220
135 61
198 156
114 164
126 114
241 75
228 161
14 48
213 172
65 227
107 206
62 117
280 16
29 242
238 1
112 127
166 284
154 147
133 1
36 49
171 299
268 38
85 127
37 123
224 44
103 194
191 7
231 118
144 150
243 255
25 116
34 111
26 216
111 239
130 220
140 3
57 276
163 227
32 34
53 63
292 207
138 131
228 84
50 80
49 119
225 31
34 38
36 258
179 185
186 82
15 182
123 152
96 155
194 246
70 94
250 224
285 18
115 115
151 167
69 286
249 134
131 282
78 133
132 156
3 204
275 186
57 167
274 147
226 96
106 38
59 61
147 140
277 41
93 64
239 119
170 248
53 236
204 227
237 230
30 169
170 224
15 285
3 245
21 33
205 129
81 262
139 145
209 246
58 232
261 252
134 148
142 264
202 152
87 218
104 18
189 230
8 240
151 243
279 289
147 260
113 200
163 251
183 36
257 159
102 29
269 58
199 216
