17.6250000000
-1.0
17.6250000000
16.9500000000
20.5500000000
-1.0
-1.0
-1.0
15.4750000000
17.9512500000
-1.0
-1.0
15.8500000000
-1.0
-1.0
15.2750000000
16.9500000000
16.9500000000
16.5006250000
17.6250000000
18.0750000000
16.0500000000
18.6500000000
17.3000000000
-1.0
17.9512500000
19.2000000000
16.6250000000
15.1750000000
15.1500000000
-1.0
16.0500000000
17.6250000000
16.6250000000
18.6500000000
-1.0
17.7500000000
15.3750000000
-1.0
-1.0
-1.0
17.3000000000
15.3750000000
16.0500000000
15.1750000000
19.4250000000
16.6250000000
17.7525000000
17.7500000000
-1.0
19.5250000000
15.3750000000
16.0500000000
-1.0
-1.0
17.6250000000
17.7525000000
20.5500000000
-1.0
19.5250000000
16.7250000000
18.0750000000
13.7000000000
16.0500000000
15.4750000000
15.8500000000
17.6250000000
17.7500000000
18.6500000000
-1.0
16.7250000000
16.3012500000
16.3012500000
17.9512500000
16.5006250000
16.6250000000
16.7250000000
17.9750000000
19.5250000000
16.3012500000
-1.0
18.6500000000
17.9750000000
20.5500000000
20.5500000000
-1.0
18.6500000000
13.7000000000
17.3000000000
-1.0
14.9500000000
16.0500000000
14.9500000000
19.2000000000
16.7250000000
14.9500000000
19.5250000000
-1.0
15.2750000000
15.4750000000
17.6250000000
19.2000000000
-1.0
-1.0
17.6250000000
16.0500000000
15.1750000000
16.9500000000
20.1000000000
-1.0
17.5250000000
-1.0
17.5250000000
13.7000000000
16.0500000000
17.7500000000
17.6250000000
20.1000000000
15.4750000000
19.2000000000
16.5006250000
13.7000000000
16.3012500000
17.7500000000
15.3750000000
17.9512500000
16.5006250000
16.7250000000
15.4750000000
17.7500000000
13.7000000000
17.9750000000
20.1000000000
13.7000000000
17.9750000000
15.4750000000
19.2000000000
13.7000000000
-1.0
18.0750000000
16.9500000000
17.9512500000
15.1500000000
17.3000000000
17.5250000000
20.5500000000
15.3750000000
16.6250000000
17.7525000000
19.4250000000
16.7250000000
16.9500000000
13.7000000000
19.5250000000
17.5250000000
13.7000000000
17.3000000000
20.5500000000
20.1000000000
13.7000000000
16.3012500000
16.0500000000
16.0500000000
18.6500000000
16.7250000000
-1.0
17.3000000000
15.1500000000
17.3000000000
15.1750000000
16.9500000000
17.3000000000
-1.0
18.0750000000
18.6500000000
17.9750000000
15.1750000000
16.3012500000
17.9512500000
16.5006250000
-1.0
15.4750000000
17.9750000000
-1.0
-1.0
15.4750000000
17.6250000000
18.0750000000
20.5500000000
17.6250000000
-1.0
15.1500000000
17.6250000000
13.7000000000
15.3750000000
16.3012500000
16.3012500000
-1.0
13.7000000000
-1.0
16.5006250000
-1.0
16.5006250000
15.3750000000
19.5250000000
18.6500000000
17.5250000000
16.6250000000
-1.0
18.0750000000
16.7250000000
19.2000000000
-1.0
17.7525000000
17.9512500000
18.6500000000
18.6500000000
14.9500000000
-1.0
15.3750000000
-1.0
16.0500000000
16.0500000000
18.0750000000
15.1500000000
18.6500000000
16.0500000000
16.5006250000
17.9512500000
20.1000000000
19.4250000000
19.2000000000
17.6250000000
15.2750000000
20.5500000000
16.9500000000
16.0500000000
15.8500000000
19.2000000000
16.0500000000
19.5250000000
-1.0
17.7500000000
-1.0
-1.0
-1.0
20.1000000000
15.2750000000
17.3000000000
15.1750000000
15.3750000000
20.5500000000
17.6250000000
15.4750000000
15.3750000000
13.7000000000
-1.0
-1.0
20.1000000000
-1.0
15.2750000000
18.6500000000
-1.0
20.1000000000
16.5006250000
17.7525000000
18.6500000000
15.2750000000
-1.0
17.3000000000
-1.0
-1.0
20.1000000000
17.6250000000
15.1500000000
16.9500000000
15.1500000000
17.9750000000
15.1750000000
17.5250000000
16.9500000000
14.9500000000
18.6500000000
16.5006250000
16.9500000000
16.0500000000
-1.0
15.1500000000
20.1000000000
19.5250000000
16.6250000000
19.4250000000
16.7250000000
17.9512500000
16.7250000000
17.5250000000
19.5250000000
18.6500000000
14.9500000000
13.7000000000
