2000 1980 2000
2 1
3 1
4 2
5 1
6 4
7 5
8 4
9 6
10 8
11 9
12 8
13 8
14 2
15 10
16 7
17 2
18 17
19 12
20 4
21 11
22 12
23 10
24 3
25 2
26 23
27 9
28 14
29 20
30 24
31 21
32 6
33 19
34 8
35 11
36 15
37 4
38 15
39 21
40 2
41 18
42 32
43 34
44 29
45 16
46 15
47 3
48 28
49 37
50 47
51 12
52 33
53 42
54 44
55 29
56 10
57 34
58 3
59 42
60 49
61 53
62 52
63 37
64 3
65 1
66 44
67 52
68 41
69 33
70 64
71 24
72 25
73 30
74 40
75 72
76 12
77 56
78 47
79 24
80 76
81 19
82 3
83 19
84 40
85 11
86 62
87 15
88 15
89 63
90 25
91 30
92 44
93 39
94 54
95 49
96 89
97 86
98 91
99 9
100 6
102 101
103 102
104 103
105 102
106 102
107 101
108 102
109 105
110 106
111 105
112 109
113 108
114 102
115 113
116 104
117 102
118 110
119 111
120 102
121 108
122 106
123 110
124 110
125 119
126 103
127 110
128 101
129 113
130 117
131 101
132 101
133 103
134 130
135 107
136 130
137 113
138 124
139 127
140 118
141 116
142 126
143 106
144 112
145 144
146 104
147 135
148 134
149 123
150 101
151 121
152 109
153 149
154 141
155 135
156 130
157 111
158 121
159 133
160 155
161 155
162 139
163 123
164 151
165 112
166 120
167 110
168 138
169 139
170 168
171 124
172 161
173 153
174 110
175 164
176 131
177 137
178 105
179 165
180 161
181 153
182 163
183 129
184 123
185 144
186 136
187 101
188 173
189 142
190 157
191 130
192 168
193 115
194 157
195 128
196 153
197 158
198 171
199 191
200 119
202 201
203 201
204 201
205 203
206 203
207 205
208 206
209 207
210 207
211 210
212 206
213 209
214 204
215 214
216 210
217 203
218 205
219 215
220 217
221 202
222 203
223 218
224 217
225 206
226 208
227 205
228 226
229 216
230 209
231 220
232 219
233 229
234 225
235 215
236 223
237 214
238 232
239 220
240 233
241 207
242 212
243 221
244 208
245 239
246 212
247 242
248 226
249 230
250 242
251 250
252 235
253 238
254 243
255 215
256 209
257 220
258 227
259 214
260 230
261 260
262 260
263 205
264 256
265 211
266 247
267 217
268 238
269 252
270 226
271 224
272 208
273 209
274 210
275 241
276 213
277 252
278 211
279 214
280 235
281 216
282 242
283 202
284 209
285 205
286 249
287 213
288 224
289 283
290 285
291 274
292 277
293 225
294 261
295 238
296 227
297 276
298 236
299 281
300 278
302 301
303 302
304 303
305 304
306 304
307 305
308 304
309 303
310 302
311 307
312 302
313 309
314 309
315 308
316 313
317 311
318 317
319 315
320 301
321 314
322 318
323 314
324 309
325 321
326 312
327 311
328 321
329 328
330 312
331 329
332 309
333 307
334 322
335 319
336 327
337 333
338 318
339 302
340 332
341 321
342 304
343 327
344 342
345 336
346 307
347 339
348 336
349 329
350 342
351 330
352 327
353 309
354 320
355 319
356 345
357 324
358 329
359 314
360 352
361 329
362 313
363 333
364 331
365 334
366 322
367 327
368 308
369 349
370 338
371 319
372 336
373 332
374 301
375 312
376 314
377 335
378 320
379 374
380 353
381 327
382 357
383 334
384 339
385 337
386 372
387 332
388 386
389 317
390 360
391 384
392 366
393 392
394 384
395 387
396 333
397 357
398 324
399 313
400 394
402 401
403 401
404 403
405 402
406 404
407 406
408 406
409 405
410 402
411 403
412 409
413 401
414 410
415 412
416 402
417 404
418 416
419 403
420 410
421 412
422 406
423 407
424 411
425 412
426 414
427 411
428 426
429 407
430 424
431 428
432 414
433 411
434 418
435 417
436 423
437 434
438 405
439 436
440 437
441 403
442 430
443 428
444 430
445 411
446 418
447 423
448 402
449 409
450 402
451 434
452 415
453 429
454 408
455 414
456 449
457 437
458 432
459 411
460 439
461 445
462 421
463 457
464 459
465 427
466 446
467 420
468 427
469 467
470 436
471 460
472 418
473 429
474 422
475 429
476 407
477 412
478 440
479 409
480 466
481 402
482 470
483 453
484 414
485 475
486 466
487 415
488 407
489 454
490 416
491 417
492 406
493 468
494 452
495 438
496 425
497 446
498 423
499 437
500 434
502 501
503 502
504 503
505 504
506 505
507 504
508 507
509 502
510 508
511 506
512 509
513 505
514 511
515 509
516 515
517 507
518 507
519 506
520 502
521 508
522 503
523 517
524 514
525 511
526 520
527 522
528 511
529 510
530 522
531 528
532 507
533 506
534 514
535 521
536 505
537 524
538 530
539 507
540 504
541 534
542 504
543 508
544 503
545 533
546 501
547 504
548 534
549 501
550 507
551 510
552 512
553 535
554 510
555 548
556 521
557 518
558 551
559 527
560 541
561 553
562 501
563 543
564 551
565 520
566 559
567 507
568 527
569 564
570 516
571 539
572 534
573 568
574 525
575 523
576 554
577 524
578 526
579 535
580 541
581 530
582 570
583 518
584 579
585 550
586 569
587 524
588 529
589 588
590 563
591 529
592 543
593 577
594 582
595 590
596 587
597 503
598 560
599 556
600 514
602 601
603 602
604 601
605 602
606 604
607 604
608 604
609 607
610 607
611 606
612 609
613 610
614 609
615 605
616 601
617 607
618 616
619 615
620 601
621 617
622 613
623 615
624 616
625 623
626 605
627 605
628 610
629 613
630 628
631 604
632 605
633 618
634 605
635 625
636 602
637 636
638 620
639 632
640 612
641 631
642 611
643 640
644 640
645 623
646 630
647 621
648 629
649 636
650 644
651 643
652 605
653 625
654 653
655 626
656 627
657 609
658 608
659 632
660 613
661 612
662 638
663 656
664 619
665 629
666 602
667 666
668 655
669 620
670 654
671 654
672 642
673 604
674 664
675 672
676 646
677 629
678 615
679 662
680 624
681 633
682 619
683 646
684 683
685 605
686 645
687 663
688 660
689 622
690 647
691 660
692 691
693 628
694 632
695 605
696 622
697 696
698 616
699 675
700 641
702 701
703 702
704 703
705 704
706 704
707 705
708 705
709 706
710 709
711 707
712 706
713 711
714 713
715 705
716 705
717 714
718 706
719 716
720 715
721 708
722 719
723 708
724 715
725 709
726 723
727 704
728 706
729 705
730 718
731 703
732 707
733 725
734 713
735 713
736 721
737 718
738 707
739 703
740 701
741 740
742 721
743 713
744 728
745 705
746 706
747 731
748 718
749 744
750 723
751 733
752 740
753 736
754 739
755 723
756 707
757 708
758 728
759 758
760 724
761 716
762 719
763 724
764 747
765 750
766 762
767 732
768 743
769 703
770 725
771 759
772 708
773 708
774 723
775 766
776 762
777 772
778 711
779 703
780 768
781 771
782 728
783 775
784 778
785 756
786 776
787 752
788 759
789 776
790 725
791 756
792 775
793 785
794 727
795 784
796 771
797 719
798 752
799 712
800 741
802 801
803 801
804 802
805 803
806 801
807 802
808 803
809 803
810 803
811 807
812 809
813 802
814 812
815 810
816 812
817 806
818 812
819 805
820 812
821 806
822 802
823 820
824 812
825 818
826 802
827 807
828 826
829 807
830 809
831 826
832 813
833 820
834 831
835 801
836 808
837 815
838 826
839 817
840 834
841 812
842 824
843 802
844 839
845 840
846 820
847 831
848 846
849 843
850 845
851 814
852 811
853 838
854 827
855 830
856 847
857 803
858 842
859 846
860 857
861 823
862 822
863 819
864 801
865 816
866 860
867 862
868 803
869 838
870 852
871 860
872 852
873 841
874 868
875 821
876 845
877 838
878 863
879 830
880 836
881 880
882 801
883 876
884 801
885 809
886 845
887 867
888 824
889 849
890 879
891 829
892 890
893 868
894 850
895 807
896 809
897 801
898 819
899 893
900 869
902 901
903 902
904 903
905 904
906 904
907 901
908 905
909 901
910 902
911 901
912 905
913 901
914 901
915 909
916 909
917 907
918 902
919 902
920 918
921 919
922 921
923 910
924 916
925 908
926 921
927 920
928 913
929 928
930 912
931 904
932 909
933 902
934 921
935 917
936 904
937 904
938 934
939 905
940 917
941 935
942 934
943 907
944 914
945 935
946 902
947 935
948 928
949 944
950 926
951 911
952 907
953 943
954 906
955 923
956 949
957 912
958 942
959 907
960 916
961 950
962 959
963 930
964 949
965 928
966 946
967 912
968 901
969 929
970 967
971 917
972 957
973 911
974 950
975 924
976 963
977 902
978 970
979 949
980 913
981 959
982 914
983 928
984 907
985 925
986 949
987 920
988 948
989 931
990 950
991 907
992 913
993 979
994 940
995 953
996 961
997 933
998 937
999 931
1000 910
1002 1001
1003 1002
1004 1003
1005 1003
1006 1002
1007 1006
1008 1006
1009 1006
1010 1007
1011 1010
1012 1001
1013 1007
1014 1002
1015 1010
1016 1006
1017 1015
1018 1009
1019 1002
1020 1019
1021 1011
1022 1020
1023 1018
1024 1006
1025 1003
1026 1015
1027 1008
1028 1021
1029 1001
1030 1018
1031 1026
1032 1002
1033 1005
1034 1012
1035 1028
1036 1018
1037 1027
1038 1016
1039 1002
1040 1013
1041 1002
1042 1011
1043 1023
1044 1040
1045 1010
1046 1003
1047 1018
1048 1017
1049 1025
1050 1022
1051 1042
1052 1023
1053 1014
1054 1042
1055 1046
1056 1010
1057 1003
1058 1030
1059 1026
1060 1004
1061 1057
1062 1024
1063 1053
1064 1013
1065 1064
1066 1004
1067 1016
1068 1005
1069 1023
1070 1059
1071 1059
1072 1069
1073 1064
1074 1049
1075 1067
1076 1009
1077 1064
1078 1058
1079 1035
1080 1054
1081 1008
1082 1030
1083 1012
1084 1069
1085 1077
1086 1038
1087 1037
1088 1029
1089 1081
1090 1013
1091 1042
1092 1005
1093 1079
1094 1057
1095 1059
1096 1054
1097 1068
1098 1029
1099 1022
1100 1041
1102 1101
1103 1102
1104 1103
1105 1102
1106 1102
1107 1103
1108 1105
1109 1104
1110 1105
1111 1101
1112 1111
1113 1109
1114 1104
1115 1113
1116 1103
1117 1110
1118 1116
1119 1104
1120 1118
1121 1107
1122 1108
1123 1119
1124 1119
1125 1101
1126 1103
1127 1108
1128 1105
1129 1104
1130 1129
1131 1109
1132 1114
1133 1118
1134 1127
1135 1115
1136 1109
1137 1119
1138 1109
1139 1116
1140 1112
1141 1125
1142 1111
1143 1133
1144 1107
1145 1123
1146 1111
1147 1136
1148 1117
1149 1132
1150 1137
1151 1105
1152 1147
1153 1132
1154 1141
1155 1146
1156 1136
1157 1101
1158 1154
1159 1143
1160 1153
1161 1102
1162 1136
1163 1104
1164 1117
1165 1108
1166 1145
1167 1155
1168 1102
1169 1127
1170 1131
1171 1118
1172 1152
1173 1103
1174 1136
1175 1111
1176 1126
1177 1160
1178 1109
1179 1145
1180 1145
1181 1124
1182 1131
1183 1135
1184 1160
1185 1119
1186 1161
1187 1123
1188 1144
1189 1188
1190 1152
1191 1171
1192 1145
1193 1105
1194 1119
1195 1159
1196 1194
1197 1181
1198 1196
1199 1139
1200 1191
1202 1201
1203 1201
1204 1202
1205 1201
1206 1203
1207 1203
1208 1206
1209 1208
1210 1208
1211 1201
1212 1206
1213 1203
1214 1207
1215 1213
1216 1214
1217 1211
1218 1210
1219 1216
1220 1202
1221 1220
1222 1212
1223 1201
1224 1207
1225 1220
1226 1223
1227 1210
1228 1227
1229 1222
1230 1218
1231 1230
1232 1226
1233 1209
1234 1202
1235 1230
1236 1205
1237 1208
1238 1219
1239 1210
1240 1230
1241 1225
1242 1204
1243 1231
1244 1201
1245 1217
1246 1237
1247 1238
1248 1226
1249 1226
1250 1210
1251 1226
1252 1203
1253 1202
1254 1210
1255 1232
1256 1240
1257 1206
1258 1254
1259 1243
1260 1233
1261 1220
1262 1245
1263 1217
1264 1259
1265 1236
1266 1264
1267 1256
1268 1251
1269 1239
1270 1252
1271 1217
1272 1226
1273 1243
1274 1212
1275 1245
1276 1254
1277 1259
1278 1263
1279 1254
1280 1226
1281 1201
1282 1229
1283 1271
1284 1234
1285 1229
1286 1219
1287 1277
1288 1282
1289 1209
1290 1213
1291 1284
1292 1235
1293 1249
1294 1277
1295 1274
1296 1255
1297 1294
1298 1255
1299 1259
1300 1232
1302 1301
1303 1301
1304 1303
1305 1303
1306 1301
1307 1306
1308 1303
1309 1302
1310 1308
1311 1303
1312 1302
1313 1304
1314 1312
1315 1301
1316 1310
1317 1308
1318 1313
1319 1308
1320 1318
1321 1315
1322 1304
1323 1302
1324 1305
1325 1316
1326 1315
1327 1308
1328 1325
1329 1319
1330 1315
1331 1304
1332 1316
1333 1304
1334 1326
1335 1334
1336 1306
1337 1305
1338 1316
1339 1301
1340 1334
1341 1325
1342 1305
1343 1340
1344 1325
1345 1339
1346 1322
1347 1339
1348 1324
1349 1302
1350 1334
1351 1304
1352 1306
1353 1330
1354 1341
1355 1324
1356 1314
1357 1321
1358 1355
1359 1327
1360 1313
1361 1345
1362 1324
1363 1349
1364 1316
1365 1363
1366 1316
1367 1310
1368 1348
1369 1309
1370 1312
1371 1315
1372 1347
1373 1369
1374 1310
1375 1326
1376 1351
1377 1321
1378 1304
1379 1315
1380 1318
1381 1338
1382 1319
1383 1378
1384 1324
1385 1341
1386 1355
1387 1373
1388 1306
1389 1360
1390 1364
1391 1341
1392 1348
1393 1350
1394 1352
1395 1358
1396 1304
1397 1395
1398 1389
1399 1324
1400 1363
1402 1401
1403 1402
1404 1402
1405 1403
1406 1403
1407 1406
1408 1402
1409 1404
1410 1407
1411 1408
1412 1402
1413 1405
1414 1403
1415 1412
1416 1404
1417 1402
1418 1409
1419 1411
1420 1411
1421 1413
1422 1407
1423 1421
1424 1410
1425 1415
1426 1406
1427 1417
1428 1419
1429 1420
1430 1408
1431 1430
1432 1427
1433 1409
1434 1406
1435 1418
1436 1425
1437 1421
1438 1413
1439 1406
1440 1427
1441 1405
1442 1428
1443 1439
1444 1424
1445 1440
1446 1403
1447 1430
1448 1425
1449 1444
1450 1430
1451 1407
1452 1424
1453 1415
1454 1419
1455 1406
1456 1449
1457 1425
1458 1438
1459 1422
1460 1437
1461 1430
1462 1428
1463 1452
1464 1457
1465 1423
1466 1407
1467 1427
1468 1433
1469 1461
1470 1418
1471 1424
1472 1457
1473 1430
1474 1404
1475 1411
1476 1420
1477 1430
1478 1467
1479 1476
1480 1446
1481 1426
1482 1438
1483 1421
1484 1446
1485 1408
1486 1474
1487 1486
1488 1401
1489 1467
1490 1444
1491 1436
1492 1435
1493 1448
1494 1432
1495 1463
1496 1457
1497 1467
1498 1432
1499 1402
1500 1401
1502 1501
1503 1501
1504 1502
1505 1502
1506 1503
1507 1505
1508 1504
1509 1505
1510 1503
1511 1503
1512 1505
1513 1504
1514 1509
1515 1513
1516 1506
1517 1510
1518 1513
1519 1502
1520 1501
1521 1519
1522 1514
1523 1510
1524 1508
1525 1502
1526 1522
1527 1516
1528 1516
1529 1501
1530 1511
1531 1504
1532 1503
1533 1529
1534 1522
1535 1531
1536 1514
1537 1509
1538 1533
1539 1502
1540 1523
1541 1521
1542 1522
1543 1516
1544 1509
1545 1532
1546 1504
1547 1511
1548 1507
1549 1541
1550 1520
1551 1533
1552 1506
1553 1547
1554 1508
1555 1520
1556 1509
1557 1514
1558 1552
1559 1505
1560 1553
1561 1556
1562 1529
1563 1521
1564 1512
1565 1535
1566 1541
1567 1510
1568 1564
1569 1558
1570 1508
1571 1536
1572 1555
1573 1549
1574 1571
1575 1542
1576 1532
1577 1557
1578 1531
1579 1503
1580 1567
1581 1517
1582 1553
1583 1562
1584 1548
1585 1525
1586 1553
1587 1577
1588 1508
1589 1548
1590 1501
1591 1514
1592 1588
1593 1527
1594 1509
1595 1507
1596 1521
1597 1565
1598 1506
1599 1555
1600 1521
1602 1601
1603 1601
1604 1603
1605 1603
1606 1603
1607 1605
1608 1606
1609 1602
1610 1606
1611 1606
1612 1603
1613 1609
1614 1613
1615 1605
1616 1610
1617 1603
1618 1613
1619 1606
1620 1614
1621 1606
1622 1607
1623 1617
1624 1602
1625 1613
1626 1623
1627 1621
1628 1611
1629 1614
1630 1606
1631 1621
1632 1618
1633 1625
1634 1602
1635 1616
1636 1608
1637 1610
1638 1621
1639 1608
1640 1602
1641 1637
1642 1623
1643 1618
1644 1623
1645 1628
1646 1636
1647 1639
1648 1611
1649 1617
1650 1620
1651 1619
1652 1633
1653 1612
1654 1640
1655 1647
1656 1632
1657 1646
1658 1603
1659 1658
1660 1635
1661 1604
1662 1623
1663 1657
1664 1658
1665 1611
1666 1657
1667 1602
1668 1645
1669 1642
1670 1669
1671 1643
1672 1659
1673 1669
1674 1601
1675 1653
1676 1666
1677 1615
1678 1670
1679 1645
1680 1653
1681 1634
1682 1651
1683 1682
1684 1633
1685 1635
1686 1607
1687 1644
1688 1656
1689 1670
1690 1642
1691 1678
1692 1602
1693 1638
1694 1639
1695 1620
1696 1646
1697 1659
1698 1654
1699 1613
1700 1616
1702 1701
1703 1701
1704 1703
1705 1704
1706 1705
1707 1702
1708 1701
1709 1703
1710 1708
1711 1705
1712 1711
1713 1705
1714 1704
1715 1701
1716 1706
1717 1716
1718 1716
1719 1705
1720 1714
1721 1717
1722 1716
1723 1703
1724 1718
1725 1714
1726 1704
1727 1709
1728 1724
1729 1705
1730 1720
1731 1716
1732 1727
1733 1703
1734 1714
1735 1722
1736 1730
1737 1727
1738 1702
1739 1704
1740 1730
1741 1709
1742 1728
1743 1704
1744 1732
1745 1716
1746 1732
1747 1705
1748 1725
1749 1718
1750 1708
1751 1711
1752 1743
1753 1743
1754 1738
1755 1724
1756 1716
1757 1756
1758 1705
1759 1756
1760 1717
1761 1747
1762 1707
1763 1704
1764 1761
1765 1740
1766 1701
1767 1761
1768 1731
1769 1733
1770 1719
1771 1749
1772 1766
1773 1701
1774 1770
1775 1731
1776 1745
1777 1731
1778 1751
1779 1706
1780 1769
1781 1779
1782 1726
1783 1716
1784 1736
1785 1705
1786 1776
1787 1717
1788 1768
1789 1735
1790 1716
1791 1788
1792 1718
1793 1754
1794 1704
1795 1787
1796 1706
1797 1780
1798 1705
1799 1728
1800 1751
1802 1801
1803 1802
1804 1802
1805 1803
1806 1802
1807 1805
1808 1802
1809 1804
1810 1809
1811 1809
1812 1803
1813 1804
1814 1813
1815 1806
1816 1815
1817 1804
1818 1805
1819 1813
1820 1818
1821 1816
1822 1816
1823 1822
1824 1818
1825 1810
1826 1803
1827 1807
1828 1814
1829 1815
1830 1805
1831 1824
1832 1802
1833 1808
1834 1815
1835 1831
1836 1818
1837 1825
1838 1826
1839 1817
1840 1828
1841 1828
1842 1809
1843 1831
1844 1819
1845 1833
1846 1808
1847 1831
1848 1814
1849 1810
1850 1832
1851 1848
1852 1841
1853 1833
1854 1807
1855 1835
1856 1832
1857 1826
1858 1812
1859 1820
1860 1802
1861 1801
1862 1813
1863 1858
1864 1801
1865 1807
1866 1844
1867 1812
1868 1861
1869 1806
1870 1802
1871 1827
1872 1871
1873 1824
1874 1814
1875 1850
1876 1817
1877 1824
1878 1851
1879 1818
1880 1864
1881 1876
1882 1801
1883 1801
1884 1803
1885 1805
1886 1827
1887 1812
1888 1838
1889 1873
1890 1836
1891 1879
1892 1860
1893 1885
1894 1819
1895 1892
1896 1831
1897 1823
1898 1814
1899 1887
1900 1829
1902 1901
1903 1902
1904 1901
1905 1903
1906 1902
1907 1906
1908 1903
1909 1906
1910 1908
1911 1906
1912 1911
1913 1907
1914 1903
1915 1903
1916 1905
1917 1905
1918 1908
1919 1903
1920 1907
1921 1905
1922 1914
1923 1919
1924 1902
1925 1911
1926 1901
1927 1907
1928 1914
1929 1907
1930 1929
1931 1902
1932 1929
1933 1929
1934 1914
1935 1929
1936 1916
1937 1905
1938 1935
1939 1926
1940 1915
1941 1920
1942 1903
1943 1916
1944 1918
1945 1942
1946 1944
1947 1946
1948 1920
1949 1914
1950 1933
1951 1921
1952 1949
1953 1924
1954 1926
1955 1903
1956 1950
1957 1910
1958 1904
1959 1953
1960 1924
1961 1905
1962 1945
1963 1943
1964 1930
1965 1956
1966 1913
1967 1949
1968 1925
1969 1947
1970 1901
1971 1906
1972 1907
1973 1955
1974 1956
1975 1969
1976 1908
1977 1929
1978 1915
1979 1915
1980 1951
1981 1958
1982 1935
1983 1947
1984 1970
1985 1960
1986 1924
1987 1954
1988 1915
1989 1922
1990 1921
1991 1982
1992 1949
1993 1983
1994 1973
1995 1925
1996 1920
1997 1941
1998 1933
1999 1931
2000 1938
103 247
840 1039
1186 467
1679 1986
532 444
775 1051
444 837
1152 363
1353 442
1674 859
814 1030
1801 946
1382 1803
1453 376
1365 1098
1324 721
113 731
365 1859
1154 1002
680 723
1537 81
1198 393
1041 1676
882 632
1801 542
407 1248
761 808
817 1012
1064 182
1294 409
1539 1659
591 412
1143 986
1762 1212
1843 591
822 223
1095 1120
555 1140
1679 68
1376 962
1809 638
260 1825
626 1358
833 193
32 438
903 1576
629 1755
529 1837
806 651
1028 44
585 889
911 1504
314 1410
663 651
763 1426
336 1781
446 1108
502 1481
242 253
1170 906
1298 887
72 1701
627 562
1531 862
310 1451
412 1607
372 78
721 558
75 645
759 676
1500 1757
101 305
1719 30
1659 1152
1282 1914
1055 1892
1218 1378
998 270
1912 1499
1096 692
439 1380
353 299
1038 877
306 179
1921 1259
1713 1387
732 520
1187 1381
1460 752
285 952
1152 734
1442 61
1932 17
497 1661
907 738
1814 13
144 1301
1912 294
1452 941
1291 337
762 133
1662 1555
435 260
870 964
1647 839
1011 995
1966 271
1314 584
1597 250
1099 1007
208 1948
353 512
1015 1047
1522 633
534 789
774 1552
1155 721
1360 598
937 551
928 451
1928 620
537 815
1675 948
432 1515
478 1495
1645 1431
913 1981
574 1878
1206 555
1015 1688
1240 1802
1999 293
1523 1715
1868 1538
16 1584
1757 1749
24 1805
65 1315
1486 1429
1155 1134
1615 978
116 1571
1543 1109
1149 373
1059 1383
1731 1007
40 1004
223 1793
14 861
529 1647
111 816
1457 1090
646 55
1511 789
1082 1055
15 641
19 981
193 574
896 698
1751 1778
31 1700
1098 376
1274 1084
1224 1781
397 895
1740 867
248 1545
283 1723
1912 999
1236 1247
953 1071
1921 1180
1446 843
547 590
1249 807
275 362
1458 1321
110 1893
1738 1536
775 721
374 1505
1540 1500
856 553
1052 1581
1427 1303
489 1161
549 1012
1446 1122
180 542
1542 1015
928 1349
931 1138
1161 1572
1243 884
561 330
1743 1103
1145 514
1944 33
1264 1205
1213 772
213 1853
1493 285
446 1108
275 1438
1261 96
1867 848
1156 1640
1876 398
879 389
256 516
1457 1159
964 90
1351 749
1533 301
134 748
442 1830
1408 1886
862 1841
547 1337
24 1324
969 1159
301 6
479 445
617 1298
1625 647
777 477
1724 1467
1992 487
1271 317
248 1989
998 1056
1734 916
1354 189
506 1474
648 774
1803 1473
1801 741
746 621
970 1293
220 459
1839 870
1375 1895
238 979
1269 1489
615 883
741 396
342 49
1709 885
1500 1644
983 1498
101 1728
1461 1324
1406 1934
601 1233
1989 277
1436 234
974 724
318 854
115 1099
1928 588
350 1238
1406 1150
1868 1917
891 1107
1547 1134
1161 1332
1853 1782
1317 562
1458 1628
1469 628
85 1676
1019 1099
1859 1509
1074 76
1168 1179
1992 1204
397 907
631 1812
1824 349
1350 905
320 1519
1101 1939
225 1473
1312 199
688 253
1112 1717
1081 774
1777 1440
795 1030
1394 531
1092 1578
1997 1584
545 1499
1308 1909
1835 1716
1660 1942
1548 1793
651 71
763 1275
1446 1583
1934 1805
1376 712
1784 1984
1192 201
479 770
1638 1329
1057 740
640 1135
103 1012
617 1318
864 1612
1814 1326
342 946
1488 941
1479 1586
807 545
1605 931
1244 1263
491 684
454 1872
1760 1678
1658 1485
412 1236
1212 89
332 1957
97 459
912 1225
764 894
651 1365
1250 471
1881 1152
945 1328
1592 1103
1154 348
242 1270
1495 1078
299 903
1995 1220
1057 644
166 1430
528 1293
1688 513
1723 1394
800 224
467 1235
30 1224
580 1645
1432 1848
491 663
1575 1789
555 667
545 816
1010 724
1351 147
539 1997
436 1292
1626 898
917 182
1277 873
850 159
1512 1454
1106 756
606 321
903 742
948 872
698 300
152 592
1850 1623
1701 1456
1036 1934
1158 978
718 564
751 955
663 1103
1507 941
783 914
1991 348
195 1194
875 1558
483 860
1038 1065
814 1868
637 6
775 1239
1245 1722
1451 1531
585 1704
547 301
42 1951
857 1837
1897 637
332 1763
984 1219
1196 1067
581 1377
211 642
886 1798
1144 1194
819 1126
361 1238
716 141
1365 238
1307 643
474 529
1026 1530
351 1344
1579 261
720 637
519 1348
689 864
1779 1927
948 1304
100 1821
515 529
141 543
45 1836
1872 343
1847 143
1633 1011
353 608
349 1805
1999 1804
540 437
91 140
1855 1469
1809 635
1482 91
1624 1168
1094 544
991 1626
1134 404
1436 788
85 1975
1821 1480
1774 1152
871 1985
1287 1505
349 1390
360 1643
886 1792
1255 1901
1767 952
14 1665
507 972
1890 1459
1116 400
519 896
282 431
1686 521
1323 1024
882 1749
1427 881
110 656
1292 1778
863 1706
867 351
1054 411
669 1157
1913 866
1031 492
278 702
1519 1884
207 1693
793 484
1182 314
1699 1998
274 1288
91 1063
1088 1090
1952 883
883 1438
1091 28
352 697
1379 56
892 516
740 506
1982 1885
1552 319
1198 668
952 1900
210 679
1805 1294
569 1595
1911 194
165 1256
62 1500
1143 1964
6 749
1479 57
52 913
1669 127
173 767
789 193
1256 1492
579 1316
1356 724
624 289
902 154
187 501
821 1793
1499 477
634 1531
129 417
1200 338
802 1552
519 703
1372 819
671 167
959 1909
1337 326
1681 1114
846 717
657 1703
512 1304
1617 1206
1744 648
768 1441
759 1008
1256 996
1472 1286
1291 195
460 1574
112 1872
1425 1259
1869 1428
519 1050
1244 1303
1784 1793
1829 1318
7 723
516 1120
1102 1185
667 766
1290 1739
184 1729
816 540
253 1946
996 108
898 96
1591 1472
36 537
497 1102
1643 1197
345 950
682 1707
1332 256
135 498
4 1074
1523 1757
1455 1938
344 1082
1081 330
1630 773
1674 1268
600 1228
1682 1114
1668 274
31 1949
1096 1311
1142 176
1936 981
1141 918
1846 1901
1330 1079
120 378
1966 641
1284 1553
84 18
13 1283
1171 1036
810 1241
1045 1768
1335 1162
1847 47
886 494
1 1014
253 1625
1869 851
236 722
1943 1316
1784 1943
1180 1905
944 1373
171 1783
8 1113
1135 1995
1167 1690
573 1873
1954 1422
1559 1116
1810 1840
1377 1947
643 577
761 1157
1790 1290
645 254
114 250
63 1790
794 712
1465 1658
1658 19
1154 321
1924 1991
1672 199
1830 874
1305 1207
984 1495
705 457
1640 195
602 249
668 745
1618 1615
1156 1032
1868 91
1709 663
16 525
1947 959
1202 204
1850 1458
1444 1886
203 333
23 1702
75 619
1249 1078
102 1968
570 1010
1800 362
946 1992
518 416
1620 1997
1634 1954
1861 1568
1686 689
1072 1143
1454 1953
61 1770
636 149
1072 1066
501 251
1568 322
1688 250
1801 601
1466 1
1201 965
450 1036
1038 967
227 41
685 582
830 323
1663 462
1481 362
1890 268
1888 1706
138 339
1199 1206
428 249
542 1563
855 387
953 947
938 464
981 1601
977 620
7 1911
1543 969
1429 109
695 1305
1902 1402
226 847
1926 1091
227 1812
1582 1104
1502 1840
1618 1174
73 1250
1325 919
573 1986
621 879
694 200
1491 673
1449 1730
1320 497
1599 615
1379 646
565 852
165 432
1598 1284
1663 1406
988 123
1484 199
1287 1765
1380 219
273 1927
47 437
291 1719
805 997
1784 403
1952 1329
736 548
1903 965
1964 676
165 1771
217 1264
1126 454
1631 1710
1319 54
1805 239
147 374
660 1696
1517 1963
1915 1175
37 1113
1687 453
320 885
321 524
1449 437
64 848
504 1947
1914 519
144 86
1996 481
938 456
733 189
694 1118
663 1793
861 874
1591 1492
1009 295
232 546
1650 1142
60 44
435 1530
43 801
786 969
1947 1941
1388 248
1831 386
873 732
308 1049
1581 954
915 587
28 76
1641 1549
1912 1820
928 22
1437 158
961 1423
610 89
71 1899
1325 1989
1868 729
1495 1327
1602 1329
213 586
899 884
1656 1455
177 513
1273 900
866 1483
1531 1048
1973 1747
306 1087
991 23
1966 1937
1672 1607
1300 1338
296 279
1397 1930
1368 594
1405 1811
1562 1135
1819 1749
316 382
1429 645
1573 264
135 1795
185 301
310 1915
324 1258
1294 1601
1487 1865
1807 1151
860 493
1086 1705
1535 807
1373 1211
239 1246
47 1954
1867 312
735 1148
98 1064
335 306
995 247
466 1149
133 686
1524 1404
1891 862
1590 1544
1028 133
717 1160
1616 397
1275 1126
1929 682
467 573
1339 1475
757 1262
1508 1796
799 1093
984 1421
1420 1917
1946 120
1735 103
299 713
729 1630
1541 236
902 1190
1195 1440
787 295
138 1203
482 450
1788 1570
1631 884
1369 213
1560 305
220 894
892 279
1444 461
1102 461
883 160
1515 1434
2 1826
612 1673
192 382
339 382
368 1242
1379 178
325 1387
1566 1840
937 773
468 1948
614 1179
1437 1454
1145 1826
1092 946
474 1964
1976 1000
1625 103
763 1084
412 1260
1456 1125
687 562
1408 383
1901 119
956 129
1203 1606
296 733
1245 1288
35 212
1171 607
1720 207
197 238
1455 946
126 1521
743 445
453 221
880 1805
132 646
679 432
63 215
904 771
1222 246
75 1061
1715 1189
200 1658
1951 1574
1343 11
1636 646
1639 109
1986 868
752 1647
1705 668
1328 191
1640 24
824 232
18 939
833 882
1399 1190
1129 190
959 1042
1615 1819
117 1459
265 741
806 386
1212 1224
1422 296
937 1366
903 1261
1657 397
1444 1538
1831 987
812 1183
472 1209
241 463
697 1359
101 1704
883 1555
395 875
522 1793
1336 639
1823 1573
628 1849
1724 1708
376 401
122 1050
1732 182
1241 1402
575 1329
642 693
337 1610
1439 760
371 538
1849 1344
602 1207
1649 128
1963 1343
1853 529
1247 1314
59 1358
1878 1871
1566 1869
1338 133
1304 59
1413 751
796 607
888 1178
1414 493
1431 1789
29 712
79 1775
51 1440
459 1148
367 1427
1071 381
1799 316
918 1946
1311 253
17 1012
171 1669
1533 1460
171 1442
254 1872
998 1381
456 78
188 1125
38 965
589 1091
852 1000
1292 730
322 1358
1030 1641
1427 468
1758 1431
1671 186
1027 124
754 1986
1737 107
172 1634
1702 1554
1482 1506
1189 613
660 1646
1755 769
877 1749
1643 1937
158 239
1542 906
1904 535
1050 488
1622 1134
1368 1586
896 1114
1583 938
60 1766
431 1041
1808 814
530 1185
519 1214
1759 1231
927 1766
1897 588
358 1011
255 1032
1023 1574
940 88
1144 1403
303 1790
1932 1921
815 351
233 1332
301 205
1750 1346
447 1022
1810 1960
1019 1165
1146 395
1520 1863
482 1214
721 913
1147 97
727 413
336 113
424 1541
252 789
1266 1071
211 582
818 3
1761 1684
447 692
837 1828
594 860
792 960
1834 212
137 886
711 422
1709 71
987 1010
1405 169
602 756
947 1973
1712 59
169 51
1777 282
105 787
1744 1721
1451 1703
156 1780
448 1012
772 600
1008 1217
945 1199
940 1431
305 1883
790 788
630 106
299 37
1256 1938
401 413
1427 637
593 1243
398 332
1340 1124
1267 1522
1977 604
1712 576
1382 1372
210 153
529 932
298 1890
139 1211
1688 1090
545 12
1288 1441
1550 648
1240 1269
1951 1895
1914 495
1430 956
406 313
714 1614
1371 184
1204 454
1059 1222
1232 943
378 366
1125 1174
691 199
1775 1503
384 1884
1028 382
860 1175
1808 390
1961 448
707 831
1811 1807
4 1711
931 1455
1977 496
1989 1366
287 1681
1428 1421
626 1229
1936 1489
1497 853
1409 1793
10 1068
1918 26
1822 1387
1129 1125
599 153
40 944
1448 1898
1533 1304
1603 1634
884 278
303 504
1210 1773
417 1175
1439 730
1482 62
532 1828
1217 1656
1804 260
473 481
1090 827
1143 1200
855 1357
963 1566
68 1585
177 1764
580 173
1395 227
1691 1627
1812 294
92 288
451 978
187 749
1788 298
422 1301
656 584
1945 1494
1447 133
1152 461
826 1599
1549 1880
340 37
321 1158
2 562
1147 140
1033 1888
1018 273
952 1455
1491 1068
1412 256
9 292
1102 1666
1825 497
1014 310
1707 182
1974 507
629 1982
528 284
87 897
946 1729
1042 1764
641 1911
727 74
1127 69
1822 366
564 1749
1804 280
1540 669
1888 1832
482 1278
107 1779
1234 1405
1962 775
7 1295
1490 942
625 1755
1402 970
420 276
240 1707
1573 710
1581 1398
1157 1695
631 643
1910 1740
1229 649
1642 1208
30 1149
569 251
1168 1377
847 1153
351 1400
59 235
1047 1933
1314 589
1465 1006
770 1135
363 733
1094 1885
1787 455
1027 1796
757 1547
1973 496
1659 206
462 1819
1004 757
175 916
442 1798
34 1855
601 1241
936 38
790 355
384 34
949 1684
702 212
101 882
551 5
1432 1289
1268 993
1223 764
724 447
863 1355
627 1663
648 4
675 1884
603 392
1313 699
987 1270
1450 1172
1390 688
920 1333
1621 1509
152 20
432 1788
1912 1742
1970 1395
1058 1559
906 1524
722 1039
1883 1017
491 1146
1708 1284
292 1659
1305 427
607 1711
1478 243
717 866
953 670
1905 23
122 481
1359 1368
657 992
1706 911
871 287
1787 854
491 914
236 666
931 540
591 1615
591 1903
1019 1594
805 413
1318 348
1110 1797
1403 1575
930 1315
1158 151
195 1175
510 427
32 1541
545 332
319 1090
817 1495
1836 1845
672 1501
1367 947
924 976
278 642
1470 777
1182 1485
1719 894
781 1695
328 357
778 1280
1966 1058
1017 1795
584 886
1678 1926
905 1466
1986 1504
597 1345
674 1529
1891 1976
223 855
1707 1608
1505 1188
1836 1490
16 984
531 3
1176 729
1238 1467
64 1588
1836 620
1370 634
1349 1645
1776 1200
968 35
1479 1072
1215 311
251 1389
374 1480
914 1766
347 170
1650 467
1531 1402
345 1043
138 188
1725 777
1676 838
408 1644
1813 51
750 151
198 90
1584 504
1574 1959
1108 1274
1101 232
1653 1846
1200 956
518 185
636 1417
144 885
981 1541
438 55
735 1369
1209 1516
81 1902
1029 590
627 1408
1366 796
327 854
688 1282
1021 284
729 279
267 395
209 1205
1062 429
1843 1367
181 1066
103 361
1240 1482
389 1220
767 1688
1141 1911
1915 1951
1834 1892
1273 834
102 1686
1757 497
87 1404
1829 941
1534 1298
623 629
1451 365
1930 909
1676 1185
626 739
976 481
1860 891
1587 1969
1943 681
1537 132
771 1111
10 688
164 295
268 1452
57 1274
695 559
65 532
340 1445
672 504
1848 1973
1849 1271
354 1856
965 317
219 511
1665 1374
1969 1618
1153 1489
620 473
1442 9
698 1529
1210 549
1266 1816
981 212
1427 1070
866 680
57 1955
132 502
797 1555
237 1287
525 1922
910 1371
1814 286
360 1052
1638 1141
880 802
458 1529
39 1758
1217 1484
852 1327
1432 269
1887 1807
873 547
848 1040
986 1828
770 1871
107 1401
292 1949
1728 230
1791 1360
838 925
1761 1482
217 1302
1254 1048
914 1105
1719 1903
1947 250
173 149
1899 1118
332 872
1146 270
15 824
1819 351
700 1189
680 1209
1681 90
989 1112
1604 596
246 1967
152 198
182 326
1243 339
1906 1538
781 1472
1476 1999
1370 1372
986 618
931 494
136 186
1904 1917
1779 1671
1740 1431
664 117
876 1721
920 783
408 1750
1264 251
801 187
811 1153
1588 1001
1493 828
1782 1350
1155 1932
1135 1755
732 619
1167 1811
1874 1495
458 1401
466 824
1445 1326
1991 1666
629 839
1847 1041
118 1081
1684 67
753 1449
1355 1937
483 503
72 1859
1425 1960
1188 690
1747 1428
1750 513
1195 1774
1191 195
398 840
879 20
1350 1212
432 508
1444 651
137 1095
352 467
1120 1481
191 820
1835 1745
868 1206
875 1955
1258 1881
774 564
1443 1825
1890 498
475 1360
84 1808
1953 1244
1576 1672
901 1815
1643 1723
599 1426
1841 93
995 42
604 1671
61 431
1157 1988
4 1238
1423 1296
1873 1405
1933 1016
1681 891
998 101
1544 218
1914 754
1226 825
1503 174
532 1584
554 470
334 363
24 307
1986 307
753 1575
126 567
254 1920
1042 1666
464 1824
1068 1353
1913 1443
104 897
651 1658
1440 642
1698 1497
1950 1575
1911 1243
580 1586
1518 135
465 1037
1766 1407
643 440
1712 41
1184 709
982 605
330 182
1194 187
1873 657
469 321
898 1251
1561 1768
1082 1427
846 416
634 551
1138 1883
471 880
1933 53
541 607
263 1010
1544 754
1926 18
1438 465
1223 198
1057 81
470 1592
1123 474
1906 1513
1985 676
1342 1295
890 1728
1893 81
498 260
93 1392
1947 338
1301 440
653 456
920 410
120 168
1480 1480
912 1815
377 1807
87 806
1761 1079
1642 1903
1785 935
402 929
230 1559
1883 1448
1340 1195
280 1684
1847 963
1632 269
873 946
1363 615
551 1148
978 201
1348 1146
591 375
523 285
1506 1243
637 577
34 469
1711 1852
153 1921
1069 1739
1774 1338
727 1600
961 1030
174 386
1012 770
209 1813
619 1724
737 1792
1223 1918
364 1750
711 1026
1207 653
587 1019
1528 1120
906 687
485 648
1429 1034
974 1647
1354 1468
460 1112
880 1697
1446 257
449 1943
1626 584
319 342
1079 713
472 1093
301 329
775 416
880 71
696 887
1566 1220
1313 434
1869 1752
1217 618
1060 1945
1109 1775
1096 1570
514 1343
1166 932
287 1526
394 1286
1134 519
236 1482
955 925
1984 1812
147 1943
165 619
1860 1958
92 1315
1699 758
867 436
956 632
411 877
1467 414
272 81
1211 1435
571 183
913 1421
361 411
124 1064
1337 1581
1628 656
1719 23
1182 794
126 1501
654 616
647 766
1655 1734
1477 657
1207 199
72 1402
631 1912
379 1262
222 582
1473 779
1615 933
244 1124
418 22
124 39
1974 1956
1324 1341
1128 7
412 1553
198 907
390 1872
1678 683
1533 1813
1593 933
1953 1700
1077 1763
1961 1141
1895 1569
397 1327
264 762
148 607
224 1904
1985 642
1312 952
505 1798
743 1690
816 1133
1254 67
545 1548
1426 745
1095 568
463 272
599 786
1081 1303
1621 90
1581 1560
1103 450
340 1650
1062 599
1570 1003
1383 1286
1779 783
1600 846
913 1653
486 887
476 294
441 273
1114 706
1517 179
88 717
805 1306
1781 482
803 1280
975 1173
568 834
1118 1386
599 11
163 1160
804 456
1522 98
1225 980
503 1233
599 546
1890 1791
1254 517
1466 701
1823 118
1615 1973
1689 1285
226 1129
415 854
340 389
1082 39
1840 950
966 1367
1159 679
1453 470
70 344
1848 101
658 1706
17 1633
1635 467
1442 371
1239 1684
1734 1020
1499 1148
1177 870
1547 1972
70 1698
330 125
797 1105
152 41
1189 352
402 1328
1501 132
1720 498
1890 1983
208 923
1919 1734
1094 904
566 1965
335 1197
725 647
1035 1062
1367 1638
1926 233
930 1812
533 381
1125 446
834 917
928 400
1952 250
1818 284
163 1037
534 592
298 392
1880 1011
1869 901
1644 1768
75 338
195 1240
1313 191
1014 891
1733 1687
1009 1718
1206 396
1168 1555
1411 1000
229 1097
1494 903
1515 907
1041 163
1497 258
1478 1579
576 625
1651 297
752 324
1535 1271
1959 525
1036 1974
1561 457
875 1637
1521 817
135 1744
1448 862
1619 66
1121 1926
325 1814
599 1924
38 317
535 1295
65 196
879 782
1923 1464
140 856
884 328
1918 584
1957 691
942 814
1387 1156
1839 562
3 1683
1391 545
1865 589
1737 1139
1947 1474
1304 318
1652 1347
352 1192
211 1253
603 1802
417 751
896 835
530 1316
445 1036
1215 720
710 1288
1534 818
706 1203
1892 293
622 716
1782 1707
1646 1256
205 1102
180 715
1804 945
334 461
858 23
964 771
1395 979
1246 1981
70 749
942 746
321 1894
626 1651
356 877
459 1885
1199 874
1334 1672
1800 709
716 897
1400 245
1129 1706
374 1452
1115 1195
643 1143
1963 446
912 1574
1855 416
483 766
627 1092
1664 129
1521 84
1291 598
838 649
800 1259
1946 733
756 1364
155 417
1193 1798
1225 1945
50 1269
314 1484
981 442
1502 56
801 874
489 569
1729 107
502 913
1443 1282
1732 1839
1322 678
1479 306
1249 822
1245 1382
1492 203
852 1143
688 1034
1437 1766
1928 1004
1399 1933
924 1115
316 1616
129 55
1163 649
711 808
1985 1282
1786 423
618 1941
1561 1105
1076 1547
1794 981
924 197
1187 1661
239 247
727 169
1648 408
1372 20
1571 1727
1570 1091
122 1722
1730 624
1842 1668
31 230
1515 1424
362 750
717 36
1488 1487
1521 386
1734 1225
570 1054
760 596
338 1195
1976 1777
788 122
550 131
91 1989
1765 1109
865 1162
1371 98
560 288
137 931
1004 1453
854 605
1283 122
1550 659
1550 1572
1375 1507
1725 1205
1075 1161
1036 1533
395 70
1451 381
192 1567
1424 843
698 1365
1335 1094
1900 298
885 421
781 1369
283 1394
1202 1885
616 650
1150 1918
1761 1064
173 656
30 1205
1807 749
928 1417
1060 474
1687 503
528 1240
1290 1217
330 1378
462 1286
1622 1179
1985 1772
1130 192
847 1667
1264 1989
835 446
1194 194
1556 1091
894 1808
