100
4122 4948 4148 3277 1338 4432 4440 1652 2294 4267 2656 2101 4909 2609 3278 38 147 1613 3771 4693 1911 332 3000 4384 1143 1826 3509 4047 2943 1225 3696 4714 2474 4703 2901 653 3731 4058 165 3965 579 3373 4950 3909 2593 3196 946 443 2503 2895 1861 4797 1164 4075 43 883 2385 1617 4885 603 1165 2519 4021 386 4681 4561 534 4870 1057 3942 1069 625 404 517 2773 4484 1944 1853 924 2974 255 3840 943 2619 2543 1067 1168 3865 763 2982 2303 4804 4202 218 3935 2196 2086 4267 1917 4841 
100
query 34 81
modify 84 96 2410
query 2 80
modify 70 100 1431
query 34 52
query 83 99
query 41 97
modify 25 95 3851
modify 47 71 744
modify 89 93 4476
query 64 69
modify 49 60 2656
modify 70 87 1533
query 8 16
modify 69 77 4327
modify 60 68 1674
query 38 75
modify 58 81 4566
modify 84 86 4414
modify 88 99 3748
modify 47 59 863
modify 100 100 902
query 97 98
query 85 89
modify 12 65 1602
modify 97 99 2990
query 54 79
query 99 100
query 79 94
query 20 47
modify 63 71 859
query 22 25
query 6 89
modify 4 98 2810
modify 99 99 2271
query 26 30
modify 92 93 1343
query 32 61
query 66 93
modify 83 91 700
modify 83 88 1393
modify 73 82 664
query 85 96
query 84 96
modify 58 58 4955
query 88 91
query 41 88
modify 4 84 576
modify 53 96 3749
query 86 99
query 62 64
modify 23 57 235
query 42 77
modify 71 75 375
query 51 79
query 7 85
query 3 96
query 85 94
modify 29 80 565
query 45 51
query 84 93
modify 68 95 1982
query 32 60
query 75 93
query 88 97
modify 83 95 4082
modify 51 78 4310
query 27 87
modify 25 98 1127
modify 34 69 4770
modify 81 98 4138
modify 22 35 4478
modify 90 97 2152
query 54 89
query 2 92
query 19 46
modify 11 56 1203
modify 7 74 1979
query 12 78
modify 27 87 3812
modify 89 91 4054
query 89 99
query 36 94
modify 53 88 1750
query 22 57
query 9 72
query 35 83
modify 44 79 1673
modify 68 68 162
query 78 81
modify 43 96 4965
query 10 41
query 70 94
modify 31 49 3992
query 94 100
modify 82 100 4392
modify 36 53 1385
query 28 74
query 87 91
modify 1 25 1189
