1000 1000
160 522 854 701 455 4 871 304 344 690 641 782 986 247 613 376 966 329 390 662 690 410 427 317 870 858 887 852 251 966 493 515 233 199 539 35 519 403 515 846 688 576 278 560 81 642 816 323 780 101 25 918 936 532 230 175 967 353 495 786 672 134 866 204 398 799 675 250 653 318 273 892 264 792 851 799 388 639 114 178 997 896 755 575 121 34 568 416 985 167 582 635 202 715 767 995 69 366 621 104 75 202 780 897 724 541 757 619 225 581 140 390 723 750 353 416 16 543 476 301 727 79 659 293 107 737 427 741 994 866 814 740 426 207 496 80 635 585 688 931 844 401 864 466 555 345 913 24 109 102 332 237 536 798 306 562 648 173 505 366 617 700 128 782 34 397 564 463 394 793 62 607 931 932 434 99 254 864 743 538 92 88 877 353 241 751 308 278 443 429 708 660 336 328 197 985 192 695 573 356 605 43 343 224 597 489 915 783 791 737 601 652 596 805 910 831 274 602 210 532 136 286 833 741 698 215 73 908 116 34 61 798 350 582 619 127 668 447 12 436 778 693 61 737 90 402 932 940 814 866 375 928 301 505 146 357 890 44 283 530 326 980 978 994 529 429 846 573 20 533 59 943 345 140 671 610 749 151 320 656 710 969 906 636 269 191 695 947 521 517 93 585 346 152 899 818 31 599 911 586 122 519 820 109 116 500 317 431 376 503 610 631 44 960 292 469 777 736 376 996 14 123 520 328 984 860 574 257 835 673 439 826 530 760 68 330 754 491 184 576 193 611 391 347 40 778 203 562 983 637 175 679 651 198 725 785 786 643 145 171 828 421 678 874 204 379 489 249 404 738 989 366 75 531 88 316 948 679 16 926 258 560 114 885 399 621 939 251 159 686 398 331 139 131 224 653 957 694 120 156 301 858 975 269 390 980 365 268 327 515 802 850 909 79 73 671 687 468 566 23 346 805 403 353 255 109 546 753 999 40 107 151 745 5 943 402 664 181 915 492 303 295 151 904 259 491 291 17 876 200 864 721 359 114 264 79 494 915 277 357 939 294 541 847 867 409 108 550 447 847 335 73 396 326 154 693 94 15 202 195 523 946 196 181 602 220 585 89 529 451 743 625 89 908 646 518 888 684 170 17 40 721 39 648 154 860 16 363 755 301 858 101 540 828 462 387 436 681 38 323 4 633 552 364 679 636 659 665 893 395 430 470 191 444 133 966 925 718 913 375 162 546 674 298 100 341 721 654 143 231 758 324 994 973 372 273 702 618 498 940 530 441 941 843 676 222 578 631 603 301 571 854 502 819 678 822 628 394 867 94 671 741 554 344 619 113 709 427 877 239 177 890 919 154 798 845 228 957 626 333 388 927 921 93 124 172 806 803 962 183 999 714 17 336 684 974 761 85 135 848 433 168 888 593 469 612 63 24 780 940 118 247 348 161 453 115 45 303 420 554 299 81 503 178 506 903 985 535 84 892 686 541 118 790 572 734 102 219 987 747 744 585 7 765 348 80 46 826 348 976 492 626 420 526 924 859 306 834 535 672 600 320 681 595 668 504 722 744 544 535 634 861 888 606 144 351 530 893 760 648 948 33 802 494 158 254 943 71 345 124 910 276 308 878 68 665 160 641 456 779 981 476 564 772 955 854 677 366 828 542 247 630 31 62 278 954 372 968 145 49 966 35 381 587 172 453 866 909 336 135 853 139 617 210 253 944 871 916 632 337 543 76 945 135 653 18 650 906 631 547 70 543 997 768 888 895 374 115 317 117 633 196 704 988 360 202 805 179 911 446 997 844 573 127 47 617 776 310 358 165 546 511 315 21 30 56 96 717 472 5 530 475 322 624 395 35 109 863 975 376 631 367 504 449 904 847 344 178 256 221 361 836 411 870 57 132 211 66 99 972 668 463 738 687 998 46 288 115 324 756 684 123 747 550 354 527 9 822 146 360 59 326 135 510 251 697 607 835 11 568 651 924 157 769 202 869 365 879 73 295 833 31 149 630 5 32 862 648 119 830 340 561 689 778 249 89 268 921 735 577 945 992 384 99 131 357 207 855 45 575 265 637 614 213 861 500 186 474 521 350 287 517 956 356 210 336 502 618 791 405 420 730 388 599 165 966 517 763 850 640 106 905 750 698 596 947 619 24 607 406 540 158 822 231 723 837 321 142 919 476 243 135 692 602 44 779 542 387 817 458 212 586 108 594 850 984 694 190 104 769 79 773 798 393 198 121 280 450 359 52 385 439 449 594 394 365 232 764 137 184
743 980
904 995
425 973
224 897
632 969
321 609
98 986
187 899
861 938
677 825
330 431
895 909
29 515
474 790
788 881
487 581
997 999
714 771
902 979
814 938
505 929
337 367
534 813
645 970
149 807
976 996
323 975
775 986
201 425
616 981
662 705
152 234
542 824
865 973
228 930
334 971
279 557
376 687
992 995
453 683
449 658
568 839
923 999
759 807
582 885
444 738
348 531
621 938
45 719
827 976
931 936
893 953
594 805
792 922
706 724
561 655
959 972
39 140
468 885
255 497
324 799
909 956
700 720
374 377
420 978
775 903
175 249
193 207
388 488
958 984
703 739
950 958
260 727
171 548
474 922
793 799
971 987
330 372
630 914
181 794
289 841
454 705
691 720
280 946
442 712
532 782
311 596
700 991
23 228
949 973
93 587
463 482
754 771
357 870
234 801
529 784
578 967
100 197
164 760
227 974
490 503
809 987
547 802
466 662
996 999
776 996
979 984
102 904
55 347
231 383
148 283
918 927
19 290
667 993
385 445
118 309
553 706
806 996
928 998
420 754
281 454
583 662
856 891
334 919
417 908
242 584
74 117
436 721
21 218
869 990
659 769
71 726
706 797
831 929
513 596
525 613
827 846
552 770
984 997
729 928
983 988
170 200
700 847
701 840
331 631
401 933
749 955
341 623
233 515
137 592
245 429
26 501
856 873
964 984
897 905
386 999
609 859
570 863
725 994
995 999
322 904
81 885
235 538
601 638
649 689
162 235
408 500
317 896
74 778
415 765
768 881
811 867
972 992
798 848
312 615
957 982
950 999
815 943
244 942
690 838
52 888
140 724
791 823
280 881
562 625
955 994
315 568
656 944
621 911
658 767
36 251
463 925
123 562
608 760
646 697
173 194
413 824
44 88
247 432
783 799
347 698
557 602
275 747
854 886
454 544
212 760
978 988
764 859
628 796
850 987
400 562
872 959
895 994
133 457
798 810
564 612
193 310
810 845
950 968
888 991
60 968
589 902
99 645
398 552
333 619
50 988
290 356
273 587
448 884
179 638
925 962
187 218
305 953
852 865
582 784
356 586
113 599
167 496
817 894
306 825
134 809
558 956
522 745
494 906
727 727
800 871
957 962
601 958
232 841
493 681
424 779
244 995
270 933
662 858
623 885
214 526
383 709
989 999
607 682
327 750
100 488
299 637
645 832
768 969
615 865
287 371
673 911
211 814
292 663
485 744
13 260
767 839
224 793
625 625
991 997
462 830
184 813
991 999
938 972
703 711
493 566
747 792
434 881
769 862
553 735
772 1000
561 697
196 741
422 504
871 903
863 948
290 522
805 859
718 970
299 565
465 899
346 886
363 971
862 888
928 984
577 807
643 710
197 818
417 887
58 518
250 320
377 709
622 925
319 466
832 905
81 129
853 947
334 864
41 98
880 980
271 736
395 404
673 774
400 947
438 667
256 420
50 461
603 827
569 851
439 630
982 999
327 488
874 958
714 873
319 981
939 961
56 960
617 779
825 926
525 944
261 718
497 668
368 870
771 859
964 968
711 712
461 495
673 712
244 708
855 970
351 636
780 973
533 978
930 997
490 561
380 801
505 722
295 541
735 965
528 953
218 590
668 879
969 988
800 917
6 884
524 655
356 592
19 584
53 65
808 972
411 592
775 963
919 943
33 263
823 932
788 969
629 751
752 838
311 556
28 643
660 814
946 981
284 671
189 299
205 877
762 786
492 923
50 168
406 543
749 835
488 895
584 808
765 889
669 873
705 726
830 975
705 961
940 981
174 783
858 937
612 935
333 417
953 990
216 671
915 946
153 189
278 324
442 755
331 625
783 895
979 999
217 715
352 504
473 555
477 789
195 765
916 920
175 314
913 952
667 929
635 799
259 608
532 794
862 914
237 665
293 413
247 375
860 871
354 542
532 701
571 610
532 805
684 855
338 937
707 985
559 809
33 609
386 771
880 995
747 767
124 517
967 975
94 569
32 66
762 785
716 793
797 834
432 701
704 760
500 861
257 840
817 964
881 900
396 800
655 836
425 492
68 288
576 868
634 867
935 995
488 613
166 780
723 908
402 989
952 978
197 717
603 716
316 487
859 880
511 570
540 647
242 558
966 996
550 702
153 681
360 836
216 723
27 423
536 933
969 981
354 602
13 645
396 578
205 480
777 810
509 930
332 853
69 934
395 552
394 970
964 971
762 847
596 786
418 828
936 972
552 951
717 983
808 997
623 999
242 350
668 933
508 929
811 866
564 641
529 921
284 619
650 679
79 879
459 533
357 644
730 801
133 378
957 995
469 963
703 964
360 901
582 835
877 984
251 947
654 657
786 830
982 985
598 822
826 846
150 268
260 925
600 786
982 990
773 788
811 890
399 536
594 710
638 811
956 964
261 903
127 936
941 991
505 667
110 160
502 764
58 394
459 997
436 659
794 878
862 876
890 895
489 741
210 284
430 545
353 962
874 885
501 754
852 972
844 863
206 538
249 878
314 543
221 296
264 696
304 742
723 757
137 754
743 778
476 984
200 304
444 728
162 539
303 720
1000 1000
350 475
319 889
415 608
669 892
733 922
859 946
829 924
327 653
9 860
353 792
465 996
431 892
430 684
12 643
613 732
174 226
89 300
994 1000
990 992
195 212
337 674
991 999
886 907
792 801
821 999
393 565
933 956
120 822
130 872
627 651
133 474
235 884
92 232
199 685
543 962
154 596
600 687
565 628
526 743
797 809
746 955
722 990
351 788
603 691
827 990
714 944
489 815
110 548
148 916
48 440
522 581
751 905
16 497
581 665
22 122
174 837
687 856
308 533
557 867
674 694
77 910
407 445
557 836
298 737
905 915
675 892
642 882
901 919
693 992
307 917
137 984
825 861
53 501
764 764
994 999
901 920
53 481
243 452
669 723
409 978
551 820
894 929
646 694
425 927
210 689
672 940
361 520
242 301
934 948
448 477
378 911
509 675
668 963
272 420
513 597
678 961
198 322
975 995
386 868
61 86
258 640
451 638
262 371
901 984
816 976
232 995
375 837
933 942
624 755
32 784
153 551
476 592
470 761
294 714
622 855
838 868
54 656
644 668
257 532
780 900
690 799
237 462
856 906
906 956
705 708
22 862
809 831
504 784
613 893
393 688
336 575
531 730
349 462
268 863
232 274
150 156
914 968
406 624
405 774
414 857
623 671
334 907
119 911
604 880
680 831
164 445
849 962
873 933
913 930
853 961
303 489
518 978
620 760
820 882
279 663
425 584
820 925
824 927
388 626
232 392
965 989
199 793
203 545
152 603
335 923
648 767
605 983
798 869
276 779
757 932
654 887
906 922
265 614
496 909
157 210
925 938
281 967
976 980
705 938
285 294
174 220
152 571
855 859
697 847
592 660
31 302
128 190
542 967
333 362
179 863
694 754
522 904
762 919
304 733
227 482
941 975
865 876
516 612
353 582
163 932
233 885
21 111
67 620
426 641
177 787
120 792
268 634
464 962
642 786
76 296
148 171
451 824
925 959
915 958
312 806
616 820
449 794
479 674
838 890
39 113
122 941
862 963
529 685
686 770
788 873
627 770
74 98
127 322
145 339
461 711
92 248
264 627
274 503
48 578
834 990
149 257
924 956
917 978
971 987
498 526
472 961
149 205
882 923
95 982
939 985
659 715
294 313
220 314
965 974
42 241
644 891
847 882
253 864
978 988
237 975
427 543
703 977
141 196
892 922
331 789
964 996
127 523
794 991
188 758
633 969
760 957
705 908
149 974
881 934
527 863
736 806
64 175
531 686
565 810
275 614
381 491
680 723
268 303
414 869
660 784
406 416
783 995
639 990
494 963
893 933
207 234
76 451
531 811
204 984
8 785
586 859
497 797
311 504
238 642
299 569
674 900
192 452
198 268
141 816
406 597
512 744
523 743
991 999
997 997
167 952
167 380
839 947
391 903
493 564
337 672
808 880
940 940
404 446
72 553
258 941
203 586
231 887
111 574
545 947
815 942
121 407
991 994
583 608
846 1000
675 976
153 356
297 507
578 945
613 868
516 692
790 998
253 646
128 615
467 502
655 666
147 852
871 904
219 477
633 946
159 164
424 687
943 948
529 786
33 140
727 991
315 906
619 786
666 978
523 611
174 203
125 577
433 819
356 393
584 655
844 881
597 907
13 417
315 870
566 703
126 718
439 725
759 962
782 802
503 531
795 848
975 997
93 133
142 942
188 980
494 843
481 749
130 511
922 960
797 821
689 746
793 874
99 418
540 835
281 973
869 886
279 813
71 597
446 671
58 796
601 662
35 154
603 913
175 895
297 411
798 844
177 516
753 826
813 831
380 436
291 561
592 933
80 260
707 797
30 212
911 982
901 950
73 333
947 982
1000 1000
404 723
283 973
637 956
686 784
509 626
19 781
571 917
491 571
337 964
334 941
130 637
479 488
891 897
357 749
747 943
85 921
203 990
688 849
859 930
251 530
771 858
591 998
481 613
100 389
958 958
808 881
984 992
877 945
140 445
32 879
2 199
434 948
