1000 1000
130 56 184 430 945 206 600 381 382 554 547 556 11 176 552 493 204 160 207 225 492 348 124 292 812 24 73 917 239 312 6 269 401 179 709 475 992 754 645 936 529 338 861 175 174 195 686 919 154 777 727 412 321 518 669 492 627 239 867 206 554 430 654 982 284 488 367 891 809 198 662 281 802 122 48 689 960 516 109 71 882 91 958 457 175 463 736 771 953 139 166 215 604 326 548 94 482 886 831 205 768 786 638 494 733 158 586 185 82 970 363 335 903 542 216 57 623 1 531 102 982 122 247 226 544 564 837 263 910 504 263 187 490 242 617 545 306 991 813 562 941 501 124 480 760 28 68 323 488 460 920 567 884 35 509 347 168 798 124 642 109 266 7 159 301 497 734 383 608 248 396 57 603 30 812 997 646 610 768 534 703 438 695 104 298 199 101 220 902 849 308 57 658 21 941 82 725 647 815 636 185 115 672 119 810 365 929 431 189 275 284 830 171 871 462 868 256 626 645 789 164 68 437 570 3 262 377 487 742 613 272 154 309 979 685 217 885 410 426 699 414 508 588 780 568 434 530 440 236 974 209 803 385 847 14 739 957 556 41 967 924 890 489 224 891 15 571 553 408 607 75 108 629 790 638 87 890 950 547 681 109 221 153 734 107 364 760 503 192 75 627 397 718 142 460 926 310 421 947 890 475 29 865 301 269 340 57 478 873 762 305 906 928 565 829 722 507 391 619 423 722 970 514 341 506 442 632 186 527 688 189 835 924 517 395 831 889 520 633 195 105 958 766 735 421 3 214 587 533 278 775 64 526 811 869 723 280 447 831 48 366 708 194 910 323 485 389 674 420 445 7 161 842 249 222 182 950 252 279 201 527 340 97 90 452 361 901 59 773 121 253 510 680 616 773 840 152 253 720 881 467 589 478 34 457 560 22 485 163 737 315 313 24 408 400 813 501 714 511 759 965 66 319 207 884 722 907 203 511 33 529 160 427 565 778 521 872 99 274 204 654 672 48 600 322 531 570 421 791 959 23 983 599 412 346 992 144 359 383 871 632 871 549 378 902 283 715 386 629 697 595 179 136 57 244 986 805 251 711 701 82 674 757 260 784 835 98 733 85 210 592 925 976 506 309 672 670 183 523 961 836 564 525 339 855 33 848 832 711 339 765 705 644 470 255 914 696 516 838 300 329 481 582 842 532 920 550 548 491 569 813 694 834 502 668 487 174 974 293 298 603 51 876 299 332 501 322 366 398 900 602 577 776 164 401 394 901 894 971 608 625 626 219 339 113 2 670 91 526 870 538 724 217 511 877 496 773 566 291 72 843 685 230 324 395 891 914 899 208 299 830 617 224 671 733 222 947 491 936 277 63 904 284 61 616 361 172 242 813 359 139 542 402 469 62 573 946 407 829 147 992 274 236 463 113 714 522 155 768 324 938 115 399 336 529 996 114 355 563 180 946 144 777 52 763 39 954 967 510 650 659 574 531 651 895 865 110 327 796 9 216 852 392 215 13 464 696 761 104 80 981 63 530 698 837 34 999 270 470 638 195 185 425 128 718 517 851 920 763 828 696 976 996 894 143 259 650 410 287 581 87 652 193 354 476 304 169 319 349 281 176 393 561 976 292 269 649 329 16 452 293 574 788 81 580 870 853 940 349 355 650 608 225 863 252 555 256 895 309 595 173 567 734 966 937 932 718 81 97 50 56 100 247 201 786 835 986 506 134 903 107 445 931 382 259 126 641 326 12 292 812 162 446 405 170 191 893 168 724 978 535 271 866 411 571 5 925 951 933 536 71 531 538 459 507 192 385 215 169 824 200 155 160 599 97 874 357 821 215 171 690 82 725 295 632 611 692 310 388 566 524 873 47 68 416 274 649 351 854 196 297 924 395 279 767 295 69 953 294 861 257 362 812 733 615 480 980 776 34 338 595 772 536 418 263 857 593 17 160 21 881 419 586 132 846 367 7 255 1 842 49 474 285 306 909 630 71 760 919 350 507 187 20 208 289 103 470 240 98 659 823 923 844 706 619 676 901 852 937 622 551 355 967 848 623 791 623 726 666 682 143 628 961 967 963 179 222 131 342 496 328 28 806 448 453 629 878 859 492 907 634 469 828 731 267 565 649 373 955 901 646 603 214 309 942 784 137 161 990 907 598 348 72 365 921 728 884 120 612 416 375 349 81 770 68 944 977 253 881 941 178 434 957 253 431 523 176 160 64 801 360 964 646 199 600 226 646 65 100 995 928 940 464 737 947 68 600 262 183 858
891 963
611 695
221 823
703 862
218 997
870 882
601 970
494 543
759 976
383 836
933 992
607 671
81 599
444 706
808 977
14 350
798 984
567 946
472 485
813 914
901 943
879 881
528 672
734 792
232 327
302 306
265 813
337 877
871 962
804 914
832 967
905 927
771 950
49 735
127 297
439 574
832 962
16 358
770 784
175 735
687 945
90 969
788 849
242 914
716 805
277 918
872 935
295 920
169 724
700 786
624 642
666 819
19 579
451 868
184 342
481 741
458 904
666 975
638 853
595 966
361 472
683 719
167 370
817 890
940 997
59 756
328 936
706 779
859 961
433 639
876 904
522 752
939 982
969 986
163 793
144 490
965 984
982 995
636 672
827 827
136 706
341 664
482 619
378 617
900 958
206 979
492 914
881 966
892 939
107 807
635 898
309 822
965 988
973 999
348 698
627 743
326 849
582 912
901 967
317 476
538 779
565 636
205 470
361 975
828 828
721 987
566 961
769 826
972 974
686 783
457 490
308 973
589 866
507 704
788 908
126 611
488 712
748 790
84 793
507 616
761 927
265 603
227 430
430 558
709 726
612 934
188 759
319 506
502 793
19 191
991 992
672 700
760 810
146 671
502 633
368 471
363 497
755 828
92 724
903 967
66 181
85 950
701 999
137 218
335 872
253 791
560 949
273 719
62 126
116 758
25 111
372 827
139 419
242 610
846 882
893 935
482 955
423 553
205 965
235 925
256 787
347 585
338 384
458 560
972 973
367 492
635 968
119 877
869 992
437 670
265 282
934 980
842 930
232 620
65 291
871 894
229 360
517 671
168 364
299 738
989 999
459 744
397 512
975 989
233 646
702 795
576 608
396 472
555 772
420 574
891 990
310 980
676 909
442 482
98 686
722 933
619 991
164 234
126 311
188 223
640 675
277 609
281 940
783 786
736 964
497 818
122 584
143 757
812 966
790 940
911 946
411 659
560 765
249 642
768 937
402 482
521 769
338 339
842 973
313 860
954 993
656 772
614 616
163 914
935 994
149 608
725 856
434 592
666 984
898 969
452 790
157 515
961 990
66 620
167 550
802 914
724 811
86 866
49 395
811 911
837 928
257 986
785 919
639 741
488 543
694 707
263 925
294 587
802 814
579 868
481 680
235 392
138 329
235 478
609 624
318 758
147 597
573 648
8 895
177 960
156 372
851 903
981 1000
517 868
370 817
738 874
565 888
547 950
926 955
90 172
579 699
767 969
584 999
267 395
766 911
183 556
333 885
917 942
939 947
663 692
9 823
26 446
128 149
975 978
441 678
810 948
874 905
184 236
245 301
370 466
175 982
889 998
369 936
83 948
979 991
540 890
726 914
356 920
249 858
649 862
615 760
615 748
63 969
658 941
380 439
694 984
261 295
754 796
226 563
802 944
776 956
614 801
606 615
790 806
411 667
612 769
89 792
79 344
125 819
177 602
970 972
313 796
444 840
370 477
234 477
877 891
215 571
283 800
381 882
938 999
780 898
89 536
177 631
339 844
73 866
249 738
924 937
804 906
254 533
95 999
830 943
269 497
624 831
976 986
764 961
769 978
973 998
722 994
157 365
390 822
411 639
568 570
328 511
186 575
444 631
220 614
77 557
700 765
962 962
101 307
656 923
192 826
144 172
216 667
418 873
357 397
590 653
832 887
666 812
265 607
694 775
422 675
50 409
310 377
343 630
500 717
316 795
547 857
845 865
509 648
123 888
559 718
390 991
860 996
918 958
257 652
995 997
554 796
681 761
606 829
51 574
157 256
516 540
892 960
221 305
877 939
472 691
550 824
304 705
67 567
400 532
550 902
549 704
574 897
555 826
171 218
525 758
64 851
216 930
870 972
10 276
451 778
926 997
169 740
150 475
445 734
764 887
842 921
350 841
261 301
297 618
954 961
195 836
224 922
881 929
785 986
455 821
860 878
591 758
456 674
496 730
376 778
585 890
216 248
726 811
656 818
658 785
383 666
431 524
393 549
802 931
912 959
698 862
362 854
383 694
784 891
563 848
585 756
236 598
234 432
885 919
411 468
421 946
580 601
706 876
269 324
649 985
405 964
619 707
669 987
59 731
186 487
350 973
555 807
518 606
586 934
488 847
142 593
205 321
216 390
67 744
651 926
463 929
629 909
854 989
656 925
169 827
623 934
301 319
93 528
434 836
655 796
378 866
238 457
545 569
268 986
238 248
569 770
355 899
558 605
381 963
504 626
30 990
984 996
94 877
453 780
908 914
44 406
166 379
540 850
791 907
80 201
99 550
823 823
40 675
560 578
814 835
479 767
649 955
307 737
227 869
939 982
339 672
502 707
882 921
788 852
955 983
979 986
986 998
225 283
663 852
673 753
364 499
231 607
792 960
601 723
583 646
483 835
71 790
775 924
824 872
592 725
874 894
910 941
594 674
312 876
141 315
346 663
993 994
530 786
870 910
491 585
922 976
874 894
637 772
505 840
390 783
426 867
939 950
584 720
69 223
997 1000
309 500
266 691
578 651
128 739
374 476
396 837
477 695
609 616
350 755
1000 1000
556 983
708 965
522 757
410 882
798 941
266 606
203 459
914 922
377 460
623 915
423 614
897 903
741 786
150 361
946 948
408 835
574 793
827 873
174 186
913 934
884 970
801 944
170 607
474 730
578 753
580 624
843 884
756 943
965 995
853 981
608 621
48 426
377 396
216 422
266 571
307 477
874 895
654 670
70 441
73 115
361 397
655 698
730 959
433 644
597 775
418 892
507 971
705 916
651 838
191 973
946 1000
687 895
919 931
327 459
921 982
300 673
475 815
280 486
542 862
840 997
325 875
861 890
904 932
161 329
494 647
84 998
17 167
410 553
183 324
960 969
729 915
370 801
757 884
797 890
657 836
450 856
715 789
838 895
898 991
656 963
136 564
607 630
861 974
207 473
966 990
301 314
249 428
216 819
871 934
853 892
438 813
868 911
882 988
475 526
606 714
214 664
867 963
229 283
983 992
803 822
225 497
130 829
64 430
75 166
615 987
588 851
9 450
262 506
200 469
841 909
742 993
564 982
38 947
550 677
599 631
977 998
585 762
403 897
268 808
376 572
697 843
685 889
312 630
463 940
79 501
693 963
245 291
214 252
740 873
852 888
248 946
514 532
233 708
904 921
880 998
148 759
641 770
167 261
422 517
702 995
811 867
1000 1000
64 852
379 513
462 490
584 955
809 962
487 976
187 263
60 844
142 610
63 536
774 911
188 494
25 967
311 544
810 835
509 610
955 969
908 919
384 761
654 872
747 910
533 726
11 974
736 768
633 866
589 844
846 948
183 274
720 895
419 973
457 618
745 821
746 818
436 847
291 371
590 975
738 961
313 417
221 509
257 924
454 536
805 989
532 699
747 816
919 970
524 924
449 785
512 802
889 894
212 517
827 871
55 273
511 707
172 799
921 982
348 784
603 920
87 696
87 565
447 535
206 545
743 802
434 545
638 829
849 939
817 853
188 394
564 825
150 454
547 837
978 1000
320 469
994 996
666 730
866 892
762 804
508 963
55 441
425 567
150 946
5 716
76 223
872 878
170 701
821 880
903 911
177 515
132 148
113 517
283 470
711 922
141 180
958 970
211 825
916 984
613 902
461 485
855 944
824 854
647 665
341 488
866 915
571 978
329 944
183 205
832 966
582 982
106 280
824 983
272 456
715 757
103 964
556 748
756 986
452 978
430 534
133 513
486 785
8 37
756 800
873 893
912 998
803 909
851 954
612 910
630 815
85 306
399 710
91 160
263 849
440 516
100 757
992 994
993 1000
603 810
794 950
988 991
892 950
744 851
317 505
380 403
332 808
219 913
589 936
681 941
226 658
541 742
477 888
426 557
94 787
699 811
508 561
860 889
897 986
820 996
224 903
282 656
448 886
391 396
438 598
991 994
929 991
547 970
463 499
978 996
409 557
765 837
92 819
29 321
368 989
943 969
459 513
927 977
762 995
270 442
441 967
216 875
706 872
448 640
282 296
904 919
687 720
182 597
596 942
359 448
639 785
573 864
370 430
964 969
890 948
569 590
90 447
325 859
665 729
689 817
444 713
634 777
736 849
647 982
2 91
904 928
830 946
198 314
976 977
543 946
472 584
267 714
50 747
5 324
921 965
594 975
827 890
775 799
531 707
423 524
877 958
80 832
515 829
641 704
916 948
5 370
20 742
151 371
851 884
174 934
878 904
656 981
54 654
67 709
401 577
641 918
195 657
454 913
939 987
114 953
184 194
151 764
991 994
959 975
36 879
514 561
562 751
154 420
409 811
139 140
340 971
953 995
855 979
778 838
966 974
965 992
98 892
450 956
651 765
829 957
176 527
428 944
960 974
674 830
860 975
364 778
616 697
830 861
603 988
584 938
619 672
962 970
995 999
456 881
635 893
610 751
418 966
89 575
446 963
57 912
415 598
852 944
388 540
777 908
160 529
871 987
572 573
16 575
53 115
267 633
370 715
411 776
310 581
938 940
186 809
328 429
222 927
542 656
49 805
255 604
863 918
