1000 1000
665 566 965 816 684 556 326 683 703 153 242 679 118 498 653 463 902 807 824 289 193 746 395 597 754 347 23 578 571 101 440 343 881 683 491 135 580 158 572 208 633 399 86 602 704 389 245 480 539 493 778 94 945 518 904 1 260 925 615 339 203 505 845 786 933 270 608 722 817 379 559 174 999 296 691 300 474 88 417 206 406 670 785 356 242 207 622 230 440 519 203 700 610 581 656 558 166 723 359 503 731 521 486 58 130 573 992 970 30 96 20 459 794 218 279 140 7 705 157 655 277 245 195 455 935 158 60 356 605 849 147 333 635 2 509 358 923 776 85 358 568 355 914 274 688 234 401 699 830 413 176 101 103 766 204 885 517 675 14 227 871 146 536 298 74 46 364 496 210 901 238 942 755 988 781 727 903 537 920 994 846 922 215 204 287 152 457 329 386 17 598 754 886 316 948 44 995 242 381 956 292 859 86 665 606 791 515 204 255 703 855 963 869 403 670 393 275 980 855 922 296 202 894 840 558 666 656 161 103 353 877 822 776 708 311 192 602 559 432 300 130 516 693 926 714 414 159 520 823 772 901 885 425 698 311 455 632 667 53 392 380 49 708 754 498 190 530 280 436 425 108 944 731 1000 201 153 643 718 462 805 92 93 788 938 365 114 604 686 211 538 786 311 994 689 223 652 25 455 508 437 82 553 923 790 124 395 631 36 782 992 42 29 603 103 366 150 469 661 692 235 195 217 307 441 151 115 587 477 473 585 545 1000 648 53 78 111 393 477 778 776 979 535 189 786 999 590 775 514 765 373 371 789 1 480 610 850 287 493 214 927 739 376 625 698 952 547 16 974 107 554 76 655 167 483 627 871 74 745 109 389 501 52 335 511 75 355 760 38 858 95 668 497 651 226 115 27 63 764 33 616 321 267 472 432 962 3 989 832 193 166 833 895 66 938 244 255 977 583 528 768 44 462 880 727 74 636 277 884 423 546 509 887 92 421 412 848 925 283 665 485 789 127 906 432 965 127 548 791 234 512 369 628 188 296 671 399 326 793 737 734 12 472 434 272 536 471 548 704 1000 748 181 921 763 203 377 665 697 825 523 14 307 611 15 139 987 927 280 377 740 752 372 726 103 331 828 863 537 1 401 659 512 885 858 221 747 583 520 515 47 8 383 825 614 973 383 742 943 536 485 997 179 478 567 124 873 280 609 745 987 28 509 106 683 758 410 603 612 302 90 505 433 874 627 621 144 163 519 695 624 615 519 903 600 309 338 229 987 86 724 2 91 760 579 462 999 748 263 773 429 838 240 871 287 769 640 280 664 378 756 92 146 497 607 313 926 503 66 36 261 313 709 837 341 768 350 631 334 428 411 192 48 569 650 704 724 59 748 753 315 65 137 909 745 51 129 643 253 639 769 100 681 621 334 928 243 425 295 578 239 404 662 34 881 433 663 946 644 947 777 790 161 548 488 87 982 711 564 738 93 972 854 279 87 407 68 573 373 528 664 423 683 400 838 959 346 584 762 731 679 397 148 668 967 794 83 854 340 415 985 845 494 919 6 407 201 425 973 457 1000 364 96 871 843 50 805 621 918 431 572 399 947 7 140 685 67 838 511 322 506 658 281 363 59 17 81 674 177 578 791 720 567 723 258 800 271 664 149 411 315 141 796 807 463 917 920 303 811 11 264 594 730 217 919 90 328 281 550 58 819 960 592 646 315 657 789 608 457 812 702 206 144 583 982 269 691 34 503 735 296 34 916 842 546 234 654 224 689 386 372 9 25 706 173 412 893 742 891 924 628 59 535 529 597 903 250 297 463 547 727 135 721 119 338 859 281 617 580 421 877 873 740 139 767 269 713 114 193 735 724 643 66 54 578 476 38 908 114 366 578 510 847 837 294 471 494 484 971 166 767 544 602 496 838 569 719 385 481 636 202 935 225 651 963 211 280 98 589 342 579 897 245 38 217 360 320 723 395 587 854 738 484 791 503 981 277 907 342 600 618 198 224 385 34 74 79 775 698 65 54 381 665 4 43 126 162 380 915 39 2 647 873 849 571 109 227 129 401 551 525 829 404 599 102 612 360 287 661 802 972 555 666 381 517 799 477 760 496 983 163 378 186 245 261 339 554 583 319 617 715 718 647 65 212 746 141 319 624 311 500 89 352 985 814 565 10 203 371 347 288 376 650 874 360 389 39 221 162 690 343 394 646 267 353 95 240 256 878 926 10 738 40 963 100 201 537 503 777 293 25 568 161 251 814 350 55 445 394 368 784 478
510 731
360 468
12 909
535 706
236 252
741 838
767 782
391 746
937 945
775 987
243 781
45 812
981 987
40 426
53 635
538 822
161 650
676 820
553 861
456 779
417 886
393 689
236 904
176 529
878 909
780 829
206 942
116 868
330 404
543 571
752 827
938 980
247 632
601 670
434 822
471 615
848 946
30 679
342 399
603 728
595 958
557 800
134 615
33 41
552 570
461 558
274 425
441 634
597 972
378 550
484 932
504 897
976 978
769 792
395 951
292 807
55 719
525 993
729 950
516 783
746 877
325 895
967 987
382 822
832 855
688 920
88 832
785 965
837 881
58 151
960 1000
913 946
948 1000
196 640
363 894
863 941
585 635
809 851
643 844
714 954
871 952
541 623
710 751
224 383
985 985
558 733
827 965
972 989
316 908
703 905
125 481
683 709
674 755
467 537
4 908
985 997
367 521
861 959
167 415
888 900
409 624
160 302
438 885
129 880
874 961
759 937
396 938
836 932
983 998
926 994
465 799
81 388
757 932
825 879
551 681
115 330
414 563
927 935
122 409
833 988
480 977
624 845
265 876
937 982
195 230
791 995
106 222
18 760
1000 1000
438 821
565 621
316 793
413 492
141 361
613 667
701 912
610 988
360 816
12 323
458 995
528 846
452 827
116 535
748 891
770 900
961 991
712 920
826 836
827 940
251 358
543 931
843 987
918 940
915 968
772 943
883 919
211 991
610 661
341 490
703 943
649 782
462 679
728 992
193 401
502 911
949 966
496 790
936 981
262 850
144 517
207 805
32 613
278 941
451 534
69 647
941 947
380 823
266 558
900 952
219 748
683 926
629 903
913 926
390 419
742 952
881 898
873 884
798 876
77 101
291 412
365 971
448 924
274 415
327 515
565 861
827 955
141 651
746 924
148 834
479 737
557 813
542 955
518 980
176 183
505 565
859 883
285 703
881 911
117 657
69 927
694 724
558 956
925 983
958 977
665 815
569 602
188 776
724 991
10 154
290 446
452 713
791 927
717 821
666 840
816 990
625 909
602 898
799 896
535 956
655 856
571 951
929 978
711 972
277 526
497 998
227 940
292 467
80 449
425 767
576 762
476 886
442 615
888 956
24 680
747 800
831 885
496 953
897 924
951 953
696 857
420 604
552 770
868 892
162 818
185 861
646 672
914 960
638 728
453 855
728 752
797 842
966 988
146 855
590 774
461 739
566 962
583 627
11 469
147 767
37 497
607 646
549 903
276 305
917 936
181 649
815 934
908 964
991 998
2 110
830 953
852 970
319 931
550 794
997 998
676 735
708 910
289 542
27 864
503 728
597 611
836 911
283 319
160 716
510 873
495 641
794 838
862 944
777 894
586 965
881 894
439 852
616 963
406 433
781 987
301 598
963 986
255 596
94 965
652 850
590 984
571 584
601 700
101 457
975 993
576 594
602 624
666 684
902 903
727 824
652 821
145 726
215 815
636 730
333 575
177 252
954 995
881 890
86 320
309 459
949 970
744 754
283 845
288 859
543 735
220 762
83 868
665 884
158 647
641 725
440 745
908 986
832 845
921 936
478 930
863 996
661 881
258 558
354 891
993 993
207 382
209 398
852 997
346 680
690 938
901 974
187 625
213 994
823 955
844 931
240 346
451 677
691 859
486 986
475 786
189 807
535 803
518 566
672 687
324 994
813 919
290 582
534 536
790 864
731 955
758 827
983 985
784 939
902 941
308 713
427 540
121 639
85 585
825 945
319 740
521 554
692 869
383 805
848 993
580 947
199 204
887 989
728 842
504 553
77 569
803 1000
725 884
765 949
483 552
697 868
585 687
118 293
789 952
716 822
325 548
828 972
712 890
368 922
805 860
476 659
480 658
527 728
373 841
273 894
896 923
595 625
144 775
488 968
509 693
814 832
746 831
581 721
530 816
622 936
310 631
503 599
303 773
659 794
592 946
263 379
110 388
611 936
523 854
522 752
217 258
446 986
356 630
681 871
90 818
225 336
122 867
187 590
735 962
58 677
439 798
1000 1000
299 862
471 550
994 996
955 962
488 560
184 896
729 792
903 943
330 824
282 346
545 581
256 891
86 982
967 976
101 811
998 1000
617 961
686 973
568 832
750 764
363 695
570 679
838 955
869 945
25 982
554 712
746 885
441 448
449 971
77 440
233 896
822 980
53 962
685 805
130 460
692 951
810 984
534 746
68 714
373 980
827 965
368 553
325 458
444 856
816 980
644 973
174 700
159 644
342 363
102 197
890 977
585 833
776 803
155 503
481 702
564 715
657 854
870 993
81 146
471 706
579 732
428 746
616 875
629 812
238 891
219 523
443 718
793 854
865 963
251 674
403 993
823 834
456 886
843 975
758 772
626 695
933 939
615 662
795 809
45 695
506 654
576 750
581 908
452 711
519 778
652 703
743 985
96 374
976 991
216 493
70 470
361 376
56 553
690 755
220 920
589 640
388 887
874 875
665 752
557 708
101 456
40 995
687 709
205 639
84 961
282 614
422 947
121 957
749 906
956 972
19 987
129 474
517 852
28 402
678 957
763 822
26 821
7 77
420 668
564 942
645 805
238 649
766 976
696 714
815 964
694 957
316 496
749 962
993 996
407 801
354 653
124 260
196 965
780 839
266 878
704 999
437 961
863 889
533 609
674 917
152 940
148 634
263 314
298 768
991 995
835 887
551 745
615 916
29 559
699 851
79 477
372 460
883 934
245 670
837 873
724 821
266 384
921 939
907 917
868 881
829 877
214 341
214 657
386 508
957 999
504 850
87 395
941 960
200 659
307 553
447 865
504 882
889 907
197 353
824 937
899 917
318 404
883 894
634 755
391 605
306 739
474 787
640 742
445 883
915 945
645 730
52 824
151 192
878 888
790 842
676 722
38 599
668 997
118 867
492 854
922 991
182 328
883 888
330 447
326 672
531 632
688 939
446 798
347 866
283 394
747 919
647 978
405 911
311 791
514 711
924 947
563 730
512 908
740 908
988 993
222 511
345 630
365 503
278 333
428 734
304 989
589 756
257 655
856 976
767 914
824 899
137 664
238 725
246 706
766 961
682 813
606 786
247 678
366 937
911 951
681 839
998 998
872 955
744 750
822 822
839 863
529 995
980 983
849 902
831 880
22 806
835 865
394 544
652 792
212 305
806 823
815 862
347 865
937 943
196 637
450 768
539 567
239 952
60 364
766 974
538 899
656 788
661 737
545 885
82 975
426 426
92 949
301 573
204 690
562 894
730 743
450 773
676 701
954 968
163 514
898 966
892 922
751 831
631 1000
169 817
235 459
447 590
535 765
144 254
705 977
590 935
72 616
750 990
382 384
12 575
968 994
81 171
451 640
244 946
527 820
50 86
479 996
38 98
875 937
19 131
675 755
318 623
843 904
826 944
751 832
424 650
483 907
609 979
999 1000
34 631
643 745
324 877
650 872
979 999
941 958
387 547
179 674
427 609
442 972
873 904
683 745
259 851
176 760
848 868
918 935
518 780
569 960
468 657
935 937
755 992
578 967
817 905
78 966
695 997
695 869
531 738
965 984
521 632
875 928
334 856
761 839
613 744
413 584
302 438
616 885
672 684
23 667
175 229
262 474
603 726
137 259
410 928
123 727
809 994
682 808
98 228
253 691
478 814
453 826
278 731
107 346
240 928
433 485
823 870
129 499
832 971
225 812
469 716
76 717
466 853
610 904
267 526
659 668
683 948
650 970
426 478
143 768
225 460
570 582
557 996
464 966
286 775
639 957
455 882
320 435
612 900
932 934
386 542
985 992
442 702
272 323
980 990
287 871
107 183
733 956
803 910
983 988
240 835
274 350
417 429
474 585
728 757
647 842
184 856
884 968
162 957
544 844
427 600
687 779
389 768
776 912
271 572
451 678
327 469
727 926
50 152
461 977
75 590
134 684
863 987
119 432
844 886
756 757
166 226
570 723
561 741
610 852
105 355
976 984
530 710
510 861
600 635
572 823
754 821
440 743
292 301
273 347
68 944
334 740
824 996
149 867
46 753
180 300
443 544
130 694
662 948
131 873
39 59
220 530
178 419
313 609
934 955
16 479
522 689
349 620
188 980
903 932
804 843
666 924
889 970
498 753
17 526
46 777
297 908
15 377
190 298
570 575
813 921
91 606
659 964
163 285
817 989
234 489
323 584
326 712
668 850
179 297
839 945
348 617
698 737
48 118
639 640
731 872
277 664
700 891
37 161
333 545
463 963
266 768
667 703
60 894
807 894
146 314
638 932
101 405
605 801
495 498
628 889
555 859
11 66
889 906
321 691
278 482
38 381
422 791
409 894
299 438
205 665
651 956
763 834
328 891
3 825
229 553
85 694
720 892
963 978
249 400
784 830
846 972
132 429
382 788
771 910
891 941
373 775
150 501
369 770
211 481
817 853
268 430
589 788
29 93
660 801
117 138
650 667
177 250
502 875
40 139
29 559
56 476
172 382
518 576
301 338
553 824
634 899
452 834
127 560
723 879
7 329
371 572
434 661
160 490
579 735
274 448
568 653
501 575
