123
38
69
192
81
66
144
275
152
168
180
177
306
38
52
264
376
70
301
92
389
208
363
255
35
40
218
76
72
408
138
161
167
124
428
26
135
367
4
86
10
110
368
120
64
266
403
48
356
132
33
191
247
115
81
252
350
88
220
216
212
13
200
403
18
266
273
55
205
152
334
197
13
195
116
246
79
145
75
82
110
119
247
52
78
101
376
416
20
251
24
79
11
67
152
139
112
167
194
88
29
273
71
101
66
49
224
351
68
332
257
14
154
31
53
476
228
131
3
33
157
113
74
88
125
180
125
351
233
241
292
171
70
262
44
84
31
7
15
115
300
16
198
220
151
395
44
205
141
101
153
189
130
159
389
138
284
314
431
52
130
52
76
79
301
166
173
14
245
177
427
73
42
139
98
421
64
262
453
323
277
33
79
7
226
339
84
180
98
212
236
195
356
230
71
359
438
155
217
244
91
46
22
64
224
168
157
230
200
231
341
226
14
164
220
109
160
196
160
130
242
203
216
98
223
126
28
249
181
92
94
17
91
245
179
387
164
147
70
70
11
199
223
136
142
190
170
128
441
210
87
33
313
279
161
118
458
278
337
194
400
173
190
210
155
338
107
204
48
31
210
296
382
311
180
353
156
222
316
393
141
310
211
46
140
157
189
125
202
295
189
381
56
188
103
135
349
92
43
235
43
110
53
43
88
171
95
70
109
129
51
149
73
418
170
115
246
60
285
195
67
236
35
150
175
173
15
338
135
308
150
450
209
276
438
137
205
71
164
43
284
397
51
356
212
13
150
117
116
130
41
6
66
284
383
180
31
108
285
232
24
21
284
23
18
145
93
435
78
192
65
230
165
150
298
156
59
59
29
44
209
247
169
136
50
227
14
265
445
391
88
135
163
73
14
218
156
359
328
184
173
226
18
117
356
268
147
138
199
290
35
300
70
189
120
43
29
28
286
122
78
205
316
110
48
146
90
205
225
126
128
473
57
101
49
156
202
98
68
54
45
171
131
247
274
195
55
409
440
460
374
222
355
351
237
89
70
357
101
279
459
201
126
44
414
92
67
50
3
374
205
62
105
135
142
297
135
217
88
21
198
279
349
252
438
45
82
50
109
66
303
101
284
84
412
397
111
151
70
140
57
97
424
257
37
166
286
218
113
269
3
64
275
100
93
13
73
101
251
166
68
208
363
291
121
83
479
49
320
141
107
186
204
108
26
87
75
336
232
252
324
253
231
42
71
334
254
181
1
48
222
173
135
44
142
395
207
371
410
207
307
53
157
190
159
104
143
80
237
171
23
285
346
104
48
143
35
36
144
385
110
389
219
75
94
58
147
57
206
194
89
341
221
379
308
184
84
140
78
274
199
49
119
126
318
250
197
185
450
151
144
312
132
194
41
236
218
455
150
118
241
66
88
93
19
70
296
65
64
7
86
191
120
241
112
351
212
268
269
68
110
35
182
13
86
232
379
227
93
381
196
141
430
98
80
254
156
357
370
34
320
251
130
50
305
397
245
321
13
181
70
150
319
185
155
104
102
25
68
267
476
111
241
56
69
137
238
253
393
79
138
276
73
224
130
142
375
43
152
409
161
314
245
368
96
153
69
80
260
163
223
96
178
79
162
162
324
61
401
160
310
228
43
48
60
137
269
71
38
448
92
464
98
242
38
33
267
134
115
120
302
56
285
330
15
170
174
97
272
41
413
117
241
186
447
313
41
459
59
231
124
250
14
29
181
67
87
201
267
321
220
243
193
98
467
470
123
180
136
60
229
65
76
142
330
213
293
180
18
118
181
300
347
164
156
256
419
404
9
339
270
338
156
94
290
262
35
372
182
173
251
51
75
19
30
402
174
214
184
20
64
254
13
379
443
129
168
383
192
20
27
84
352
41
58
365
71
278
320
273
78
31
221
71
193
275
152
60
117
114
302
341
82
278
264
148
181
370
339
391
106
198
60
162
58
27
150
207
106
368
134
28
430
14
92
113
7
26
88
36
94
238
273
220
135
215
276
96
220
184
78
195
289
419
257
313
252
109
142
70
168
460
190
11
279
138
129
293
64
125
35
127
88
97
245
105
100
104
46
371
63
306
198
379
35
141
70
45
293
358
186
187
139
286
188
121
50
4
215
69
178
140
89
74
90
291
347
67
176
104
481
51
59
65
2
206
372
93
200
365
154
169
290
231
142
486
277
326
143
274
171
179
16
119
238
264
304
88
186
64
203
188
160
59
40
66
204
77
83
181
141
227
172
19
47
337
74
266
6
403
254
6
101
166
50
116
386
121
133
232
69
165
22
66
199
155
78
51
228
120
68
135
439
83
90
94
188
267
87
195
241
188
190
251
17
305
151
68
103
208
75
66
172
152
169
177
346
34
362
69
148
344
286
89
201
449
65
227
16
93
14
86
141
345
166
128
140
468
51
390
52
89
44
341
295
166
136
67
43
242
118
364
279
362
216
19
411
459
190
336
319
51
193
11
79
272
70
369
264
142
367
8
21
253
403
67
108
55
48
91
282
149
202
361
275
316
380
11
373
7
28
342
78
262
243
145
392
337
61
32
182
70
103
444
442
356
135
34
175
110
95
361
91
170
25
275
300
70
68
317
204
159
168
480
218
159
52
474
70
24
382
134
38
19
120
165
48
139
201
181
68
178
47
440
180
99
114
142
65
20
141
106
186
229
109
178
190
99
447
439
94
22
332
210
101
53
51
327
302
42
58
116
91
165
294
221
138
90
133
56
192
24
129
236
42
194
265
213
173
213
307
112
93
457
162
164
331
141
99
218
51
190
210
166
320
33
244
215
241
58
135
7
208
135
46
89
252
101
170
99
210
177
87
61
79
275
34
287
315
130
387
381
59
206
281
54
19
195
386
46
165
286
259
248
156
52
355
29
88
126
166
444
253
230
233
62
140
124
132
178
197
141
78
54
473
471
434
49
190
293
159
26
54
359
193
235
287
98
80
149
88
88
33
125
477
262
41
384
391
58
441
207
105
386
210
111
209
10
95
132
65
251
100
60
1
56
57
48
119
191
232
236
129
174
186
293
85
144
101
201
13
142
127
226
154
5
51
111
327
55
294
190
159
18
32
30
416
54
32
356
261
36
481
92
254
8
296
192
55
138
204
207
100
208
196
15
23
279
339
177
177
44
266
22
256
89
76
330
263
212
149
140
105
65
477
158
217
300
415
167
348
111
252
267
184
171
13
290
147
72
272
8
320
327
271
107
94
425
151
177
65
194
182
468
146
17
263
195
288
65
173
305
215
406
207
170
46
158
35
46
91
161
218
244
338
272
54
107
6
143
226
126
111
345
219
218
89
240
340
190
143
16
169
428
291
136
290
312
133
67
362
216
5
341
339
100
98
171
115
97
42
32
366
306
245
142
183
217
153
134
164
328
14
125
148
55
27
302
53
269
242
316
346
148
29
101
437
390
28
210
67
351
83
73
10
342
343
285
356
346
265
109
65
70
329
303
191
28
353
24
274
160
104
128
13
280
281
183
171
64
174
52
431
310
258
8
283
74
155
89
185
83
166
43
60
63
358
403
164
208
188
103
178
178
215
175
252
267
363
194
180
433
148
121
134
267
67
148
340
286
220
280
251
242
135
459
250
106
218
341
54
186
294
15
226
348
90
186
112
49
324
232
366
98
80
65
360
56
212
162
219
188
142
256
88
136
159
140
238
130
113
65
61
215
400
363
190
37
73
35
402
36
126
257
398
362
187
336
21
89
121
32
77
266
489
212
342
55
39
275
129
172
384
142
180
257
212
52
156
175
176
145
147
240
54
60
58
284
74
22
50
318
135
210
140
110
400
17
80
169
81
18
167
237
217
395
198
73
367
132
6
65
345
30
109
190
304
212
372
137
62
66
107
69
213
77
24
244
254
424
329
30
75
88
299
258
68
462
71
185
315
273
43
71
338
405
92
73
379
107
403
251
433
107
98
110
210
205
135
453
151
235
179
160
176
472
88
109
46
79
80
30
36
116
117
64
273
121
133
203
21
105
31
72
280
92
191
100
68
217
381
122
80
25
189
190
282
29
264
164
19
328
28
195
36
191
275
292
260
209
227
439
75
294
66
347
201
197
36
117
33
145
193
31
4
182
151
110
347
2
338
229
283
186
34
7
3
196
112
226
455
238
56
159
448
208
261
207
369
146
218
292
379
179
99
18
141
127
49
77
368
158
30
127
67
33
286
97
134
171
212
413
376
17
318
9
234
247
342
9
160
286
305
41
32
168
142
147
14
88
131
84
204
139
417
120
38
65
336
44
342
38
30
371
10
100
86
124
398
276
36
90
249
118
275
96
144
201
44
444
283
244
9
193
402
19
59
36
221
289
324
120
85
155
221
173
167
405
324
92
120
209
348
50
90
309
115
184
27
286
137
32
135
156
124
146
34
71
59
320
30
109
142
121
238
42
197
88
79
119
81
442
287
176
307
65
17
58
303
254
220
15
35
113
102
163
60
492
124
141
206
163
279
176
281
124
10
223
142
176
101
459
205
65
16
229
148
33
275
218
