65
281
178
277
84
364
170
260
16
64
24
197
311
42
178
125
15
134
81
276
208
268
161
160
370
55
122
67
179
61
218
11
187
65
232
243
217
246
128
248
191
260
423
351
238
101
117
108
337
77
166
360
168
264
178
204
452
139
165
142
180
135
295
30
257
357
235
300
143
331
443
57
212
65
72
72
267
231
113
308
101
124
300
278
38
305
230
456
17
167
190
319
179
222
112
390
198
147
297
179
139
95
190
208
155
213
58
46
106
222
81
131
38
69
100
426
213
309
94
193
80
307
91
22
181
169
66
300
228
255
168
166
7
124
89
109
132
277
46
151
96
119
93
349
227
66
26
182
215
29
325
47
108
25
166
216
22
193
231
70
27
105
319
186
15
161
56
175
272
54
159
58
130
40
279
88
215
63
185
244
215
85
114
98
68
55
174
105
219
72
144
41
308
153
268
355
115
100
280
181
227
36
125
214
414
168
249
87
26
392
162
207
153
53
355
264
382
384
145
153
308
191
184
175
163
22
244
264
122
202
360
154
129
86
179
116
386
117
334
315
53
318
272
307
176
433
54
64
357
34
117
282
232
36
19
119
265
251
161
87
293
343
197
19
137
42
338
179
17
275
206
91
26
35
225
271
183
233
219
185
94
179
88
117
328
196
307
350
179
296
175
379
43
169
194
31
126
238
174
182
389
18
296
72
223
29
193
97
76
247
136
14
25
127
172
49
81
61
108
282
113
113
336
172
78
121
167
176
114
257
185
168
13
384
73
211
175
296
119
229
124
43
171
8
282
35
117
248
114
47
311
248
43
47
76
25
242
166
141
92
219
368
128
340
224
305
236
416
227
212
67
205
95
14
243
65
97
86
65
107
92
352
114
121
321
44
234
122
121
325
104
335
50
100
225
207
207
169
304
219
178
74
113
17
78
219
29
25
256
272
80
155
28
191
185
352
349
91
66
208
307
145
44
326
37
113
98
107
418
198
29
116
308
115
93
211
65
70
81
128
167
287
36
424
199
95
85
24
387
20
58
75
324
349
454
56
2
68
109
169
79
241
243
366
11
231
50
144
444
301
50
135
107
198
116
223
189
183
193
53
154
240
337
259
17
101
32
109
50
97
189
288
53
314
47
228
14
381
149
59
228
93
412
241
134
404
380
176
212
188
68
384
280
120
4
174
96
286
106
19
282
201
254
184
68
431
296
76
23
282
97
78
31
47
364
103
34
88
308
184
162
96
145
406
453
200
321
109
38
1
265
232
158
332
239
187
76
95
175
193
99
121
9
155
134
304
119
135
214
8
79
172
245
46
347
109
101
154
87
278
190
4
30
316
416
30
249
78
173
103
141
116
297
174
424
40
251
235
128
114
201
130
69
84
216
83
176
93
66
238
36
229
227
139
116
237
281
123
83
104
380
196
111
187
71
209
263
65
104
175
457
237
132
194
66
95
110
122
89
433
58
199
59
49
261
137
45
106
125
78
58
308
91
51
408
41
394
197
202
303
197
244
364
145
209
72
2
67
2
380
155
66
105
307
221
49
268
27
57
289
294
63
155
259
97
346
66
394
94
96
211
305
146
188
194
288
51
308
257
143
193
308
136
176
323
319
166
288
172
268
32
209
64
422
24
321
373
228
343
372
318
16
121
170
254
138
2
213
116
31
296
408
204
245
141
95
61
256
301
103
182
123
195
108
42
313
289
142
3
212
142
329
235
182
173
172
211
290
158
213
125
303
1
219
238
462
101
43
91
143
178
254
81
318
41
230
33
78
163
37
333
347
176
166
119
9
39
33
16
286
210
103
229
175
173
46
22
331
337
96
224
198
84
47
156
4
64
423
41
131
62
122
368
20
324
364
235
131
417
82
202
9
350
189
162
314
97
437
22
311
62
18
182
129
297
157
79
134
67
328
45
90
69
40
127
54
249
182
47
116
132
32
201
212
36
83
373
257
130
204
295
167
90
21
56
91
96
151
11
212
133
46
263
140
238
221
170
17
134
241
179
240
276
140
100
177
330
168
141
181
314
405
152
318
156
297
168
313
248
100
64
277
277
197
394
170
258
233
388
115
37
254
36
299
68
43
155
76
193
375
110
359
100
49
247
249
81
46
78
112
255
219
121
38
307
158
431
254
98
131
354
224
154
160
452
22
22
192
327
49
305
229
91
192
201
39
50
66
105
58
69
36
307
139
235
226
401
291
175
297
255
284
109
104
51
193
315
175
319
147
160
108
348
272
20
29
167
48
207
403
74
349
307
34
151
199
232
451
59
223
210
78
57
93
306
217
181
47
286
215
106
164
283
45
268
23
110
164
37
155
367
337
197
209
200
140
286
213
127
136
182
107
191
45
228
44
169
218
184
73
139
121
266
116
40
353
39
88
70
22
150
240
141
91
118
150
178
199
174
245
6
145
148
96
300
184
124
99
377
144
314
160
450
124
227
287
243
250
161
90
167
61
412
302
36
136
85
334
120
71
54
178
42
205
226
141
62
185
151
161
456
428
246
173
137
279
324
352
320
284
165
172
85
126
239
95
27
35
52
33
232
220
38
6
238
253
42
141
211
158
377
218
373
285
105
67
192
133
26
342
165
51
264
32
162
311
94
87
136
221
138
384
239
98
296
178
266
147
300
65
71
54
65
233
74
180
267
139
431
168
66
147
128
220
270
352
447
298
155
76
246
148
270
204
137
97
103
144
351
207
39
104
223
158
263
127
59
18
46
89
215
373
198
348
146
295
308
185
209
245
239
61
56
287
122
312
80
188
333
218
113
67
161
348
130
18
51
366
172
300
135
157
124
221
356
274
12
298
102
376
252
155
291
187
74
131
65
27
94
53
323
43
439
112
282
266
212
36
21
385
104
91
71
259
145
49
256
103
157
120
77
18
270
130
193
53
365
153
35
170
121
41
156
59
182
57
153
93
151
303
346
163
285
167
353
269
183
107
26
110
148
148
36
57
382
288
334
257
228
38
67
253
186
233
139
67
75
59
117
124
132
160
321
125
109
295
120
289
136
96
259
104
175
64
13
90
72
177
82
21
128
97
347
271
318
103
232
110
114
348
167
112
18
303
86
11
235
128
216
13
94
381
130
76
281
110
59
142
389
127
171
137
273
39
241
312
12
140
53
310
93
77
220
28
157
104
74
93
122
102
256
13
201
204
122
114
255
206
319
134
36
244
122
326
172
280
325
38
71
168
231
9
199
28
66
114
203
284
316
32
37
147
145
118
84
127
105
22
79
98
295
56
236
243
51
67
196
372
65
53
218
93
182
13
238
214
429
70
180
175
174
142
290
274
212
195
156
209
42
250
350
221
265
46
145
72
2
189
361
162
57
167
206
96
142
265
166
345
307
114
38
149
245
51
236
161
107
279
79
381
30
172
64
48
388
111
212
107
221
52
73
33
145
242
9
216
101
293
3
444
235
359
216
244
175
180
193
204
121
109
353
222
205
212
15
37
300
76
307
239
131
198
119
62
445
276
227
104
196
171
345
135
124
103
420
170
136
132
95
56
38
213
239
311
284
132
130
78
161
53
262
225
333
48
95
197
236
175
210
173
219
12
249
68
201
233
194
188
184
255
349
40
63
182
93
189
42
374
94
30
59
286
71
217
148
76
202
284
222
12
132
21
171
227
314
52
294
249
76
319
187
139
207
264
155
327
37
54
61
237
274
303
295
289
229
110
203
70
215
303
161
79
32
207
430
169
3
364
148
16
62
252
435
402
155
145
132
205
287
359
104
203
69
29
238
63
211
181
206
42
22
57
247
339
358
36
318
48
55
291
208
304
261
184
152
146
159
96
308
86
75
171
378
444
40
135
308
75
10
194
264
13
75
10
366
75
259
306
108
220
198
118
288
56
131
373
74
259
152
389
151
30
213
232
452
309
301
293
416
256
246
30
31
189
34
17
184
188
254
108
17
40
194
91
66
166
105
29
48
230
223
342
201
164
38
144
111
116
411
157
152
63
238
220
141
419
65
257
258
330
136
255
41
292
113
175
293
11
235
174
37
53
36
162
183
52
32
163
32
209
223
22
56
93
93
138
60
96
40
17
140
298
215
39
84
171
110
287
363
110
51
403
375
78
232
81
352
231
187
94
420
287
296
393
213
140
128
14
261
171
320
37
61
309
213
197
307
31
21
123
129
18
60
113
107
67
173
157
100
186
107
411
242
142
137
344
132
257
304
130
75
71
368
374
217
144
233
418
185
198
232
227
104
53
363
51
23
218
98
177
146
47
152
107
320
157
382
281
196
90
418
364
68
104
165
193
187
113
56
53
254
313
3
124
192
190
141
272
86
250
126
104
84
32
42
295
10
80
130
91
197
122
294
20
348
91
350
245
434
147
130
364
158
55
304
333
244
223
380
383
15
451
196
20
224
359
95
25
146
46
75
426
220
46
167
126
129
168
151
288
114
64
80
95
224
368
348
450
213
121
21
278
310
118
51
233
156
114
353
294
206
262
166
319
12
62
206
175
392
195
112
349
454
78
129
108
253
285
62
13
8
181
258
230
359
354
110
13
374
299
