500
3912 4015 1126 4535 2002 4743 218 2973 3728 2175 2104 2861 3264 1433 1794 3830 2849 4050 1416 1412 2242 4840 1344 3142 2182 1019 3246 4468 1995 1748 1545 4721 2439 811 3274 631 4863 4867 4714 1119 2375 2465 4597 3046 725 1347 300 3652 2754 2424 4205 909 4674 3433 3226 3682 2464 4625 3665 2297 1515 2302 1613 2518 3582 1475 4170 2908 497 82 3044 1563 3689 29 1818 3551 4793 625 248 2080 4802 4879 2169 4215 2362 2238 1929 3100 3275 2570 1971 4442 4410 1303 3138 2381 2927 3183 2859 164 3486 4049 3435 4501 4314 2227 4624 4285 3649 1967 2606 4722 168 2397 2966 503 2086 2176 2121 2567 1143 1848 4650 904 4456 4298 2298 4119 1548 206 2760 2755 4327 799 4764 3864 1269 999 1321 3681 2503 3641 4944 2626 1581 1738 4482 3678 4025 2776 1164 3949 2368 3714 2845 4611 1805 2443 2119 4230 800 3093 1689 3514 2954 4278 1115 2557 3270 887 3888 4799 2862 3781 1987 3536 4790 882 3047 3669 3327 726 3951 451 2303 4202 4318 1934 2611 2247 4828 3117 327 1212 3273 4357 3098 654 2977 3581 3055 431 4618 364 2304 1534 4350 4354 950 4635 2347 3315 761 1346 3762 4562 809 4741 4465 437 244 2737 1194 276 3628 3482 2079 4795 2566 3898 338 4910 1350 2845 4612 4549 168 2025 540 4968 433 2353 409 4606 1279 2818 3971 2213 3081 2260 4180 1349 2653 1041 2502 1530 4574 768 121 1097 2711 452 452 4833 3853 3437 375 2705 1221 2947 2460 1461 2315 1902 1010 2382 2847 4896 4380 825 3038 2913 4496 61 2898 929 1452 3646 4954 2616 3743 2363 3067 3674 3349 3914 2760 1366 3276 366 4429 2900 2376 3413 2966 314 513 3424 2363 795 3147 4733 2238 2146 471 121 2295 1892 3795 4955 1928 2889 4531 2813 170 3582 2192 2031 2095 398 145 167 3090 3162 1174 2344 4760 1749 2087 1467 1853 2592 3196 1991 3721 4764 4635 83 2113 4918 4599 3519 1946 3508 196 4688 3667 27 386 3759 1106 3724 4067 4811 4043 4252 138 2314 3482 945 1443 4075 4881 4422 2488 3073 2018 468 1711 239 946 4246 2544 3594 1257 2610 1391 3681 362 3264 1205 162 1176 2679 210 4010 641 3166 4449 1413 1925 1771 4826 1341 1213 2750 3839 3156 1918 321 1829 1704 1210 2238 2477 4502 4856 1949 3532 236 2925 2802 4440 4549 4037 551 4384 4889 3259 2095 4556 1817 3916 4551 207 975 3667 3015 4920 1554 57 3557 4269 1352 2704 1494 2092 2573 811 1739 3474 2056 365 3532 4847 2286 3147 1864 4716 4000 409 255 369 3659 649 3369 1828 962 4831 3038 3719 4126 3882 1885 3243 3792 4287 1443 829 4042 461 773 2247 4953 933 923 4013 813 1473 3243 1738 2477 1877 690 4761 2304 3855 2408 1050 251 
500
modify 60 373 1806
modify 135 464 1338
modify 48 137 4450
query 394 430
modify 349 449 3919
query 112 408
query 54 479
modify 418 447 4920
modify 114 314 2175
query 280 361
modify 4 112 2141
modify 83 138 3676
modify 99 469 3915
modify 115 371 462
query 473 473
modify 195 419 1967
modify 236 480 4327
query 460 483
modify 219 445 3393
query 114 301
query 71 415
modify 1 242 3492
modify 41 493 4053
query 447 464
query 395 469
query 144 329
modify 433 453 468
modify 490 499 2338
modify 213 243 3066
query 3 260
query 330 377
query 18 21
query 424 489
modify 24 314 4792
modify 167 407 2491
modify 76 157 4991
modify 419 448 2744
modify 115 464 3890
modify 462 484 3147
modify 394 417 3483
modify 315 465 3910
modify 333 358 4973
modify 187 360 4281
query 331 482
query 472 494
modify 367 488 4533
modify 153 257 2436
query 64 98
query 15 238
modify 221 472 4570
query 248 333
modify 107 152 3775
modify 120 286 2057
modify 324 432 4412
query 286 457
modify 185 229 541
modify 53 218 3947
modify 43 191 1765
modify 395 464 289
query 266 327
query 250 267
modify 486 495 4306
modify 198 357 191
modify 121 250 1455
modify 91 229 4097
modify 410 446 3187
modify 195 316 3341
query 452 487
modify 327 500 1624
query 219 278
modify 353 471 1815
query 201 306
query 455 483
modify 101 477 3895
modify 67 213 3096
query 347 472
query 412 475
modify 17 131 2625
query 185 409
modify 487 498 4782
modify 477 496 1072
query 179 206
query 308 395
modify 105 150 4640
modify 110 258 3651
modify 407 494 703
query 329 347
modify 493 494 2261
modify 35 38 3954
query 406 434
query 306 435
modify 12 167 4699
query 26 413
query 80 264
modify 176 442 337
query 413 482
query 402 476
modify 59 74 3314
query 164 298
modify 390 427 4496
query 364 475
query 264 384
modify 3 38 892
query 428 433
modify 404 484 4158
modify 191 470 1038
query 419 476
query 210 288
query 49 425
query 107 460
modify 389 453 1352
modify 13 229 2799
query 450 477
modify 490 492 2493
modify 385 388 1871
modify 342 415 3237
modify 343 362 3359
query 176 462
query 478 486
query 83 259
modify 112 284 4987
query 104 430
query 254 323
modify 139 474 4892
modify 70 468 3818
modify 471 489 4363
query 322 340
query 316 485
modify 488 498 2284
modify 265 314 1496
modify 498 499 1632
modify 9 157 1867
modify 104 297 2758
modify 14 261 212
modify 439 475 3332
modify 319 337 2928
query 21 160
query 390 396
modify 169 338 2864
query 198 482
query 359 464
modify 470 474 2315
query 26 180
modify 437 480 4880
query 160 398
modify 425 443 1013
query 267 368
modify 121 381 4727
query 212 290
modify 326 460 1986
modify 8 373 4288
modify 322 410 3965
query 229 471
query 133 175
modify 233 406 854
modify 315 483 897
modify 309 315 984
modify 199 325 232
modify 277 281 1139
modify 187 385 1083
modify 346 447 4386
modify 212 265 4683
modify 305 319 881
modify 499 499 1601
query 436 460
modify 451 492 3741
modify 147 232 3144
query 134 172
modify 281 498 4330
query 99 317
query 213 259
query 394 489
query 16 393
modify 97 154 4020
modify 179 264 3981
modify 458 498 879
query 339 398
query 304 414
query 369 403
modify 64 483 4903
query 431 446
query 234 349
modify 393 430 201
query 5 118
query 194 487
query 267 335
query 411 443
query 78 243
modify 265 371 4126
query 169 282
query 225 402
modify 95 109 4614
modify 469 476 1149
modify 24 62 1560
modify 209 482 357
modify 387 442 242
query 460 476
modify 497 498 1672
query 365 450
modify 402 461 1825
modify 183 318 756
modify 98 188 845
modify 184 191 4176
modify 356 476 888
query 39 47
modify 335 377 3266
modify 302 358 3914
query 148 237
query 208 314
modify 379 419 366
modify 453 488 1064
query 485 497
query 162 349
modify 401 472 3768
query 12 133
query 438 472
modify 103 266 4582
query 155 480
modify 1 69 2298
modify 456 469 1902
query 431 460
modify 78 418 785
modify 325 450 1132
modify 107 362 317
query 103 419
modify 200 413 65
modify 319 424 1044
query 491 499
modify 329 464 858
modify 180 203 3175
modify 261 445 2981
modify 109 233 2312
query 8 32
modify 176 260 4998
modify 286 420 3812
modify 383 441 2038
query 249 340
query 224 491
query 105 443
modify 137 181 2930
modify 35 91 1059
modify 480 492 4152
modify 425 439 1198
query 60 500
query 93 459
query 212 396
query 434 476
modify 426 460 2415
query 235 429
query 492 500
modify 335 486 2833
modify 433 447 2470
modify 32 450 1370
modify 98 206 1208
modify 163 187 2619
modify 362 391 4413
modify 143 251 1268
modify 431 490 4236
query 400 412
modify 480 487 1597
query 9 452
modify 269 332 2581
query 301 304
query 45 314
modify 288 470 2340
modify 400 406 906
modify 497 498 2443
query 35 86
query 201 431
modify 424 443 3635
query 11 150
modify 231 386 1596
query 18 43
modify 109 159 2926
query 378 429
modify 311 442 2788
query 318 413
query 415 445
modify 441 454 3654
modify 328 488 3860
query 408 415
modify 11 408 4514
query 93 437
modify 204 347 679
query 167 293
query 305 312
query 176 328
modify 176 318 4993
modify 98 118 608
query 480 492
modify 77 192 4913
query 192 481
query 215 482
modify 463 474 3390
query 158 316
query 305 404
query 354 468
query 301 321
modify 37 141 3694
modify 116 241 3739
modify 2 114 2596
query 402 470
modify 63 256 154
modify 110 198 1124
modify 116 316 4977
query 209 401
query 18 195
modify 54 359 869
query 197 313
query 348 465
query 28 452
modify 241 376 3768
query 206 290
query 74 202
modify 297 493 2526
modify 19 340 137
modify 421 435 1904
modify 101 284 2756
modify 27 375 794
query 363 430
modify 447 477 2226
modify 453 469 3190
modify 440 483 994
query 310 467
modify 329 364 1372
modify 171 489 1870
modify 129 236 3690
query 385 438
modify 267 338 84
modify 96 231 4714
query 288 499
query 192 272
modify 77 411 751
modify 125 278 2579
modify 335 489 4299
query 184 243
query 455 498
modify 371 388 1575
query 37 414
query 133 274
query 308 484
modify 140 410 2708
modify 49 76 4442
query 20 236
query 332 424
modify 447 480 1131
query 366 426
query 127 427
query 39 444
query 207 498
modify 414 473 3140
query 180 287
query 127 488
modify 363 453 2695
modify 369 480 4401
query 404 413
query 389 440
query 84 321
query 449 474
query 62 320
modify 398 466 4838
modify 346 448 2850
query 370 439
query 66 101
modify 11 417 1207
modify 179 224 2507
query 470 484
query 463 495
modify 172 397 2565
query 135 318
modify 78 228 3276
modify 107 278 163
modify 345 454 2542
query 198 254
modify 111 439 2800
modify 354 497 2785
modify 424 428 420
query 105 152
modify 333 423 1693
query 101 481
modify 293 450 1434
modify 415 421 1282
query 21 154
modify 244 387 347
query 26 262
modify 450 461 6
query 186 485
query 375 474
modify 206 473 3309
modify 179 408 572
modify 249 258 2966
modify 221 397 2382
query 460 490
query 200 247
query 266 491
modify 139 371 3455
modify 293 427 3196
modify 300 344 1744
query 283 409
query 52 466
modify 92 240 2884
modify 459 483 1025
query 288 391
query 328 431
query 52 339
modify 232 241 2944
query 381 465
modify 109 195 3473
query 238 497
query 134 300
query 144 429
query 254 352
query 467 470
query 471 484
query 239 447
modify 47 286 2892
modify 147 186 2375
modify 471 500 4686
query 254 386
query 321 451
query 380 473
query 423 442
modify 280 499 3990
query 429 479
modify 410 428 4794
modify 54 311 4428
query 217 218
query 448 493
query 481 494
modify 98 105 4152
query 192 326
query 36 377
query 99 363
modify 143 416 409
query 72 133
query 379 409
query 372 376
modify 328 389 1697
query 28 341
query 428 482
query 362 471
query 479 492
modify 95 196 2956
query 102 363
modify 451 482 4103
query 111 186
query 114 200
modify 85 365 2910
query 407 482
query 490 496
query 142 207
query 174 308
query 158 315
query 60 363
modify 458 485 2421
modify 297 436 3374
modify 195 334 2780
query 41 207
modify 389 468 2127
query 405 461
query 151 462
modify 322 424 3043
query 469 491
modify 67 370 2800
modify 250 368 970
query 396 414
modify 467 484 3896
modify 272 282 3307
modify 296 439 243
query 435 491
query 298 499
query 32 344
query 58 148
modify 261 341 2433
query 366 379
modify 495 499 996
query 497 500
modify 133 196 4259
modify 323 404 1283
modify 127 449 3379
modify 306 486 2421
query 190 425
modify 8 490 125
modify 329 387 1001
query 436 448
query 299 417
modify 20 500 3358
query 164 438
query 212 392
query 459 462
query 9 103
query 50 479
modify 451 461 1206
modify 17 388 2989
query 428 490
modify 30 276 1460
query 388 496
query 239 261
query 93 173
query 64 217
