188979
42
1561407
708928
530851
1032975
1134531
1094936
88398
891132
1280244
674504
2802387
1802675
166150
2379857
3692654
97724
2970643
1670373
214368
931335
653494
196504
1501658
49126
1158841
3088726
62524
1241852
14703
42
602443
254015
1441154
321805
66349
1539656
296256
878383
377568
39360
605520
753142
13776
424528
1000356
189240
90060
393824
573302
6061
969852
991142
920529
563435
1327112
1241186
73172
140321
1085831
792112
753432
1792468
477798
619573
192780
846124
1193514
2013123
754910
1983222
323070
99384
311051
127711
567932
632362
93936
178850
270830
89705
198168
79750
10220
89304
15330
1558932
324278
107456
706822
274904
1255380
1562011
1486229
1302946
418326
685517
37138
610578
238527
1030019
1015565
600162
1719636
1526658
169221
184282
494573
205260
125156
2501946
9340
642902
918212
1144315
1199865
76228
725558
179382
1777094
2581315
102834
1232274
337657
734641
244690
700748
831271
1799661
2032279
1664069
190764
2422456
1869807
1866044
506660
2457303
152606
176230
337144
1437183
344692
33432
1906249
1912607
891999
191980
1429893
873529
113864
96652
256776
2418228
2477298
1405875
711715
184549
716446
328100
216154
1726922
1223738
682984
191753
1413376
1662156
114949
150850
3358530
3211763
300352
331456
61824
1411904
1826247
1314937
942660
1028244
58112
864723
45775
3238
22560
41739
99767
71428
696423
15306
2001903
306120
974801
1147714
644870
108927
20118
560484
187595
35366
225226
1337646
522351
643200
99876
1443968
2090805
1639859
480312
1063548
677768
279892
208212
902318
207382
227360
342992
290628
724828
559016
847500
236937
122628
1812579
122318
1241594
135211
201293
37233
4416
812453
218262
58989
42292
60355
692076
521360
869724
2781025
1168106
2437431
432336
303952
123408
63418
342663
231868
124852
80262
367824
1644325
112511
967349
117402
2175717
1071363
1424154
386270
671710
152476
195019
28000
1084094
596466
949082
855494
1460340
51300
948760
245175
827057
358026
232099
1124910
460929
1997775
577508
179002
758063
891710
453609
15508
811354
318590
1278302
361954
2155990
89171
1100681
666844
55788
2647750
34536
1115809
843487
352656
410482
115696
84231
343662
9746
7760
557536
31897
34893
248523
2548
24890
363957
376786
48730
1451707
1261883
2123106
413784
82707
25400
565683
285772
1324240
104330
1723069
232633
700972
1301505
495269
195183
12636
128979
129138
172618
591010
205370
1028096
924467
289908
891826
596140
388457
64255
734840
877044
68605
522725
644354
228914
689330
584616
1485280
1360055
317212
250560
448855
5568
789098
2180641
831136
177360
86904
1548592
7394
672131
4706
1375599
39527
1260302
252890
730368
1527050
15216
979184
1601117
300828
91770
547002
348726
318780
929256
97626
5710
205884
56632
39948
205417
45552
1272924
1739213
798959
2286649
539688
1165344
491928
577896
642210
69678
14378
1103804
1298997
1479534
610036
211508
704011
70587
1431927
326156
759996
365100
356671
222021
193503
477240
436832
68940
1146142
340801
435756
518839
34317
13114
1619421
1312881
384112
201272
655716
813951
126650
9567
182183
818302
30660
104158
278744
197891
19884
141170
765365
327220
407154
35040
710899
738784
11364
2205448
61614
846
294316
1336775
1255487
9560
3107049
292536
1616838
711609
1480842
1942992
733320
47142
466182
1127168
2073767
1410060
1752221
1239027
2064431
694474
662775
78534
456124
856068
2292322
109417
666828
332387
576520
1770807
186355
522986
1235808
121470
2791772
2866584
364410
431490
26411
979333
963226
1161162
94692
505062
576702
1037995
683384
171936
829092
290142
165150
7546
239683
574511
