1000
527 139
53 987
317 596
130 79
763 834
633 130
121 720
501 379
921 839
753 758
868 731
965 237
441 22
675 554
203 486
993 860
559 497
317 231
286 879
547 988
297 188
979 241
743 477
657 50
634 101
741 460
482 419
788 113
71 891
913 321
473 350
987 493
83 389
154 481
339 316
485 259
565 814
791 38
133 807
664 931
159 365
735 839
119 109
286 89
599 236
867 121
443 550
773 861
975 799
79 405
844 995
761 662
485 594
967 600
801 71
163 61
279 313
463 726
835 642
326 413
644 235
179 81
307 344
923 226
885 617
2 713
54 731
824 289
474 281
549 401
720 1
961 887
771 322
621 238
543 140
257 836
336 985
442 333
371 688
839 407
855 223
246 625
634 539
596 177
384 827
727 434
76 199
653 65
471 272
371 500
950 851
472 789
492 407
301 846
407 797
218 977
796 601
355 592
711 977
83 306
765 2
871 914
977 353
908 957
989 116
356 741
539 173
772 747
451 543
272 873
293 100
482 809
599 752
69 205
901 486
504 467
821 886
509 9
549 743
989 130
261 656
169 412
534 367
873 2
373 261
214 717
163 853
816 637
984 551
532 229
556 639
906 157
58 747
347 265
765 316
391 788
412 947
543 149
23 358
707 155
204 343
435 194
451 483
401 360
478 433
341 623
410 959
724 503
143 865
730 773
518 669
791 374
336 383
512 619
794 53
273 755
19 457
337 140
448 435
37 676
753 560
758 263
224 187
835 736
843 836
791 675
607 946
404 13
177 491
905 296
51 853
968 205
755 57
617 684
307 916
223 598
207 382
508 983
385 521
389 777
448 509
699 289
224 563
883 514
36 589
602 237
942 823
831 805
273 64
713 34
340 379
957 184
803 173
742 193
618 959
461 624
975 587
744 791
156 595
935 771
549 253
485 818
926 895
407 82
919 855
676 785
941 874
753 539
912 145
207 695
924 739
245 213
426 557
288 247
947 703
133 884
406 993
731 375
478 605
551 450
366 493
639 934
148 55
719 248
317 849
736 841
206 497
290 911
233 713
856 863
766 89
611 821
909 716
290 149
907 950
545 129
799 394
583 233
493 648
245 536
704 719
117 62
442 983
250 161
95 104
823 669
113 87
597 946
373 410
684 37
543 178
666 713
147 821
874 641
796 507
4 65
65 392
277 442
832 451
351 137
687 130
147 269
403 255
289 87
851 533
155 49
815 913
746 505
58 405
864 667
89 988
923 541
706 195
466 843
59 263
930 497
354 727
698 445
225 613
994 803
47 806
378 13
977 394
825 953
606 143
591 70
81 913
823 185
494 543
255 548
85 686
59 299
747 283
404 609
835 628
161 844
981 257
725 321
427 459
503 797
483 775
411 925
463 408
664 985
618 769
955 101
53 925
796 769
833 722
781 986
94 319
605 652
715 542
766 399
918 95
503 642
88 333
647 316
247 675
977 353
895 193
55 301
520 459
170 329
39 887
615 784
592 669
263 768
572 375
710 487
529 843
187 664
847 380
903 626
994 297
864 67
437 472
586 871
384 445
141 218
104 11
881 190
321 548
667 879
179 491
292 651
895 391
687 301
944 155
335 397
592 695
857 252
60 443
808 345
157 654
977 581
699 440
547 139
546 155
575 892
798 85
469 101
601 493
484 279
535 177
566 555
977 534
345 89
83 779
681 10
837 224
987 533
73 70
419 904
639 511
571 2
3 28
968 65
855 638
611 879
118 927
680 109
4 657
214 289
479 879
97 220
165 938
983 603
796 797
547 897
231 508
534 343
450 823
825 623
283 557
509 768
830 183
827 717
956 961
916 33
769 116
890 957
601 296
253 673
503 749
987 206
59 183
242 637
530 119
575 757
934 205
544 479
668 395
809 209
222 655
443 897
908 505
514 675
626 453
399 293
437 729
842 997
224 687
668 179
797 875
36 97
803 735
415 21
339 197
211 803
614 551
88 197
839 635
4 777
571 882
86 267
178 369
293 758
764 37
440 763
986 39
524 291
344 487
240 593
746 257
253 257
699 686
328 783
437 876
649 123
229 21
953 336
291 469
133 198
853 103
644 857
479 407
756 419
339 208
693 710
289 514
645 364
722 979
473 730
405 208
546 965
311 598
973 610
239 774
669 494
506 709
30 551
525 902
984 845
61 672
408 23
76 967
664 455
240 553
922 267
551 597
659 564
224 331
508 985
732 259
995 724
937 105
384 377
347 981
913 620
291 341
177 113
892 119
722 503
707 741
86 139
549 233
253 721
554 169
364 853
407 677
509 891
651 736
64 497
641 232
947 330
547 609
646 381
364 747
565 818
453 377
960 499
753 382
402 589
744 911
544 67
928 803
415 837
341 315
193 942
893 18
409 385
904 665
813 518
136 193
602 167
652 501
23 724
681 901
757 52
234 673
722 107
745 864
572 777
180 599
971 891
569 603
483 893
472 379
552 889
841 262
544 433
998 663
625 518
483 73
393 818
516 955
283 517
983 549
305 974
914 833
287 155
389 845
719 474
482 259
490 211
291 421
526 741
64 499
492 955
459 500
569 458
358 351
55 567
466 177
365 557
418 127
636 335
71 688
93 442
641 537
371 162
327 41
143 206
150 859
753 571
669 800
127 448
833 825
36 431
701 165
681 664
529 607
725 83
868 435
131 567
849 271
430 833
371 962
691 628
517 991
55 201
131 363
668 73
31 242
985 561
788 313
76 767
981 262
412 593
508 873
254 89
438 449
911 997
784 295
716 745
603 934
978 187
686 361
556 223
767 123
377 226
891 619
45 728
671 135
849 641
299 126
421 594
514 871
23 24
357 230
979 976
576 545
909 559
875 453
871 999
661 311
59 533
708 749
255 617
357 499
115 428
607 813
559 115
907 764
997 682
694 581
316 223
689 908
237 325
593 388
602 835
73 633
217 719
431 286
80 999
773 394
873 110
455 319
555 331
572 17
135 92
619 595
212 483
62 795
288 401
771 518
877 529
873 176
889 136
215 409
961 433
221 505
301 8
247 651
873 424
961 483
581 233
449 686
857 529
562 115
573 299
844 783
482 585
671 466
288 751
326 527
136 295
522 623
326 413
4 743
343 13
54 925
988 601
264 289
807 950
581 6
486 209
600 359
13 333
699 818
8 131
145 56
525 206
860 309
992 987
345 494
636 703
358 789
492 773
58 735
430 501
1 851
732 365
363 170
842 37
197 126
433 965
322 205
863 844
28 225
23 721
743 681
5 948
523 209
857 866
329 860
29 475
937 198
646 729
644 565
302 211
63 587
587 500
247 223
927 449
784 279
688 415
303 985
919 268
227 948
331 734
327 661
977 883
796 365
767 890
521 93
309 254
55 573
391 924
904 365
698 945
739 431
649 365
373 917
394 457
445 423
833 730
349 915
404 955
607 661
822 419
787 755
311 235
473 568
97 103
762 665
132 403
846 221
643 91
361 953
734 621
238 603
10 29
675 559
887 183
607 233
541 583
628 851
219 28
452 257
753 758
479 253
141 635
268 885
277 125
693 842
553 646
419 438
147 4
809 342
686 869
292 547
925 906
603 587
585 569
598 281
307 879
105 827
99 764
234 125
634 591
503 663
125 679
796 99
131 741
72 589
916 293
444 503
171 430
814 839
141 481
797 995
943 804
416 891
185 831
554 787
185 533
887 831
801 434
559 375
116 927
503 746
247 924
382 505
409 867
401 599
406 601
679 830
140 479
440 247
881 283
779 998
49 900
296 923
145 453
167 930
939 911
118 871
77 953
669 604
564 883
937 34
619 75
740 727
231 416
184 533
908 849
697 245
269 729
545 266
24 769
558 827
946 547
905 324
154 907
395 991
723 808
662 13
95 249
617 379
568 741
621 41
891 335
323 683
271 72
937 41
73 308
35 731
949 125
965 297
293 228
329 68
251 889
183 362
815 497
886 229
487 357
756 905
748 197
991 725
673 709
31 536
835 748
501 94
233 67
397 266
145 451
990 851
159 352
933 554
677 512
913 578
309 737
579 388
469 451
971 188
379 719
72 223
745 389
571 152
481 22
924 281
701 870
794 123
579 929
995 128
741 137
296 305
597 176
853 815
746 747
884 447
89 597
673 493
307 576
458 253
477 515
49 165
829 534
617 22
549 968
527 947
163 388
683 486
381 662
724 585
206 835
653 469
478 49
428 965
523 997
779 904
537 745
411 580
124 761
757 330
275 698
185 872
462 277
491 408
680 657
130 729
300 803
267 50
631 582
593 880
209 808
749 793
103 254
991 220
577 247
893 956
229 935
166 833
683 118
368 451
223 912
449 767
417 167
476 677
469 58
916 243
298 563
721 141
97 420
573 784
707 310
693 145
20 291
925 201
590 777
916 735
547 270
793 188
375 931
518 507
760 659
357 796
69 530
446 637
773 834
892 297
149 736
770 373
84 971
804 235
603 172
150 83
844 91
888 7
528 19
259 403
582 335
329 863
958 413
137 387
53 19
270 817
231 659
700 699
615 67
189 920
963 446
853 540
281 467
851 178
816 757
771 451
686 953
