1000
886358745 1674863398
1082988127 1707240536
1925369267 1280917365
1623226331 651580990
518327619 1186930619
208626665 1753703009
1494157662 1415787019
1260691336 977957563
1844689962 990345463
234357166 207206847
1828857296 1345625031
442977881 1883191596
1181636657 1193137477
1568463401 595936417
898474157 1842856179
1428472757 1113955731
495403574 591533401
259255757 249423739
928577385 173663512
916278105 942839011
289256788 1853033623
841547531 196167987
1242915278 234645693
1750067128 476685243
301289831 1212687292
1124256917 1614161594
19307026 1886639827
344358545 711072557
1383524711 941615291
143618213 461145454
443021993 1216447490
259839547 1177616059
549393806 217347631
807916433 550093485
526442119 1114510927
1941292663 1479550700
390005281 1754118800
1009324929 1534355831
854954233 534493716
533602306 366791441
1256959374 867020455
1156428588 1385439827
1300629354 1509116317
945025528 984845939
1647406396 346281303
299874607 51105638
1409094653 1938439040
107592395 1979455422
227654897 1449931307
1774948192 778622715
357879589 484096086
311456132 1683520093
1937444973 690889213
321264601 1133267391
276058457 1329534949
868150794 1983307033
1168546207 1993796972
732039223 1442542492
282741046 446163761
572552875 1837794844
406092269 1024151731
1109232613 138877200
425587435 1316094322
1210692655 330853481
462346434 3993125
1237146503 657879171
1652238677 1049562224
987089903 1242540335
1526321243 146969044
1069394285 1990680023
1804583103 1833120485
1933854563 1604886083
1468336561 170222138
497780245 300079189
1572880252 1693789855
989689285 1560533313
1551875329 983032528
1032373072 9055651
1826682883 1392092135
724306368 1407937397
217471073 508799770
1856432409 769244687
597877558 126326687
1971522387 971646121
1041191360 273852729
1630580707 1455376978
956577139 442453905
651490445 1762996712
127744773 982237801
288318507 1010093650
1181680001 930933762
159927810 53740501
1465766737 799586761
158168547 1640197087
1916693612 1861331029
1933540428 1980527167
1049850063 1341114169
607291956 1986161963
1750900892 1438275617
1472030034 56379265
54713050 1371911291
393254238 420979055
909245744 579018515
544484041 200591485
872345119 940504342
1157929163 102443829
532980899 1697690919
1046317897 328423248
901963988 611997101
1634433113 596749381
553847554 634921813
1919330411 452890968
733145024 1503457633
1025537541 51328678
1930962791 1776889759
1130409316 1795516183
819502361 108414378
1056798379 656400211
191155588 454705897
113887203 1846499401
1668522037 1052637230
1289789926 559702669
1208053044 624252323
696015542 889383269
1496571076 1398005429
1419541853 615512998
1247569440 665012479
1314080396 1158810339
1531296199 92322417
1605796133 1910120296
1080839684 214340353
1918191042 1969738021
566879873 1429050215
607198026 1976542765
1884153680 1990983247
938082331 428431736
1009397119 1986423562
963447512 482488347
1444138968 1279007033
900121802 1531299755
1700618496 405142297
1013523395 1180967469
60307533 475029053
1242626125 1173349508
1737078651 1121847956
1719846455 225242484
1321876741 1596825521
16392910 1821973451
68559225 1790075536
944836314 1938272621
304315953 1758495362
6143061 453725527
1350226815 843145241
322116995 696120862
1841994969 1529814250
512872718 26378061
1345683476 1964740221
34381908 731712373
481296193 255760406
1068039616 51315035
838117219 252737380
1843813135 1379476092
146033994 1413079429
1711661191 44278766
1293741035 452635971
1206477787 1998582435
1594259929 126218630
154614254 1577450859
309562058 187743093
1068014506 256281963
362132563 384603207
1163886017 1898625913
1833958125 1035944173
1946883733 1971355127
702032076 344856611
1864824921 1390559092
1055443399 705204034
603835277 494554614
1007796698 1159673139
1648512091 1600253983
1452987651 440164831
1153453642 1308749691
901674243 1489073068
1018178589 1827791459
1604666377 1932570479
242552453 1610851712
146765635 332842857
1169901141 1701187591
861745820 605119739
119129048 1920265245
1979886751 891386278
1421715530 93604129
1042785544 1480858793
26312703 155775242
1782626333 1433600967
1214852839 187432869
1015295868 866299717
1029074834 1718394477
1540329424 1029827901
1473306665 247023468
686641291 312430439
1589400673 1654075555
1547201087 1243156021
763327512 991863619
1474534256 108247333
586330619 1020680344
1276256753 1332450050
1907132671 1358666728
1542799709 1421699673
1771445361 1517843392
332276326 657987111
1436450617 625818532
640436711 117949523
1997114888 26911067
1159186414 1823043211
464168003 660939645
1836084500 303234167
878185886 684316283
950674291 987626205
1917297361 1394031031
1101271461 1723035775
710714263 1452617135
470032295 615801027
401623511 1258756980
1607255335 134961286
703269061 1452025078
267365899 78992076
1206455867 464531169
178210021 442706422
565491224 1032881675
218483246 1687447881
622110506 1786639431
1423551509 631130710
612515043 1107057545
1047098447 1854392953
710848571 1100934516
1636134959 938832502
1313416053 841940176
1592460310 1657131333
1014404471 1634385638
1264786953 1063929095
1618366615 1157531871
273140640 545651347
1989848061 777338929
1786220926 81752059
958110918 811777195
106031897 106566124
1789391577 1414136132
156258200 779630937
949994726 640241825
649253603 1670921629
1676766528 28246661
615300235 1979805244
1594099458 1563996149
695547767 1899056491
1202676909 1834837805
1873989395 445829667
1854723450 980303269
468047566 1761614987
736700480 1741520429
939673178 766203519
993084037 672172337
1676782157 1752015312
946403284 1489794645
914565968 320564783
1308851461 1677157786
1058996198 1125487775
1234104101 1197128975
739702439 1576245319
1603354488 590124659
798015371 369061232
1810231087 698248230
1784132818 335265239
353100275 1942971577
226552387 1295734280
627812167 900804277
1017226697 1456072174
439874197 883408061
1977556669 1921279578
1153243207 1022626827
96330935 537119233
857646476 1421355843
281402375 1049976461
1715591538 1755034637
1776574679 429796952
773740277 1560105429
603598742 825587009
826715477 791276149
13608961 1083275569
1317391794 1710887333
1975320023 1839677318
706182754 1514112685
1705499763 1726494736
1444196735 1891812479
593272911 526688146
239313085 1000389659
1074094517 1713463241
1881080193 1029671321
1866904099 226655018
686065547 401125982
1846990213 530852276
1306768408 1059150479
1535192868 1032457133
71576443 1549462283
1323059938 1685207359
1808200151 1350313460
1491814587 928049377
431814135 1279173272
1660479955 1430322021
1642697377 1797912601
175161066 445738891
1463380228 845659679
956801346 456608797
1446584028 394704479
883583289 1093088420
1134317343 1208809499
28075484 1194220613
1163182027 1295092032
725946339 697320580
1802212569 1986117767
964976258 400957207
182569946 1343932041
126944663 1593365203
732189411 165936038
1444956622 345640471
405322832 1325886865
685411437 1785522755
771000494 391437603
642103369 1169960850
52102628 1724620071
1003974091 1456706573
17002291 1032838111
898071788 1518604709
28854170 846047353
654755053 500924006
1332463630 1594739003
1022311969 1469494066
1241586005 1506469656
1246242373 320065220
293855219 1321336439
1699418255 731276099
1890813881 798556703
332694703 318878103
59218872 1140822857
1308460889 944946964
599354972 385429059
887955139 324014801
1668756233 369695277
597801757 1070755244
1998714982 429229
1233268329 236442917
622848662 1044516977
1336421603 1686806636
1077702913 1784167666
794736235 1490979514
1153107666 1407568217
932331077 1547700626
1204166018 1381928705
362532461 1057378100
685235770 974994279
505726524 497078021
1797222181 688128932
860693191 1704590157
1393748195 334912773
99309153 30803912
1268600939 1894878352
131856739 154033840
1826272810 1011035207
398814333 853121519
14615891 1433944901
393829835 782864907
1321483421 314544355
179798447 1965900438
973943803 1535202786
1781444231 1355099899
337934259 1015536866
447634220 696188327
594997549 813505828
343055271 1979002399
344212463 1834286340
909720491 1991767820
889154563 1755555996
701224844 937041167
398146631 1887408737
1235020081 1300174722
1722101632 62298993
772245049 1312756512
1052054555 1549497156
655009336 1766391793
1656201761 1227612321
1712910641 1202860454
219050857 1457018868
1133237737 1690760507
585191018 1003819853
1977384717 1188528122
606282023 1884222230
401848067 52999551
532643921 1223245137
702416167 1114259157
1579137491 490712027
1204336606 1939510051
1061316653 1888262773
1196518079 1305391985
1918508302 1603431807
903786776 1608127561
472149663 1309743683
1727361612 1999851097
856782341 1957128383
1418694642 271709639
838191705 1129359191
1095124803 1739138840
520399027 1803454375
1246287985 1652381846
103822385 1804004667
1892173842 1288756445
1389912762 304494737
530434441 617474732
1083702671 1875762877
1605021874 604170581
819155253 258046223
611882218 650062091
449444286 5252681
1263778151 1090776222
1006836686 768989983
343512058 1593170793
1806437377 484929188
708950471 368294024
778234270 546678471
1998561947 442289853
592396001 464481325
806645866 493258469
1745933226 375704579
1947276853 462024120
847998527 392697108
289301997 582384059
913683563 1468867251
398685971 55716446
1920078741 862320716
1874130949 399453793
385433548 644562105
1535786672 1252540029
455520412 207718401
1176942348 646945987
1772564421 444472786
560338699 271305927
255892292 757194201
478381559 989265930
1726822635 510398119
422860978 1836782169
858004806 1927068145
865134743 715356751
381621623 737991812
1417199255 1930162922
1689347793 1715369498
1912354285 1260453161
891753925 1163862998
917531665 659192818
166969684 797283153
1614716053 696322933
1638030688 1146588463
663763676 1696084749
1188014147 1465172081
1998230207 1472389667
1936950970 16962841
1190936422 785112361
1699840631 760986701
797178661 1134471112
1632933071 1136829797
1306999757 111722690
286842869 590745000
876686011 1758456841
293485410 1936065277
1003483543 168010367
1305241370 1064341453
816141309 988167167
1839312284 1808173763
691789097 1990274546
1812735259 1443777499
398090516 1660280421
1796840375 173461148
1308018935 1556209326
413894073 44640218
1003350995 1156753043
1779674692 362275209
298851197 1656210912
379777648 1696333571
112403221 800317205
1555855806 1728577357
514347029 340327161
1030913438 559753561
1384185062 628543941
693554025 726565624
55679189 1833765742
4794421 581620423
873630413 633201520
928952850 1792542401
201371239 744622376
631036023 1905633523
321304739 1109154626
1652513994 1001001739
503244409 396409745
347991421 272553781
1135607390 1733204619
1377938021 1346577829
1516703676 1907013755
1022123691 408972154
362806163 875276203
309965908 84898039
1276304062 674730421
1612057443 579377834
1436139999 518804627
1330551441 1581425783
34067868 602202467
219233800 1883102463
1768435913 354701862
755883276 798991081
1332954141 155754364
568124447 1410647421
983413291 1004936866
1094887842 1853313679
1682712906 1998395467
1465668745 1462749346
290360013 550392475
976695058 1531845389
839278684 789388321
1936231313 205692632
723457204 116649363
277064050 1334264217
885211870 307347283
1065238567 1874239881
1484669924 1843887601
275270988 115272749
948584981 1585122573
1308195117 1006170793
452246157 1433452978
1943413285 1312088441
1520294251 16544704
1704232169 515751874
830483421 303515818
1457250751 1097425195
1328375563 455119796
227529955 1777074846
1824754693 1662016792
493893922 1692625995
1329230621 206207882
1377112187 868725079
1291563513 726846557
155644387 700663193
1719928828 1817978877
573203688 1496685023
402211099 537421116
1804939164 1018423151
1351694913 42874363
1116160737 1247417099
922230750 1242505997
1209755437 1750519168
708216617 881848709
1696614613 655948222
803291135 1600608281
349265916 221970449
1192904337 310572856
765095606 603726891
1653594208 1096352473
460764529 1099089517
1772981499 1569084776
1044569185 1686721556
350165655 101736718
1569175352 1340077591
1373555893 1354014835
1633279233 1010154679
1448987977 1140401518
1835753853 770654456
1844126212 642299455
656696620 862510913
193989201 1810524364
1178780437 1144512995
1803381683 1540313882
274665506 99484003
1812095517 1849069700
914168903 411208249
1788679071 1730479153
527723212 1491684713
1058014948 1109049743
449461894 1663038215
1528259873 1631217453
700204134 428494765
1250663590 1075288161
719466988 1945960749
1909304897 1034396220
1362577642 1694131839
717628335 1468656277
169376723 1329825870
302385473 1002068487
1893507361 1545683394
1031221500 1605125981
701967331 905107160
1306415131 439729851
1114112665 1422998892
991871681 1866484462
153435916 1567207755
1781048158 1612771465
665921089 1766934676
1236944635 130041942
1875078427 29320681
1456744591 481267973
1441925127 1462344131
459367765 577739168
363600606 194598781
1869312427 1674217123
1722415278 1057865281
111857011 330561349
1954180231 1779936984
898150244 624927437
756061659 1707471259
1678445247 751316131
603630987 1068003376
1478336919 204323305
787235000 484827411
1675844240 1003135517
1635781824 1976346403
238343101 966889474
1198793909 1233959348
196520189 130994690
1298619997 1254857173
1288743785 182716484
92886110 841841169
1400289199 558738171
1914332927 1712309343
1761408691 993484581
452933119 1893585911
758360081 1673338553
873974695 840491051
77177261 70655252
103834529 115420175
769092443 775280446
673360607 1237448637
90057493 1882299896
561244343 982916119
169269611 860072242
1503303665 1312956077
1537720047 280647875
1038386697 1144731406
1853422604 673519499
1572531691 1184956720
742495249 174979557
1713235526 1531278443
105521525 551544947
165579999 1711283605
569529055 523666872
678300555 703993607
954301010 1865569159
1243248277 309571484
677138289 1314930389
348635279 210759865
436935106 941493059
1476088249 62769562
1122645875 276201914
1157516042 104304027
1190796990 1604019391
1562666375 1063440782
866704306 675102561
364626386 797546533
1388591772 881103175
880709528 55854327
608369720 162376997
423853871 179655972
1402674079 1524644107
864965607 1590771772
671349789 681771757
787494129 488198443
137650182 645506089
87834593 1993927275
1082440914 819593159
512198768 1743507005
1612441093 1782096853
40013472 1796245607
1346876605 1115385853
433217098 1248400653
285263278 1440636393
367958432 837333463
885222866 1533578801
46500534 720127645
202701921 1004005003
887434059 1661066971
209554251 728253056
1033249515 1805417249
1322990182 1898186041
1415520926 1280785083
932599681 84877322
190938119 1676121639
1670285557 534926334
1000744424 72321541
1228442891 1763962959
1481725066 307938007
483092969 542260196
492422897 406316363
1345862993 1879583490
1153673967 990538564
1364571039 1597062928
1055939635 1827957166
823555345 27156232
818134899 1288384475
1046392373 507734096
1822712625 190733036
677923490 256724857
1267504786 73864621
275470883 1745242694
1546847401 1400901809
342355415 1775924306
347964325 1655069933
1688903362 1004741717
859743117 395425991
609345609 1607628007
1419010630 881190729
294817229 910433606
1238475797 1420139404
1207886834 19306351
1014417182 630890385
155614321 625113384
744561068 1539366531
1670082461 269524137
71312283 475790738
1080280615 1563926636
679500924 1811497721
737411728 212063191
446775568 756467187
434847530 1761579353
941780979 1330850858
821147351 1155547403
85673069 387857955
1013298204 543026873
1859079802 1111838941
646869860 80188777
245424673 1116908176
161871371 1089684939
1109818867 296063074
1093068654 1451196905
1458925349 347741781
707795939 555146682
1297301129 757123127
1019135809 694118375
1980782153 1914346891
392140546 1663352647
728288033 114042139
1949623430 1918169681
1592466977 143094296
1361505337 647875755
1139318606 688757801
995446193 713141229
1388599080 1696219343
1715540059 1351223100
1329222279 408154420
632342068 858234435
45960189 139692844
626706241 1184680935
535830818 1838059679
523063865 1284703486
1055046769 1980185787
1012861844 1939592729
1054693599 202172905
347898497 346992870
866558501 825445575
395251577 801474546
1127844681 1233400750
146595649 514646328
548937843 419597372
119151443 187881313
706786939 183951924
1088306407 684538471
1250720711 439336296
686367253 1772578441
343700259 846587660
1622114914 1977207083
23235288 797547955
943221759 358515413
1401879989 1184128501
1164161798 471660343
1046141413 216658450
787261165 1344279194
1862726926 76757413
1623684100 240144219
864501761 1864333099
186412245 1422502817
338972510 1567622119
834516501 691201172
1062848976 1844760479
1385825219 938048551
1180429466 1661603869
70690465 1570680197
564364149 682032844
819803191 1943072374
486808697 1437732997
148410591 47551339
906677939 1604634162
1094670032 70025225
713555540 291009339
1361869046 953235187
945544671 1680339677
1887133553 1713181452
1706603888 1855359361
687778916 1667923889
1592210971 1149226492
1565635689 1951685044
42442829 1792153916
219954452 1257615935
1413978221 1610118851
755875480 371169813
792896051 798111040
686469403 1231674676
1093227907 1528188342
1154223328 1294778397
1998631955 1330095812
1321377738 238463371
1224642938 1719523833
255158709 1362408001
805317983 1769243193
1047141496 1751125619
1452515927 1182775466
272390504 703913141
692050298 1508195719
994735536 1943558371
895869804 1147366321
1460264114 1598225701
1052351417 857602948
440436208 1595128489
1708129007 1051325286
1709477687 1020665300
1982913437 560965732
612883111 1672840937
1935119027 292365989
204898909 193634599
427738817 1933023348
199766642 939278247
1346313353 1181468864
77729005 844458242
1743389987 639711862
5300635 1775361663
89946908 1630289137
123989237 422977968
1454466952 244204141
1662485177 1955367968
1195043773 479781592
32926471 1454791577
1271432213 427980635
1098743032 277215203
1967184153 995453306
1534583857 1780845359
866334407 917230508
1101086807 1526766509
267367691 1799002583
551641831 769339616
309162591 1551844117
1486561271 1043297137
1220457345 753162083
102947717 1284749482
1758496397 1516097964
806060925 26363539
456593091 318430607
1200956058 1622495465
1164368471 1890429395
96601810 1010041267
1190734483 668799563
585160255 1954517917
1835092388 1514623199
1077361397 925600260
1653306827 280067496
1343115363 141755981
1395107612 926050559
1070289695 639730222
303445672 112099755
431938873 82220871
928957869 1708670255
1187996419 730457049
136367413 274326159
137469611 1956244900
849909549 258170165
900662319 1922524142
959536813 846365127
1262226707 1102339065
1625937383 1480954714
785185859 297222807
1725943145 593652977
1997945051 279727570
1918525078 712394029
1148535819 342717628
1483575516 1000301149
1784735620 325682361
1992311011 199434335
466291349 134957096
53370540 1085169391
1048225613 289356998
837056237 1201576910
1936615971 292862507
1267457533 1679733246
1654241613 1888240982
403915948 1768053145
542814039 1138653754
1503489249 29431226
831326685 300728671
440197667 1059436852
367325490 1515588989
1955434049 389507306
684197678 1257766995
1957507864 973446481
1382763487 1505485001
788110801 746799755
1646914422 718825523
554228912 1122297411
1891648516 1214472271
191612515 19667368
1742126555 134490997
583600597 1287001312
686686739 104064646
1688185013 1885456806
412040302 1599872969
1165268027 1391706581
35136469 216524244
236092102 1490171327
710590849 1807215380
155910137 834987980
1429868731 278858844
840542714 846856333
61821127 223512211
8014630 1545043329
65451999 297926
25792271 416284796
1704910925 402332722
535826556 1425949441
838281269 1585493871
1452515425 1631315437
1565623316 1685175131
1220010553 1784006884
1870324266 25593131
1395588281 613408533
642361803 1620666947
1774887176 598854909
302098344 1216835387
144582207 1959674071
903795544 1647563215
190786184 1823078263
796505839 1374007698
381730889 1628677042
455560481 367168201
1615991681 530294582
546139331 195754982
1958648929 1709812448
1988666033 1593006625
1522486072 1668911751
135974439 1621089160
1737494250 1779763001
392512553 1485687514
1632654763 799929625
1161523500 998569051
1752856566 1138186789
1842103121 762370851
1379847175 1505639852
312361196 1327926179
806716923 1231876679
1975765065 1359681469
1123529747 951972427
1724206092 1641295669
493192659 1051567340
138146876 406384549
1180963855 976009568
300428215 698800274
1210536923 186420979
578380657 608280944
417139354 1396252715
402694016 875226637
1632808495 718928458
50217037 1263829703
1699783628 642762155
1742771219 1147232983
1135959256 1718369695
505004159 1279427669
773946225 1194036094
1360752735 1774001146
36053546 820934585
226758848 1905077717
37464083 974257907
261693845 1887392568
1274841171 316274611
594376361 1298294732
234724557 1135538840
1846756300 1863956691
1585358407 208929773
228049091 1842984871
141317752 174877091
1458788246 1143724697
1608179126 1506170445
1915945026 604941593
648381145 868105951
410142578 1848718629
1548744689 1325772614
1225552373 50722299
1856767451 1722728628
1060217776 1302647229
805517984 1905202865
1796378708 1619486883
196476514 1653682217
