1000
245 16
895 501
67 352
195 532
653 350
735 47
274 231
937 90
904 271
199 864
747 695
91 288
733 292
430 709
48 877
907 438
873 730
806 271
377 515
293 984
479 80
361 669
468 25
117 629
261 730
262 847
748 421
7 320
899 101
983 421
482 61
116 375
495 431
1000 421
793 883
493 698
741 257
48 821
65 504
667 853
71 110
281 291
101 870
27 467
118 401
682 335
155 607
570 493
101 595
515 99
283 924
127 934
331 467
644 117
625 559
645 952
212 755
641 707
73 603
275 889
787 369
531 608
878 197
67 907
135 988
993 397
587 307
893 865
511 786
878 601
567 869
413 762
121 826
848 627
348 277
253 876
504 755
37 353
858 71
71 115
332 905
931 81
497 734
506 739
758 349
940 339
625 371
587 64
227 568
872 753
914 815
107 978
898 41
559 590
709 421
636 325
537 968
53 38
639 596
151 548
693 542
941 80
223 370
13 950
461 223
423 142
106 695
829 484
749 241
291 925
729 680
577 162
530 293
166 925
361 737
403 82
277 166
828 257
785 928
523 434
332 203
101 692
609 32
811 474
388 783
22 7
888 85
467 26
493 531
721 751
546 661
8 927
469 591
890 929
571 135
285 659
594 169
326 337
925 502
586 115
979 391
607 897
887 431
436 177
97 555
272 303
979 489
707 893
571 756
205 109
205 558
489 212
661 434
139 50
539 52
859 185
722 157
282 319
77 655
653 205
95 321
860 821
692 451
229 547
29 766
550 469
543 625
524 791
463 544
280 429
59 12
169 589
807 605
648 397
305 363
344 653
73 879
480 379
811 273
259 429
19 403
155 126
919 191
719 886
37 564
674 561
197 192
977 397
241 572
342 349
240 887
267 500
136 937
669 473
718 649
484 667
377 131
827 838
206 859
185 577
998 315
557 111
376 991
972 713
603 872
907 734
719 910
89 539
860 517
696 563
812 221
985 86
413 852
813 845
923 304
271 19
857 842
113 261
293 237
975 281
289 298
955 922
772 69
344 753
393 646
245 639
959 947
49 208
71 914
388 987
481 705
11 265
931 953
293 907
144 467
688 285
203 43
232 289
866 485
339 803
393 784
248 543
211 162
148 47
715 354
155 407
37 99
767 892
529 418
349 95
507 625
569 655
342 719
897 605
238 839
757 58
477 305
628 917
143 105
761 57
544 815
151 518
345 422
445 743
323 785
639 889
86 511
113 263
515 894
242 551
960 877
367 782
61 906
137 916
1 815
515 636
982 693
403 113
729 509
688 67
587 450
979 886
7 267
699 674
33 68
420 11
769 366
743 650
650 887
578 191
647 334
243 641
189 596
410 867
539 241
123 37
31 987
975 851
681 326
576 899
592 939
157 834
718 895
283 832
149 142
919 644
334 605
791 197
47 860
422 887
606 841
24 295
93 925
84 811
97 212
620 839
824 655
691 643
206 807
463 525
33 826
361 452
723 941
821 778
32 707
100 757
876 517
961 143
665 379
11 278
626 281
966 991
37 86
1 593
463 165
610 479
155 204
454 923
579 496
993 694
667 194
423 67
547 385
642 361
240 67
606 271
922 521
878 865
460 727
271 947
457 403
571 835
747 395
277 752
641 430
631 616
53 878
230 769
397 910
526 927
825 662
386 779
372 271
770 373
323 656
114 181
101 916
678 355
14 881
553 124
93 281
901 732
88 665
146 143
501 98
575 24
479 202
74 415
799 927
218 337
757 679
30 251
771 778
687 151
485 939
717 973
63 557
877 402
929 883
421 944
739 621
49 895
532 169
233 876
871 241
952 619
466 487
145 999
693 701
381 7
401 621
251 530
816 763
319 105
326 401
771 557
751 800
550 989
929 713
857 17
897 389
727 518
257 115
531 284
461 893
157 635
729 634
263 511
857 344
935 424
213 511
451 348
485 946
728 151
44 511
543 593
61 635
248 977
771 737
419 240
151 901
71 826
449 872
653 288
418 933
169 265
53 503
16 469
472 637
140 569
648 143
379 148
17 841
628 979
741 505
461 672
537 136
328 255
557 882
839 228
155 361
330 839
911 161
413 705
401 927
608 887
615 586
857 754
940 691
209 787
29 356
459 22
103 719
51 154
62 973
837 718
875 904
931 478
702 655
908 495
986 555
85 41
523 911
971 99
173 157
201 284
855 617
851 337
466 445
190 571
322 605
521 271
641 166
641 248
339 88
536 29
139 971
79 689
479 37
828 139
32 335
703 473
259 625
395 542
969 167
283 719
585 359
678 323
171 229
7 603
62 431
544 959
491 135
319 195
502 537
145 884
839 69
221 613
389 604
13 984
412 547
43 854
528 521
7 719
696 815
489 412
530 331
85 911
218 595
935 477
921 23
174 875
740 403
716 897
637 370
431 290
187 189
485 273
647 690
883 832
928 653
197 9
71 747
236 97
359 823
361 162
485 292
622 187
319 408
99 464
644 267
132 397
551 975
556 681
299 656
179 744
755 811
34 693
639 403
965 788
560 383
876 841
687 266
254 429
374 675
386 583
57 116
528 431
20 543
556 945
229 700
917 1000
812 593
238 673
740 799
836 449
40 427
488 479
460 583
335 218
443 335
657 847
753 245
175 253
487 399
851 174
385 276
167 695
401 598
787 604
802 737
260 743
523 651
342 641
535 598
405 578
421 570
763 501
670 789
649 709
331 584
89 865
730 479
457 208
169 493
298 525
326 833
433 652
203 932
318 857
447 314
615 173
583 969
7 365
13 412
683 425
706 107
648 325
703 852
639 301
339 133
331 852
511 909
644 3
495 409
709 899
256 395
529 976
779 593
914 343
756 863
537 377
865 657
499 86
884 987
335 928
9 913
746 855
837 691
499 436
883 37
629 149
395 623
281 423
139 483
546 643
473 995
803 409
264 665
721 684
277 520
447 926
507 331
483 260
472 25
55 497
409 430
302 551
801 551
617 524
402 497
613 1
947 704
255 982
111 59
153 23
641 102
423 838
567 52
207 671
996 683
659 545
721 339
207 803
409 760
851 944
83 729
934 885
107 728
736 275
12 865
313 93
28 65
49 88
433 165
430 841
208 905
125 696
621 658
473 54
178 475
937 163
265 893
342 515
535 523
16 941
431 736
940 549
885 853
191 642
619 69
786 817
595 864
174 749
638 553
353 382
326 383
947 259
851 916
825 428
878 271
869 530
738 761
233 489
685 306
159 688
789 119
769 474
751 359
856 165
553 465
346 615
746 587
706 795
934 889
556 285
469 958
327 268
754 99
974 935
280 741
547 904
305 919
1 222
603 907
933 854
366 361
850 501
291 499
641 724
256 759
406 573
988 813
853 922
799 688
181 966
493 443
882 815
39 413
415 944
166 17
959 946
541 302
734 279
83 945
101 795
933 932
121 723
154 179
668 51
369 169
59 695
835 48
836 945
503 486
643 887
373 966
58 713
485 339
911 761
751 579
287 649
461 786
734 951
70 881
271 167
188 777
445 707
921 935
269 818
302 793
77 486
591 166
456 461
328 473
251 886
8 943
266 867
706 899
951 551
706 737
425 514
280 431
232 349
11 905
55 846
208 441
113 476
437 238
313 28
685 997
727 915
203 992
649 316
641 369
239 191
103 889
267 608
643 606
667 891
591 176
939 346
946 441
626 285
57 548
751 729
335 392
239 287
955 88
890 717
481 245
435 734
511 510
627 436
106 597
277 664
226 417
849 226
313 742
58 831
295 371
403 678
943 617
261 167
134 71
671 454
847 835
288 517
67 401
121 622
577 505
347 254
466 205
605 131
789 104
668 315
437 344
95 372
33 911
929 287
799 588
295 569
324 505
272 993
667 269
248 825
929 790
79 304
47 310
69 709
833 887
637 306
882 1
94 493
297 602
20 219
295 473
625 608
257 103
383 661
836 109
206 223
404 383
722 469
992 731
7 500
604 713
677 639
763 124
968 57
806 355
676 597
935 776
99 691
163 881
413 982
241 118
247 294
218 945
903 58
661 948
289 223
807 490
223 903
655 699
539 454
851 422
703 176
559 153
251 250
911 786
229 152
827 514
966 871
548 461
809 873
451 947
649 711
799 854
413 510
815 752
135 961
271 13
995 534
307 891
405 49
132 595
536 489
183 184
823 902
830 373
391 474
107 497
839 363
135 814
662 289
747 812
267 812
505 369
957 434
457 850
758 83
607 703
607 886
600 961
452 1
214 461
251 315
733 996
376 233
211 287
995 366
745 307
427 451
577 969
566 329
837 484
557 186
269 23
369 212
835 177
797 506
352 491
281 536
723 892
686 261
172 419
747 176
704 983
327 230
536 775
845 712
982 609
151 193
671 373
163 901
267 916
411 487
897 155
619 806
989 909
203 816
490 241
643 642
775 637
352 677
83 993
313 932
77 834
146 513
223 641
237 695
450 883
71 425
611 249
749 447
482 803
803 710
189 65
927 637
151 838
185 282
931 510
696 569
711 883
969 14
496 609
109 864
45 68
831 515
849 449
191 811
933 121
191 36
296 277
527 101
779 977
505 481
347 816
899 26
