4
166
8
18
60
46
2
4
270
12
92
8
12
236
146
72
12
270
204
40
2
111
4
8
72
330
105
8
4
420
60
50
43
140
882
87
32
164
6
852
5
96
28
233
400
132
101
56
6
30
30
233
233
12
21
2
300
300
33
63
60
8
49
906
36
44
17
172
130
30
130
14
87
6
69
72
150
352
35
11
60
27
366
369
58
56
39
16
10
250
54
162
5
58
140
10
55
18
148
34
135
4
4
180
37
70
23
55
80
180
8
9
146
180
165
40
41
128
28
30
42
172
1
13
84
1
4
2
87
375
660
34
196
464
9
329
39
112
250
22
176
33
215
58
12
50
1
207
18
108
15
52
30
10
12
12
156
140
260
8
106
205
20
546
191
33
100
56
4
60
2
45
20
396
110
163
73
189
4
10
60
6
38
442
23
80
16
44
12
348
886
100
468
105
290
7
130
209
858
288
12
36
330
330
108
183
6
42
230
281
12
14
70
156
12
9
210
84
6
140
37
23
11
250
72
42
473
6
456
138
46
26
952
302
233
36
21
272
96
360
2
30
27
23
29
9
5
74
9
6
100
26
718
220
838
28
4
390
12
2
162
18
15
371
156
21
72
262
74
252
292
16
150
228
1
26
15
14
254
66
60
442
88
56
2
10
20
12
443
19
166
128
148
136
80
9
138
396
162
105
312
138
356
48
70
6
110
196
28
886
812
58
36
162
13
838
130
214
268
20
174
56
47
388
60
27
230
10
42
69
35
990
6
1
4
239
8
70
60
346
16
33
20
342
33
45
520
172
726
946
60
166
156
92
14
10
219
768
12
102
33
360
270
372
20
15
76
28
880
6
40
3
12
15
21
2
100
82
102
112
32
250
194
50
104
138
139
33
49
116
33
178
26
72
80
309
486
9
700
6
198
52
108
6
400
139
2
462
22
16
97
36
44
14
414
252
158
72
21
52
36
14
42
25
72
296
21
488
66
4
104
29
108
24
155
26
502
33
6
284
12
18
116
44
100
8
16
16
6
18
342
838
22
92
102
443
292
14
345
131
88
10
359
30
46
358
112
238
52
20
36
8
455
10
13
70
56
336
44
285
220
135
82
30
10
28
194
52
36
46
132
42
250
135
166
359
358
72
57
66
430
102
18
12
89
24
22
612
10
40
546
60
520
359
162
102
66
910
16
52
1
10
10
22
12
7
18
6
44
16
163
2
82
32
411
9
72
80
4
4
44
99
4
113
40
30
135
6
60
28
382
406
18
12
18
13
2
215
90
18
30
100
592
672
184
448
12
239
65
12
132
110
12
22
6
28
22
276
132
6
66
371
30
640
132
272
18
166
131
354
72
86
239
12
14
60
336
162
116
856
156
43
144
24
17
80
53
60
70
6
18
70
30
2
408
70
39
10
592
147
862
84
72
42
138
14
205
18
115
6
36
37
66
6
2
642
396
204
18
2
12
462
110
12
20
70
14
36
252
130
210
1
16
35
58
22
16
209
4
20
341
54
112
180
18
116
486
58
6
10
172
30
12
5
20
203
60
14
138
18
60
162
46
204
522
235
22
15
852
106
22
42
8
106
78
95
382
36
228
53
54
52
76
162
16
42
48
26
179
5
12
5
293
26
126
9
478
22
30
80
36
8
17
1
906
60
171
166
83
180
55
95
135
460
42
22
442
324
174
58
4
210
75
30
36
52
1
24
178
16
52
46
4
6
54
443
66
110
112
40
48
29
26
158
880
166
18
60
80
408
15
162
41
230
70
442
220
272
420
7
330
128
430
348
90
23
42
16
48
6
996
60
120
26
120
95
18
8
25
90
10
172
7
2
136
243
14
40
10
238
42
122
1
18
3
82
46
112
156
276
4
14
88
83
70
226
332
230
400
31
100
126
40
65
6
12
6
10
910
24
14
568
50
330
268
20
78
18
20
708
886
24
1
56
42
72
30
18
102
165
27
74
191
22
336
20
110
210
30
2
5
99
6
690
880
245
29
21
36
14
78
37
84
14
232
113
210
2
8
1
130
2
256
66
230
8
946
26
60
16
46
930
12
22
18
14
4
162
2
40
62
78
105
110
180
34
42
14
40
30
8
41
36
221
930
1
460
2
41
232
40
30
306
40
6
46
11
2
11
52
29
110
490
66
74
84
209
4
982
44
15
22
21
32
62
208
228
486
20
4
50
4
8
1
84
169
30
232
46
18
640
276
882
80
82
74
360
140
12
42
209
46
4
284
441
6
28
8
16
51
56
15
55
6
23
50
488
36
16
12
