1000
1815876710 675789223
1748216327 1734115485
200680441 753695785
1437709289 892976498
649000669 1331179839
727570493 1104192161
174027548 442204669
1658066724 670009817
1280978055 567458659
24827915 1064252481
522540350 1216502163
96250399 761939887
1014816220 1664020169
921268237 426192894
444865784 1852303995
902563808 962945209
864087817 742334769
85416067 1875263325
450138106 1399729185
585340221 1843362113
85531523 389022765
13763191 956601162
662492357 835754012
1592162879 1516599193
183896629 559137121
389978514 663324125
736332987 17215460
943045253 656624838
1361502231 1397196794
20518603 998623648
597919966 1068743063
545688533 957386851
571718609 1090956288
561586843 871144054
1451623292 104720653
1514396820 706924441
286246219 1925855168
444959632 625883903
1519867928 913148371
1265222018 812255251
1508529769 1686462679
94958359 1816727515
1212473891 1017715087
1396083838 1526285065
277093072 1465834401
1245520428 1189951855
1023858191 418215154
1683829379 1519922063
488899091 48736853
1282064765 368026826
1310092979 1606672109
1767910444 818167467
1161068995 1769205103
763908035 554205726
530736783 1988618783
1613861011 1111626014
932507811 855158768
1816428921 1445515120
246764647 928416468
1447828372 1548745295
1009341724 778441287
533172673 1093342695
848597527 977192058
267307337 1807158284
593289101 127648423
1759837753 322276896
1337624484 1744874921
1848584872 1500179497
1467626519 515473105
460066378 1495735329
867943470 905018893
643804874 427540271
238633250 606665711
297612838 1790564265
1620893989 426412781
1309932625 1397590336
1129902532 840607777
1005113507 858977646
62464481 1148639180
230100997 158532511
1956492461 534329570
1128390165 1006248007
1556225114 831960225
336000593 1429044160
1212812795 1054606643
249946593 115739009
286474584 1250255447
1201265805 698405372
1041748953 1404335890
1489111624 944834447
492842937 1594417795
907383283 1989550920
867153245 1818881298
627089403 227358121
1584755108 750961149
286037801 531252494
75892603 1815858294
1955357937 1409479546
1341728739 359008240
1049377106 794208761
1201362037 499307642
155001242 1392735611
887918363 1911955461
640745502 1179858647
503682677 65233697
1216882162 1630431093
1357184345 1213743659
371283160 647259697
1186166303 106780901
92223799 1514298462
222214353 812208955
564510881 854698699
731361482 88224093
1847107549 1668841772
1961817204 1390668835
1832662159 1479472647
1170794041 556829792
1923218968 982899831
1693734543 517672195
1715983914 345657689
233268184 1986913709
1936718594 1077783845
1335751160 1095726349
319328337 27410339
117967495 1069441543
318591265 1614774391
1704023761 455776042
198728141 1307601953
1836304325 1132784738
1778828773 1839710044
22752035 1016263384
795713351 18731594
1847942887 489512874
1920812892 1439807675
486398189 1542251918
1361995483 970909041
1475908426 695413077
346312005 1640310808
1270257866 883401857
996455861 983823446
1454001634 649933071
1975266241 1232777497
374023363 1065958235
1189012661 735742704
815531811 1895417333
153927614 162734783
1905393417 43399922
14626191 400235296
763122839 1298188713
16123622 1991225511
742922993 1906124342
1490838896 632397703
1584348398 854249195
626972 1203647229
45892417 630451662
1936043867 105283763
249162256 1951225651
206136779 1194244537
24973356 835397321
86228783 1305180223
1961782727 58886498
708980829 1518285673
1100793868 1650225325
1746362227 1600408268
633044551 527643464
1023209107 1125602546
1540414154 932604963
1615004063 772083931
860089987 684301703
1731568781 1707306188
845526993 73094908
1690942149 800225746
550357490 1393378491
1073849741 865574140
1964445255 1072330184
1735099636 895163979
397979335 1134074104
390481811 443466965
441950740 444808519
1840522336 1861503145
114372023 651163347
934711439 733013344
1766527091 367441654
240620213 1462240769
1703898465 1417893176
630654028 640624741
1512628678 1672047567
629405961 1835722211
1156158815 81251557
689743801 262337359
900054416 178974377
1027671191 1710221809
969844622 1933406917
1628366304 1635619765
1448343766 1563508825
1127428347 1801160650
149410271 1731034387
1742833904 923565199
842525571 992461408
1335771080 1952633699
736810679 1138786453
1859010753 1986706904
201567351 1478399309
648931127 1734065522
1288991505 1487043797
1707105125 1074948962
40319333 533369189
1556834053 535051966
300141361 990666771
465430876 1043550219
1871158679 273880345
425861727 1640376080
989509227 710603248
1413793787 1142778650
925254571 1658077861
572301211 774502986
1238482337 707084860
731680424 1914985577
1154947947 1769269847
704466096 805872071
533851140 1592311501
1436601855 63493777
570879766 1583952033
1120467321 6835084
1062127087 1153080020
629845854 850326913
997203673 1238530801
1072717175 844115699
396996287 273262854
547399997 486599209
1399342869 814216639
1988112403 1571946698
1545431212 857509069
955145097 1680159280
1146243224 694545413
492191561 1329897042
792143813 101724220
1827894911 1478425938
160694719 983527127
127303792 940268767
684901531 387596444
1340239843 297063890
1478703025 891757946
469118236 467144399
917054988 445787483
122332728 1904795749
1945641854 1215414191
1742752989 680068381
1537882895 1569121746
702826128 1067770351
1320811526 1882028515
745303516 320150095
1093260479 144710563
1326701023 147122906
1074180087 992078720
1882391815 1319463958
1345997077 1206102629
1392740861 658170267
197543451 627499457
984336574 1752992811
134042406 250569581
649569283 1148392382
516831305 1568328439
566559429 946195423
509860783 1939822550
696798041 718091124
224766001 846834573
1196890466 709560475
476308702 899959959
1169720199 1372318180
1239818320 1391560253
322506115 1162453657
1439591589 1717045156
1962203877 611004649
1935424511 912867713
1171163403 1116576358
1727912863 1038887296
178168441 1253878300
824643625 654332493
32470832 1253165423
497454207 28079876
1797912029 412319430
1693822361 537679866
353443921 943649233
1230527355 1294637083
91560315 512853676
1295510967 912878768
72731316 679989631
1846304485 214952588
303247407 1696575362
292760590 1705295063
247908243 30064895
365415089 1407788325
1193041749 1292779393
1996348373 1710462701
1547905244 294575859
1853943079 1984670358
1583980388 233799513
1266994315 1646200534
775266874 442938557
1825185472 1285930175
909223662 304081235
1809843653 1885226691
964888051 1608918763
218552571 1961526992
1477793558 351536691
81717321 907407383
1919956120 163188433
1819640681 453367376
327496773 1085275229
1884253164 475781291
180751884 729376411
357198113 1933167070
1643512957 1834505549
1906110956 732424001
1087285922 1773034599
1283941317 560246533
577659047 1147484076
1633895605 472296707
1057159589 382377037
1037882364 434604835
991924497 1601388971
386247733 421768438
342411834 1828719647
1353776831 843966119
1574555195 1231542214
232228011 1594924034
1028288108 366547617
566987197 1054407707
973561928 1385166055
1774760098 1965067529
503393915 1020396921
1272230793 1738806857
1781194159 1613396800
1561458323 1854463277
1747483863 97032614
1421454929 1046891935
1480126229 1520293229
1150821146 1837538841
331992021 361838194
691328543 1165065294
191607714 364904453
1498488142 340284919
1306775669 1962306409
1138592223 154697102
516780553 93309856
116496707 1171429259
1925628997 343126843
1681967421 109178033
887543049 340468391
968632757 515930735
661696141 1373760824
874187259 393760898
1561936117 1622330501
716555437 1216067821
94377994 325726333
825759031 1971990783
1757062043 19730376
1710912825 1728663587
963570953 1928194033
1073584615 1526043556
1230814471 46420602
1704257646 1369440221
865650231 957085858
1238515445 127643944
817739482 428491827
1571300250 1974078209
647587794 1542729101
637939421 503612507
651860894 887146673
312273590 1543660819
1580493355 10106612
405121137 209354792
1385938471 1718558734
91469897 1901090077
115328923 319241073
1224187427 805422642
1696564 1031040965
1625125721 1970905891
891123125 305244132
273099976 94285235
862797717 1243447871
1628525617 1300994786
227630690 1873414803
1678966746 1243315163
1494153577 406967376
1463303554 778709469
1416455365 1516940407
819297241 1523799898
1080554455 1403694238
480638724 310303375
1158426997 567857364
826620492 198571559
1281657671 95849542
268093675 1461765414
904140397 1457097934
2295508 565062427
1917593513 1806429157
1151586441 232280584
1579111818 1771029335
1518300682 1522136215
550444093 1620561776
1917597119 922962176
1274406664 851094199
1770204664 1839098419
1796491440 1187118643
561109810 1354649591
1213976875 687366272
696964309 1734876053
252027041 655630543
680804603 1412013200
1829143204 1697358221
635214923 1245355787
964633527 931806001
732726604 1001103905
1988116932 389909095
1767971067 74939164
1198070586 760618225
1043833175 1842106848
1719932413 222357423
333695057 1408528953
1847049240 1734239497
1233936554 1930232855
1083356811 362679184
1619879369 1580381876
1618869427 324339287
1136099695 1285531936
43206379 1886084423
1220435004 1349938369
1881082796 242255849
1780354799 17973773
862440764 1976802383
369421434 935743451
490903228 1497264109
664137463 913542742
843053333 1346694113
70334043 1972926754
34723772 514207413
1003261869 13382324
981654701 211106535
384652619 585463488
1694412331 20870672
731517655 1503620103
552569243 800562106
1955751131 347454595
1808179695 943788782
293662406 371228969
1776910259 684244762
1324389739 580203181
1561430384 1867355461
404211491 165838950
501741236 1372922789
598292836 8616151
629049047 508736670
1397475301 1408444682
20409965 1536330516
194035718 694039665
968192108 1155598823
505964689 673933997
1686520713 1125915058
404356891 1217136587
1364119163 1329986994
1981855060 1837120003
785435619 1564371898
1791694033 1318196243
754247865 168423298
777466225 715396999
940841888 891270381
118541105 1415673488
848042084 1078725257
1373318525 902055712
481851253 1953068038
1613955772 1320796285
650972413 65272313
1257811834 403342683
474599543 1945455788
1651803319 731062747
605064131 929963841
1964843634 677882137
1593177733 839544359
192409967 1136917418
1977659363 1782507292
1384570232 468200291
1779204077 445967339
44099839 141935445
1902269675 1813917394
1393285289 1899511386
564012571 773461574
1515409678 979240497
524346101 598275307
865800512 58032369
209157217 703306521
1618097998 367429421
306299060 151824973
749283218 1644707869
232393489 1833788675
372517475 1614049897
1169727968 117845901
1621749299 1660282703
1183069209 94388081
44567751 1455067394
274590410 1647687159
289978578 1447416391
1720938067 1118511927
1293498149 412376198
321942670 117892403
1336788362 1536294365
1788944501 363990399
615903205 1132344632
167960807 1858994755
1463336074 75740227
281804493 1632384509
1862230875 1791590813
716281342 663338337
1787259262 1925993313
620234874 642791525
1899278495 1572184749
552005151 1441037521
58946950 67039279
1079776010 1210393301
1151080935 102946157
929473082 727004087
1771924895 33030684
1400280363 1062666920
1455538427 1203288578
1937601532 1935522509
1155658404 1971287981
966810024 1049548523
1174220669 1742420532
1945789545 136716722
1786624661 302318508
391659269 166785283
1477328443 1344859591
1047519323 1593710954
502923094 862076109
1842752809 12221807
1368224135 1843034248
105578478 1237088311
1983634027 1376731083
452428811 1267213854
1319724812 401758177
1911250297 1264629814
212093963 1392486017
1674379631 922582186
1544590623 1668639511
102497159 1801604072
664881254 762871129
1652988676 1554150147
1250513042 1214754941
1357812357 1724950855
295426263 1375349615
1391479997 115064259
1731904775 1600714393
1298995166 1761584289
1944201354 1158830969
212347949 1438463325
1867368497 1688395971
1970200087 586886237
1191472392 1238056175
1064150033 126341693
1494357073 254257961
1924652211 1029860734
57293873 1172898651
1288019189 1147236662
1900193233 894000192
1306739054 1569344397
29054441 952493030
1317521803 955734627
866927139 677235515
616369871 530654105
199995281 778148091
627752885 882781147
1339980751 1160654561
855405150 1078187473
570255841 1487191338
1833422507 870395457
1567940612 694401753
1112607929 1253265395
1963598517 955401493
532271362 978888493
1131829707 1380702467
1235826377 1961180351
1030653284 880568891
1814893198 351600003
1177505861 579600222
1184779143 249037036
733508857 1522716027
524339391 1254439145
1060607029 1451150254
1497080118 1533014993
886710587 1388983856
859795275 81267364
441449359 1085511082
182164888 473601173
872093357 1493172699
311587448 561395969
767285464 407935821
146516675 137799511
90269918 1403714205
1314365838 316474099
349002539 63181537
203850247 351871680
1941235516 1522018459
349428577 1312300027
1459966153 1788001008
609227261 1107368652
1972463605 872638801
1248580636 483272385
1669492411 675815006
202446094 1484656551
477926431 294546311
1861027250 655762617
1353162961 1500229382
270093495 371164433
1192224275 718804071
178704847 1814168205
644028871 979823960
443920014 1357640441
1529465503 1433692571
552340935 451386403
1107854349 681344143
1472814585 727834097
1742637821 827344916
197302340 1490650373
351649791 227687207
1623323641 361020445
178508447 187995758
431338485 138090983
871626765 1271112803
1651666327 1626694977
1079428232 1539086903
1522161359 1909144704
291636108 1500204563
1608359977 1506785559
1340071651 1949646083
1512376931 759925702
1319819285 473451957
251233010 106433081
1084178542 89939957
1440827379 1446587870
189928448 1097510389
1435516378 830274123
1191848175 591194519
1030363231 835567980
1830632519 572598835
1083983907 560681734
1757719523 855626448
1770957467 1315374499
1837920666 193481477
1300841054 1790446465
1906690359 785122981
901409159 1945873645
217727833 134856213
181969306 577473835
1681823920 32063839
1832789533 1043248019
1224905153 1239210366
1484393939 918934008
749601566 1670713685
1773759485 337884639
904913357 1157604899
97560085 35919553
1177895959 434012301
1819055107 233434233
1911220785 637372709
863246416 1770083309
1891120411 623016757
1787763433 748109221
1695736439 1433414940
781877874 21988961
1821543857 1889368876
319352947 1341996686
1551034033 1024492984
1523568313 1596285677
1341121769 979850977
686297551 22375212
1560691265 1175761501
1283707292 346437661
990705635 695204648
1433352481 734300478
1226880344 1092940569
519117076 985209913
864285295 1167682536
1045486633 1089677964
7788026 1996991945
1650150151 1117233759
686328781 983161435
356103734 519717479
1909081352 1599443091
1300839786 1872709409
373582544 1228941545
864507611 537425518
405875029 1154661759
1189631863 1494457624
982461379 607061596
134248663 710219296
1968654703 447034497
366361050 58205549
1704652714 1846589749
466676726 1819049193
1650810701 1449654839
985427749 470310268
1579378249 332295063
354962154 184498511
1747729427 984180680
445582633 1353218816
754661839 1273168878
1683204683 1620068846
768585531 452128165
317313293 89278261
105698657 1013049071
1491167464 1710255745
1467923783 1507038303
1560272011 628820737
729460717 58786979
786003701 1079994016
288944283 501709226
13876964 315749739
137071591 842470103
720820346 832956685
50626184 1245341617
1968868336 455062469
999457630 1009918723
1803187071 1492842314
463492421 29257797
1454418202 459564227
180981963 1865766853
1745476533 385890185
1678161567 290302505
1166298713 1702714378
656242130 1352569683
240658423 252844150
1586401616 1805120067
312176584 1313436393
32703439 1648549295
148928800 1216208093
1036285163 836334470
134040561 1368029077
545244487 209962807
59224118 402763735
804747568 335549205
1987615119 316224854
524831036 702104465
1960506665 1980623924
1951318469 1072427825
417780897 1954127513
558144455 920298012
447333585 176889673
1286387577 852313037
370883321 930149202
251743717 936292922
536063315 1198882783
1756418984 224352813
1283833312 1403821425
149963697 1240275110
1052957547 1275782219
1101395677 1141531042
1223619947 1361794886
1847534393 467661204
477572991 70528835
974425691 279093755
1437399893 578477327
1322384196 904651519
579782849 1853824986
681260275 1148167822
306272623 27078770
347561589 1817415586
1676875121 1925188334
324635889 1699342423
239333993 1767442022
754184 169882633
1228013907 703638785
808434421 1091666796
1097779476 737383535
1967966273 1368615691
963548912 1213896429
939378306 777907919
1800187507 731443342
1054957456 1142252689
1245151001 1339078235
1235944261 1489577085
222574363 420597492
956965826 1590688117
1194632647 1981250482
1258568720 223159159
73737600 1410754741
630132479 18654573
1743529903 480212804
1955692161 1352941141
1469237081 172357710
1504423652 572415499
1664679729 1108377122
748521024 1862034571
342166563 1012593491
1362952086 1815432349
753639436 1036972575
57386449 1870599986
707699139 1250565122
1271842814 592381005
718407351 63600553
1245108387 1700411896
1285238577 1827171488
966953731 591951750
999697385 668929512
674726556 867096451
279890863 1860068869
1873329110 989726783
1465175897 984341717
1766171497 1338571304
583789360 105440493
124797162 120819673
870935236 1079007195
393133457 969309479
1659715211 1029076155
289397853 1893257821
1502793099 1391301100
1239996975 1004792884
959003165 809033186
1262158633 795537423
1553578903 480892895
423673304 100291511
907644681 1838993423
1875062245 2648041
1378574072 389799735
1391537429 1211003881
755651777 380185880
835901879 415735188
1287378905 1171800809
777325885 43553376
1068210299 701323310
1362097523 677874007
1473066791 1239359432
1649694803 539286941
349192841 1841323608
1306501475 113503048
1779961230 1629569689
1370931334 1581565193
267317987 333239059
186651910 1097351699
1773781283 358421437
115988540 249903443
391583079 1510464583
808869037 1447182465
160216077 622586140
781662927 1808503091
743160058 1123430383
639243781 830830083
1519060119 405829985
810217619 1106754796
949581035 465769504
522049491 384241333
554839187 288667502
1317740195 1131412213
1740927555 251309449
1674827793 1494919322
1033940379 1643606462
947186591 1369099640
612468533 431109659
1833070089 1166719961
666003641 881573847
1733709748 599267841
1139053723 923660872
1759603466 1225764817
1567108994 80729023
364442204 121121305
1708516375 502507308
920832277 989584581
812338178 1942263983
909786113 776850034
252432336 1771474031
1110350587 688215266
1480633616 1157493423
1670466449 215236814
205650721 1487504446
743729073 925325918
1144160408 1681275077
9795977 1710861178
98972613 1887489862
1124574117 1072134202
1710573517 427871290
898024090 30223961
1495022426 1373359877
509171855 939381883
118841340 1607782837
1489717144 1746053107
1894189363 1237318383
1171948369 730874242
296201599 1709111636
1550047655 1762550631
1898127559 1293183128
1725845096 323221555
889862563 1023940102
1118316937 551385009
520816286 38014737
1487073781 1186278222
1643240437 1507395981
1071774391 1156123110
1966762273 710947717
189355619 441001188
1301960533 1031974972
1333462090 1326502931
1029920703 1385468845
394967867 1968596866
16400743 219564349
1061081207 1097819065
438039373 1680663215
1786795207 588803585
1994907467 525825946
1906158471 1838505787
1257061445 319193117
1575942875 875562449
1080256362 930146437
277750820 382024261
338937951 158254454
77902967 493204827
753646797 1441572983
1526656030 1131308351
1210878459 1253233181
400714209 1083977444
1298285518 1998550341
1051560863 509791236
1273091651 850062661
1296546621 663409381
259075201 1955596446
130616843 518867276
1601431967 285482686
1953829444 93904745
721425895 420123689
813535198 1411229231
1434773168 22334867
1056975862 1137127173
1716854900 1174112499
1389751921 1173611924
1395679538 248694619
1545445363 1181061207
1004906523 644538607
524728091 324575980
95327576 1474239105
408507469 1239341486
1445885513 692181746
784762505 1057146583
1604316680 767442443
1131725722 644378719
1120647022 1586962727
483348995 401761301
931550793 1038033839
89688346 176618065
1629345791 284903391
1426798085 1850403419
753233763 1992230356
1068620727 426528379
1701848892 1089135371
672781703 739127231
955290094 989255895
1645880437 1694683768
696185501 476271517
681914700 1995488413
456611003 1277737449
1695431829 789885277
717420867 231982447
1245347677 1217369207
393434013 1727436239
1948001583 1403464052
1094239207 778252904
304696276 1114200283
892898365 1521446053
1627519459 623634333
268117048 1070948717
1254965981 1826211095
1957091234 1162527185
1230166118 1295847279
1048574248 451755509
560025259 296263561
138618709 1082156143
1129912954 1147787899
1529673775 916388002
795181883 578412674
508517055 147471283
896854087 1038904987
1009318195 1699231158
1893661501 1407927327
1707412016 1712746395
1245065304 738038423
1997940809 895036808
67619993 972301268
164203549 1067581762
1987135395 1115040077
1531464146 1914902893
1810574477 620560550
1334755469 1889389599
452660895 503487854
289111829 55440779
1547322718 1604223099
531750537 1461000038
1973049121 1903772190
1939702063 1280965592
707130353 1068883782
51254163 862062620
221948807 1409906400
1838218743 27209627
