1000
1537981132 247501483
1968436435 1077460877
628962986 734557909
1154662685 1179999773
1825726115 1330793507
738201869 1892308391
922080247 1120334414
543392824 626817161
1817077718 1130444841
542418956 1085735435
889994403 933451072
802001188 904049741
691261627 998287
896608689 1989670394
419210238 1531498529
1766462580 1333790809
1272586204 1539605783
1526086403 1685771225
1931771746 730685417
1050157750 393353369
836463315 1799353277
1449354900 942867847
1177096097 1513198552
1098961766 1531432485
675695257 1789746185
187404870 1517363111
1470220043 1739542887
1137080368 1228348373
1351280477 1500772737
1144545739 1997486116
1993387339 1219675678
431311781 725450602
137992203 246663322
437596009 1268172685
478385363 662387702
1229939557 1505822169
467602706 176232975
637341877 1637777387
1448258417 121819504
335719314 1464075785
1854395389 927680269
337681721 1166839272
923939385 1952078218
1015152297 726591884
1703760368 1432856957
1715690596 1367293379
883068245 1206415168
415670776 1896257855
1691037658 1562297197
50602747 927342315
90310945 1731682033
1978960113 1196123231
198450633 930709351
1188687511 113519922
849409251 1247421430
329435219 932976323
654199264 1268664349
1642925120 1797716739
898580692 824162359
1516166275 145480813
1640340473 1751223852
946974197 714666525
563325938 126204457
136324748 609771347
1432947059 1091680640
476537422 424077545
1788954140 1046005141
737006754 1500280151
12673573 1702876833
1939562768 1297631589
1715006933 481424804
1596449647 70131155
808862597 416089671
420320313 606360869
1286080723 172903122
1558705399 915662425
547732678 901494377
77489717 1349480495
402578134 827432177
1906101011 329230805
1737239287 1308480340
1289806803 1279422355
1184137791 1455836150
1313516476 479576981
1788269527 1431587710
1783279375 694192477
297761879 1425727339
1800936226 427839699
582135275 1045491254
1716931189 168679652
760213247 985510293
1229723019 1458030529
1020956347 1585536007
381750896 684844065
589492071 374247590
534480521 1018753486
1499058345 50596174
439919797 390146397
412147597 1346709401
195287407 430110109
1197100834 1983811685
322009725 1475542174
1367582631 1929036131
1038122198 568470421
645517154 552718045
1242264494 33360915
1463900213 1079845362
1698995774 31875357
1679579874 1972973195
1229652475 84262361
360191179 1631485402
945389945 1058257411
1625766707 1800952031
1801613191 1052882156
1145722057 77393348
1141941767 1871519099
1408367413 1525787701
642126281 1594986356
279855319 1527669834
725526910 326045701
935771309 158279466
37904084 1879239093
1476498909 386617120
999813802 1953291567
712911743 352182722
11539659 1106421682
531043918 1152594059
1175631221 1084958409
477830167 749625694
661982262 583005479
712839047 937874625
1303225309 463104770
515746141 1809144436
1278622177 442092242
1251404228 1391799813
403721346 1827771823
959044948 212947585
1366160735 79570313
191049433 773883764
1947862874 189268381
1627501313 932631687
1720827787 1503776584
385074505 1007119956
907851454 1874493519
1725814310 455109247
1277456741 903357518
236698487 1819352402
782830359 1374359470
998575635 1149674084
850617961 289410242
644083045 133839037
483965189 744142542
742222633 486615581
1821695589 1406267932
1282733831 1863527413
47991116 306269077
852545885 925899097
1137700084 425165023
1458964567 1906932894
674956316 447868889
1814662576 1938447755
696001455 489065437
842016701 281341282
229903067 1624656306
1074406347 469732265
291685391 1943924565
1819000025 1439273668
1415462206 397454647
755679697 896226347
1044632705 820379408
1952226322 378669921
1367849216 837223729
1960111652 297735501
1683545109 1712635507
529349806 901267457
1177981516 114106823
1779774102 1092049693
63075629 577015952
1366263037 1540599609
888307907 838101807
1941564514 872223421
672400004 1485828007
619690117 711815309
628075331 758078475
758417029 1673590935
1156112584 657385505
39466536 463692337
1173990962 1688451611
528473671 904898057
294045937 561647475
1649397085 1818309032
1323084395 1702395451
26656943 1289365509
552704079 165884884
762887243 1140582826
693715897 617444012
189595762 920437501
1403804284 922541885
220810909 700542598
1697467771 1879812271
706580191 1682036038
1080031649 1470162478
1047850752 1736640289
905028741 237850367
1160082854 1602178031
114338845 1150524491
1960709856 1269725659
753758278 97729027
8906156 1921702095
212010405 884574821
1164878687 90891051
557449711 1156250372
565526309 351601776
178489881 1212851981
1853407196 645081159
861372033 122408900
1090707953 1027795084
498883799 1326962700
303827014 1605074747
1884940199 1926639462
29580271 1978308412
1652212483 113790451
1334390058 1183787429
1677112783 1520828663
165332923 1773376770
1541316997 1825030480
646727755 1144122639
1617415877 307758105
66054270 1818032147
895543949 907523474
529493953 338598558
601673594 1629164261
81053945 1402070311
591496445 1125250456
101776666 664806191
1413690658 571913013
1122850255 1646996076
1033722982 492753573
839619446 945624909
36705131 492789740
15128367 138502372
959214089 965433668
988117490 1085760913
1453224255 496930811
1990047543 791804578
850424689 1571760426
1491572247 731375041
27809147 1209925573
848995958 627112331
1173898335 1426830322
354815889 292046600
1255379642 1453025551
968492505 1929565262
1022210222 1217986053
650667979 353213179
895455121 1633498566
84625924 1490612113
1192389597 1573055279
711561464 1404574949
925011523 279544092
1160576319 1286027959
1777483571 553012018
64467481 1176087339
1808199005 1588914647
1245007295 1313872156
525965145 1508047156
1105996346 197173073
856822159 354155828
444222242 1704656813
323444702 1655702935
717900466 862477311
1864586998 292083683
1556867839 1127268755
1606436077 1538480412
626964033 19640465
1756241767 736062702
620185461 1266461564
369923171 508214976
696394934 1242748281
828743135 97389667
1149240057 520634689
228440446 767869429
544512904 1591324363
1165690001 815229538
1950823527 10411724
1140246386 125161893
1334802917 923745058
1087120651 1512352830
1840609142 1618474391
1329323487 1364175119
382412221 278138782
1168252386 1490233889
787026728 1490004745
1318745467 706150868
221881687 939388218
687109571 1047167653
1392218444 631121989
33616009 1737722829
492940459 1064145435
1012501483 104097762
625380678 483669949
1187667199 765984896
1495496358 1810748203
252839235 1268974433
1423097731 1781896918
51789181 345393545
1985383117 1258348947
1630203284 357309373
42902366 45981189
430249683 420249310
889726943 1870447076
969233279 1090858588
1835820647 1441721382
1335232950 1731514511
213571096 1876829123
395950603 1696976103
1131862562 752933491
1335348784 798952125
1471020243 1375989484
1475271995 1707758258
580276377 306243182
1214348207 1515768371
3701681 473623144
636914009 1294356247
144479239 713217296
400361459 782296118
716023190 531806619
1128276460 1015873061
1423180730 1416531493
413193169 1815890871
648829600 1564379551
1530792356 199815135
1415182338 586791839
1217776167 434228729
888986365 1603130788
368119925 305113134
1740848090 1721107919
918402669 1854109912
161976257 969655161
553941917 1821397726
1314517676 1290595393
151872551 1082352068
1985218700 765957983
1581069922 1836566423
281506388 1468441407
412883427 553590715
66518144 509246291
1426615055 993901682
738918017 62204868
903160724 347005237
1462233053 1863396234
1966026060 326520649
1751172315 1355051576
1191025747 1319028253
1860376693 741451057
73758083 672338704
1471730948 724213205
1245995609 1822989241
1311015251 292876852
621115045 458591044
502912966 851494497
1411187340 871442551
1768282133 955517714
417467569 566974289
332227167 687252521
1708203041 1970582150
623026867 1185976177
1328451215 122997809
620876452 1707158143
215753113 450587126
588478340 397375027
1684174298 270332491
611737163 1829359648
427141867 1746060381
440012462 316461677
633963997 676981491
1641286723 867306256
1838399535 1237592161
460146158 1619050909
1458405067 1569968565
491049904 672270697
182405568 305354021
95263703 448189224
1221499216 141664503
1980129524 1640206581
1918659955 479406076
1619087332 400661975
791409177 659449709
131152185 891610723
1758054043 277941049
110909557 1241221824
590565554 301853531
558694393 1902616838
528031171 1543262431
1349286355 1649185402
373285123 1984374387
566637322 810290477
254804489 123328871
114613879 618265577
286408291 439564945
168501081 596742697
720328774 1864481635
1113258817 1541636262
338860025 1626096687
1498763215 826970157
1474801060 644357813
1216688611 289762829
1890803025 1128611374
1660709081 244905242
1940048632 692442601
1806922349 328082946
810775867 1640566174
166155249 953043551
435812515 835400971
1598019693 1524990559
849858239 1805072100
1088567399 1652052443
1051516314 65262059
1330745066 1618315473
866742343 420113666
208665327 1868576804
332522029 418410687
1281263558 139078713
1897227737 1348586854
1676137083 733416406
1863874279 1749967469
1944981553 386857293
743611571 399648065
727202433 1399823362
997242109 456469625
281723872 1180650805
741418302 1212377423
1688456078 27042125
1799889746 785896523
539268101 1677679517
1282880465 1324159158
1893596497 1083909166
395482349 1227111451
451112077 1882213519
850857793 1740391736
584412158 787278403
1650769969 1810539754
795035441 1010643340
35010821 102708211
1423711775 283919358
1934149133 928651376
1150690591 1831673846
5909110 653094383
1134542802 953911105
205740211 1499592343
1725380860 954604199
1119988408 1281693607
421495315 1833453507
181360703 1116145012
1527879137 1986762240
314425735 1538157502
704326571 226541751
1438774597 1258087621
1484980673 956151208
1227387273 1644934330
1535527318 220261047
660592916 90765447
132108383 1385232030
353662057 1569767831
1535351956 911412201
1611453129 742904906
1186438839 1366375864
430356740 1221229527
1505299091 8972223
9796049 627196553
733351459 950839077
1760664437 352524527
1189746115 1609355067
317394481 1897603050
1305151397 227031093
706442525 224677992
1753123625 1817887098
1370333707 1522810904
347132435 673571194
1524320372 761984841
1165400627 1844638350
324019414 873198419
978398534 1882844247
340465127 1064068
1720313791 1494367642
126078739 812831930
402000729 1889528852
9171453 841314631
57547053 1875454792
234199418 1250465913
1069771505 1525703158
1739609299 1282812518
1244942808 1079154263
1329447995 387729414
1152203778 312121925
689100830 624226219
1777559671 79715070
683047734 977720285
1616687589 338662550
1804707006 117343561
792610154 1740624903
578129691 140144302
332680796 152362713
1535842592 1357220415
176413585 551494716
1368142408 314956485
816183479 712598015
504143505 1501195633
666675258 1799484641
1482120307 58840457
1344902481 1675798847
1047270877 1318210175
229661599 175795377
478609145 1511328199
866555231 120545374
230454944 23680719
1949662314 957338869
345715485 310748929
1475214551 574891085
1500807096 399418633
1942639927 1940163318
72526241 165176107
1745028271 1660973730
201865656 8826799
1665495585 652570478
1552896551 356987694
1560863719 875391521
1884793903 193320357
1222157808 185534359
1150140981 751305737
17894716 1648023561
1876365399 1477318769
1217554969 197161081
1282790458 66029265
512512103 1327030799
1408942148 1154704059
1537658361 871945229
1920319363 292267601
1643317241 1946609371
1364086733 1560010136
1761678117 431544340
1519337346 88601537
962927798 1019843729
850433554 757638757
1368556115 1966428152
740334466 887529785
1734304271 1156053977
1128806479 1278962413
1593086018 1111190465
737863377 1783733267
1198268776 615233155
1826131669 59890924
730051957 548382612
664973540 503539027
1299747599 11599104
1698072352 651183379
1854720247 245244965
1924017731 1627193806
571301820 413767757
402656051 591673646
1414953197 1655029035
336298057 518607509
1213832667 1406915737
701195067 525892888
99773099 770291555
1691923567 1749961610
1179596891 1904744565
293241803 972096492
185452739 1877555314
1036055252 560072547
1239512094 1819791023
762488813 1520553131
1385942839 1467289707
1914915276 1919924083
1506564986 922331333
1875489286 1819689363
789137576 1538031333
1047386057 1576012703
24852879 226103273
743131393 1292759775
884394637 1537684857
269899121 760905461
793823227 717966163
524969441 1547756903
174787834 1155220503
270293245 1831801879
625948503 1073943698
764356349 1713951284
1070107402 787613945
1814494137 374431403
623696773 1920617648
1797467653 376087159
575721444 1102803623
1563207838 1275528575
67559819 1015036109
1602419200 151252287
772357629 259831219
1136631071 20464484
237589026 500584903
1012406893 904311992
1506442418 1229925331
1101931864 975125409
588996067 1842948413
1019230383 397402537
1485067703 732620132
1974711309 1342403093
911077718 1271433313
1777545818 995948455
1463591825 230916173
1759324951 1583659272
1201938979 1239713911
1315923697 891082737
819745989 385291367
1010182382 1495739067
1938148090 259496119
1903111173 1469106373
460771000 345113887
1505589249 1920283682
912797980 1265469257
1275827669 1942883981
1927133164 237034815
1394646353 1803926430
1311043341 1840624244
169863289 1665078650
727507701 988608761
1170231282 513763771
97043460 567284737
1774234728 1837830479
1702981390 1746125793
1647934487 22561452
948521071 205278558
266674885 1027266016
104525020 715481067
455308252 419881939
474684472 171876189
1724515135 427128743
635042615 1763775929
1306681168 499459995
1266087703 1033478799
1236486973 1709503421
1110946021 411107826
1959494234 1241526007
759867589 1743588065
1376070461 1257533265
45562786 1422286821
1551439453 1332706248
169839311 1576145930
448360069 772299491
436856089 1418837576
944721 1017786379
1197674834 345208023
365451824 45007593
1504714951 21283723
1651689041 1905945720
767134632 1339019173
1122318186 370221649
656771333 1168463239
326512469 1324581486
559130067 650290744
1977108945 51111232
628663179 1382343224
1953947729 1604290444
1738646417 212244724
1218088607 644913118
1606103992 1324437003
200431543 792780411
898932628 782381221
1420214587 439690732
52063804 1789033083
82292035 1163013078
940200733 347087029
1325494760 320403027
1436969014 92841199
1662906033 204419093
1590823419 857011952
1588396944 1419881813
676780043 794982811
1505856888 1193861533
1096034191 162718474
351463317 826058563
1894155590 1681339717
1317085137 368890855
276329543 1674001600
64514383 1761599994
288716407 1616396301
1555418835 1254853694
804055320 998130101
1643320121 655726058
918278857 47537504
1161160170 225645017
1138943291 324095687
979894931 619331144
987019920 1463445463
712194971 212278726
1651830729 1493078606
1783137592 295129067
485205194 1700744185
1994522288 1799379533
1182213502 1776123239
1318899851 1642938526
300615504 1797751325
939291747 220347709
1330108048 970706487
1839321745 1953908173
1106482027 477221489
66840287 540095638
1767839087 1884138351
1176715777 1456990033
1061665543 151763384
323158489 1388374148
539965341 998959504
1872606216 1768102093
1343765831 1304288122
496954517 440314776
951826205 1467533849
981570693 824368982
1258670842 19540317
1294047595 162933528
502140895 1213619069
476166261 1554875443
851999505 764021842
1049734464 291870311
1575174589 1095258619
209049781 11677563
1404835133 344150735
1688513163 1635058163
1841540568 1501749223
551274484 1843788687
390713983 543607452
1717215911 1421104433
330864050 825904791
1444531975 53246264
906735265 281876334
358730067 653745289
1415694809 1091313720
1350519758 1992830099
1002865552 1354731979
1321860048 1204695235
188150073 465192460
245198823 1176541189
1267534002 348691591
24313139 544669287
200450501 457038543
1757823229 1451618669
1448235148 1059312279
1684412101 1851853348
1955228083 489115352
929288892 1512560837
1348617115 1068005911
1633898176 1546742881
570547111 1165978570
1097563763 1707674420
445970530 1241794789
1569713188 922306713
1115004201 1949839580
1660033964 1230887227
164853638 441360093
1252803089 1405773261
1074752359 1751469481
1505660663 799651930
353229208 655637171
739277191 1545892817
1676630021 304341032
1083204313 352627019
1853324278 213423433
1450695862 820317699
1056331597 1269546741
1611823534 589767963
1857401340 1784003801
754801386 1996527665
1186149857 1582752720
1922030521 1843724552
1553505389 998751000
154823321 1373808560
320811371 871376849
778301547 396954922
685927511 1469265609
772047751 759499313
451571547 1088123881
1167166305 1680653857
48705496 1816821557
796966063 545687082
568248481 278658324
1630679263 47200504
519459623 1555516601
367955374 78901969
1363501635 1915772468
217805335 823466029
192062447 1370145384
1911184705 1505123849
1833363458 531199103
108780101 559926854
1589799326 200667445
179202723 842222065
1702354651 1408562178
1400287085 818306529
1444092103 1267429403
1252209115 509887509
731226359 1923339890
677506061 781153610
573934837 1599346929
523691409 945161791
1252413853 1846488418
688487838 1496114383
1170652828 616497087
849040090 187001211
1978219239 557143256
1794963304 1767538687
428414793 1068660407
74841470 805040969
1298820399 1865773753
1369232601 853433420
459847250 715369401
1058402038 1782459501
1169626368 104777959
131541197 614100675
1068232842 319183757
398531319 38106371
1555976765 33402214
774176845 602186628
331497356 660410149
1355231687 694514418
1516269673 1107194628
28005269 1198637774
1738050031 1204397210
1705262504 931854483
1741183970 69407243
1049555663 1590313235
1157486902 290504729
238063115 1350111217
1239486759 1384924360
1828393822 1142887079
1607677861 1352978943
678332035 627101786
355041814 414614051
822223753 464840104
1343080315 1976429616
1166233565 1597524849
1042618846 1567916505
788635093 12576198
928374293 1490162686
1008464963 556995737
1955166921 1996346632
1232940361 1257322473
460614591 460975969
1442142601 1968575188
1265283968 1021534139
108323363 1199793853
494192331 294574789
1216858802 540444991
434148618 1133030321
930562776 1154610287
1216493331 837750028
1616193311 228004642
456528054 1111721303
1482782327 1879019822
1233953911 951019581
381075208 1386269423
1248608095 619621741
540500760 1695300301
789654077 1719488608
229049854 155802791
411135008 1105001959
698033059 36065925
1665548041 37230892
1331271333 557762987
1471123645 845817699
1383398346 457392401
1857931624 705463839
678058699 1160927175
362154912 510498385
1816917211 372750966
95626253 180315209
129861983 1146681306
1227721570 733244651
1818810620 271821741
139256116 1750755287
657350571 649938868
580113635 1725787923
1217398720 68344847
662388337 1732252534
123575827 1840086416
425280004 1331781079
1678735077 203176697
1921704075 38021908
1682187191 1838193472
215277123 68715404
962213293 1909154039
1418645423 530737850
1396746874 1234984117
294180505 1781264399
1605072109 1680916593
1145812929 942902759
1069150763 604930326
135299651 1340126822
1268297067 431939969
270274603 958732473
269216397 1324348672
385236959 1423612088
1917855655 192768696
1352370646 1895151993
1629330323 438340575
1849184170 503823347
336093639 709286468
275606733 1597156235
646782271 203594761
1899523810 88335681
1007622075 1238383888
1716278584 207422021
438588121 1197080073
1411591999 467593347
638835775 1048383673
1536652226 1618996483
911979323 1363277530
1783634203 285078717
1549469849 340940973
152102719 865399139
579811581 1771781176
96554837 1610759279
1616273562 441250705
1211389597 970924289
757671115 344310489
788766535 1171825219
1432980337 852841735
118390489 469101356
621999152 1435548907
284721019 211078112
751635649 1276461922
751180576 1875753145
889421743 1902949634
593857152 1374597143
1723672322 1928408737
1471152517 209070880
1716105433 335111680
487897356 57999401
715223043 511581244
1300899969 356701982
704658499 1471118858
1282616740 1245827229
531112111 1099360741
1792941497 590639631
1249648964 1884501141
325326137 1339264745
299632107 480268622
94480961 935050745
73490677 1206074185
154609246 787363541
588226819 1988176229
106909405 357462439
1492462009 1101828537
282643134 1214006647
578686327 1858977112
961109540 800944669
1219150852 26742453
961584135 1764695354
458206627 1346597739
674603491 1256579540
600152372 669618347
920014503 269384918
1782147970 459529113
1470680100 559458997
1302507173 20183897
1828480497 1601269609
1830864875 912126561
457919083 1596755911
582085950 1928819489
373383565 307616498
84446936 110131755
1312357087 209044054
899671083 279621353
683113613 1829575183
1840351376 1007909939
1609383333 1468234013
734572383 600658583
1609402539 728845937
707920562 1357942037
1670948208 1802457869
1096753711 1378726450
923369239 842275010
1198087905 63377509
1639359789 429195808
1409208277 1410905296
678522632 556029233
877950090 1860888373
1556830105 1540079804
630038075 729081277
587357334 875260523
1576559789 1538317001
11692736 1323304193
1756725793 1130961075
362813334 870956461
1686894214 313832763
77523447 1451115985
1110656873 202865202
854419118 1802209807
1107087553 1115203073
1518251242 1023773261
1287932427 574958378
145265102 1727117911
1273499393 306022458
