14
12
51
6
82
438
360
498
24
30
3
141
130
44
28
110
148
70
69
21
1
13
500
28
4
74
48
57
40
83
48
310
9
66
936
173
12
30
11
20
42
216
4
31
56
6
42
323
166
40
66
76
4
46
99
34
14
29
18
210
136
346
12
330
285
22
20
8
25
20
15
29
428
110
34
352
210
221
2
172
162
215
128
51
89
290
172
372
20
147
58
3
80
16
13
35
332
10
20
30
12
17
540
69
64
14
81
10
10
2
486
60
20
63
110
30
20
136
60
78
226
60
432
20
36
432
371
18
126
106
100
126
690
220
94
12
28
13
77
491
52
69
276
33
18
96
16
13
99
30
180
58
70
16
40
60
478
130
166
32
176
390
46
88
12
310
4
2
20
35
82
244
163
315
54
408
12
222
76
83
13
158
35
188
70
78
150
60
28
28
95
222
52
45
240
210
70
6
10
36
20
72
292
219
4
78
64
126
21
466
12
8
99
440
232
156
81
15
400
28
308
51
221
153
44
12
73
910
612
112
123
60
419
20
36
41
292
126
41
310
96
20
111
281
17
226
382
36
205
3
37
6
2
4
196
6
500
6
30
20
246
42
28
2
56
280
207
20
138
231
86
14
6
6
148
87
18
165
58
50
570
12
9
418
4
104
39
36
1
130
82
2
122
368
9
369
10
92
160
20
110
66
102
10
180
42
4
21
20
34
60
50
95
46
303
90
53
120
380
2
54
718
12
165
378
79
2
106
17
808
290
27
51
292
88
58
22
130
940
54
210
21
60
478
468
52
369
13
102
52
12
18
82
138
28
2
522
4
70
10
14
230
40
105
466
318
49
20
66
89
20
178
156
50
106
78
60
54
418
485
48
52
96
22
1
70
886
10
66
30
30
70
63
60
112
88
282
100
138
3
72
106
30
13
28
606
352
148
207
400
105
456
40
432
22
104
28
156
40
41
32
18
4
48
57
44
200
252
204
96
30
4
11
26
36
18
396
220
100
2
30
198
276
2
130
66
18
30
113
341
4
772
5
60
14
222
36
250
462
6
162
42
20
910
738
4
12
6
23
27
20
13
36
7
32
12
50
36
70
4
45
99
12
18
39
60
48
10
3
312
13
106
9
150
20
98
285
18
12
89
336
220
2
1
136
115
5
220
28
3
6
179
99
92
321
102
6
11
276
12
268
20
30
30
358
132
438
2
4
20
35
135
238
12
996
1
9
54
630
20
22
274
294
276
79
6
58
6
20
84
742
396
48
10
69
66
56
73
352
68
115
126
35
10
39
29
72
10
7
36
36
135
106
5
131
192
140
81
72
292
198
750
12
21
130
42
40
12
886
2
66
318
502
191
50
562
195
250
42
70
150
131
44
54
98
396
202
3
54
8
102
250
5
3
12
586
388
1
358
63
282
192
2
262
69
33
826
20
24
44
210
22
410
150
25
119
140
16
45
253
68
97
110
108
90
30
12
6
4
46
15
9
760
4
21
6
110
2
34
80
82
982
70
102
316
336
936
20
69
42
84
33
10
10
180
24
10
32
8
430
14
120
22
18
12
153
138
4
24
6
22
21
60
52
12
810
84
16
6
20
42
42
90
488
6
48
946
12
39
8
7
368
112
30
42
18
4
232
34
162
42
171
102
300
82
207
100
42
35
249
33
2
996
66
48
6
43
102
66
586
60
131
700
28
192
302
23
65
6
19
42
116
72
108
53
238
2
69
2
72
18
29
17
682
132
5
810
88
11
16
718
156
27
18
138
141
58
12
40
20
43
24
982
41
40
21
12
110
141
17
126
5
10
148
42
26
44
718
7
132
111
18
48
18
122
508
96
20
640
18
92
115
78
24
226
180
64
36
11
10
6
198
63
74
738
106
6
165
42
100
1
24
4
2
3
42
8
96
28
51
92
127
104
66
52
238
102
172
252
264
58
30
48
359
1
8
36
24
26
12
1
52
268
130
12
120
21
144
4
108
44
18
80
9
93
465
9
268
58
138
1
70
400
12
50
8
2
930
9
192
92
700
37
6
52
2
256
3
12
46
8
4
18
6
6
20
42
102
276
6
64
808
66
323
82
27
390
28
173
30
66
284
642
658
12
18
120
369
586
36
3
132
6
95
12
106
39
20
2
168
598
12
70
278
84
21
16
91
58
140
1
29
14
2
822
28
498
473
292
390
144
6
40
7
189
18
102
4
63
6
612
276
282
110
81
52
640
281
930
262
119
22
5
78
92
18
131
36
462
44
132
388
22
90
4
156
9
306
245
282
