1000
715804459 503889673
1135152624 740469083
1805666335 925711519
357762851 842777712
39645783 1963071137
428752195 934075567
1325740432 1647356251
923180529 583146997
1810862197 163826990
1297886673 508821049
1417509786 916612135
1143574231 914448510
1938784163 935828434
225436757 1143701421
1033397973 1722126932
1515895123 1247647268
1557032693 1437085356
1924216861 1691439276
1118108546 948767419
884076125 1496372592
1243594189 1055911521
67933205 393623413
1884480832 326715447
1505957258 967618411
1751092065 813724454
122661818 679157713
902165611 1179591190
1248375693 53820017
1828309679 776643599
1717393284 1774804169
366787579 1200209521
56683389 792657020
1978104181 1922190520
1804738725 91573256
1147395599 1610558108
36872448 1582554091
1347246501 1460686742
1766040685 737410993
923405096 1357459683
1759231599 1760013944
521439003 213919031
1949927706 983822083
348814973 1793843273
569827147 900822250
650477933 359748467
1465491211 696522588
1268887704 1162580917
1508082337 896062508
1370639167 1329795508
43923093 828946079
1510637507 1754331957
975766811 951316077
282905012 1432080909
1056446616 1619118127
901050165 1162179583
1089427006 1104907703
1258950734 1198151943
1652678780 1427062953
786737940 1623892781
303750534 1120684127
1564762619 412373078
796161171 180418898
1020924751 1523201440
1257138548 1171668577
678395938 1809139239
844008779 1666221384
1474326595 681525382
1991247076 1718008925
1246848879 36595144
766895841 1488730340
779730512 618102437
810451631 162590913
883111819 766044592
408899178 834985453
1135274816 635760987
1279383505 45835911
123896574 241326461
345928678 662124833
972315933 1978339561
581750217 676935967
1509598719 1657336984
246477723 1824997183
1326698743 758272230
1017953250 1201915897
630042094 1601720059
1404245 298104056
789666264 460989433
406569517 1662513919
717348530 1477685777
348355863 1239846892
604545055 372010362
1892102715 635639959
1376614333 1958828237
407809355 1090873573
886079829 1225162657
989923559 455962238
1558470006 1947284129
632593789 50377983
501675365 761304738
216486223 1011411611
104309759 1211808977
745626695 1361639559
940251719 905708832
827203607 7267286
285344408 624535133
1941883825 1427898244
1254313748 1564461681
1301966633 1989018646
1661829130 511842477
1180867405 1361791361
646289324 350945841
768608708 850128857
513473525 1097557579
1235448884 1738784133
671314797 652359431
1437398240 1444185717
606923038 1737647429
60159481 882957793
1649833869 881126299
1318165411 1757880169
1913211327 1402523870
1793754494 82256189
1957565087 1644531956
1564714347 31487725
1325484113 1579177170
1884295239 555213982
1141788199 313416410
122467577 857886429
16392655 730377778
1758649429 625981302
1528277736 629904419
1340624646 1196339627
1521943038 687105667
214192922 1174443149
1752033410 1202018771
1173940949 1594886033
816387980 1945807617
1139969717 521731790
1892197812 1547563385
1219675843 1626632535
939199957 645047100
1306156186 1363586037
1312885903 1556503217
384718769 1750614043
1569068077 338052160
1404256128 1588410685
309343964 972873097
297940063 1899635910
860522040 66639439
1091336277 928797220
346530872 1051594519
1422473032 750458561
1176454051 208191556
400859952 374138747
1141550695 1853854664
657334063 1748324979
390420410 455689693
587421067 1934001751
1315196799 1007231014
1234580589 733724624
275016647 428205075
1574601299 1885289492
727216337 917469249
1233288181 1205699151
1594650982 1793791715
1718427190 1673373529
618443141 1533545945
1457012231 1126759602
16882431 267006959
84229547 417273789
467449567 1264202307
432399837 128204344
1164890271 1043582072
1523503187 1898798395
1442719223 37942097
216793576 74465079
1751491601 786972724
1396089757 180899990
1674269408 452758823
1768721088 865833827
25558717 1291719632
567592755 1088941321
102979919 1172653075
1986302335 423073943
671251808 1179364997
1410276136 37206501
1253785663 1922117980
1874062774 46428425
1823454453 1754879885
1333217989 661355685
1520916228 106787683
335751983 212166722
1743670876 1941051957
774779501 1353424341
629053211 787164513
1372876683 1913331586
1401338975 1415463842
1273658291 884355115
507854205 442977347
694566319 746844446
1054598045 1852507151
1848043151 1500169555
919483783 461791127
788293978 910324541
1241515233 79345208
1703403586 1714089867
376146528 1710701071
996972995 1070068448
310429718 1595597903
1981848089 1048418885
1882385926 663589615
923433946 647644671
101337566 1901039405
389996764 754271427
1295781543 492102931
430231583 872035560
1573998173 1777445180
1216021542 1532020501
875378947 842630725
121595412 1051907681
54404039 1961437403
854525795 556472487
1802086739 978874414
604259258 1015782257
1773452678 1440798153
1895617860 945270589
851951903 399517496
1113167743 1272494253
444236133 930108539
1689317029 1822998939
1462196009 62453343
244138053 1534237978
81710244 1391773813
761904451 205903839
455583879 228129305
112466388 1502878985
580949314 940798575
1976868741 103713656
181692958 248298315
289346309 390398040
607145368 1518376023
1667299279 1632773631
1646782359 119270980
380040862 1301662329
603978946 1437459163
1530071885 415580757
492751898 946622613
1963361302 1352192241
1658416973 1698703383
702167098 1100677709
432648903 1637680268
429496171 201736458
1881322811 1831700276
838203213 198716821
576228136 1248247827
1938262787 1764017950
1025652926 241970637
44958768 1741915927
1057725769 979433309
625946143 389581659
195296290 1216430253
133112032 1660407101
174841843 1614991921
1523887489 1449802248
1226533603 60868233
462617351 379752127
146163495 185606549
701338362 708517783
1819236563 1574773756
1947611005 1583725174
1657714107 1984468454
1010709193 1894217513
1823308447 1072792543
661134781 1015295180
849435911 3158831
663493554 1187619763
1627676552 1978732511
1909725713 328257915
176245401 294845285
884333584 1066279305
400893235 1850487093
345757511 1186657874
63572947 1243414228
1858871476 323640529
25552947 1020884276
1960231409 1289797495
1501316556 1532204689
1230582087 1132538242
422508784 471786189
1270570963 814144037
787939691 885712194
1154041485 838804123
1344715035 1212608158
1142613317 802752321
1720450205 494462326
1579529929 985901083
700198363 1489236007
582944609 104200087
1783481321 255580623
1794657524 956271815
866437783 1295232577
1995013421 782403129
1385326669 1138877930
860840868 1720597469
613853507 493985783
829026323 771083276
1886562441 110672726
605104376 1406892447
1240536809 558870539
1201068935 892167786
1427713247 917344294
1287366299 690506551
1269409321 1054716919
555647698 1630177989
622290117 1612412075
1218740395 1990327707
270366131 365385263
1688221457 1996874922
1124910379 273615028
224784474 613901023
648639595 1242612989
447170702 86977927
563381932 574878623
1644173501 918715513
992765570 833415339
1927697890 1305404639
1043666421 1762870801
338479627 768795193
371265714 481281115
265962887 1623908072
642679439 1202332373
1871743184 25670097
1832742793 1932874171
1799749573 30838254
865133324 1463051875
1819854868 1413564723
1361163587 689514298
791829139 82274560
297010526 1871752337
1144850893 318141356
212389991 706442801
1621199793 1347016742
1794874277 717724687
771569039 1200909462
1183686459 1720697008
1520349217 1462161505
738484386 1126505567
129265859 1674739528
156683739 967821160
1475058440 52341011
167979557 471816958
192517385 244001528
405478721 779276367
991363832 829630723
404304325 975371407
775921791 908740712
1118457694 510583777
911557702 812476759
1490773705 1911943382
517354038 103782767
868007168 584102305
1581646089 1849025672
596789533 1221191729
1611431351 940058112
54094729 1868438061
330321820 1431080127
714698165 1227755962
179613597 1206454112
656564598 1095292751
162316600 395577101
1304284415 543489312
347596294 912647755
659692826 835746831
413947321 577570839
896744014 1380852661
1338433763 1398880384
1740565634 1361000263
1211454501 1124319476
1322129876 1219451253
1298101193 1316474024
550252569 1664341108
1552551341 1012367014
926944111 1495264144
193113691 121162838
1745282279 195000142
854593469 1185127181
1987389706 667630789
818765381 1001978440
843760564 1282221465
450824048 626188325
1265913644 1792615799
662679720 1595934623
1915455148 1567986713
1735087761 1064920621
139930821 1394440918
1313739460 1890417783
1084559174 144834519
1591638307 1245924577
54485805 223570486
1451402306 366739055
1088551143 1718998349
1002012705 1493398958
1518903388 583983557
1780230818 777592013
934060841 1178241532
1253716584 955366103
810291038 1808129809
1255005272 532922085
919526804 1274535307
1735595407 1894443960
1657568336 1457065303
1279765115 474874469
1018623428 286820667
716522522 801057779
112753321 1174096838
1745485760 1036305067
605071284 411774611
1413783656 366479381
907300314 1334364485
1411752446 4789963
1728206571 1430846750
514653508 456617067
74237106 83169077
1865504156 120234783
1917709613 921517753
1559410007 970466149
863595535 1540042211
492313004 1086865451
150756271 1396096818
608717518 1775770989
496732523 354070907
170043356 1712979411
1540539753 870868474
434105660 124575101
1397316011 1524332548
373796981 173976936
17052945 75966539
78060171 1307036096
1707578074 642771595
531166725 1995563833
15213764 1896765701
739899197 1217076779
293741887 813809315
1515349711 1429391341
1425085147 1904428362
339727448 1953182329
845737645 1471624624
850988920 1961701197
1314801227 1680808765
818439597 1791809719
34715903 1432157082
1469023349 637840918
40562693 685013355
1721775577 998809193
790118821 663941473
1262833245 1355614396
1519902179 49589110
83059198 439191255
1166280373 1529292148
398836378 1831668581
1926351013 1817263247
147805842 976286521
1957780011 1248771878
1116903428 844846431
443795603 1533004903
135453977 1578043798
1915840037 811685321
1898625443 435438590
1944517086 804717199
1751501172 330459193
1198237972 1064385235
1364757348 576321659
670831504 1177102893
303056651 434165313
74025613 1099582267
1065147991 389410700
607610683 815147617
665114789 90285423
438448463 763451561
890616290 1146643743
47525372 1070439225
489458860 1931076011
1791753790 1570432453
382254045 132124273
1417984271 889275964
865889617 556427934
283836211 311250799
428381999 1887385711
1990081661 608100069
76598381 42098202
1769671436 1099474431
372500574 1175837747
453045275 28336912
87513897 40872859
1079928778 205804329
1762419249 292540601
1856227342 1873111331
1229369536 8891349
911972425 1062516808
694627705 1701669016
177260973 1560641498
1064420220 1430501437
627612753 110734646
1550064249 823470943
821574907 1740427677
1203953394 1780751173
1894513994 515584321
986594320 981005211
883807782 601376305
922840153 348880736
727622131 175015754
1036233984 97971437
1081363308 312708857
574247193 1691154092
1757357175 1660709606
1081519507 1709163916
457515648 521789563
1961699633 1486017625
1284472603 81666274
866153022 1659798121
508242947 907052209
757823263 899500654
1035864601 624555715
1699881043 1760516323
539497458 1676111755
1229689794 610235551
1358481655 1573348198
56086749 1614079316
369896231 8438407
1526168556 440062133
1503594548 1900887585
1150990066 1069139105
1182303544 442409281
356454235 888346923
1772336927 140340019
230915125 1758740807
1662960575 1948007797
1128351941 610671068
65628929 349667789
276269204 1357039323
328380382 1867943471
1508409952 1326460403
755171930 1627149763
401971879 544782450
860554063 1226607364
941971091 628705149
1911082659 1242261820
198163697 935955647
417228959 800801243
560476477 684394586
199952153 425062025
1216991016 1202475401
5039301 1072453631
45718568 276017265
878386725 794925151
1659206963 614354567
1484352315 1451402293
700119706 1415638605
499863363 312362501
1211373173 954101559
1530151117 465207123
1928983781 368846469
1920378881 1915480996
1125633634 1974261569
1843289959 1013299825
324861281 252942116
1976747968 1788419365
1758511240 1480321599
218285851 1590417747
1267400127 1001871722
1173446811 398494660
1302993358 737246775
497294567 1088025241
1927347063 1641674827
1682343317 1475452187
1990537394 133005767
12245179 940473245
1600712323 877956316
1641327067 1390229328
760664403 728175725
1739386761 135391400
1362239585 1746646383
1888883457 1269279836
1960256745 1805565671
248324171 1619975835
730513210 1749844153
594761689 1870927966
150668141 1466731431
283602271 1931363234
426766521 1415243672
1021999789 1342754189
1354445275 1373049281
1232241237 1265422892
1276339101 1418280044
603081997 799137529
193539473 1844317742
1659683182 1658257437
1106691427 661106116
1512864055 1062552839
1367566146 1714136003
834644254 1303413035
1412671228 1066506737
470079126 447959365
1822507688 81155063
1175196435 946871533
552150920 108899361
1270338539 1592313853
1086544033 1035681144
227045968 1267316217
301748137 591363078
274159898 1848308837
1211899788 171741095
1315263775 1040678433
172754169 420276662
104936641 781254560
1442283475 882185357
977462007 1765179677
637808801 587971403
1969649239 495713669
1135182724 227285579
185788373 1143061640
69396527 1187325198
410865674 445843287
137425429 1051999944
197242242 1551862699
1406073561 1417383980
1586845230 120970649
1003515624 1959787861
693961430 1762809349
1003370197 1967487811
1013739532 1127723485
1985832353 766554087
1268778607 803936732
393332711 663125878
386288365 1615273629
1299822407 1529879777
810637143 424140580
1240122163 297369883
336317588 1763765951
1200363288 1365925151
1562269927 1364913631
1008343479 71053849
1617114743 1929532778
331187110 730875607
1558842273 1268637982
335205961 1394253585
1445942715 158439184
1981522861 1869598834
1252142580 236437121
1227184993 688397874
197133197 788741647
117323405 1875768564
1302930407 1075426987
1111345540 1827060487
1398195507 1448479295
1636308411 1029646303
1434067035 1678560322
1907803501 1479518827
1978339537 96552485
1322558699 269514603
23091462 663506723
977298824 1261683961
2414323 572595063
469574841 250060454
1992246743 1568337010
1943344780 843549923
132482617 700441473
411579863 79680743
1211206341 1231602379
1402126461 917248784
1015017499 1342181709
1383617931 614823340
966866906 552520761
1043987438 389529273
832999087 715547108
300513170 1342742647
126986231 1194507170
87981223 466792145
554112777 1787561470
1478593016 146820541
1901529904 1201945759
872137799 249178161
1286253419 1031675770
1417943758 691914507
1827546279 164687804
757470181 200825622
1803653581 904109636
1770062723 1150447934
1981378722 48346589
1634744883 1686611707
1788182289 12424748
187217493 146617999
1236779203 817685661
1196839018 302833083
403018926 1997861645
1921591881 1779628141
1404947872 1459156321
922071283 813763424
1441811790 1607939479
1433984827 1856691073
1625822396 1920290307
1520948983 887034861
1521179469 504650240
1873613887 1072836797
597145737 1841461844
1879984721 1418730339
1165092769 1954492945
698184245 14594873
934827334 1683225625
151483186 443379445
152596313 291510489
875421855 1112161228
1013317376 482259973
882965588 1225400253
1054257989 1940753761
810124193 1516901665
1665035314 1696296739
1595024897 1466504750
142166333 757008885
733005884 1647009483
1261796441 1109352901
1602884947 655932378
1716750937 569030230
682048903 52907659
1728283619 918816468
741355863 1215938039
1666065655 1205038292
1777565441 1243930492
1372287271 168955850
1076346341 1025197501
790055513 431129652
1719275199 1236654688
176054090 75161813
1377182189 303637496
349273667 1588427854
1316599770 1815296677
520301655 1306619828
1781017945 1763939323
220803639 874355722
1730612416 1435407643
833045110 1136442137
989563127 2637620
107221269 772368761
588871983 1972836119
1964712164 411525815
482026238 591266807
1236003393 1013528837
1390987883 1871945287
287425195 773176242
1575434005 76637383
170685076 199628483
1615962874 1608303495
617112966 1218456131
217882857 1657488416
627873985 1772140619
1839681905 1832288406
1818901447 1090356932
769151309 447334066
1966544859 1429697152
1934077856 342159049
377169288 82308299
1088973022 1472158035
1526884044 941699075
1520740723 1580610733
1494845164 92352013
647913711 1967129999
1343040361 1344746274
956812385 591282382
1089139933 442721383
1484552705 862432502
83701957 219546663
1891141551 1321498042
1228473796 929433455
1501938563 633808174
1645093855 108737303
778875241 540559096
531015598 1346639703
477325251 1089961538
1338674203 747686704
1672173357 1064330534
695166286 1338688513
578688951 434504932
1033861949 1780816385
887118179 264316137
956971603 1579775674
422576511 200910401
287401 540753099
623216105 1592931067
1252407761 516230922
1401238366 1802598601
1869269491 912061708
764230737 1586587424
436706587 1731715572
1532080614 991084687
150591554 739376753
1685200711 676409173
835632353 1282966301
874368857 1872622191
1258896282 1763504059
1158773989 445525396
352594285 1335479283
1294985063 429954936
103901404 1272394645
1201524985 549045791
700811574 872328845
1037039897 189343059
348719547 640370671
637498885 1095354693
1232402411 1040584204
837344205 1301580841
445935083 1692018754
1170352449 232116089
843866799 624332543
1342085864 1580042441
1454548195 526410108
1061649335 1606088497
891643522 1511054729
716767157 80926691
1834586738 1252913653
901118191 415777177
1246161964 1882800291
1358326523 1502683611
948565925 125350854
1019376175 1725085921
1696162388 846485559
1933176587 818860142
701344195 1587587861
685434927 79124684
1307916559 681696111
920465128 590587441
198453393 1752895405
1708947357 1455831326
361903321 1607128168
1931374625 1571060472
115172065 1082105413
1305017269 176251320
9349835 526198037
1824245273 1824569075
387909406 163202965
64534994 222294985
1649831892 128585585
1196543488 253922919
752713711 1345645416
6437636 14862883
1567105196 428546859
1018314065 1519784258
33374163 1985101156
921714643 1239105760
348083275 74045411
1585468140 1822760299
1232414035 1544634952
1063891591 568265570
1116459088 476390655
887500063 558978843
679973673 325141574
1692817459 1421611588
528530959 666756381
449724046 1565214833
189537481 238495707
1740169623 131685248
158252827 543151924
806971784 1681361361
1758942205 1373764676
381848749 1144733213
482030139 338468750
787277192 999497195
79599473 1677266129
602802559 1509352805
454196313 857650252
738690995 1558184029
141817103 357050417
445529404 1650762487
1123112682 1453813469
1941864836 720502591
936488555 1874260142
653490267 1721871223
1411222017 953957819
1719475595 92279883
1080681691 487358178
520534489 969705202
10425889 129599812
1952489505 940451966
1054555724 135279499
1586409335 780813137
1093727361 330447859
544122635 991295091
1069071407 1251204273
1018750217 445430547
1349860993 55414917
1037287877 467345974
1721467592 1301846881
146861481 763237841
1324606922 23567461
740536556 1614536783
1546650258 1098703877
1335784251 720140656
713690167 797564580
1422797764 1716795761
196507057 183787071
1288414088 1785421665
279124992 1974444875
1415090661 1782046541
1319487573 860230940
1281261935 1238068957
240331130 1649622451
434391793 1546573840
1782533717 528540638
1527207386 40999629
34263071 1441893534
606671543 757820666
1366121181 433914377
1468900497 1837920071
645555028 1427542873
1133343045 1864397806
1570108609 802309157
348969069 1549164308
1767689003 319688038
619381547 342057210
21319401 1892742338
326962971 1663849955
724782347 80302404
1317366518 251021809
719839619 1262890807
941333131 1111997159
14982860 36012703
1446998903 1154413843
385787819 927312228
1094976349 694753073
615408679 101399311
537617681 1058551168
1878242985 107483933
9778958 1697202041
436188535 1433069157
1535104249 529425399
815916670 1448780099
34886825 1668883162
738777523 986947510
1168983754 814326083
855356401 825633360
313175239 26576146
1845470277 677328131
925536147 63196087
1946908153 1210941167
937514112 302517097
1261704142 680603537
838002273 468465938
887218595 1106888059
458381317 202551334
715240273 1581478116
1998968037 1475556829
1169722274 1149878187
1304429747 212054918
70755855 1397242483
154950916 265449305
1948840617 559437740
1469663929 570397011
1450262203 1667008189
1919604184 890928923
355242784 1640058249
241769509 1408984639
385557393 897325913
912993642 748948213
461840351 1725072009
1348827682 1362090673
1893987283 1023664962
920114763 236960629
468545183 920927700
1654585474 1654308467
268669472 1112968565
1260035489 1845867653
1972503872 1640492663
1914849331 440963413
1367791857 1044556028
1667340895 1781151569
816851139 1644719261
1424801650 1529210407
1227496624 661659651
1717959355 1951671902
1056745804 156055193
1321574083 1717186696
941068010 417648089
1542702883 759096086
377413130 1873107559
1218948021 954737945
1487524711 1684547242
1098129893 1946509797
1952942317 1920396912
1383038477 1729413193
443454179 1641306602
1955569180 1707250201
1985966553 565074652
1025141987 528985796
504606016 61959853
809956469 1090531751
1445563688 346178927
1432156667 709066344
1775621535 771137077
294022514 1598584737
45498243 800048911
575873224 1468833321
