389298
19194644
37684789
223175282
201693780
110314050
73571610
670009816
15201186
84831714
33154134
189687904
16241544
3946230
41162310
460539002
3551670
335460
156306
3189200
17289900
83490
103510764
1516599192
1293838
260400
17316
124542
99799770
3496680
4564560
234254218
1794240
3273795
235612
173396548
240731888
312941951
456574185
1570140
9018500
363345502
2494614
74452920
83304
234720
1063014
34008240
1094290
7479370
22936452
2612096
846141560
18473508
962234880
30560160
25561800
1248990
131100
619498116
688276
1720
45188
90357914
3036150
137952
590590
60440120
1837680
75542170
7015650
69599572
50082986
5604060
16601130
2426372
840607776
35546460
15012
70056
4359420
167663496
368610
8931524
527303321
851020
1785765
415308
176868
67375464
637767116
1184232
312732
227358120
39524268
2458430
5423710
9264354
448320
3421880
4365630
8051436
24492000
107259876
656604
9055050
133056
466884
17790034
252383076
11601156
9151527
77700
1928500
218890
246578774
8687276
13591764
2677860
5315628
17420040
53889192
273931587
34290
253203102
807387195
22669470
138557370
31444770
45968740
63473004
1337970
40792739
9596180
76026496
53939391
19266030
4100100
2733780
491911722
54143040
14652162
3733956
10320
1023120
81242460
80668
7380
107557018
24030
30743940
90342528
1236348
7411140
871992
6510
138355928
225292
720
1305180222
505020
1518285672
100980
9422056
21985144
8400018
38611014
16029160
341518140
1666680
4486326
198114090
232229748
1749240
3718980
14259300
2872740
14763870
8713072
897540
36016038
284928
183720826
140760
9388104
9352184
46429350
1835722210
20301664
131121680
86600490
285036968
12058668
1227480
104233920
59702980
45528354
76890450
3701720
484925550
119416782
22800
1478399308
31506
58635216
268737240
64185422
22279994
330222256
40923536
97992
5858484
22181984
26520
74976576
64541915
18084
7966656
294847540
133937824
361827960
114114
248463056
138546
661700
53145432
36427376
8606052
45543808
162199736
27058548
74220
40997748
42003980
2821538
221649480
2347476
530810
53343180
940268766
241242
29706388
4481400
11110792
27742125
78860964
604653192
340034190
21790482
177949884
38850
3033000
36118852
500418
23664
164909094
602924070
109695044
3005916
535920
2074842
287031536
5486404
38153040
2302440
14567686
43427412
5427220
33331850
2638350
40234542
145277072
107315322
3076320
7847539
139537194
16232612
3910040
1084380
1253165422
1063630
4581324
470820
1805622
647318541
128213418
316806
16700388
1101636
210846028
852647531
858996
22653960
321965905
14373636
12224250
2504450
15586634
2044460
110734639
514372060
7482516
103409046
146265342
122595436
2580130
151223540
26320710
852
11186136
7927150
52098315
18194512
75390636
10315830
10318932
3560538
682572
236148353
9104214
1033956
4280508
1157130
101585572
843966118
43453686
362482730
1404396
884520
4566408
1965067528
340132306
1738806856
5041860
1854463276
384678
29911198
4158174
612512946
11293416
7660044
3173082
1425060
420369720
1381224
39404
8694120
343126842
157740
1117116
6199620
42226590
9504572
664345
3019422
585900
15609666
176
246951940
1226856
44883632
3864968
876960
119635732
132784
2303718
31937400
75871920
529074
126735238
771727472
2526652
13079318
16998870
475247344
309342
66524528
103104096
311195664
1190618
2068920
1243447870
1191372
24018138
16357077
4236320
51660
758470203
190431360
701847118
60040
5834142
49326654
1975428
116517522
2960100
188354142
111072
4837070
708411732
151727160
202570220
300012
971280
11210220
16486029
3847842
5370048
39390360
27440
319440
27860
11343332
1031898
165882
38757348
6244930
37175520
2019852
9019680
17999676
7602084
386046570
44352
98763840
3840870
9270660
30390354
159510
5247594
123012
1976802382
14258140
680574590
97879578
10520160
493231688
8162022
836395
6730922
6098576
1294020
31263844
66340778
9927274
117374698
184734690
68424476
290101590
1289610
368530
588395478
1436025
325200
6059844
34314
764780
983733
1128864
70068350
4203936
2632560
11502540
195412095
10864254
84211648
118375020
24387990
88479592
17963115
28189240
40641181
264159256
65272312
26889512
243109980
8597160
76183464
20764224
5243619
516672
219036884
30870348
74198976
196272
453479348
3857592
386730786
11654700
421024
31608
9431310
182791422
18868400
35239056
279900
194799122
39281958
1660282702
5838432
99330
134979978
289483278
28679790
852720
1600248
153629436
100254
23347296
743597900
75740226
56289114
40717973
110135892
2309343
3103128
524061582
2277660
318864
5808936
2847336
1857240
917518
3746652
85949184
967761254
71828298
47706751
24184404
5689827
65160
2788632
336195718
8867300
47893117
49480
5235890
9263870
73620
5550912
66959696
270992100
1767744
115311240
5242890
5774372
6349700
117738645
285824688
98568620
45093420
3075072
200089299
146608590
56991684
734468
10417374
226440
495222460
21052218
127106946
7118832
65161036
583080
459060
851978
1128162
95680
2048490
488070
6172038
422199668
35171350
39971470
20595823
290131818
4625300
250653078
4620840
7008570
230073556
10764684
219180846
19533333
48300018
1228682
4874640
83629276
44750188
254892638
19600692
4063368
7193736
236800586
374510
17537760
7542360
68887196
109440
6580593
7416648
10040
1315486
656150013
37250020
4240212
3225290
222194
147618
5803545
147273155
6770400
250038230
2138808
933120
20
1289242
169670064
713769576
51200196
340672071
30324024
52632
51401736
12490660
11864510
3159592
1011392
209795300
9028326
384475650
1600088
323010
3007556
137280
3391416
17832930
104300
22484989
4768968
128999772
39536862
23323104
357080
18763116
280340866
2926572
438458166
13820105
2069298
9574670
908314
1045396
57712428
2670888
39499740
7202496
19144458
41588552
439348
3107510
8979888
523770
12957050
594720
148698
11792920
74810922
291344
5494533
472342218
160456120
10617614
5561970
4342170
1864600
293791351
165687566
86900580
4618188
28254
985209912
381480
4927482
1651770
822348
47572320
5212480
177715890
36719792
28094982
193086
5700
4994840
26562
21863028
11004
29102774
230770100
286146
16958214
171897
55073022
7684573
10544772
16915232
21213334
1368510
90425632
22319565
63233184
77626890
82474722
20957790
29393489
8375832
1392768
25996596
421199220
5405920
227088
2252784
217446570
186605289
4866680
9445128
31623166
2303820
1028460
85000734
90171312
777980
74371932
18242172
9097950
1026600
733096
339328236
104981403
9143420
931392
816720
140420892
99031196
91922370
664832
37987326
132132
100118648
155024866
37287278
253284990
4152624
187176180
30582108
127385148
453810
113464860
351096
15744
12938742
578477326
904651518
34530
286732512
2698860
121800
320864722
294336
53803680
9437924
140727756
4966740
21068100
1368615690
404632134
93535484
24748074
94451028
121734380
1176196
7510668
3286576
116544112
12397731
150882840
888312
3530968
318339088
204378
13569420
14583909
1862034570
654552
213082632
5562270
38968272
208427520
3287838
152080
50827524
2594482
62550
373140
66699726
90706954
12672380
492035670
23903058
17275532
386988
723030
48095502
220350
20805018
205590
7278534
4913154
1155464
10053480
50145755
229697325
118536
644820
8588680
19009292
286308
1171800808
604584
2174120
67687204
379440
134800896
25573938
14187880
184889580
364976580
111079686
548675849
2664
13869460
751905164
64319220
67100
180850309
62412799
2245980
1837440
19763478
2531352
9145824
28866750
10474521
124902218
57496896
136806492
6845498
30793547
261968680
28422660
199755946
18622190
1225764816
80729022
1989000
571428
6392610
219739235
48553127
41768456
84196537
184527926
16556676
185872752
21030134
11364483
497244
943744930
43657404
8335140
2458884
3671316
124740
46947462
436492300
19639974
25833504
12185460
10872738
13339866
32322155
255985025
43542
719656
3142788
5521596
38537436
118385586
174432
36856248
12629960
275701140
295620
5486404
17108868
130960740
27708400
1288008
918816380
7764156
280608
70058180
382024260
976140
5669020
17112122
561584652
208270202
12317925
39434850
10616982
60367700
18426387
17617500
2457792
142741342
214830
8751640
58763628
11137308
3570252
41040372
3020448
124347309
65602560
322269303
16228798
1635456
51322410
2932973
3221235
383721221
322189359
680126880
40149390
6177742
8151600
2793170
925201709
3801720
53201822
177660372
30627033
65950392
103055076
119067879
328371498
425912482
197211640
14390208
608684603
23942898
350866012
2040870
12915420
3816092
69006
535474358
60773316
116252718
431949090
451755508
88440
1082156142
191282856
458194000
41315190
4094100
172394676
62920
469309108
38061030
15351420
2142
15035860
61591254
557474190
1914902892
30894280
243570
125821868
315684
7611960
730500018
387660
160120698
4283580
82892
1260
2189278
