33874928
2156042
462855759
199404
459441928
51893087
403076518
97191166
662004
231282290
3682560
10160538
3023580
5244036
205906470
7418972
681846
16563720
474345560
6540060
8368602
3636240
54386318
322539470
9641280
856440
19659853
53820016
123812744
13425140
85729251
2198164
2625940
1846230
67002116
1582554090
90937664
4746000
224615562
91536
106959515
27326278
74708470
45041100
27672958
29021774
7223708
695385
26242084
1372932
1973790
5260038
68194182
5882520
62820516
86178474
66546122
77138532
14145390
37207300
11784126
136340
788268
11379600
201015468
16601838
4696224
68720356
2287196
74436516
73822430
4394340
95755572
22981248
5852644
1146390
39539354
836472
36833480
676935966
207167122
912397004
24950796
19589064
7589040
3387546
230494716
1770720
3022380
4246050
20667242
635639958
51548102
363624524
1225162656
113990559
34539537
8201046
30341850
2322840
17690608
64839978
1347780
19965
38999520
356974560
130062030
497128440
80289008
97020564
6881290
850128856
84427506
287088810
1525902
17426064
41367256
108287270
106172160
9676404
21208860
82256188
411132988
6297540
17546412
130638576
31341640
285962142
4213716
17366780
62691888
7079172
24533590
44474340
803220
1953336
9071364
104346356
309466540
2462596
1054716
206603940
777985338
72937905
2019952
6459228
69490932
7912800
3883896
3550740
21906153
355480362
25710362
177223608
57932958
599562
15156834
175818340
22822440
10790064
28371060
38835544
305823082
3188010
19928860
31051440
9014448
187793266
132452208
4029828
9687372
178296
15390
175273692
9234760
19320
780432
1506428
205799460
6274158
69199260
845808
5330240
683920
93776760
12402166
47874180
28944
39755820
780978
106787682
13243928
49770562
22333730
131151696
19918561
12944316
75801864
17371660
10367730
56136580
149805012
493680
64764000
1228169
40795860
427643536
1911672
755809524
51901900
4083628
215881554
15840336
4128540
27328824
2460
12696036
230230
56175380
47813985
162166074
61830276
2670930
14157240
26315944
472378478
7131570
4032600
97812
75943056
3462594
1393896
347943453
22878204
478104
1829760
10442040
404858
4036692
269406
16870842
155584
5976
197221560
25093770
23081480
52569924
5091372
14513340
1100677708
4872336
357570
243936
66238940
5197662
16711740
10078460
170485384
122410452
15526797
33789729
830203550
33184764
1249452
1118520
373068
14864520
56453914
83580
128907856
992234226
157806284
3609210
25145108
60384
67478395
3355800
143640
8424150
40404
2253780
593328936
2462784
10786734
42530266
110554068
12456080
1430
372504
58119096
285366
98682836
9560250
4724588
5370926
5862705
317786406
52100043
40744638
63751454
4420588
21733420
14002590
1720597468
245699640
192770818
55336362
2525250
46232588
5184
229336073
29540406
1054716918
16466444
160960320
41286024
16608421
23485866
34168190
306950511
1242612988
41598128
5912610
1092672
11567952
16953300
293549982
1921221
180378
647934
18845330
32816
160833456
738
1251800
157062744
26107920
6336
7920
763230
100920400
106343424
717724686
33930
30726732
250656252
127974920
66990
6048882
12315528
4840920
2177756
259758786
198389950
243691834
1205360
1145860
406238379
52783704
2301160
116820460
3137484
610595864
576
12710460
36694362
48907320
416920
12827100
96221448
233044
11341240
15466836
11805690
6907936
19782560
17155464
6626100
406483750
2562644
34673773
50577108
2108640
30290709
4060518
123354840
15895971
11980166
6105792
1780020
275787044
88272436
1567986712
177486770
18874284
31489475
229350
14657936
111785242
276630
41759500
8246160
72177732
58908485
2264800
238784382
34600464
42444
31086226
928648
12041862
5356700
13658106
801057778
26684019
3524847
205887305
30529897
312732
798327
143084650
18857328
20792269
9529212
17721495
19331990
1199970
9306388
38498274
1769040
25286940
7985916
4431294
1258782
47100152
8592
1644060
163379504
32128710
498890958
147594384
592091388
14796532
102099381
158702363
416787504
183953076
653900398
336161752
7101756
819144
240
2796
998809192
831864
1163760
4958910
745020
3294060
1831668580
298611320
69734751
309101900
7367460
721414064
394510949
253512
1083432
14068480
7897890
103963188
16948320
39236763
48240590
23535600
6270
135847926
11130
763451560
54602082
17710260
1931076010
7673250
138754
44463798
23124024
1820180
2747286
1335780
389250
133630
9162372
63252
19937960
9492
18229512
61750884
52863
13276290
53061690
8833812
43920
1797640
11433020
5364843
209500136
15560790
7712984
120161052
573816
753060
8067180
25431924
2920680
613676
427290978
12134640
74251200
10201884
16187880
731280
207577068
26766663
48900588
1529080
100718472
46226320
100879957
8438406
3142344
20009340
26714684
104727240
14802900
70
143153318
243063740
948246
349667788
24932460
150246330
165759726
38717364
7140
76662960
104453484
62113090
212717190
364000560
28498584
4250620
11009502
11049528
136188
93335856
447678
320948820
14901456
942060
157530734
2184070
444774
277600
3588260
101329980
531384
4031352
20557100
42888042
24798800
1102830
12259520
26466804
252565356
41545280
33244074
10444002
13594020
57926220
11808240
159280
596574
28847258
5668964
4335570
205864016
148533
7402350
56804800
7369284
7883094
38137357
316355722
35413200
394754642
9219040
15125066
75125690
558030
211403708
4374384
3444540
12798838
880
22834290
9074946
7902300
1048866
422438736
49280256
307966306
5415276
346892808
241260
157480
441062910
50160
7810860
75108130
18908900
1921104
197887530
687834
10481878
1551862698
70869198
474597
7535000
2798110
53836770
10717700
3931044
94580656
13088010
262951500
764622978
7061860
74151262
873792252
227624152
74789784
11839494
2263100
28475670
15855795
7443480
12080
109976400
188276
56947688
63943250
77560340
2107960
14497938
2240700
147092328
29968983
8084802
4736524
3597468
1666260
99606627
47649711
2975442
156505804
843549922
233480490
39336024
2026995
18923788
2259565
30741166
3539916
6946170
178886776
223790441
59706798
7778232
29712756
234696
42791140
57960
7954352
54624825
41171950
1394622
11297580
287611983
1892520
191660420
35244
605859
30916320
3605154
10145940
23352264
103601264
8337720
16071250
874560
147714636
17626392
6103680
1072836796
38350952
2661780
194357310
2428678
42016000
88675888
97170162
132975788
14076
1320292
970376880
303380332
204641472
293300900
100934516
38258040
1352596
10927728
28428284
5422197
76568038
5951568
208506
3173292
482730
17086625
35927470
38645458
9386676
12651562
3160884
302549446
5631982
124477640
15250389
59051577
568186290
2044
772368760
483903186
1002300
295633403
39971250
932641640
128862706
420884
8233836
26805058
11943316
50918548
1772140618
23490876
38941318
55904772
978912
372723
13707144
73140
188339810
156660
3552000
981217380
9588208
295641190
2032620
2436250
2588250
6645464
61962230
316904086
108737302
877530
224439950
181660256
22969160
177388422
79730
565434
23688
3503880
1718980
11130578
30009958
1419300
4231398
7940962
5354568
1458260
48103210
69996344
11907060
16619380
31291860
4565778
881707820
18563558
1211628
2916354
254478928
8403762
42040068
1792280
150675448
553104
243360
98535260
211467564
18966696
244620
134640
999042
41181756
1252080
102960
4331728
2558640
33031584
191880
6963936
21901542
1956042
204694796
54744408
19781170
56808009
19666350
4144140
363547064
1932280
1212238
985050
104910
40476772
5368380
254736
762580
2328116
84640972
3499680
111750
2736816
35747664
4969412
1547000
841425
2189142
27582766
14206639
404400
37265256
81285393
29131380
111126063
8595864
312
5184
19398282
747810
13519674
8681610
2256250
32241840
142380
144372866
21435916
194474648
11111520
75034658
17070216
6732
14221320
83277222
953957818
160
9655492
832140
32399952
235112991
252032
15011184
1293336
50490
1049220
23443704
1414896
233672986
325435813
373499346
23567460
1614536782
274212624
68200
8861828
25231164
14137464
9673708
1641900
179010
5060180
10669260
8080500
1367412
31776135
1242412
7507430
189435134
2766120
70677228
1427542872
154805548
49560
193645538
159844018
2591340
235583220
1911379
4050
251021808
1262890806
12203436
984750
18672780
259314
297751314
11648040
6615944
746262
169607730
6023820
88237566
334333866
2979900
13159300
5555472
163816
2210998
1446564
7736196
605470583
7202788
340301768
7396830
184481343
24502170
1631420
245926138
20975922
955202
9282
47040
4355428
47533084
26128620
143367868
3709680
687309560
27191694
6064356
11761860
336419965
80287440
1637424
2720
2396280
55648428
263695378
10706600
6666568
127040580
1781151568
411179815
9863898
18312876
162628452
11065368
4453280
3363150
54221148
468222670
40871904
5976390
216278866
2803788
273065238
552048
40639986
2614752
132246448
15227407
44525208
346178926
68880
368804678
66544070
13270950
20136043
