36660
170421548
432779104
45730382
2413620
1975374
20210652
437872476
221842354
1484770
4186715
38622820
183643510
13920000
491424230
268238958
46814892
389315304
774480
124530
6949572
812136
196837566
1911910
140580427
8747576
22492884
96308544
1795662
39268430
1425984
451412819
382162
279638958
107535030
3936636
57555484
767193344
4240788
95066552
1828344
58563156
1022996
318460308
188246962
1097870712
28490508
4648480
185514090
5791356
1154400
732965375
5861350
83070
1906410
76821472
3800448
415857132
436356
309540
2060004
1608381
2889198
60349500
67806830
543049378
74852388
79334690
94792920
124091478
1855188
64955586
23902900
5976
2270400
57293821
4530624
3207568
400325649
5056320
167306180
30499872
73458
1162680
5040
909972
67116990
27088530
13627122
2989680
19388471
1252968
67895688
631939020
3920
16215444
7508922
4229268
16274133
723030
23993244
2451708
6695440
13531785
3326652
2967900
3250062
2561104
214500
463299044
153906442
15683403
1841028
8276429
195206
10718632
17579394
387192
29742915
332112
15370004
6043520
458184
38607912
64993476
67877684
2221965
103779250
218838048
14537880
35593580
252229754
4287960
6216
19985060
331630020
101150
17862
63659658
3662004
678300
211062876
6637297
28747024
11819808
12290316
35454060
284592
26989428
1165931820
5566938
25582794
45427560
3690
1973532216
55891566
51291990
52573510
401947735
734588372
141928486
7523880
872538
8151912
21951138
8727108
867510
1883280
3525210
535768790
692760
164827772
1839960
187320868
161184
697301872
57998100
1516560
3212932
74415172
483540
8006284
10693904
1143834
22726838
55547445
513000
445285692
2821752
12325038
4650480
11288340
162838726
37489995
38563140
24845610
17777174
76539378
5016840
501673102
62892350
10208838
2484216
184080
1785810
4988918
18201240
2522730
1502130
265261640
98952
2208000
2338640
18173916
1720944
172050220
15080754
32781348
32446356
4578728
66673844
38408440
8695740
6615102
150461082
594792
1793364
83113126
30412550
19646100
1652298
10064598
11125440
332742614
162408758
11803110
229080066
14993562
81534
14651736
7642224
147114538
747908
693246741
818690328
32061084
6798225
26015709
60707010
129952632
5148262
6460
76754646
187059116
345796006
60367228
280386282
196179323
2470134
763000
66351404
4490766
23748406
86629260
218657106
59753050
89739
54586172
29682305
119665021
8135472
16784394
133229236
134798220
73156380
1527240
23827740
3322176
804146085
4577820
5914524
620640
68581812
27267086
7227176
274405941
31201762
14074620
531612
42725744
396878532
2380425
5065056
1368510
63257754
357032400
50852920
3842202
15274581
165786622
108807888
291325695
115744780
42900909
3804930
403788
175265652
97708890
9095676
16405340
176391798
12869850
80920
79060454
255092470
16585392
1570800
26155332
1256702
37735880
25606528
80425020
41514330
247248
170987952
1207176
321233022
1212200
30006892
31481230
429170109
68813693
135800
48180
3939650
100859812
186956512
1218224
792753030
633534
205577792
28045807
587965166
61468301
28676
120950364
547837720
210002622
12582
77550391
71936230
3537768
1384140
1269180
201313289
28431438
592432230
62951295
2922140
94609296
1260
67176240
2235996
50576122
1933668
52240
7879690
9112543
243952720
193356
451425088
25917110
9807648
1486526448
5733870
217518
12533418
92051673
36481410
99569540
19056
35503020
127238826
23519696
869652
15301008
199088248
451108200
31487148
3842076
4831890
68208738
44721798
116378621
2128092
353694
27414918
11529646
442717180
27203436
383019780
1011200
912870
47167060
5280044
1297200
9073168
82403340
22315300
338330256
72793380
110874512
6511024
153878214
576
31074210
158000
56268
70802856
71369838
2117340
12194370
44412056
3899104
632916660
34138344
774748320
25665024
60778252
136615436
618982
36348000
22252400
1516590
156617104
34936365
308244
825804
901380
90269380
63524244
82102658
62388572
12509286
112820080
4210824
435090
271560
2688334
120640963
2501280
3397172
6537960
134132124
2615616
2994066
261966
13680108
12263784
232635658
201333726
506700
536185350
14894968
36206834
46941910
10645248
13800
411180
33149400
12272480
37696770
66790632
18023942
972444
7412379
239745126
127713780
3350490
142723927
9009572
204982830
256734576
81859206
51798
29633640
22777524
33256200
24516726
8363840
54101993
754701630
19448898
14284998
8946876
143200068
1501953792
204001835
1738302550
3772460
11646015
45510
13167308
436020
10480830
26228790
405635
3858262
42327068
11712245
16301720
186252195
349055080
113369154
105631260
148780439
138550200
820932
3078492
19830602
3390260
3977919
57367194
780
15587436
73080
5100580
553728
3429690
97507782
15680252
28758288
73920
3390226
273639928
117477318
88830
67617396
50207850
12917452
3813036
41698506
233328868
1396830
5220951
6341874
204326042
111600177
65304312
53062380
23564220
40960412
20347000
799414
825858432
107912427
414480
12310315
71582580
162140832
6720680
62400
23552958
17952
6134230
170170
7969620
19529940
1844717
2156940
1648570
1184244
360036
69807682
855974736
124560048
8578746
52418710
70050050
118717010
59002944
5868996
8178219
1317750
556578
101648378
804285755
16087442
154700
1214180500
1771127152
5770600
614049936
220012716
307627614
8483226
2357520
7024290
294900774
17749510
99396
2019300
2807838
14311110
1739820
22543404
57516129
14280
633506739
3147612
156220214
1511940196
3045504
21613236
88452
350354719
433356
36580716
20696990
597735
18837390
1498096
7931880
74337300
106360
5926644
2417760
18583770
11099892
47512476
829363484
791568
27713914
237888
196214058
7484286
4212780
78209716
43294356
40240356
197295
15318330
646140320
3445056
53789904
59583324
116594242
5571720
85542435
3370128
8060952
320460348
1000620
520030
2631264
5585400
359100
63811239
231455028
38239056
434484958
507461603
60720954
2332320
19237312
117752508
10114728
181696710
1272180
11751300
4921488
560260
3064080
178418010
178236720
79734305
44978040
30763098
12470
47278294
1320900
1912132072
4840848
30510445
9852690
22307740
1736388
12553872
16193094
364182
219576572
51361416
464002
13628872
52900880
106580375
39600
893760
885776
2401420
29131848
1100832
106660372
402616732
5040552
1665929496
40604058
845325352
20093220
808854818
9560364
282928281
108035324
504272084
526690913
46875206
20371054
1384740
23417460
56487144
2122120
2615652
12283188
471496392
648323328
625735184
3003084
200997680
67201254
648631074
6855314
25239420
89806610
161007715
48112635
5775350
65995620
37815520
305196399
102200
2779116
27547326
238216
752080
5049396
321360
341865
89040
20664360
250658948
199372428
9027135
43111614
589645480
7538055
4912440
4929302
250279956
961028853
13754988
104052
1339200
12079986
58761420
53063128
5372332
251460
16403670
6505866
2058630
448722
12238160
97884960
471618
5389164
212519992
156278332
22224
19759554
11632
2495740
36940280
92414324
7043300
904230
58115251
21430038
45478664
603276
14110
716430
32685705
600510510
42936172
595699572
63194924
143166913
165762608
2670948
601644
7113504
1466926
68968380
119903589
12053848
528467154
25332030
964206
3041424
2302104
4188180
3219420
504150
27851266
60444
6396390
88380
35634312
961176
44321410
9328110
7209188
31467090
138107092
16804442
11345024
1878560
496220650
13587630
954940
6718712
48264870
172264872
587400
780696
19325795
10246950
11653290
29812454
87737232
90813015
1587276
3409588
110643076
891068530
1873102
10599204
18854940
1212822
2001846
4303932
15858612
438451680
584936294
1969086
13241675
1693020
10832455
144
14145692
1372320
39960
346785996
1312780296
39553416
9611712
479028
204748826
93810
242418597
23393604
367034670
59160637
642857376
2289560
228145492
77217530
19152876
41833750
370290
5260530
128392
1677987696
4483248
18273528
67620
90559694
280260
96393936
490680
11237688
4143240
21960
80154351
188101836
24588520
13231160
3006480
27511938
479130750
32256
78555224
8745796
2124660
7274014
11816582
386921252
115156538
11905766
27123304
39033719
19392576
435060
15416528
60120
1365750
195494
942327516
32914344
6228555
16942068
29173080
630
21267840
97213762
109140110
2894436
250636626
740471
52921050
165773196
138913480
5858950
4406324
43622930
12466300
75750740
50845470
34281240
199746
157095906
327570755
215984658
5280552
56410015
937864
1196736
248970
52596
132717116
41303940
408459198
11862914
232263020
277073550
1573110
940950
13391240
85143903
1260072
25078773
3401700
68340
3026308
18697170
132710556
10458192
366890
760713726
2166528
67768940
19906644
23960062
1856580
151640
69032990
24526164
118768
2683870
148644564
211804992
326489580
14009074
7611636
15181380
380953295
5290338
8352036
15447900
2705626
841008
2120118
45026820
90971796
509220
10364908
8505816
8370880
12856116
65128450
