1000
678 281
655 962
781 614
831 280
27 581
194 439
305 803
893 998
577 861
534 385
438 161
702 283
526 917
603 920
663 290
519 253
46 593
444 319
503 139
87 254
705 11
18 79
317 625
735 58
153 380
866 669
131 448
126 229
883 984
515 499
465 221
266 933
484 171
185 993
623 937
93 347
7 475
189 310
745 552
173 150
734 261
389 866
650 187
611 311
144 565
164 7
220 931
136 647
653 998
511 656
297 437
666 229
819 656
547 564
347 874
937 953
911 633
143 118
146 19
871 539
737 685
563 694
823 45
675 713
601 571
171 920
617 574
407 410
778 707
503 550
610 693
985 236
575 857
416 363
881 411
835 706
139 473
111 443
95 282
392 519
934 811
15 862
805 512
220 927
709 179
280 649
91 519
501 373
497 905
331 883
791 699
67 882
248 935
775 193
304 237
799 142
287 835
371 75
33 100
52 549
395 327
499 411
929 541
23 554
169 771
329 426
197 326
653 71
783 154
949 380
705 487
653 488
797 660
485 508
134 363
558 427
443 55
924 685
945 61
959 676
211 908
92 305
453 433
881 656
671 370
622 433
263 743
434 999
563 889
500 107
713 750
820 817
430 691
533 881
229 849
288 689
598 355
1000 79
838 617
892 983
448 785
163 973
763 277
741 199
904 945
653 582
439 816
399 53
192 397
43 806
662 925
685 472
122 631
459 64
97 82
443 610
263 479
159 524
616 499
434 97
981 782
347 917
239 188
661 267
773 70
182 961
381 16
605 6
97 465
379 994
461 830
821 977
644 653
84 631
187 872
383 409
277 855
467 669
123 458
844 499
365 338
485 317
445 284
293 941
705 911
670 553
501 604
533 610
607 232
282 953
490 191
986 669
198 53
377 407
82 527
245 473
439 562
498 923
493 143
165 146
630 281
199 365
737 879
477 439
349 80
48 157
757 769
224 381
169 903
451 934
619 144
841 714
193 199
305 979
236 699
133 942
676 487
820 279
907 802
217 435
678 667
763 307
549 886
507 613
272 345
613 70
272 293
134 911
860 613
485 113
859 747
267 286
184 839
453 50
201 872
241 664
992 879
542 783
133 739
745 933
553 97
647 880
166 669
437 563
587 206
891 908
846 383
427 741
817 913
67 539
671 446
980 241
251 6
477 61
559 197
169 630
477 625
87 143
334 155
643 305
145 581
139 172
55 261
495 152
730 281
938 281
81 829
132 125
920 893
144 989
954 865
113 516
719 105
161 465
820 593
971 349
995 378
756 331
689 944
948 401
990 571
681 146
971 481
682 419
703 195
886 313
25 711
472 95
470 469
895 524
554 415
265 14
407 367
150 799
601 54
142 739
534 251
763 752
389 641
882 41
821 253
779 796
137 818
784 183
203 541
186 559
659 816
634 147
538 825
955 921
54 671
851 505
784 191
439 188
832 607
41 475
465 107
169 723
473 955
137 272
900 109
440 719
293 969
36 737
439 758
657 317
875 876
604 535
460 289
78 809
690 649
77 652
161 206
556 879
548 89
199 472
879 605
612 131
703 941
127 163
276 497
508 387
923 155
853 958
823 937
538 159
336 739
739 393
599 309
496 795
8 665
497 988
966 415
122 987
661 673
413 828
399 523
93 920
636 355
863 183
845 58
203 922
52 205
478 211
24 467
432 749
193 591
8 287
386 597
709 358
112 165
703 716
422 689
49 606
233 743
26 547
409 143
376 567
181 419
976 971
473 765
215 106
199 97
335 796
1 105
115 844
524 887
523 66
849 926
487 93
992 143
723 422
613 817
905 854
879 986
373 736
50 283
662 375
976 973
711 7
962 365
746 535
871 924
625 159
793 174
134 607
339 353
585 596
67 829
227 802
604 633
518 457
928 533
175 866
617 552
798 313
76 203
369 785
827 615
745 166
811 896
11 945
676 255
520 833
880 229
88 353
545 401
818 635
352 515
123 679
699 482
730 981
407 23
937 371
641 397
383 378
89 397
244 943
235 701
499 15
947 287
63 874
257 695
638 21
1000 131
301 536
937 133
227 154
781 227
670 683
590 741
701 773
399 22
604 403
634 145
31 892
745 148
82 753
823 926
244 637
899 978
245 43
183 650
316 911
817 739
524 615
583 560
29 130
923 599
298 763
911 638
964 477
893 37
595 339
139 128
47 370
251 707
889 864
674 355
919 113
225 991
625 874
265 366
307 567
403 471
340 793
517 193
259 71
780 589
884 313
897 547
307 856
153 866
591 604
953 150
405 686
913 571
571 962
928 135
911 895
466 833
223 575
335 6
722 1
53 548
405 922
467 22
557 605
926 725
286 855
941 28
79 359
670 437
677 940
873 643
949 927
426 19
283 67
380 831
41 117
470 269
93 220
472 217
891 434
893 718
709 897
306 877
351 352
839 96
944 143
73 426
675 541
997 239
191 754
210 997
1 171
79 702
877 872
192 631
773 400
412 23
395 823
439 686
293 695
182 317
935 333
646 885
349 285
127 660
653 490
454 743
908 397
53 291
229 25
130 423
296 335
35 928
869 586
813 706
335 411
190 691
624 817
881 568
969 620
329 316
428 413
871 876
179 132
368 29
409 518
749 592
622 811
41 749
631 33
747 526
842 965
418 843
586 163
934 73
562 877
681 398
205 751
133 390
655 602
617 262
339 203
315 41
11 13
89 887
726 727
861 299
24 749
654 503
330 383
221 606
648 563
724 869
404 751
460 203
241 213
710 453
419 263
127 115
247 648
384 343
161 794
109 607
358 9
223 648
155 238
508 103
384 751
610 231
102 79
615 481
549 587
718 389
1 157
308 359
42 127
295 849
669 965
407 714
383 263
163 139
516 67
509 827
88 725
723 292
528 871
180 497
209 115
755 913
436 151
839 151
160 239
715 421
244 17
871 675
94 529
591 289
715 778
47 968
598 763
934 475
950 279
667 833
449 513
853 193
785 141
100 287
517 57
220 761
737 640
807 791
465 224
312 943
847 72
934 289
245 374
693 664
611 983
439 568
864 103
763 317
112 673
426 937
149 748
466 973
185 633
132 637
10 201
488 303
85 341
777 181
433 629
791 200
397 640
348 17
833 862
274 539
801 287
191 460
55 584
832 465
393 307
749 695
429 68
760 937
491 468
133 356
11 245
837 61
75 424
939 740
323 811
120 421
499 192
59 42
157 125
339 490
703 588
943 724
870 977
934 99
690 119
201 947
243 496
751 711
916 119
861 580
942 799
147 493
619 462
220 387
317 399
993 410
87 932
454 721
263 652
823 196
23 361
467 412
113 909
67 498
347 893
517 808
299 774
258 781
793 499
961 322
887 6
474 997
515 402
466 153
289 270
149 431
348 959
783 134
321 587
756 793
625 526
341 701
28 281
52 965
893 907
580 141
994 869
880 819
796 191
439 522
593 590
68 949
923 763
355 214
799 239
719 90
228 973
729 80
297 730
953 228
995 59
607 411
735 683
743 897
287 31
714 811
928 267
223 134
6 119
557 719
730 371
845 758
662 57
224 139
379 849
939 295
958 665
621 164
118 41
739 173
961 776
30 983
894 83
607 241
153 817
499 182
350 253
561 283
225 548
895 381
290 11
845 671
946 745
962 203
820 371
721 534
143 719
730 213
262 335
871 446
189 703
259 194
481 266
388 367
218 509
816 679
708 275
514 641
373 222
904 831
5 922
439 869
299 438
164 681
674 181
749 768
5 432
96 115
29 25
494 35
411 796
280 381
890 223
722 739
471 535
17 364
45 662
850 989
819 505
1 545
398 965
287 220
868 561
698 13
539 215
797 160
56 579
93 464
773 412
417 235
483 509
367 937
173 299
567 845
683 478
547 824
468 865
833 635
452 623
83 826
59 93
71 884
928 719
469 78
2 17
765 763
313 730
15 316
976 703
859 26
7 157
247 538
57 262
998 735
563 287
869 602
380 459
553 460
186 541
709 851
938 327
938 697
673 146
369 746
505 961
985 513
857 538
525 472
439 987
104 1
701 422
101 802
214 819
261 701
185 527
929 960
716 961
121 189
721 386
797 940
255 701
514 223
64 545
727 265
11 60
77 771
216 817
463 323
425 141
569 64
99 812
945 19
930 973
621 260
241 505
227 762
943 959
856 611
738 473
701 386
369 809
121 598
610 647
147 332
253 654
88 917
99 113
400 347
481 847
369 536
410 569
701 643
756 659
213 70
403 228
77 482
704 739
433 587
573 185
949 84
472 805
913 63
849 382
669 104
317 321
727 711
953 50
948 949
450 731
582 599
683 336
699 284
487 557
68 899
478 49
163 960
763 547
961 233
496 281
145 24
265 354
111 245
487 216
864 823
877 580
17 998
724 947
605 586
437 917
787 459
977 399
325 374
49 904
459 757
837 127
925 103
953 765
826 817
326 273
891 613
988 695
790 283
113 943
469 652
906 53
902 641
991 563
427 961
437 263
494 239
67 253
361 300
745 314
904 831
202 513
726 787
133 481
56 989
847 115
641 801
861 389
734 445
276 631
365 812
898 785
493 37
347 921
61 982
638 849
