138
138
37
39
138
12
6
378
838
42
14
26
1
138
162
28
70
30
292
18
46
3
6
4
100
22
209
112
90
53
60
1
388
12
6
18
15
6
134
14
72
419
108
88
58
55
20
120
368
54
198
330
2
20
7
10
312
11
53
174
46
18
6
112
154
55
112
136
56
80
1
443
11
24
12
90
196
36
28
90
222
125
210
58
826
30
66
12
16
50
198
262
30
138
796
244
150
36
976
24
1
152
176
70
28
36
172
123
36
96
4
808
46
40
27
466
13
6
742
2
40
17
122
1
21
238
426
42
252
228
210
39
246
52
78
196
43
37
178
12
49
8
66
6
48
264
6
502
172
772
222
8
191
206
2
100
114
4
28
156
12
262
80
88
30
30
210
1
490
36
852
20
18
18
114
132
95
982
520
36
508
136
562
256
9
78
137
66
4
2
42
22
172
192
408
12
586
336
48
256
22
408
89
8
6
78
198
15
28
276
123
14
278
36
36
48
30
50
220
6
56
233
20
6
282
812
210
910
55
431
88
205
89
148
36
42
196
29
54
66
718
30
491
66
6
222
28
105
20
36
44
10
820
160
39
6
21
48
40
34
12
268
16
2
60
7
41
20
108
77
36
270
6
280
262
70
363
88
306
360
20
1
196
68
4
6
205
36
6
68
49
132
47
84
12
21
256
106
72
199
60
90
4
196
768
100
180
16
171
28
70
162
90
18
36
106
12
26
180
176
192
42
144
138
443
14
111
32
100
486
140
82
12
13
45
33
58
66
88
36
5
3
136
73
49
30
176
2
30
44
92
6
26
44
27
123
10
138
15
222
4
10
112
15
29
6
22
11
3
1
24
8
12
112
9
1
6
12
140
146
51
27
9
16
146
20
66
66
2
11
126
147
137
88
556
64
20
238
186
5
28
14
9
672
106
51
60
84
48
756
4
478
156
30
260
22
4
10
150
292
486
332
114
178
100
6
12
3
49
30
126
49
42
18
21
88
24
14
36
18
12
96
54
74
128
8
98
126
2
40
6
2
33
3
51
856
180
209
4
20
16
4
220
36
12
64
22
20
42
36
118
3
20
78
24
22
322
2
78
11
198
2
165
28
12
180
4
84
54
60
30
14
24
251
36
69
232
6
52
426
676
270
88
35
28
4
7
63
246
408
84
498
19
18
91
22
120
30
6
78
6
30
6
2
192
166
166
180
52
3
336
106
36
36
299
10
66
138
21
126
65
216
48
9
72
102
95
10
60
162
84
20
26
26
2
70
35
36
83
380
50
57
36
6
29
556
9
33
42
24
178
54
2
102
429
95
40
2
20
43
10
41
303
41
28
54
135
336
12
156
495
33
22
72
55
10
52
348
65
592
96
88
56
249
58
74
466
8
342
111
40
112
618
12
18
80
6
45
132
2
44
20
54
6
150
36
155
60
106
616
498
106
54
22
190
30
41
222
226
60
48
332
21
359
60
4
49
20
35
165
16
22
48
66
52
100
4
253
10
16
136
216
25
2
6
26
33
232
49
253
44
22
252
12
116
125
80
58
24
174
371
4
180
24
136
36
2
30
179
36
136
130
6
34
102
138
36
9
131
386
84
83
1
36
16
18
2
192
40
30
20
51
226
78
90
54
42
90
10
243
112
210
293
100
222
448
15
164
196
66
26
366
330
441
24
4
6
126
38
10
72
36
430
6
390
114
138
24
60
190
660
418
12
46
70
51
36
60
4
12
476
198
3
28
42
20
58
130
22
6
128
42
110
126
116
100
42
72
36
2
6
390
91
5
293
71
28
146
413
190
50
98
48
32
15
18
90
146
502
2
838
36
4
22
270
138
393
60
276
6
50
34
93
30
100
17
299
75
82
239
36
94
249
6
210
75
60
182
66
952
50
147
8
10
363
12
60
282
84
54
18
384
826
91
54
302
99
50
2
82
378
9
40
66
682
2
40
30
7
10
90
6
16
126
180
42
76
48
36
98
70
177
66
8
46
66
18
40
18
10
46
128
272
66
48
10
46
359
111
388
2
10
70
14
40
928
32
17
10
20
36
2
148
198
112
16
110
204
10
88
1
22
946
48
54
330
6
166
66
21
32
996
112
148
14
760
20
348
4
69
8
36
243
15
20
48
4
100
60
9
2
12
119
40
12
58
10
18
348
166
169
14
81
562
23
4
28
12
28
32
33
36
14
36
46
126
156
658
99
26
42
138
1
88
372
485
46
2
82
6
2
18
30
132
431
58
42
18
126
658
1
66
22
222
36
466
22
7
20
476
