60497130
269300319
244852636
585755214
395760
78550560
560167206
77954394
23548486
107844788
1005872
46323060
499143
495818030
152130
51299646
1539605782
84288560
316050
49169171
69179766
469824788
274560
3093802
117806052
344233560
2909868
41962206
16596216
26847930
310212
12507768
15243228
58531044
18383124
250900700
11748860
233968198
3806859
1721310
77254437
4033776
112676102
181647970
51082428
414630
21543120
410148
130191433
3423576
25465912
298799928
16237290
3068100
124742142
4601520
317116375
2458428
409315460
35683960
672510
7930780
31551114
14180728
14560
83377900
17433419
300056030
741510
1768200
51581208
1157496
1631724
303180434
684768
3318
5712
9688140
12720
2184600
65346996
5115720
2425410
9216084
20451252
2867520
37154826
2776440
85930776
10523412
54000552
162003392
119939930
33156
2281995
3011400
4188400
6405758
1346709400
3759690
11669480
122951240
43841730
69718064
5583010
19452
59991408
2500024
1826616
20936313
815742700
529128705
34874424
10707144
19348336
1871519098
1759359
199373294
126798500
4347276
5275982
626413030
33880
162774297
366857
11147745
46829559
361652802
548790
8307600
41683300
486010
4096380
77120
55782860
48088278
183048
536184
47291680
4496646
138180
2468610
41963331
16873860
1569984
10729686
64976871
10404430
22109116
1655610
7430670
41580
79377002
3804636
7365710
102089692
77153148
212582511
26212128
34451452
16143198
2326500
4232184
20784
93700780
11781360
12028632
9434826
896226346
3203520
525198
209305932
3228240
6430350
149612750
1162104
19478183
36063496
8547198
746394
36314568
370997644
86806740
24420
111572728
87360
8748912
124824
64593852
4992420
113644314
113493030
107228170
9201570
23167326
140232
145332234
1263756
150116268
29838290
418374348
91868325
23789592
11794814
797559876
5478100
317392726
1716030
10193370
12816
30297016
47830478
7325028
3673140
247170
3060220
122590
1038
802481388
4835376
244840100
113790450
1473108
123761850
2406180
246036
82113570
179376
129859439
130020
56433090
814582130
86583552
3196734
12210
13616976
47880
78936
17508056
1759064
8629012
241358416
21214108
17642508
189344562
7217262
2379006
604962786
313556165
89176895
7301160
9402660
1784430
405995350
8016525
308388
2270520
4609836
14458752
23295340
157333202
15561960
1555671
793692168
109489346
2438250
668913
1695180
839607054
348400
11893070
292083682
124710
1010700
98364
1030900
158276892
3486640
7135140
1868200
85477326
31643324
198850640
101293449
1400
242144
28867033
132314
16646160
132016944
69534695
43137072
285044364
29363906
278278
327816
31552583
289620471
11823838
97566
69095706
5984256
6839880
1268974432
445474229
14788644
127260
17779212
5108994
4811820
6486018
2671788
240286896
2266380
14233800
628848
31350123
53263450
3782856
284626376
21874512
14538300
359755
5671224
4052370
179838
7375200
435374166
4477968
48141896
223482792
1024692
234408
98688345
6910043
190548
860553959
231763738
8933166
910698862
11935215
23193258
791208
1310760
4078260
2559900
4441101
33130056
52360
3096970
2335080
1266396
1109540
659514126
2459912
1750104
48280880
113921224
24406404
9331791
20227278
186658062
75435606
40498163
56026620
1716030
71728488
1035335
51661220
50834370
14191965
78260
1212440
7444602
1506400
225660496
54206640
71287680
38471496
4757480
5255844
19572
50028
15740500
10501746
2845500
392484
164862427
10868484
69334420
17239184
129365796
474809072
15029800
64601424
4291980
50635650
61664435
154372260
87912988
23782146
1088748
812580
542032228
63350
292889910
289762828
408720
5818956
230814200
5413900
10510540
476521775
83540097
56655984
991770
29141288
6461580
134399278
30008118
949480
75702
7724232
41514330
26188932
37678725
64476215
13299978
8091930
91293900
59032540
570530544
48300
130830128
1677679516
79534
270977291
81807430
1882213518
108774483
787278402
47645782
600996
91476
23659946
1872280
130833846
10844250
54509204
146301688
477302099
38301120
1774128
2426402
169104
7434702
75513916
10891008
14771988
12653340
18343920
606732
6264
369930
1032240
371452452
73198704
2830992
27762
39175200
3862320
352524526
67056461
173460
2802852
607890
36418200
10958856
5488260
8419716
1754740
436506420
156734560
32102
149436764
2534220
111148752
50295982
8372566
7714410
42966
49338942
48008774
10541084
15067920
89175174
1512
48789844
270930
7822904
2476890
1435236
50787570
872520
3828649
194052
142519602
1056780
8995800
4526188
279273540
7589080
14637876
107646176
10041460
1306692
12820890
1569480
114978216
199585154
76084824
4081140
2017368
1100465
970752
1342056
436502946
64440118
92767179
49536636
78477312
756048
4789332
1467316
164328567
2565198
871945228
2086260
11573712
65000422
20441556
1806519
507073050
8998080
18907962
472719
266781684
1278962412
848880
62223252
12304663
14972730
1854853
503539026
27440
63426945
14013996
116228128
73164
147918411
517020
101442
21297906
16226106
8672940
1291224
10503756
13488462
26074865
814530
1819791022
36787575
4638420
24934078
139920
4885572
9052200
20707584
5131870
34473588
2844900
1187060
6631086
122430
95836623
92280
2468466
214243910
52497060
187196160
19322940
1380960
91622630
510211420
1015036108
50417428
43305203
283458
7892610
13296024
614962665
162500760
13472760
15402
11345880
223324738
105952776
79675876
7149924
265980
619531976
228000
182506428
4888036
3558490
16144026
57518981
480070920
292031364
457149168
3876028
20043624
2943057
166507860
1578570
127578886
567284736
87666326
1269180
51558
8553273
63632
11356842
2479617
28646031
211490880
36366512
66594660
27131580
341900684
32455872
304525234
57383898
2463164
4645950
18509808
12932712
386149745
4547556
119697072
38356446
15002530
10625384
8970
3026254
1094550
292095850
716176
99440
266204
1392
401072610
171165
974188
4073616
65410900
41177940
272760
149067093
2688840
170600388
3750438
1241190
102209546
5354460
101420129
685524
70227148
20138400
375481160
4743510
7139820
173712
11438958
3451812
155303650
166306402
3151040
202972
70290
79139634
657180
731722731
12061290
10034130
295129066
72889026
771162654
1122120
82138500
21696990
36640890
40392860
646632
477221488
135023909
31364016
59067162
9072800
148754370
545652
54645744
652144060
8339280
356967684
13674360
34232
6788896
16163472
1100016
191005460
3972540
12035808
648753
137660292
68121900
6538818
141829896
365700
25365918
68810898
63902
23460878
618800
649590
76631220
1354731978
16616484
11586444
286059480
18352188
478842
5604456
29410515
82951536
111749764
921150
1512560836
76237196
115878
29149464
17076744
613416662
153717785
1245240
144663024
489930
58235244
407509740
1035804
3867906
386919
9278680
148540
106630154
10127376
361077
19024770
446000950
45350310
3183684
230465568
320100
451472
124482400
6543210
962820
94930206
83701836
70027244
2912802
30315948
3317358
907700
129504351
39442010
236586318
5085600
946224
35414672
4342224
93321142
100920
10525908
78253454
272768842
633227700
41978670
91806
402656
609114
135023112
16485234
845790
34123410
566766
4271010
28501130
178099120
196579761
310962292
1141824
773604
297076583
3663560
40940040
159591878
19053185
244800
12498850
94344306
6673548
1095144
599318886
20069462
32760
60936
8516352
35979930
14836386
17311554
142548222
7515560
4749630
20719470
2339766
35293380
6574176
8710647
252966
3528140
92621086
8912260
3690
230487984
41011983
254060256
141152216
299268
270222495
39929680
115446408
101107748
4240
72189690
144144
6382510
2760240
51102816
84581120
932696
9530487
6532680
20160
332200
69707862
22258359
227670546
9728136
5159676
6075732
4437510
13963248
530640
14838516
90607246
3713580
9022302
14381566
8540532
1774710
24644004
50815422
262080
4752738
57443544
17178850
73240044
17691260
68606070
1781264398
4060185
24556512
98532
223354470
107834625
106525830
27590592
320292
8032026
19320
892320
125935974
80600730
638862492
49143556
2071608
22113996
10201080
9500634
1410536
828107
6539820
32906692
3090
37882330
39295872
100669380
1274592
13104
19373484
1561998
195239640
6477276
117275338
54593000
942312
3323776
241240
237868704
687298571
465477964
2613384
172224
4781436
8526354
93132
334345190
207637871
219872148
98439938
314057868
4381260
23981800
44002384
29112132
391482342
1757892
575484
40808464
173429520
4789512
1900122
1353
233359
12310662
1461138
331558548
1997366
153176370
139561240
419552
129832668
304042186
399168106
26337200
1156452
7342116
17416116
302440
152444124
3469440
189696
42893298
177300
226306450
225291012
13061610
6016250
87057
6706184
28955124
92652350
930356054
7649400
3339990
431466420
14786772
55129730
3767316
204930928
52305459
154700
3756762
20004336
91285620
219379983
287479188
18571160
297258
