0
0
43
0
0
-132
0
80
0
0
0
0
-211
43
-50
0
0
-3
-94
-65
0
-201
0
0
-22
0
-86
-577
-237
61
-38
-151
0
107
53
0
-73
0
-65
-72
-135
80
-75
-86
-293
80
-36
-86
-137
16
91
-74
-76
-151
-14
0
-198
-7
0
0
-141
181
0
0
0
0
-89
-77
-304
-198
128
-94
-87
0
49
-70
120
-78
0
191
114
7
0
-224
66
-15
0
-86
-7
26
-281
-398
0
0
30
0
-35
-20
36
0
-88
128
-113
-264
-394
0
-138
-384
74
-116
-118
48
0
-7
58
-301
-5
0
-127
26
186
-39
0
-142
-258
-86
-508
55
-104
-745
175
-676
0
-48
-2
-637
-172
-91
0
-112
8
0
0
0
29
-560
0
-77
-130
0
0
101
0
110
-1023
-703
0
0
-438
-577
292
0
-822
-316
-94
49
-218
-91
0
32
-30
-501
-575
-71
-191
0
203
0
-50
0
-76
0
-209
9
84
331
57
-360
-597
-61
-372
18
270
-225
-317
-680
-313
-233
-1
-412
-170
-159
282
-111
-343
95
-182
0
-63
-204
85
-47
-238
-531
72
-11
-97
-237
-177
481
0
-92
-23
110
0
-60
37
0
15
0
-844
77
424
-269
331
-22
0
-193
-42
-932
-31
22
-23
32
68
-274
0
26
-75
-105
-67
-180
-271
-49
0
229
45
-65
44
141
-203
0
35
75
-43
96
661
218
-98
-214
23
89
-307
85
-5
-63
-175
-720
0
-13
47
15
21
-20
-72
34
9
15
-417
0
0
-256
-309
0
-139
11
-311
0
0
-169
-121
-449
356
-888
-766
-6
25
1
0
-448
-160
-15
-106
74
-4
104
-425
40
-1144
-313
-598
-687
-143
-10
-209
10
-35
-960
-15
0
0
0
0
0
-164
-285
99
-258
209
-140
37
-197
82
458
0
-526
-88
0
-151
117
35
-226
0
0
0
-109
0
-662
277
-75
0
-218
-300
-80
54
-458
32
-391
-244
-204
-517
-215
-39
-169
-1667
72
0
-205
-1159
-191
95
97
227
131
1
-15
225
-9
-600
0
-29
0
164
-843
34
13
-854
-102
-136
-794
265
-1326
-217
0
-873
117
-146
-10
-449
0
-20
-68
-467
-462
-1107
37
-178
304
117
115
74
0
2
-1319
-516
-466
-416
0
84
-437
190
246
-109
-384
214
-95
-169
107
-247
396
-191
-230
102
-29
9
-32
-16
570
-15
284
-56
-109
-778
-99
-1094
-750
0
-326
0
22
-105
-185
59
-134
-959
-628
-36
0
162
-449
-1547
-52
-878
10
-563
-180
-65
-1788
95
-274
0
1
-2032
0
0
33
0
-136
106
-150
-365
46
-87
0
-633
-92
-147
0
0
-527
563
-328
-83
-213
-33
-88
0
0
38
-328
-70
246
110
114
-1436
18
-25
-52
-14
46
16
-17
-6
201
19
-385
-1231
125
-142
-71
-2035
-194
0
-23
-1210
-146
-232
-619
196
81
-434
-1219
-556
0
-322
-87
-657
-93
194
-701
-338
433
-59
-231
0
109
-97
356
16
-91
-513
-495
-339
-911
-148
280
-416
0
-645
-908
-252
-974
-883
35
-1241
-241
-19
0
-158
142
226
-201
-194
-147
-217
-34
-28
-449
26
402
-114
-409
48
-59
159
313
-17
-180
0
-412
-99
29
-1016
-346
-129
-145
0
-1724
-426
-384
-391
10
21
-148
0
-1645
-188
-19
116
39
652
-118
-155
0
758
-40
0
-118
-424
-10
44
-122
644
171
0
288
39
154
16
-615
593
30
513
455
0
0
260
32
0
-542
-55
443
53
-156
167
-1495
99
-489
156
-1
-883
-48
-331
-533
99
17
-401
14
-349
-115
590
572
-449
-56
36
-417
-186
-536
-131
0
0
210
-81
-78
0
-181
89
506
199
-251
366
-1023
-369
-13
319
-65
-18
-182
-184
-27
-96
-1820
251
17
170
50
-1473
16
-390
152
-320
0
-76
313
-724
-120
-710
281
-1174
-334
9
-388
-413
-25
-67
-45
120
165
0
-1408
-75
143
-790
0
-149
34
70
-94
-31
-1296
-879
-535
-179
-24
-62
-29
329
94
0
-258
-867
-756
-285
-1629
178
-38
-361
-139
-57
-62
-236
-14
-38
-215
-596
-294
14
-642
126
-1913
235
93
-269
-111
53
-258
-144
619
192
96
-40
-102
-1412
0
78
140
-27
-135
8
1
173
-951
226
-94
-121
99
-452
16
-2
-301
-91
285
388
-184
315
142
98
127
-26
-111
-845
-53
262
-363
54
56
-604
-218
-1735
-1100
70
-794
449
-152
86
-356
42
383
55
-300
0
-8
10
36
-53
326
328
-258
-902
-2310
-19
278
0
124
-211
-3
-2065
-49
49
-226
23
-77
1000
-36
350
67
73
-488
228
-1850
-195
-328
-444
-247
-2026
-408
565
113
-595
-543
61
-4
-317
519
11
-325
-297
0
0
840
90
-1905
526
265
-2467
168
-160
203
-1163
-331
-176
-290
-509
-1393
148
919
468
-2089
54
-371
-873
190
-19
-5
-141
-9
-2649
0
101
-6
-243
0
-387
183
-1269
-1310
-500
-336
47
267
-142
-69
-2435
150
-5
240
-414
590
34
90
-200
-325
-76
-2456
-714
0
303
73
-384
603
-492
-389
-494
-77
-434
-31
3
-46
-1667
-9
-353
-2435
241
198
-1574
32
98
-98
-25
-308
-317
-35
718
-2518
45
60
-8
-278
38
325
-340
-450
-178
-268
301
-8
140
426
-1900
-302
-518
-538
35
0
-709
382
161
-113
-924
509
-164
0
-316
-2431
866
-715
235
-1697
0
-104
-90
-35
-43
-527
-404
-413
664
-572
49
2
53
85
-54
-6
236
-334
-172
-725
12
0
-531
174
-49
-2427
38
-111
154
-192
-182
-824
-380
-993
-1685
771
-92
-749
-132
284
215
0
-328
-231
840
0
38
95
36
674
204
-1248
98
-2018
693
0
-1224
-278
-50
622
11
336
-204
288
-180
686
-1097
-106
-100
-275
-448
137
-647
0
176
170
115
-367
-589
0
516
-22
489
431
-161
-580
0
544
-256
-204
-20
194
-397
-448
-6
100
-55
-760
465
91
-259
597
0
207
-152
-178
-1156
0
42
-50
-171
-1931
868
-456
73
26
-1816
320
289
98
-426
-1347
-128
-113
0
-129
-848
-233
-145
450
-1296
-437
109
-174
263
-66
0
-268
-519
-66
-1745
123
559
-211
-1381
237
-113
-1255
-91
-179
-419
37
-12
41
-1544
-2241
-54
-149
549
36
208
334
-1970
-1959
-178
-82
105
-94
92
-118
461
-1511
-226
196
-41
432
-973
-325
-303
-43
-275
94
149
214
498
579
-98
-112
-333
21
-282
46
-111
-146
17
105
-33
-2207
950
93
-581
0
273
190
424
393
-2177
139
85
25
-368
-103
937
0
471
36
792
-457
259
139
-1800
286
18
-1223
-24
697
17
-1197
-195
39
-165
-53
172
-505
-157
703
381
-93
-139
109
-13
316
-133
-42
0
462
-86
-332
-448
-1667
-334
-3
-59
15
739
76
-1613
72
-298
-109
82
-165
182
-100
314
-207
136
378
-932
-331
-76
-1517
-2377
-54
124
798
0
-484
1042
-145
175
-1812
-545
736
69
-35
-517
402
0
-2
-86
-16
0
57
-317
75
-1702
-805
0
-68
742
139
82
-126
-215
117
-13
-641
-243
-477
167
-1051
108
107
147
-53
-1372
0
12
102
237
-177
699
83
-1442
-110
-2295
268
-2300
-176
-1611
885
-856
-30
-185
-53
181
242
-13
78
122
-302
-750
-126
-441
-824
141
-2106
235
0
-181
-110
-180
548
551
-166
-307
81
63
-478
63
53
202
-176
389
71
-186
-331
-472
-2272
11
317
314
-478
213
-542
-2235
206
-210
-51
-276
-265
673
-274
-337
2
383
-70
-556
122
-27
-470
18
-92
105
-501
-1390
-86
-752
-655
-26
-1423
-311
-3090
77
-1024
0
55
172
-1249
58
33
-14
-1212
179
-439
-735
20
0
499
-142
-1438
-1452
-244
-192
1281
-392
363
-248
-578
-1680
-171
-30
-93
624
-730
22
241
-354
-50
94
-61
244
30
-1825
408
216
-170
91
22
0
920
37
523
329
-48
-225
790
-1823
-691
-123
-116
0
165
-69
-161
33
42
344
22
123
117
-94
171
-532
-639
-186
671
-306
2
-366
-2132
-471
25
680
-325
-1368
0
-993
-731
-749
767
-116
-606
-117
-1631
-99
0
-2163
-271
600
-47
-2345
-326
372
863
-263
-656
-93
61
97
-1851
432
145
14
-196
-40
219
-296
-42
-810
216
25
-1304
56
-92
-2179
-267
-1031
-416
68
565
7
0
433
272
290
119
6
-2893
205
-152
538
-228
-51
190
-717
-717
-1420
196
458
-73
-237
-250
404
1112
-127
44
-937
-379
423
207
249
792
471
-383
-103
-68
0
-98
10
701
-406
-570
-536
-372
-1011
-2544
-160
-548
-119
-417
-103
-122
502
-1845
322
-96
-6
228
27
-730
38
-57
-443
-113
8
842
262
69
-72
-305
106
452
-628
428
537
-28
-309
-499
95
-1112
66
-89
-15
-1259
-397
-1547
0
-2753
-117
-328
-2507
-89
-135
17
-2438
679
0
248
-405
-575
57
212
-1307
-269
-157
46
-642
789
-785
302
-916
13
-22
-515
192
-111
30
198
-456
293
-4
-141
-96
8
97
72
-299
-66
-25
-59
21
901
101
-108
-224
125
-91
36
-2859
0
-44
-452
-205
210
-488
-1046
152
-3517
-984
-368
422
-435
36
0
-228
120
89
33
-178
-30
-62
-2102
-272
-676
213
-205
582
-43
-14
-657
244
-488
-1674
604
149
302
-537
-1345
-372
-483
320
-104
366
-175
-3096
-331
-40
164
-3038
-1508
179
-803
6
18
23
831
-227
-50
-111
-27
-135
-341
-2167
-35
29
536
206
114
-225
-74
-149
-61
-2611
1030
-488
-399
-193
100
-2987
-56
405
-929
-191
126
-574
-233
-687
165
17
-1144
-1582
-1021
-818
-1903
-24
-112
361
754
169
-1999
83
-408
-259
474
-93
577
-235
-68
226
-91
204
-157
-284
107
419
0
-1
466
420
0
63
-2224
-1427
85
190
21
-816
-1
-367
-3644
728
-365
-360
249
137
-197
0
-85
71
-90
-2733
221
-469
53
148
-385
-379
-848
291
341
201
-415
-65
395
236
57
17
233
-31
-1575
-32
0
927
-129
365
170
-1670
-1917
177
854
-1936
256
159
196
-596
203
-249
-1081
67
151
-2689
-349
-546
-127
227
-591
-56
-152
-2456
-1224
0
-1398
792
243
1094
621
-1543
-1477
-54
-201
-3
177
131
-1968
400
0
124
659
453
-2876
-2
-51
191
0
-22
345
-1463
64
11
803
-604
-9
-1402
-31
181
816
899
377
900
16
51
144
1072
-3630
-2407
382
37
-528
-122
286
-430
26
-114
-3069
-575
-391
15
-2017
-266
59
-744
81
-413
0
187
-4
82
-406
966
343
97
566
951
-101
59
-3730
-3364
0
-91
-100
-91
619
269
-70
127
-65
-215
-175
25
213
324
-4229
-201
430
343
-809
59
-625
346
-182
95
126
-238
-341
621
27
306
-53
-654
-410
0
480
48
-46
449
82
-24
-4
624
286
-2727
-301
851
-582
128
-214
-302
-1677
-1799
-96
786
95
-2837
32
1131
44
756
-239
211
-815
-79
363
5
583
95
437
59
531
-828
955
186
-1049
-2404
-204
-1201
-8
-86
-166
-6
-1119
47
78
295
33
-177
639
303
-59
-319
-167
3
-22
-57
206
-565
-772
115
-230
317
34
-2459
62
93
387
125
192
204
211
1151
91
84
-183
574
-409
-1245
-579
-58
343
-767
317
477
-40
-461
311
226
416
248
-3546
411
-145
-113
-7
-1057
-4
10
613
79
-246
-512
151
1461
378
59
29
-1032
-188
-2036
-203
-267
-1660
-2432
-436
-94
86
61
-2085
120
-31
-2783
38
467
-200
593
-120
145
0
-263
771
81
62
963
-5
87
379
-4262
-60
-42
-819
-739
404
109
-419
-12
-3226
-176
370
392
-1727
289
0
-65
-3442
106
57
-197
-49
-154
-323
511
186
244
-3081
-691
-4159
-254
-916
-565
228
-105
-2462
1
-23
-3226
-2925
-295
167
-177
-388
-230
-193
-258
483
-2952
-1151
-795
219
-147
-4892
598
409
1213
-203
531
33
-1479
910
-1978
-219
281
-16
-39
401
91
207
452
-1712
345
-952
17
356
-2093
-3250
-498
-97
-1161
-3828
-284
-15
504
0
-191
-724
158
191
22
89
266
-2152
755
305
-473
39
-1753
285
-860
-846
320
119
-783
-123
32
-195
-227
0
-1909
48
-211
116
-1635
-347
-745
-1190
-3607
0
-79
0
295
-264
-2974
-88
0
-429
-649
330
61
289
559
-218
284
-1023
-534
46
-20
-282
1253
7
62
133
-215
-986
-3049
1240
-4362
-4576
-2900
-1491
56
-39
185
921
-237
-247
-169
-231
-418
-324
-129
-574
164
-163
-14
254
-3113
0
10
-413
107
132
-956
-616
-799
387
114
-33
-341
-17
-4317
0
-1062
-508
-1760
-50
-3700
93
822
613
-25
-232
-179
-1413
298
-238
-962
-808
-536
-4109
-258
-32
-487
222
-4019
365
365
617
-476
202
289
261
-82
850
108
102
71
237
-1566
-245
2043
-331
-3760
286
747
-9
161
-478
-780
70
712
-60
-2862
175
-6
-480
-73
-181
-696
163
85
277
27
-862
-9
164
808
148
100
924
-232
377
-331
-3366
-623
-1312
161
-2677
-490
-295
74
180
-642
-3922
-1845
532
-3008
0
-1763
174
-1
-4644
149
-42
-359
-276
-263
868
-720
105
-168
0
-58
-124
609
-348
-414
-356
515
-24
139
-1487
-1140
-1047
-3475
-3570
-3827
-306
-271
60
208
-2931
-1550
-56
897
-1802
215
403
-3899
-417
-1379
-1172
22
-406
-233
-16
-112
73
462
99
182
922
-567
-48
-505
-420
5
-452
-4152
17
0
-44
-60
-1068
31
-465
-1092
-1616
452
-1272
122
-572
-985
-483
473
-48
611
1073
-3458
2183
-3631
376
-7
-665
-63
-41
-251
364
242
-395
-2771
-56
553
-378
590
9
-98
52
-58
-3554
-240
0
501
-18
-2422
-56
-157
-3390
36
0
-420
114
161
-1122
5
-124
418
-5598
-488
14
751
-3023
-3651
-5611
-250
-143
111
-1143
-443
-1408
-1374
270
-638
-69
0
-506
502
403
-7
-423
536
-100
52
166
576
-2230
1584
278
350
133
-53
264
397
516
1078
177
-1621
-253
-81
-3101
453
-98
699
-1125
228
554
-5100
-3408
0
-94
-404
55
141
-490
-432
131
-355
26
196
171
317
-147
402
-47
39
-1576
786
-198
-5354
-534
-1716
764
-628
309
-1268
-343
486
-264
-3752
-1238
-1407
18
-1788
342
-105
-259
7
182
-1499
705
418
-368
-282
340
-1697
-509
-1085
-2771
-357
-974
-262
250
5
-237
-270
-672
62
22
-1321
63
530
-568
-1177
-355
-2311
-2192
-506
-129
-888
-265
1800
-976
-775
-2998
276
231
-407
-248
-145
-3301
-6411
250
-3028
350
-4902
-1244
-5791
-221
-3059
0
60
-47
-2263
343
87
-334
-94
-1093
-529
660
-60
1278
0
408
223
-94
-116
11
140
0
1124
296
-686
-190
-984
-209
205
-679
-1208
165
-1040
687
1120
277
0
130
-225
214
1422
-95
106
-1122
-738
115
-127
-98
-1330
1535
43
-205
-3123
-1007
1652
-3628
-133
-42
-230
-2044
-1146
-2178
295
389
-3890
-1154
-331
888
178
367
44
95
-18
514
96
14
922
1872
186
484
11
232
-1186
1313
226
75
-235
452
454
-64
-194
-311
194
-1188
53
128
-131
-278
147
773
-126
-758
338
-2257
149
-121
1143
283
-27
-44
-745
-28
-1017
-69
530
450
281
905
-140
276
86
-464
-565
-95
-9
821
-266
303
-1153
481
51
40
-143
-1125
80
-492
-286
19
383
3
76
-940
1055
93
337
226
1251
2
-97
-1526
339
55
62
-497
-867
0
-117
732
-786
616
1134
-57
-97
-1
234
-1919
14
597
-3
657
162
-4116
-2943
268
527
-6161
735
0
491
-376
299
-161
67
366
31
-707
-439
-93
-912
1040
-225
337
48
150
9
199
-3714
551
-874
-1947
-564
13
437
-4109
-474
2
-40
-42
179
18
-828
-1275
-19
730
-125
-1156
-3070
357
307
-1715
-356
-3752
32
-235
-67
-386
-674
709
-986
251
0
1100
55
-126
251
586
-1545
870
454
-103
-1
-149
341
-1177
-54
-179
-1881
145
503
695
-5
-80
0
-489
-134
-1689
860
-1142
-170
-4651
165
255
186
460
2235
-279
287
-1259
355
-1245
1111
1001
-838
1006
-359
2910
-2774
868
1597
-1857
1126
13
-1406
476
10
39
-2710
-96
1167
35
136
358
-1477
-349
-133
-2529
-1981
-3
-168
-1412
573
-112
460
255
159
-307
-18
-2828
-20
-1109
848
-585
525
-1591
-98
-136
-71
499
-3630
-1465
-832
-351
1056
37
25
-247
-4715
479
-39
-97
-1068
153
0
-4370
-185
-5955
-66
122
-645
-440
-1
-1527
-2673
30
153
-201
230
-619
442
1070
103
-582
-613
-7
361
-146
-1633
-128
286
-407
242
-1467
-390
-4491
-51
987
0
-237
-966
550
181
338
-90
-263
-1972
-670
67
-4441
-1884
-2089
-92
-214
916
291
-4
146
-2602
-1
-876
-42
20
-318
-120
-250
15
-1649
-1622
-307
159
-1854
-796
-47
-664
504
-258
-719
-13
6
130
232
-159
51
-3900
-58
-221
232
895
-633
118
-3
543
62
-799
434
-28
-882
-527
162
703
313
-2630
-2166
-220
417
-169
-3243
-4310
-2218
-189
384
-5548
-1680
-42
-3108
-1415
178
520
1002
1424
-132
0
-3133
-847
636
-406
50
530
-75
-706
-2750
-4825
-489
-4005
216
602
-1891
0
533
-415
-1501
160
-32
933
1173
-174
-231
-1623
918
104
215
-1280
0
124
355
-400
-209
-31
-663
36
26
-275
-143
-509
-2165
197
-234
461
73
467
-160
234
-778
17
-1256
-2504
1759
-483
-3681
143
-2831
64
-173
-23
0
-628
-94
-180
831
-83
949
-18
-3
251
279
879
983
138
42
483
258
-725
-21
15
1282
-357
-73
938
-108
-3
816
-4339
-42
-421
621
19
632
-2210
-98
1378
-101
-623
-6692
274
68
-66
0
-1812
-4810
136
19
-122
59
44
-59
-115
-78
-3767
-96
30
378
43
-350
408
0
-919
-3295
-111
392
0
101
1075
-93
9
-733
525
-617
282
-219
-1527
0
-107
-42
-1216
84
60
-2027
-1060
566
244
191
23
624
1520
1415
-3567
-2671
-746
723
113
-973
176
69
398
-4038
-733
-905
232
-5776
255
-245
-539
-321
39
235
796
-198
-2243
-3793
-46
0
-739
-5744
-1164
156
-42
-1270
-20
-1178
-773
34
-11
-4315
508
-4307
120
-5225
-1104
-1438
959
739
-14
-1995
-209
-1173
448
279
603
-601
155
-17
455
-293
356
51
-1582
139
490
1338
-52
347
276
-1351
-5585
0
-138
-1198
16
189
-2019
1114
431
-289
-80
306
-2700
-2380
-692
272
-607
-138
2516
544
586
-240
72
1125
19
-717
-1644
742
-2898
-3151
-112
440
0
-482
0
-174
-3101
330
1524
-871
213
1084
514
21
-943
-318
10
-558
140
-136
206
-2900
-72
603
-410
1127
2968
291
-45
383
-3112
-1840
68
65
-2119
42
-596
540
175
-2814
820
-2417
-4154
-1101
655
715
-7
-1436
-2
1040
610
-22
-136
-170
-48
59
-716
340
-283
452
-661
-1964
306
130
262
-421
0
303
-1521
-2
-181
-554
-400
529
254
48
-169
-4712
613
256
235
28
25
103
280
42
434
87
209
303
-49
-812
1369
-109
726
214
1113
-419
377
200
1070
90
79
-18
1632
31
84
-67
720
1032
478
8
-1149
51
-3146
-25
-130
1244
-3864
222
-169
44
417
-139
-88
161
38
229
-4242
776
-52
-635
-306
838
707
-268
-4388
19
222
757
-501
87
-333
2512
164
-223
-123
143
-515
-370
202
25
-1837
178
1861
213
-105
-3091
-1112
311
-4068
75
0
-601
410
304
156
526
789
0
77
591
218
-3170
-707
262
64
965
-41
1447
617
-508
51
670
466
-3251
-1667
412
-93
175
-3897
-3156
47
-571
420
-1890
132
-1841
111
-2313
175
907
-631
-4127
0
-525
751
-221
-2158
620
158
355
-724
-1819
79
-319
191
59
-160
-230
-596
-282
-2013
-2432
1988
21
81
-2750
198
521
-760
-46
-1292
1043
141
449
-678
477
-518
188
-289
578
33
173
-19
366
-5752
36
575
333
68
-21
-71
777
-338
-75
293
339
1269
-599
-59
-870
83
342
-1899
90
-3325
-1703
-11
-1244
236
146
1233
-73
254
243
-4451
223
1218
182
328
-36
-156
204
-1260
-3401
-172
0
-532
-2952
-305
559
29
704
1142
154
-920
-136
629
-2858
-185
-559
-116
403
15
127
19
-858
-927
1507
-2067
-46
858
538
-156
155
-352
-157
0
-3345
-1018
55
177
509
0
-971
-751
92
155
-927
-3283
9
-152
0
330
-99
-34
576
208
-2091
197
-295
-2092
-172
-724
130
-112
643
-26
-126
-197
-567
853
581
111
0
-2675
1219
-38
36
-36
-1138
505
289
598
-130
-746
252
109
175
0
431
-287
-56
53
364
-438
-22
-536
-61
-159
-133
-143
131
-526
226
0
-90
652
815
-187
-397
-325
-320
493
-361
297
143
896
-1059
-4426
-598
-1386
1533
-306
-131
-309
-95
423
45
222
-300
0
-1264
-45
34
-94
375
-64
19
-811
-460
188
617
138
111
-45
267
887
-1225
-1099
-2377
-1904
3785
180
699
692
490
-26
-168
-2897
530
464
148
523
361
-1123
649
-3365
-1085
1433
832
-2007
949
-52
82
1693
1548
-164
117
-450
31
-1049
-22
-450
144
645
954
395
178
-3249
-422
-207
-12
-21
53
-978
566
710
540
20
288
968
431
-2403
1862
-4281
-768
78
139
-470
-1677
809
-58
-1644
70
-382
-4019
-993
-2601
-165
0
690
-611
324
77
-1595
-273
13
565
82
246
727
119
-4938
-4366
-365
-33
-323
168
1772
-951
-1278
108
-790
-1200
159
-123
290
255
-1316
-361
-95
-2802
-3336
-263
-1471
-2107
-744
2129
-4856
-1014
-3703
-302
-105
580
-3866
-508
224
-2523
-2867
1151
70
397
-819
-88
338
-5178
499
26
-238
34
503
309
65
1932
886
-3552
-1672
5
-238
-447
0
-151
119
-368
-566
-261
-2105
-165
120
-2171
-790
-122
497
-374
-2732
-93
-3838
-2465
244
-540
-41
959
-111
-186
-2298
-86
51
1034
103
-27
-88
-2755
-966
-343
-49
202
-55
-1350
-2066
504
-631
-1446
110
-191
480
533
162
-44
65
-2531
-1144
-1835
0
334
-3346
-1127
1067
793
-141
1212
189
-474
126
-458
90
37
854
-1147
-331
162
-612
-601
822
308
-2263
-423
0
773
16
298
1505
-1623
-55
-3318
-273
526
-486
-2206
97
27
-124
-3045
374
689
-330
-1508
-4903
442
38
0
-1697
-296
-240
581
222
-2320
-364
-329
-547
21
-2689
72
-1583
-535
-39
-35
-1398
152
284
1240
-649
502
20
-364
1169
445
111
-3607
410
717
547
-399
316
556
-190
-1009
-1072
-475
-1385
71
1586
-1945
1672
831
203
455
-31
13
-331
-2217
-534
-22
521
-3577
283
131
147
-56
-258
440
-255
-389
401
-316
-716
-110
597
1075
-2695
622
-115
84
-2678
-106
-1445
-399
-8
-1639
-159
-22
-534
513
110
-1337
-741
580
-462
280
134
29
1690
-1556
1138
365
-197
-22
757
1103
-2525
421
741
-1182
-7
155
1182
-835
-513
-97
-3525
37
-2074
23
356
11
-1134
235
256
498
-167
568
579
790
999
1887
-195
136
-57
-636
995
-959
220
-188
75
-616
-945
342
-2997
1867
-387
9
1471
126
1095
526
1538
-761
320
-119
-2652
167
-498
304
-729
179
-379
849
-37
-698
-3
-211
547
560
-257
-861
0
-1690
-948
144
-80
-19
-85
-161
-835
733
205
-79
289
103
542
-544
-182
1050
548
-4345
-84
221
899
-39
598
-851
-1194
42
126
127
-4
-1245
-3728
-412
-453
120
665
-2651
543
-56
770
-311
-78
1404
1277
963
-1589
-343
250
-706
-154
-295
-70
555
145
165
-445
-650
-192
269
110
108
-3935
359
196
164
-97
1365
-167
-312
-1121
-240
-1019
170
35
-1668
516
295
-11
-666
-558
299
113
1800
-32
542
-31
228
-386
12
-314
612
-69
308
273
-966
352
-269
509
-990
315
797
-111
1073
-2222
-6
-8
-377
30
-426
-134
37
-363
-1552
78
-264
416
-2053
-63
-232
-2470
130
419
-546
137
-133
-64
45
-1207
-79
2
-2594
96
639
354
-151
9
-69
539
775
1031
-94
-233
2059
-188
1618
-2049
-286
639
5
-759
504
757
302
-220
-174
93
-26
-148
-83
439
-3997
1377
-228
-993
1383
-1614
74
503
-181
1156
-251
951
-775
-129
402
-1331
-85
72
866
28
121
-1405
-1205
-9
-1215
-63
16
219
332
-60
-577
-926
0
-428
-29
0
516
-656
-94
-194
-202
1896
709
-118
-1589
-629
109
618
135
469
279
-103
-1306
197
-1692
385
1177
160
-428
33
-380
-31
-696
76
-564
-1254
3
442
-1487
-500
524
109
-682
382
-1002
249
59
8
-581
-212
1591
-330
-1264
-41
500
-358
776
-39
60
118
-655
364
0
291
152
609
1029
0
172
278
171
-457
-185
-1816
-864
101
145
-104
-386
-927
202
-101
91
-291
573
394
23
-61
-253
-251
-3040
1229
-584
124
-59
-208
632
558
982
-2714
68
2994
104
-56
-332
-152
330
-1076
-1226
0
-455
160
144
27
163
49
-30
-49
-2155
-3205
301
1171
84
869
216
261
-1300
797
1108
-487
-398
-75
-383
-307
-1005
-125
-2301
-470
-3519
-2579
851
412
-283
893
-1879
-65
108
101
-861
716
-476
-3305
-549
-4548
-126
452
47
-357
241
120
-44
90
-2493
228
-867
39
-729
885
475
-48
258
-142
-1164
205
-4
575
-508
-1424
8
-3153
124
184
161
16
-71
755
-3422
-1006
-1456
-280
1406
502
508
-253
-1087
-2274
-232
1641
-571
12
1516
-996
1160
-2829
125
-852
384
286
92
-963
-192
-234
356
-496
325
-574
-310
78
-333
-41
-809
-4865
-5405
773
-445
74
-1276
-182
-172
0
-2877
-2282
-3330
795
-191
-222
439
-476
615
931
224
545
-11
291
-1741
161
83
-1278
263
667
-1326
392
381
-323
583
5
-1738
451
-923
-554
-224
604
-3292
-93
-4103
137
-371
-3440
230
-2530
258
-334
-1903
-381
72
-215
-598
1534
-1180
-240
85
-1477
120
446
630
-1099
-1462
-886
-561
292
358
-1003
-563
321
801
873
-26
-1516
6
34
-496
290
-2521
-16
-2373
-1138
346
1173
-371
31
-162
41
1152
-1065
-1852
-676
-91
249
1084
246
-735
4
-540
-2568
663
-1067
61
86
-446
-2521
596
737
172
-2931
892
-1285
0
1761
-3739
-1629
451
200
-785
743
182
-1198
194
127
-2455
-1618
-33
-383
-1556
-79
53
540
-142
-27
30
441
-261
274
-2055
604
-306
-1891
538
0
-460
-2107
393
-155
54
349
70
-2112
-825
-297
751
56
-47
-2317
354
218
57
-23
389
-84
-2045
102
-1163
-70
-4122
492
-4395
590
255
236
1608
-1317
98
171
1786
-523
-303
-676
302
297
-237
1
34
-444
-22
-1216
-290
-2198
-3026
563
-2831
-1007
-237
147
381
-363
85
38
-3141
-467
2
1650
109
1071
-100
-55
12
1001
765
-559
-4783
83
-1232
-91
-1159
215
-809
-106
-2602
-329
475
-71
-197
0
51
-724
243
97
0
-32
333
-725
271
252
-18
1031
114
126
102
-208
-601
-171
-86
533
450
-706
-428
435
1745
203
-621
-50
-131
122
-1149
-835
-90
-2015
133
-1400
-4
18
-459
1019
1182
-1187
-104
76
1406
-120
-572
335
38
-2
-34
997
-1335
-45
363
-391
86
-810
168
-466
-166
-9
-374
-200
273
699
-1418
-630
108
451
-356
-8
-347
-388
361
173
211
-238
-289
-508
197
683
76
-3000
3153
-283
-124
-89
-1831
1011
686
1514
-1378
739
1152
-2110
27
-917
-644
-172
-67
-450
8
-2568
1515
414
-57
-208
66
-826
2
167
-736
-1919
246
-300
-1203
-746
230
-2638
7
-987
-1978
-4155
55
-208
-313
1205
216
-274
-900
-380
-408
-2730
1378
2212
-799
-333
-1488
-4470
585
77
162
-19
-1609
1844
112
310
-783
-32
-1239
-258
231
-1832
-2667
61
785
316
-2
-1007
-384
-486
-3427
-3941
1799
-1552
-174
739
267
694
-287
807
-2663
-695
792
-279
-285
285
-1182
-16
-227
-12
148
