0
0
0
0
32
0
-25
0
-69
0
-11
-25
-160
-116
0
-151
0
0
0
0
0
0
40
206
0
0
-25
63
-162
-93
90
91
72
0
47
0
0
37
0
0
0
81
-139
-73
0
-46
0
0
-22
153
18
0
0
-172
138
-22
-116
0
0
0
94
-73
-132
0
0
-102
-46
0
0
-37
69
0
0
-136
-4
0
0
-237
0
0
0
-85
-94
-25
-102
56
-94
59
0
0
-167
36
0
-107
59
-298
26
-150
-62
-328
36
67
5
-302
-30
86
-11
-10
0
-82
-36
-179
0
0
0
-94
109
0
249
76
188
27
0
102
0
-22
-14
53
0
-179
-110
10
0
0
82
-39
148
191
0
-9
0
-8
-13
-118
-22
0
80
-41
99
142
0
-47
-45
0
0
24
0
-308
-102
-118
0
-232
98
0
0
95
227
0
-107
0
168
199
0
0
-86
52
0
0
-320
-207
-186
-129
-522
-62
0
-367
-154
0
0
184
81
-4
0
18
27
0
72
-95
0
0
-79
-61
81
0
-244
-79
-62
0
0
462
97
-409
-208
51
55
-49
379
45
-18
219
-90
-418
-117
62
-56
0
337
0
-47
0
357
0
134
0
217
-261
-311
-84
0
39
-87
0
-162
-230
-14
56
-8
-244
-531
75
17
50
-65
-114
-24
0
-15
-203
14
0
-282
-34
480
47
-58
-1
0
196
320
132
-259
0
53
-6
315
-466
64
0
-19
-4
-79
141
0
-268
266
-294
-34
0
-48
-156
-245
-4
398
0
-156
53
-75
-53
-114
-27
0
-74
-179
57
2
-53
4
811
-4
0
-455
213
-102
-276
113
-121
189
398
0
-182
105
31
165
-146
-9
383
-41
157
-53
136
14
118
-11
-313
-63
-99
-177
-64
-186
-363
-12
276
154
262
-476
60
45
123
-85
212
63
508
-163
-611
-15
1
-90
-218
-378
-108
0
11
58
6
145
-284
-154
-50
-258
226
0
-34
150
0
151
-13
488
-39
-74
-140
107
140
140
193
0
10
-105
60
233
-68
147
184
-66
-203
-189
0
-118
163
30
210
468
-208
10
0
-191
501
0
74
97
108
72
347
-153
39
0
178
-541
1
-494
4
-448
0
0
471
0
-476
0
220
0
-22
254
-351
-130
758
147
16
-55
324
256
0
184
596
-422
211
0
-83
0
-418
529
0
-122
33
20
35
-529
-31
-59
0
0
236
-49
309
261
0
0
0
-281
145
328
-180
-199
82
-73
497
79
-171
201
-374
-265
-197
123
-103
371
41
-48
-120
-22
36
-56
586
10
-82
59
388
73
-34
0
-214
0
93
124
43
32
-202
90
174
0
70
-195
27
-71
96
58
-195
-560
-454
-147
-54
40
87
-73
-102
125
-318
161
350
-111
159
-187
0
0
794
114
176
196
-233
267
-170
70
12
-38
316
573
0
211
-180
145
121
173
-54
-188
78
134
128
-371
-39
-366
29
162
46
170
34
-40
68
-207
58
193
-74
121
109
84
-12
180
25
236
1
111
0
187
224
38
514
55
84
47
-103
86
205
411
-368
178
250
377
0
473
-978
109
-294
0
353
-709
903
-33
188
195
-49
-13
138
-310
-55
343
189
0
-154
-59
367
435
346
-547
-71
249
94
62
303
490
-299
67
399
-23
212
25
-265
29
-574
0
-181
107
394
60
540
9
125
-263
-89
151
-120
-248
7
-4
-321
0
45
148
-55
24
-84
113
-171
0
18
27
454
-232
-42
145
-26
-201
-119
0
20
350
355
24
502
209
0
134
96
605
12
122
0
-44
46
47
212
1103
-130
210
-71
0
0
567
1120
220
181
-72
-211
235
148
-129
-69
-63
-46
-74
-164
524
260
1352
74
155
-236
0
0
0
-4
108
-311
115
825
-16
89
607
191
360
-3
-257
562
111
82
26
0
62
363
-153
-26
-143
925
538
365
922
-164
0
-38
114
-73
-29
509
344
-196
-62
14
120
52
147
47
56
252
76
159
-21
164
-1
13
903
287
-84
0
251
0
385
-436
0
-51
446
0
-13
0
-178
-443
26
298
101
0
993
-194
-37
441
-71
2
76
-393
38
757
0
60
0
55
106
637
28
-179
-564
0
-38
-340
531
69
-68
-273
280
-111
-381
-106
85
0
-273
271
0
0
202
163
60
507
241
522
-182
87
255
0
-80
-41
97
339
0
75
-15
-3
-51
-715
1055
-265
-291
75
-503
0
-33
-85
254
72
-725
-21
-104
-307
-315
242
44
381
288
-64
-111
390
140
0
218
147
0
30
84
-221
189
-31
219
214
80
-314
-174
185
156
-202
174
388
0
0
168
427
-184
16
-242
130
-11
-38
9
63
-27
-211
163
247
-165
22
-504
98
25
-135
-70
-80
-520
-50
-187
191
-165
-67
0
0
-59
240
0
633
-709
-461
10
-134
193
-300
-43
-173
728
621
6
58
-160
290
0
-133
117
73
0
-99
11
-61
139
-252
88
-137
-141
148
-802
0
0
-74
-256
-154
-255
0
-79
89
0
-1415
321
-151
-581
7
-616
367
-29
517
534
398
91
-550
73
-184
800
112
369
-158
0
710
-79
580
-73
-55
-150
-96
377
-672
31
-629
79
140
-172
-261
-255
-109
260
163
28
-196
369
982
142
-188
-79
-161
305
55
-492
-667
335
0
56
239
-131
429
-60
872
32
90
-79
65
573
346
-114
-403
200
-573
544
0
250
0
-307
129
-452
1
-634
451
-47
-2
982
-337
-70
15
139
-151
-642
553
570
1061
395
509
-1443
-534
107
824
-146
-860
-393
18
-945
311
-109
-290
467
0
-273
-635
-643
234
-210
-45
22
158
214
-222
-152
341
-415
-404
121
65
-220
-56
0
-863
-1047
52
153
-52
140
-11
108
-39
194
39
57
-287
78
-117
411
-1
15
90
-130
-49
108
-601
353
-385
312
115
-172
-176
108
-936
52
-263
12
-76
-88
71
210
-9
-343
315
231
-1363
504
133
0
0
-251
0
-433
126
-515
-61
32
-201
-1009
-137
-21
-331
-71
372
476
209
164
102
-42
0
-255
74
-752
-96
-1079
-5
166
-223
88
113
315
-624
-70
-224
372
29
-142
-672
-31
23
-29
0
35
471
312
0
97
677
147
36
-21
92
500
199
605
-155
2
151
74
41
622
-380
-43
-315
-780
-697
-264
-115
-55
131
-569
65
-80
47
-579
328
0
494
-161
-583
395
-398
0
-254
-104
-433
145
711
-815
230
-69
377
125
-107
-18
183
-516
441
383
-225
-437
-76
-85
-122
-187
-96
-176
91
-58
38
-534
0
-54
-349
-37
0
40
-367
-39
0
-426
-532
89
677
-319
-211
483
-98
-72
-27
-323
-145
198
-184
437
-924
-9
328
255
158
146
456
-130
-36
801
62
497
272
22
100
310
-358
147
-809
468
-255
-48
-1199
128
-62
853
231
-164
615
-778
826
111
114
-298
278
2
-89
423
-704
-437
-27
532
40
356
-97
457
-15
229
-337
-225
644
93
-108
6
-56
-70
-859
40
522
-248
474
319
-231
455
-191
-44
154
87
74
-152
369
206
-28
-118
232
43
-83
-46
498
24
-48
537
374
-43
250
-40
-59
401
674
383
-1130
217
254
281
-945
536
-221
-334
-660
-312
-362
-50
-277
0
-287
0
-82
-264
-26
0
0
119
-499
-163
-120
0
57
349
-153
579
533
71
-360
-188
70
-59
-157
-143
485
61
174
199
-635
325
-351
203
47
-115
-416
-8
527
-122
655
84
88
752
126
-413
116
-621
93
214
594
0
-143
171
-676
241
-149
34
-1
-496
532
568
-239
-1180
239
441
192
436
-297
-137
-144
-415
0
348
610
93
11
-523
645
29
18
-31
-195
31
248
-188
123
92
12
1074
12
89
-359
160
10
642
853
-189
421
-331
0
-976
213
-69
-191
-205
-23
-245
145
69
-437
-539
-342
-4
1090
-502
-26
-142
251
343
-182
154
-17
-312
31
498
629
-109
-43
-662
-479
86
297
371
0
358
-84
349
37
-499
-43
26
57
58
417
113
-506
1070
297
174
-147
-56
156
-237
-797
46
-20
204
-178
-4
142
60
242
327
20
-64
-611
-44
-388
82
-40
61
62
-912
-55
-71
-496
-501
0
790
332
213
-65
125
-337
41
167
139
53
268
539
-760
130
-50
741
854
179
472
753
-30
0
71
296
-856
-129
-55
-24
-958
-84
0
-199
320
-169
-632
-475
-2
0
-935
-778
17
33
0
-200
722
-383
-902
152
-73
-203
457
579
251
-596
101
-398
-1038
110
-51
-884
47
275
174
240
-64
-613
-1064
-696
-371
294
156
-402
-757
-526
704
-30
0
-35
-228
-109
520
223
18
-271
-677
-4
141
47
416
-641
-316
338
92
887
-122
36
-586
-111
165
189
-37
-559
54
98
-36
-419
-403
-44
-227
165
-19
-812
69
15
112
-289
131
-235
495
165
-800
-154
-24
-1073
-16
-368
-6
-699
198
219
11
-100
-125
-47
973
-454
-578
30
27
-391
-18
392
331
-322
-531
193
245
0
-348
-206
-871
160
161
-506
-15
-77
-274
0
-743
18
-22
-1367
27
-33
-305
241
0
-6
59
-137
214
-133
-73
-1043
-603
205
74
16
144
0
33
-338
-121
253
-755
0
-44
71
-1128
171
141
-56
-700
-327
273
48
0
-267
-308
-263
-212
-417
-137
-806
97
-45
-79
-285
572
-660
-338
-407
267
-486
0
-956
-202
-232
-157
450
-926
334
0
-182
374
176
-252
-77
-98
108
297
-765
799
-393
613
15
-690
0
-10
-1096
-75
-196
136
181
-889
-15
63
-71
-670
-249
112
-229
0
-47
-374
290
-128
683
-68
5
128
547
-102
-952
-31
-1579
-121
-1129
-960
205
237
-158
100
-161
-125
140
-24
-1544
50
306
-75
-691
-542
-14
649
53
-119
96
5
-369
288
-116
530
-551
0
-217
-1384
-51
-1303
79
-169
-1198
359
-113
42
0
14
88
260
-783
-1045
-1392
150
-305
0
-57
130
98
-366
0
0
72
184
0
324
0
279
-481
-612
190
53
17
-603
-191
-27
-119
209
-274
0
-300
-540
33
125
-451
-198
-213
-1652
-87
147
0
-1044
8
66
-101
-301
497
-704
-88
1
-566
-845
292
-148
-29
-34
6
-161
0
-18
134
340
-181
316
-74
-1385
-94
182
-414
-372
-607
-1482
75
0
-1029
-207
9
-772
-116
233
-215
0
-181
-307
-787
230
-687
-677
-103
-1213
51
123
107
-54
-342
227
478
-396
-1177
578
-378
-747
-159
-106
-347
612
332
-789
-197
-80
-122
177
-93
-558
-200
385
-396
107
-1160
449
534
571
293
79
175
-419
-786
-667
552
53
112
-882
229
5
-454
444
-13
182
-296
555
-362
-42
-575
-119
41
-438
29
-826
130
-918
-79
-465
-702
-25
-383
-345
-153
-78
-1238
55
-1553
248
-26
-628
-819
-366
-370
-174
166
-513
220
-341
121
-1240
166
1367
57
-35
373
243
203
-498
162
513
30
238
201
-168
136
93
-543
-327
-305
-82
41
0
-43
-6
45
0
-16
-605
-39
53
4
-127
-473
204
-16
-269
-299
59
-122
-43
25
-898
-110
40
-953
-757
167
152
-456
330
-31
-41
326
-894
-350
104
-1424
610
-741
14
297
476
-1589
-306
-153
-1474
-120
58
-324
-1759
-383
0
-17
-641
131
-775
-513
-180
-21
-273
-273
125
24
-285
-331
-145
-274
-40
401
-270
-920
247
139
-446
-185
-573
324
-288
-165
-965
-310
-111
-69
-92
70
139
-172
-130
-216
-16
-475
-104
-1805
-572
106
-394
-144
-522
-680
162
-29
342
-223
-1405
42
-97
45
-79
157
69
1292
129
-189
1334
-426
-235
-113
222
-867
-1767
320
-234
58
-236
-218
-918
45
164
498
-367
-55
-914
246
513
-570
480
-334
-502
-355
249
-74
18
183
-1265
183
-521
381
165
-1583
-107
735
-698
18
-984
-452
-75
-479
-143
287
-76
316
23
761
-72
-1270
-99
477
-474
-11
-19
-52
-713
-37
552
152
-486
290
737
622
-30
267
296
1085
-943
198
-120
-35
-398
-994
77
-82
-245
-757
-259
-1026
-85
-604
-906
24
0
-101
78
-98
41
194
158
-618
-261
-615
-55
164
950
-48
0
341
17
-69
0
23
-141
-53
51
-190
0
-64
-1222
-13
322
42
-37
-237
-506
-118
-948
-787
994
75
-1058
163
-393
-959
-708
0
-126
-11
813
-394
-457
-14
48
1083
-852
-37
725
-14
157
42
-6
411
196
-18
-341
-139
38
580
19
-338
-1530
0
-221
191
-174
492
390
67
420
-795
-502
-95
54
44
-114
313
49
-33
23
-133
-13
130
161
247
-451
-852
-1234
161
-684
-130
-213
-142
46
-489
27
-310
-1213
23
-471
429
-1147
0
-300
340
-204
0
400
449
21
-499
-852
-105
-138
-1163
-93
-364
327
-138
273
-268
22
-218
-435
133
293
366
2153
-906
493
44
858
0
430
-4
-1519
54
-732
176
-242
43
87
689
570
-109
-1034
167
812
-257
1069
-217
101
40
557
137
-30
-894
-166
-2468
972
39
469
-9
239
47
242
-227
-385
551
-813
14
-1396
701
129
122
198
212
-210
-116
-194
-242
-26
478
739
-409
0
110
-1216
428
-278
-39
-137
-919
-1125
-271
-77
970
885
125
-460
0
24
-1131
-515
545
-996
-133
-127
149
243
-43
-208
9
638
-156
-443
-234
372
-145
3
-151
-51
1584
-295
-1317
-531
370
175
402
304
-92
-511
33
3
-138
-346
-732
-350
-357
-228
282
9
7
-761
36
-796
142
306
-111
-2162
-1453
582
358
1037
339
-47
-22
0
1252
289
47
711
172
-207
-130
428
88
643
-912
-188
-427
-206
-951
189
20
0
-17
-263
459
-53
83
575
329
-83
104
5
-740
-1506
-120
-51
0
-155
348
-723
75
-465
0
71
-18
745
4
209
-985
-214
-7
-363
-9
-374
-275
-1151
-690
434
-214
501
-277
-965
455
249
54
-469
228
-760
-184
-163
99
-406
-782
-322
-633
-36
3
-1662
-23
410
107
222
-44
-518
35
-52
-623
0
1859
167
-462
310
49
-1299
-108
424
53
-169
1393
1357
-448
-1032
-367
-230
184
-444
301
-721
23
932
-641
477
411
-76
516
-442
-473
0
278
-815
-752
121
-202
-375
-89
-823
-1107
-133
112
86
739
298
-423
-61
-757
6
140
-676
-145
234
-289
359
-91
406
1051
342
-553
337
416
276
-137
25
-123
175
-23
-1483
103
230
-55
-3225
31
-67
-329
414
438
-599
501
-174
219
-64
850
-117
88
-170
-1480
-1216
370
-70
-227
-247
21
-291
-200
47
-227
270
-1133
599
599
0
693
-286
-26
-144
-1182
-106
-535
79
11
234
102
-448
531
277
-57
-61
-609
-167
950
-133
102
630
100
388
-29
113
259
-396
989
-1176
128
1079
78
221
-2010
-1150
-233
267
-383
-32
-64
535
230
-357
402
-69
-127
275
-853
320
123
-265
-1928
1479
508
202
-621
718
0
-424
233
1094
-1040
-232
458
-358
-404
77
26
-166
-530
-188
-144
-60
-912
333
-280
98
0
-21
-99
299
-653
5
-95
-742
285
368
139
741
-617
-2199
-96
0
86
-503
-49
-149
-164
-200
1436
-521
-754
-1809
290
-904
216
-1283
-244
-1452
0
-122
-406
-827
144
-1272
-502
-201
-248
0
-233
389
-286
-862
-21
-227
-296
451
26
101
-1502
40
-1344
140
355
275
-221
93
-729
-29
-286
357
580
-346
-847
-296
33
532
318
145
-62
-39
22
-76
163
123
49
2158
86
-21
1048
-568
347
-2
602
-256
364
735
0
-1317
-1325
-92
172
-64
87
238
23
345
338
1722
-53
-198
645
0
1193
560
-38
-2279
-29
-776
-15
-669
701
851
-141
1027
76
-184
-1001
-884
-825
-206
-520
68
-632
-118
-1392
1200
64
169
-2959
-123
1151
-70
326
56
-161
-393
235
-2234
-78
-392
-828
217
-570
40
317
143
121
-770
-86
0
-919
-198
0
-693
-49
0
101
-1377
871
-31
-866
147
236
-48
165
-1072
14
39
111
-192
-203
271
-469
1859
-52
440
-38
-24
0
558
299
349
-859
580
-153
1113
-423
-557
236
128
-60
-552
42
-557
-160
501
0
-284
-103
-1077
48
1576
300
474
-382
-6
0
926
-206
151
-1782
691
-315
-186
312
77
94
-61
1417
33
118
-1053
49
668
-1042
-103
-497
-731
34
300
412
-402
-552
153
37
-79
-200
215
219
-200
500
-34
191
100
-278
-206
-333
305
-230
-1388
-246
-815
-92
-64
261
777
747
-67
-189
264
-1215
0
-468
253
1109
-257
-415
-528
54
-149
944
248
718
-1275
56
781
48
240
-1419
-278
-344
-477
-718
-48
-2237
-176
270
213
415
-750
-1068
311
-703
182
997
224
-68
-277
867
350
647
19
8
365
12
-543
-1003
172
597
217
-514
313
-507
-77
-904
-443
358
-1581
-254
-17
-4
248
380
-625
-427
-1190
-1149
-297
-106
202
-640
713
283
-207
93
543
345
-285
-540
-354
-774
307
148
54
-814
256
-512
696
17
-411
-948
-739
1537
-4
-11
-429
-4
-286
-712
335
-367
-319
-347
-124
-999
-1402
365
-68
-241
-221
231
-925
848
39
-671
-269
0
-234
67
891
-532
-549
283
-599
81
660
60
-77
139
-88
-59
822
-126
-254
86
-342
837
272
-215
-856
-236
-146
-285
2
101
-1198
-70
-525
22
510
395
-39
-126
884
174
0
-507
0
78
-66
627
303
-208
353
-788
-321
-237
322
-1299
-1317
423
71
293
248
6
-149
500
-48
-148
504
-136
-423
35
0
75
747
-202
225
176
-1024
-498
-324
331
847
-52
136
347
46
-787
333
181
271
-458
-35
508
-290
1257
-224
233
31
236
37
559
0
883
0
770
-247
-1147
7
-110
-84
461
223
45
-210
-263
626
-524
-986
-66
-1564
-704
525
-281
58
82
-60
-1650
-101
-383
-578
-2417
48
-291
-1141
572
736
-214
205
86
-375
-599
-70
-981
-591
-84
-171
-2361
-142
291
287
742
9
-260
81
-455
777
-90
1027
-536
180
-82
472
291
-48
544
494
-326
99
1082
-577
-230
-467
-202
299
147
-85
-26
-97
-1379
-138
-214
217
-1044
-581
231
550
-1344
-372
436
-194
292
-321
323
-305
0
-377
-845
-64
-53
430
591
768
35
-587
774
-485
120
669
423
-112
-2145
84
54
52
-279
-266
-86
-379
462
-533
1256
305
82
-93
-485
714
-2
45
-54
122
688
-304
238
220
369
57
-895
-22
160
556
53
-435
238
-749
348
-96
47
-349
-12
151
-27
0
57
-726
-223
1582
267
-329
56
1
731
546
-39
661
-556
305
-23
-494
641
-534
0
747
-341
529
224
-387
-323
273
-2113
-234
-227
-287
0
913
152
250
339
-320
22
2321
284
362
-301
-401
-111
0
-34
-455
-64
412
898
-262
1012
0
-252
-691
-1807
-546
24
-243
-250
289
-132
-1129
-861
618
-383
-493
-29
690
139
-473
0
951
242
560
-1151
-877
50
226
748
402
0
186
-90
-489
167
501
869
684
1240
181
-5
-183
-871
445
65
-150
1072
957
-976
509
-20
-303
-88
-401
333
292
-228
0
0
-119
450
-940
7
857
-2
-731
-162
-125
1956
238
-600
748
-60
600
-13
162
-2522
-1601
1110
-11
-1954
135
-1372
1609
1605
-271
289
-276
167
140
138
-29
-111
396
-795
-29
307
-220
296
-46
-310
410
-1719
130
-891
-2189
1843
-71
235
-1105
-895
327
342
-462
-72
-571
-504
2016
-162
-122
293
-115
273
153
-2330
-738
-90
96
-1173
-6
185
-233
191
1241
-649
18
-683
171
548
-928
-161
430
-760
-648
323
126
8
-219
834
-65
-87
308
-151
-1238
-23
105
-562
-129
-777
404
269
1157
-114
-2357
301
1030
16
-936
-5
-31
-642
176
-513
243
-1216
-908
251
104
13
-126
-307
-17
1360
-429
198
68
135
-47
1007
18
-159
148
3
904
-183
-37
0
-2294
135
529
-1606
199
757
786
288
148
821
-70
1480
427
-763
791
66
-44
28
0
30
-186
838
415
-482
525
110
-507
1918
593
1206
-585
-400
1161
501
351
-100
-11
1184
105
83
88
30
102
93
-1513
-142
0
-153
-796
647
-19
1579
87
-127
-914
406
67
-1160
-217
-52
536
1432
263
2508
-1501
30
-319
-206
-106
-5
1373
-300
-23
-90
193
-496
1370
-48
942
274
-941
193
895
-85
-131
-127
-264
-418
-586
53
301
30
-606
401
541
-180
-192
-469
461
2
-71
315
769
1096
52
18
-1049
-970
-133
-274
-961
4
363
708
9
340
124
3
-703
112
547
380
413
-304
-353
766
112
-788
-273
-12
-329
621
-294
1079
55
364
-385
-85
-241
-720
-23
46
572
-422
361
-270
0
-444
-219
-331
-19
-1332
476
1340
825
31
103
1234
-628
1797
1
62
-52
1007
1102
-5
2023
-23
802
-271
39
-2452
162
144
-85
0
307
267
-156
0
-325
-1072
-19
-452
-892
-33
57
346
1059
537
1258
-6
-156
211
-1966
632
1501
495
-863
-281
-850
-422
55
-1608
263
340
-151
686
1620
-395
-1057
238
-83
-24
-223
-842
1777
32
321
0
2235
2365
1143
1256
374
-97
-314
309
-123
1679
411
-74
737
1906
537
396
600
117
-484
645
-1298
254
96
146
-2211
-99
1255
-282
70
241
-1518
42
-265
-767
-477
-348
1082
-493
65
479
-811
104
27
-343
219
183
-431
-285
452
-316
150
814
1954
194
1633
-52
333
92
1058
-313
-252
191
-222
171
117
179
-1156
32
-728
-250
-307
259
209
1312
1205
428
-57
-782
-373
447
213
-205
2277
-289
1147
-1074
-42
360
2
523
40
-1482
0
7
-34
1579
-305
931
69
-72
488
793
514
195
-75
-35
-76
-62
2603
666
-1002
-381
-730
812
-817
346
-97
-334
402
35
-302
2
-2075
120
-754
-456
1790
930
-76
-10
220
-1905
-2
363
365
652
95
1198
-423
729
-197
-77
-240
1472
-118
347
1391
284
0
64
419
-1730
-219
-1211
396
-98
307
-148
1003
-490
2804
666
1689
-55
-381
-85
57
-265
-8
-343
-249
-459
1631
565
-457
192
522
332
86
-1086
0
31
322
211
3
-388
0
-1403
-387
520
389
47
3509
749
1446
-383
-1194
-593
1529
-279
232
27
1291
325
-350
-52
794
131
-213
62
1203
-361
1254
36
-609
-547
-808
-18
-749
-237
573
-667
222
98
567
782
412
137
-140
994
-542
881
-141
201
858
30
-190
-1410
-288
0
135
2747
219
-287
766
12
-878
480
176
-377
2688
351
-693
1311
-97
1375
-45
-1281
-701
252
-193
-2705
718
-506
48
782
-350
130
-425
-298
-194
952
-983
307
0
-542
574
-644
817
69
172
-188
789
13
339
328
7
162
389
1491
-430
-1476
-501
-250
-24
0
-457
90
163
31
1278
218
-502
-427
480
1922
2879
739
289
-55
-284
-146
-1088
197
60
-1
2080
-583
-158
1736
-251
0
-128
197
1452
571
84
-411
247
1617
0
79
-13
639
-704
79
-14
-31
770
295
272
1005
101
-125
366
-27
-1127
51
-304
689
-709
116
-728
443
956
-587
0
643
-11
4
416
266
-225
-1744
-713
-662
-152
86
-21
525
-361
369
1593
147
863
353
3459
-389
-293
36
-211
2736
1229
209
-970
769
-1268
993
112
1140
-419
1074
177
2211
-219
-120
-4
-1253
812
-1156
-75
-1287
480
2325
3653
-516
-78
106
-86
-310
-14
-208
1624
-103
484
-1375
-245
-23
851
1240
-28
17
-173
-1256
-326
-195
73
971
78
97
-831
229
-440
147
352
-78
-717
-629
-276
-1113
-2830
1218
-1783
90
-85
447
743
14
-861
-214
-258
535
831
997
10
-1083
339
100
-213
1151
727
-658
623
-148
63
384
354
-538
3636
-13
1167
98
223
589
-115
-668
-392
100
0
2036
-428
-712
823
319
24
699
-149
-553
-1024
763
-656
20
1604
-917
334
2160
-661
322
116
725
2156
366
-922
421
29
62
-371
-145
-130
-709
453
253
16
-26
-250
-721
-1235
499
0
1241
-202
411
128
128
-49
-993
-247
-28
597
-1609
1067
-155
707
-67
-17
-99
0
-144
-624
1634
1016
452
27
-254
96
-143
2128
449
-143
-60
-741
-620
-195
910
250
41
550
-2794
1335
97
429
-663
1601
207
749
-817
-625
973
988
-461
727
179
937
-162
177
-344
7
-96
315
1135
506
617
1120
-549
383
224
295
328
1334
448
-162
1877
-5
34
-562
-1253
-24
73
679
0
-272
-700
-117
37
280
-544
-519
-637
0
333
42
-1449
-305
-362
-502
2087
713
-413
-155
4648
194
431
-324
-78
39
-274
90
514
1215
-2241
122
-750
3667
-187
108
-136
-87
445
-437
0
-1665
2
-1455
95
207
899
580
2471
-1026
-687
-24
-1090
0
96
-817
511
1340
-24
-962
-218
-171
4989
26
-32
21
160
-284
-439
-165
-505
357
0
23
-552
-943
78
-161
26
-299
98
240
-483
-345
2979
-585
-565
-506
-109
274
-2633
-147
-66
349
1590
66
28
1441
-241
-55
-519
1003
-251
-32
94
-1448
2743
-78
2851
988
1397
-249
1058
-421
163
-1307
-987
580
-16
-232
175
2206
715
1610
-164
-1129
434
638
-1621
-540
223
-151
-24
748
-12
1519
26
0
-1838
9
1022
2110
147
874
-509
0
536
-849
6
326
1406
10
-8
-33
307
-992
-1626
-200
1113
-206
-325
953
285
-1413
408
390
-511
1321
234
-42
92
57
-47
-468
-30
1037
380
2442
-994
342
-403
224
-162
819
-438
127
-858
-596
-185
-1290
-7
1427
-1302
-476
-975
624
-1089
-3
-559
58
1564
274
1
136
642
308
1034
298
-407
-811
181
-1027
-265
-1102
733
-165
-901
-795
-321
89
-57
-70
199
19
0
262
765
51
1624
-1681
39
149
724
2624
-206
-81
-1086
1342
-387
341
773
-64
-124
4442
1435
879
-40
716
184
-301
-420
832
824
684
-20
138
670
73
-62
227
-25
1568
1196
519
-196
357
52
238
73
-298
0
-1510
1254
-91
-82
58
472
636
-78
-839
393
831
-567
2153
565
-714
903
171
-263
1721
-52
-139
824
-1251
-1459
966
-142
892
30
-714
-576
-143
57
544
10
132
-69
-268
109
-18
-1316
716
207
151
289
-208
-205
-21
0
317
-130
860
1490
-311
-14
1464
-702
62
555
-244
-49
-171
792
13
422
408
104
-59
143
-3
0
-19
-1150
11
-88
-211
-247
647
2902
652
-1208
1484
93
25
277
-1177
250
792
-535
799
-92
-427
-290
321
801
79
534
159
-15
-502
175
0
-124
-198
-338
2035
112
-465
-1774
-892
508
-478
-514
-406
301
42
33
-696
-546
-1697
347
-193
-1510
494
-1669
443
-744
-112
346
-636
-770
-272
1825
-85
-232
436
-640
-56
38
-996
317
-1201
-867
-107
472
-51
-196
273
105
-179
-213
-1984
-1411
36
86
136
1692
601
-99
-348
-779
-204
157
476
116
2565
1337
1097
-254
-110
-1859
-392
1050
-116
-854
621
-721
4
-220
1228
106
0
1
-1677
-1895
297
-115
3701
1707
573
526
0
923
256
-1180
-83
-9
-196
113
821
322
1020
-415
