-100
0
0
-143
0
-143
68
-216
0
0
-184
172
-219
-11
0
102
0
0
0
-133
-242
0
66
0
-165
68
-100
-63
-100
-19
74
-120
-163
-217
17
-274
94
0
200
157
26
0
-138
-15
-195
47
52
-44
-91
97
93
0
84
-57
78
138
278
63
-63
-16
125
104
-132
249
149
209
212
289
58
58
-34
69
425
58
-7
97
54
92
-38
81
310
18
-33
20
221
158
77
211
24
243
19
120
20
33
-36
-30
-25
331
-159
-20
2
77
-69
0
71
48
-143
186
-373
-159
-234
-201
-126
-261
-110
77
-34
54
55
86
-118
51
-53
53
0
90
-48
-279
-123
-40
54
-85
-318
4
-297
-9
140
121
143
-205
-315
-249
-142
-15
47
136
92
30
-232
-165
-28
0
339
-105
45
50
-163
-164
-106
-133
-345
249
-58
-227
-106
126
-284
-82
23
3
-278
-26
-30
-43
-64
0
-92
-252
78
-225
162
79
-101
-104
-49
-246
115
-159
-10
-240
43
142
-128
-37
-209
234
-157
-105
-242
49
-21
-197
0
119
139
-204
-67
-157
-129
-82
207
296
102
0
-250
304
-451
175
-85
30
-102
117
-61
-15
-132
77
-83
325
36
-431
82
122
4
-138
-55
0
-254
-182
-22
134
-224
-56
162
465
36
-86
19
271
9
-198
-216
70
161
-165
0
-306
-426
138
198
42
-256
-789
-105
-11
146
-50
-23
148
186
172
-13
-31
72
183
-396
-336
-402
-120
-533
183
-29
-489
260
-236
-186
357
-438
-86
-207
-172
-119
-327
96
325
214
-65
-480
-311
-336
0
-255
151
-124
58
-96
-26
345
212
87
-142
-571
-82
-62
-92
99
-356
98
180
224
-111
-178
266
259
-24
292
16
-150
92
98
-7
-452
-97
-548
-102
-78
-171
135
27
184
113
-129
78
-26
57
-78
-72
51
130
-266
-181
-332
-661
-35
141
468
0
41
-188
254
-393
0
270
-82
351
159
91
-15
49
-213
-322
334
-397
470
41
-213
467
-504
140
-256
-526
560
-39
78
1
-313
-45
219
-111
-555
-43
399
306
486
-207
-404
-192
188
-225
-134
-15
-14
311
712
231
396
-207
371
-100
846
-2
19
14
-576
-146
296
853
97
-525
-227
12
0
-167
-394
79
262
-175
373
215
38
-146
-765
-300
206
132
-330
1028
90
304
-6
-121
149
337
-719
-138
810
-329
-296
142
-40
1071
251
91
-479
-137
74
210
-254
-62
-53
-67
-303
-359
93
-255
-19
-152
-522
-257
97
-260
589
-297
-185
69
-245
-281
147
-733
-381
248
-165
11
-298
-263
-306
244
-362
-246
193
-84
71
-161
-107
-245
-645
-279
-830
456
-435
156
-52
-145
144
219
-623
-522
-110
95
-103
-100
-152
99
-56
-137
-380
40
122
85
-278
387
-37
329
-181
34
-439
686
-162
-424
162
13
-84
140
-137
668
749
-582
80
367
540
-539
-327
4
454
-532
-223
36
-750
258
32
-411
-59
-952
-96
-152
333
340
160
-895
258
-256
241
459
-48
268
122
1141
21
367
544
-63
104
-281
-583
-325
-188
-345
-266
-45
-128
0
360
197
25
203
-207
26
230
537
-59
-237
348
463
544
677
203
0
-29
47
98
460
84
-273
682
-46
304
307
319
-392
-424
622
97
65
-120
528
100
-711
-333
186
-612
406
918
315
-243
127
205
-68
244
-80
-469
766
259
-258
121
272
-798
-396
276
198
145
431
390
-624
-283
210
-2
264
97
1077
48
-270
681
-574
-224
721
-74
495
5
-332
-600
374
-712
-473
-552
531
1017
446
-50
130
474
305
1139
747
-474
253
-430
203
319
931
-490
1336
797
-465
-378
86
928
1113
215
1206
-354
378
-70
725
-278
62
211
-179
1546
732
351
76
90
428
-6
-287
286
-32
434
-73
-74
-124
229
-593
-258
924
94
876
-848
541
-239
296
-614
-677
87
192
776
825
994
-174
884
-53
297
697
-68
66
186
940
75
84
-80
984
905
-109
745
-458
94
523
907
519
898
-181
460
-268
-1
-64
123
-37
1450
137
291
366
394
850
-36
990
666
476
-38
928
627
215
696
428
555
-99
123
223
777
31
-387
-301
-246
970
1279
712
1252
200
408
545
-35
-236
-28
189
282
-7
-555
448
-251
-157
-24
1517
-36
-675
932
155
301
-77
1294
104
389
107
1919
61
1084
194
1271
159
285
76
341
1333
1
637
6
301
1340
562
523
670
2299
280
1109
-728
1235
-179
857
124
910
368
1216
298
992
1063
21
1133
-394
638
5
812
87
158
-572
2065
1200
724
-62
-220
-277
113
562
771
-400
1247
42
55
1397
374
807
-37
892
334
358
1446
1385
-92
0
-162
826
544
935
820
-140
1206
108
813
-643
476
-79
1481
214
1756
142
182
-535
578
83
1132
607
-906
232
-419
2114
376
-628
1083
1442
1270
133
32
285
-251
52
129
-91
968
1004
554
186
-114
1131
81
-76
1280
1523
206
656
292
1557
1045
197
531
-317
688
438
-151
919
150
-417
-369
169
1613
54
-340
394
647
-530
0
1114
-717
32
1419
965
152
1268
1200
512
-107
1510
953
1541
-209
1976
132
195
1406
559
246
-588
427
-105
2007
-600
-459
217
950
1197
1512
136
1531
-875
542
1159
-174
1204
898
-42
-134
611
-32
938
365
294
472
619
651
1350
101
-469
652
1336
45
-662
695
616
218
-754
240
1109
369
-88
81
422
-505
799
811
-255
254
0
-47
247
174
-139
-665
382
1063
1369
-663
1420
720
23
76
1838
604
1835
1006
2053
-716
125
187
207
-146
1113
542
-613
214
-171
848
-90
1370
-1001
-1013
1284
-486
800
1165
828
774
2185
1118
328
-314
-422
-1011
1136
-496
-215
751
-219
-1072
327
65
12
252
2081
2292
1
65
411
671
-970
626
-1700
187
704
111
1236
-86
1403
345
1543
80
325
-141
195
101
565
-791
528
631
-1597
1012
-271
-141
-231
233
1328
-534
54
645
-669
421
-1047
1869
277
-1145
-254
106
863
-375
-65
1328
1176
578
1751
-699
-21
515
-914
263
151
324
659
-1926
872
1185
1245
580
-708
489
-48
8
-913
506
1501
929
915
336
-1403
775
-1383
1289
342
1475
-1182
16
-212
-154
346
-853
-1139
-571
-686
1483
33
-259
1668
328
891
690
1158
-323
-80
-103
-215
1453
-716
966
-472
-974
1
-61
-1015
-235
-310
1143
954
258
-269
887
-288
137
931
-596
1282
315
-212
-173
610
220
-188
1030
631
268
-49
-88
707
1361
212
7
1145
-80
-35
-917
-1137
264
83
464
1322
971
-129
-679
-210
-256
-101
1609
696
134
1486
-1797
-68
557
-29
1092
-15
-289
-238
-7
312
965
-348
79
-713
-554
1008
-255
-272
1025
-1715
397
237
442
120
-8
-516
144
852
-1073
-511
759
1107
1155
1322
-40
-106
178
433
-966
227
-1265
-199
-272
-869
1019
-40
-449
-716
545
65
-269
-117
187
1168
-894
-14
-1142
30
102
1267
54
589
868
201
1021
130
330
537
1212
-829
1135
-702
45
519
1321
204
68
474
-321
1505
1043
-707
569
155
747
-490
802
-217
255
78
1634
207
-801
530
-521
-548
698
59
-1230
729
792
-340
1414
-124
-369
-1457
-334
-132
-133
8
-193
-1042
-528
233
50
1151
-929
-1302
-1100
-293
741
18
803
485
139
639
1317
-1321
400
-1385
-99
-358
-62
-617
197
-158
-950
-196
1174
-593
433
1404
-1445
95
108
182
343
-235
-11
1495
316
-1484
214
-162
-127
6
-604
624
-1179
-211
318
127
562
1082
-143
1197
34
874
318
712
-326
-54
-1103
708
883
188
123
128
-950
737
-180
-53
-185
297
-873
-887
-1090
412
131
797
55
0
441
-1384
32
-27
-272
337
832
-341
1298
-1383
243
11
-1177
-200
-58
70
-7
633
-291
161
650
-1054
312
499
103
-239
1413
82
319
343
771
-297
-668
274
-581
502
-109
1341
1273
663
216
945
-156
115
68
1147
-963
62
-451
126
102
268
1099
-20
142
1061
-52
-21
834
67
-242
-45
-745
298
-974
-47
765
62
1259
882
130
104
1324
-515
197
-481
-263
-204
-785
-234
764
293
-478
280
788
203
-942
90
989
-54
1322
294
324
617
199
-149
421
-1119
-517
-682
-1233
-822
-199
-154
939
1013
-172
-208
-334
1493
-487
404
-814
1020
1123
832
87
142
306
203
1007
-1012
48
-238
1180
-14
545
-98
-165
-332
60
343
95
-107
201
401
235
-526
14
469
-243
-71
-561
1066
191
16
-523
1275
-1289
599
820
-897
-235
1313
1095
-237
498
-268
-167
-1011
-107
-79
952
575
1431
1161
437
-41
-863
902
250
-112
-1290
-171
-535
1081
293
-26
1296
856
-93
1007
548
-317
1242
-479
1191
232
-133
335
665
45
-202
1334
526
-456
357
-457
241
399
904
356
384
930
210
982
830
-17
185
-436
566
-498
-907
-155
1187
-1439
-891
49
4
355
194
94
-149
1100
1087
-221
-401
1010
1115
-1253
351
127
269
1073
-312
-2
-689
-1205
-127
-602
865
579
525
923
-16
-280
357
-758
-605
1432
127
-507
844
-654
-75
0
244
55
-956
-901
-1173
-295
-276
328
1198
-612
0
685
-808
-89
1222
25
-19
314
1229
724
-1539
-44
256
189
711
918
648
822
0
-1179
321
-203
-22
31
522
25
339
985
219
-720
1377
2
617
108
995
1175
207
161
391
1181
-180
109
101
-133
-2
-43
31
505
117
561
436
-409
43
419
10
524
187
581
-150
227
450
890
1339
176
1151
282
-461
-695
-136
75
71
353
-544
-70
207
84
622
796
1354
13
516
685
261
-48
1298
444
672
270
-292
-804
16
956
703
1060
-14
375
342
0
605
-212
523
-181
826
491
927
869
52
-758
520
-397
346
778
113
-51
1056
360
-157
-574
-147
-385
214
764
415
218
1336
72
-551
-81
355
423
-515
112
103
74
169
353
-19
-259
-1007
975
197
635
-281
-115
114
-61
-210
155
-290
-37
-298
602
846
-79
454
517
117
44
940
-100
474
-282
257
-305
567
188
-556
-393
182
1056
-141
-289
503
533
417
423
-297
51
-323
127
189
-751
917
1099
1260
1015
345
1196
832
784
1683
-86
-243
278
-854
709
56
215
-202
590
668
-209
912
109
495
-689
-80
-10
785
945
1018
530
707
809
-93
674
-228
312
-545
-53
194
-243
456
33
1232
554
79
-1106
266
255
153
50
-195
-140
105
24
1279
31
811
1074
205
1333
-374
-410
102
238
1348
664
104
265
-1088
853
275
661
-475
-215
785
-487
484
545
515
96
482
-476
763
624
200
-725
-305
-1067
505
-872
15
-414
-59
-541
661
100
271
-1375
527
-379
-1042
-881
115
-279
165
-142
-221
1109
81
109
288
-119
-907
74
28
949
355
965
-233
-502
261
-417
104
472
232
400
-635
-531
-593
14
-626
172
367
-706
-1956
964
779
-1497
-696
114
46
-25
-75
-567
-120
956
1036
1290
-228
783
-901
-1918
1193
-927
1567
109
304
726
-643
1639
1436
-768
85
672
-37
-95
-22
799
298
710
-737
638
-972
249
0
-600
-428
1561
485
1160
-391
1703
-123
760
-165
748
-633
-83
1088
448
917
834
313
-1328
-596
88
-720
294
729
313
-1467
263
268
27
695
179
34
-355
1768
135
-1475
288
701
440
345
105
-223
442
21
607
-358
60
1232
917
-212
-1455
1057
-348
-2
-169
433
281
720
989
1001
-654
390
832
-1846
-521
-14
-194
742
-425
251
1004
542
443
1403
1163
850
668
-146
447
-544
1333
491
725
254
1206
-398
293
-29
26
284
-34
-151
1381
1085
-212
1374
-332
822
122
-126
745
336
465
-15
-903
858
1204
26
16
836
812
1189
-933
-316
-37
-1224
1339
-1118
-163
-137
-1375
809
-958
1028
587
-20
0
-646
-681
-655
-83
-70
784
-1005
217
346
91
-1850
-924
-149
56
315
373
-22
71
-378
-732
-824
-223
-769
-1182
296
-753
1082
752
-128
205
422
49
794
233
-664
480
-915
1186
29
-989
-134
2200
-878
-443
1806
-437
599
1353
-1537
1274
716
-1338
1380
499
1534
141
1006
547
677
306
721
753
907
-161
405
-963
1099
-229
28
-226
292
-389
-469
1015
-135
-709
-565
-447
1223
-861
496
-547
512
1657
1214
636
-507
-1391
903
209
-78
1207
261
-241
-1036
-49
-307
-1751
1160
-790
1362
-304
85
-532
394
-346
-16
-72
421
1281
-846
-219
-405
-1153
1040
761
899
986
432
595
289
14
134
-219
-579
558
-517
2055
-78
49
-872
-426
561
-902
760
530
-831
-134
1460
249
31
-427
659
-17
-1344
384
872
414
-587
1611
-283
-958
58
-286
-1590
-38
488
-273
1177
1855
-62
-60
-86
745
-48
-155
1422
538
-1245
1134
-1044
8
-579
771
50
0
-569
991
781
1824
-197
-221
292
-1073
1056
238
-704
1264
1083
302
-658
91
209
1192
2063
901
-748
-7
752
1007
1051
77
-52
-551
1846
1595
1078
978
1045
-368
546
2324
-460
932
235
753
-286
859
1515
1150
733
-548
-31
71
-74
47
1838
494
2135
99
-1149
-1169
1234
-154
-1479
26
-2
244
975
108
290
188
-281
123
1200
-45
1640
299
2200
1039
1676
1870
-724
-709
1442
-527
-63
190
312
382
-41
-754
417
303
1346
2288
911
0
1097
-1319
-1609
1087
-1884
-1905
-367
230
622
-83
2916
-30
495
-1016
1859
203
625
852
304
-366
-126
-1683
-834
-759
840
372
-177
1251
-723
-642
1523
1072
1101
162
75
1981
-977
845
1689
444
1107
-94
-429
28
2088
50
603
276
-57
234
250
403
-556
546
483
2403
211
-327
-949
-352
-606
-414
379
-542
-351
1254
-1715
-812
1500
239
-75
684
-153
-1055
-249
1074
1360
-848
-230
-168
171
-1432
477
188
92
-50
893
-1257
403
-848
-596
-1375
415
238
889
178
200
41
-573
1243
710
-188
-15
-41
-173
720
-2013
674
929
673
1494
1118
33
427
840
-949
-335
-140
240
48
-526
557
658
691
-129
-464
-1662
937
730
522
641
1454
-571
-132
-936
-302
595
-135
1101
165
-385
508
715
154
-931
82
-86
1588
1334
-97
1662
-185
1603
742
-1144
44
972
-158
-281
-579
-862
1174
-35
16
617
121
-592
101
1075
2845
-457
2288
-217
-213
-84
-640
126
-562
-576
13
-454
1217
1284
444
46
1709
103
-726
-634
-306
1351
-866
-21
790
-609
468
-639
1663
1547
16
142
266
75
-181
2399
1059
448
-538
1284
840
1872
600
361
-534
-636
265
280
1986
2654
1239
8
157
656
754
-807
-600
0
1237
-6
933
673
94
685
2443
1385
1550
-90
183
165
-326
-426
2928
-285
75
724
241
733
-839
1181
1517
970
866
602
820
146
590
2259
1020
1084
1738
668
-957
59
8
-591
-794
144
-682
120
1578
-748
382
1281
-70
-254
1001
1605
643
701
126
1211
129
2035
463
1203
310
1954
1490
732
-61
51
170
69
1409
578
-147
443
829
515
306
191
721
993
1987
1844
360
728
1657
4
11
-22
-624
777
-137
1788
-687
134
600
-412
631
355
520
-563
691
173
1418
504
1162
900
1836
2052
2271
1165
134
-1064
981
859
-54
1438
907
807
239
203
-321
572
-83
861
286
646
1119
728
1211
-273
1408
998
284
-752
-109
256
-368
372
88
-366
127
-673
-135
201
-251
-551
1149
2152
-1366
2160
245
59
689
433
1714
476
-833
-77
-377
1082
332
746
1218
1582
-360
-1694
1053
589
2353
2439
-801
807
-32
562
-570
774
-186
1101
123
-174
670
-200
-1511
2415
1714
-598
618
1833
1227
1018
978
1174
-342
1102
1940
1014
1159
839
1156
807
-14
1914
1813
3613
-1094
521
397
-588
254
968
-851
-146
-456
2027
-620
283
417
1390
2892
543
-154
0
2938
267
2223
-1146
-547
191
-959
1803
1021
2467
879
1215
239
-1635
-411
937
1325
-548
-1543
1639
-726
1688
-566
-179
3303
711
188
833
1201
119
-2272
-695
-192
-1492
2389
1771
1743
-952
-282
3
1404
931
-1092
-1007
2490
-373
-108
99
-44
455
541
690
699
2636
1185
-669
1431
69
85
-143
458
-917
-841
948
-463
-91
-576
452
964
-678
890
-90
2115
-198
603
3156
-527
-660
-1021
1111
2153
1293
1848
-112
276
2290
-471
-976
-1104
390
-296
1275
-321
-232
-371
1325
2224
-995
445
-1410
-921
1553
735
2258
-508
-220
-100
1168
586
604
-1422
93
785
-341
-1198
-1386
395
0
1934
967
2156
714
-1170
1697
1116
1066
-1780
324
-262
237
956
1041
1951
3
494
1402
-878
1969
-1859
-237
-323
439
526
1769
2086
1539
-428
940
2201
-1010
619
944
-123
1032
425
2191
2935
2785
-140
-1173
-209
58
2253
1976
-1088
1782
2724
2202
856
899
-27
720
-1872
2341
-1188
1795
1954
-1166
2192
639
-343
2719
537
221
1153
2278
62
3063
1863
-914
-293
-383
-449
-259
-107
-120
2383
1015
639
3127
1869
1223
-811
50
1509
986
-138
-19
1184
867
-1183
725
-160
-2108
-350
1870
-326
1933
1188
2172
-813
-12
1175
1250
1336
657
-695
1915
-845
1411
-67
480
290
1012
-1227
387
-2
586
2404
831
764
-1959
103
800
1325
784
-867
-568
207
2317
1569
2388
582
-6
-1440
1982
-114
-378
-859
1650
-934
3761
-166
1261
2110
655
919
1593
2435
1782
-1370
-486
-133
292
393
-619
-258
-1171
1368
-10
632
-692
1034
17
106
681
-302
-728
-851
-1894
2285
-142
-515
-67
-193
686
1212
3376
-107
2944
386
1120
2158
696
504
1497
1102
2685
-882
-1374
-1074
-2916
2065
-132
-87
433
1372
985
-118
-142
703
507
89
1174
1443
2505
-281
243
1106
-80
-652
-539
1028
-316
-607
-1207
1482
-652
-964
951
1439
874
494
429
1151
650
1204
4268
-82
107
-122
778
-914
1525
1052
520
4254
618
-630
-299
1140
1175
-233
-556
227
1119
-286
1074
216
220
514
380
-846
51
817
672
1225
219
1104
578
2929
2202
1873
1678
927
148
2209
321
179
2271
-143
1907
-679
1334
-627
1342
1091
681
-1039
-418
967
1392
404
346
413
1517
681
460
1841
190
432
229
833
-493
-441
-782
-111
2376
-59
1221
786
128
531
1412
-218
1237
1801
-1482
627
-17
-773
-88
852
-766
1924
147
537
1483
65
-710
-984
1954
1695
435
821
218
282
645
2664
-293
450
529
-444
871
-369
1159
72
616
-423
-209
1023
724
321
1098
368
27
1836
2916
211
362
27
2676
38
1069
-494
1399
362
66
610
30
1619
-139
-82
12
857
508
793
1085
2712
-378
-198
-1494
820
961
3517
3061
358
2485
1046
174
481
834
76
1247
516
99
381
1309
1832
468
366
1214
233
2324
115
1406
2151
514
-451
-825
702
-185
540
2373
1028
-396
687
1592
1608
871
170
-59
1204
847
909
577
1211
-468
109
1022
682
1899
2310
540
1335
1106
1946
43
2078
-1562
1356
2260
-723
971
593
-894
1790
1875
623
17
480
1944
2356
678
-229
1945
542
3523
-132
1356
2327
977
-140
1155
-395
763
1637
-1195
325
2736
-1287
-835
1789
632
1035
-162
1216
1715
426
312
-1203
-84
2621
3469
2112
668
1607
-3
1966
-9
-737
3590
442
269
1645
1331
1438
0
276
-698
-1033
785
-835
1416
616
452
147
374
2556
765
372
-493
2032
2484
1832
171
3226
-157
323
594
79
807
-196
169
1107
2871
2230
88
-55
-378
1381
-666
632
2381
-450
2544
-118
205
-215
2113
2430
1581
959
1574
3110
3028
1102
-452
999
505
-161
2850
-78
195
-369
591
300
346
447
1164
-229
3838
1185
-120
1939
-216
2402
1303
2427
-73
708
-1933
3122
4897
428
3939
2111
-36
3681
1827
184
357
291
2281
4355
-142
1659
3614
-197
793
794
211
-633
3084
365
1527
1189
-325
563
1100
-899
584
850
2664
2507
44
-459
-206
-86
802
221
1523
243
484
1904
-764
613
3407
-264
690
4029
884
1685
2229
4026
3830
910
2491
-562
2625
673
-68
946
1846
4301
237
146
2027
1831
396
2027
-493
-608
136
-1033
-299
3031
393
86
1532
1866
1781
1787
2524
128
183
1622
-71
-263
1937
634
907
1022
1101
-293
1100
4
406
1480
1187
845
2188
1042
2562
2600
765
2419
3174
326
-298
2226
126
1038
-139
1452
253
4664
4244
1637
155
243
-520
994
1573
204
1914
3047
1174
-409
-656
272
-121
2295
-620
-161
1890
254
2875
4436
104
2561
267
3501
182
1538
1764
1787
-420
3148
3070
2088
1261
722
1454
-70
942
755
4093
683
-202
3601
609
1947
4738
202
38
2119
2226
-444
-249
3852
1319
738
3361
-1282
3005
259
980
3488
2777
-1413
-529
1263
1091
-227
1244
-148
518
3613
886
626
524
2181
2592
2554
2317
-436
367
1268
3079
265
2254
1289
-321
780
299
438
1236
1120
3434
907
3471
1836
432
404
-199
1268
827
2663
-1068
-67
434
-1235
1037
1555
4516
1443
710
913
530
4475
2102
178
2397
-185
1397
86
748
121
358
-427
2731
-519
120
1077
149
2661
-279
-528
2185
840
306
-102
1203
1786
1202
2184
2444
314
986
-187
796
2352
816
4008
117
2043
5272
2005
1032
2776
254
4701
-533
1422
-40
2102
4863
523
1182
1384
804
-417
2752
687
2740
-163
1237
717
3835
619
1855
781
1655
2522
740
1973
542
629
113
907
-315
888
4144
-1634
793
2232
-430
2324
2317
350
-320
2502
-2167
-652
-65
1313
651
297
2921
1120
-1348
917
405
4579
2588
1366
2839
-785
-172
0
591
132
-235
2556
2014
920
2368
1880
464
3886
2369
2375
2196
-447
1264
546
32
-29
356
-403
5696
2096
1139
826
-75
2874
3394
2616
94
2132
1436
410
3775
3098
-111
2616
3171
1318
148
-110
523
684
4383
528
1821
2878
1362
1105
283
624
900
2950
-551
4336
216
920
1222
3507
2915
1851
4434
-963
3288
1318
1498
-1711
138
2361
1791
4966
2810
4642
1908
1375
563
1616
3512
2142
487
1488
4924
-237
3737
211
1371
-95
-158
705
217
1914
18
2804
-23
3834
5371
-103
997
1367
203
-826
1965
1168
46
1468
230
2052
-76
2042
1797
2031
-583
1568
3444
296
2470
3009
1290
1582
3348
906
644
1437
1719
1498
610
2361
2291
701
342
85
-534
2745
3441
170
1762
2981
2020
1633
3011
811
594
-2479
2561
602
701
213
727
675
91
3477
868
2339
453
757
3273
573
-1744
-5
2751
3193
2186
1028
844
150
2118
-38
508
335
-99
4116
1312
612
3714
-185
1891
-18
763
3227
-1511
2241
1363
684
1242
2195
-835
1590
1173
3046
2419
410
-26
-865
287
3418
-5
827
-71
-349
-307
72
3117
1892
186
1831
2177
1631
2215
3143
3043
1631
-87
482
990
907
1045
1795
1362
1761
-829
1995
1478
3880
146
-331
2871
2491
1484
4959
2976
4257
3877
3045
2287
1303
963
1587
583
2361
1434
837
1573
-400
45
1155
1632
1278
1523
85
4347
1765
1801
1052
848
604
2216
-2248
-2176
1212
3013
-356
2682
2538
861
740
1538
177
-856
-1918
1666
-2850
2130
125
4769
-351
-131
576
2064
4093
3742
609
5053
471
3517
1376
3565
5635
4131
-577
-1567
2385
1487
1034
1598
2375
3699
4562
153
890
80
396
-909
-2393
400
1303
3284
3141
3373
3737
-124
3027
1257
4125
6210
215
1727
1630
210
667
-1551
-1475
-522
820
529
2554
1395
4953
1511
503
-2513
1988
396
2207
1687
2316
206
3389
-2116
974
2187
-205
4095
4569
3132
600
4821
-654
3786
3335
3321
3121
124
4727
-58
111
2016
-369
370
1030
2497
444
1319
6081
985
413
-416
1538
1377
1546
-839
1454
4552
2153
5398
5556
2484
102
5683
-1016
3146
3242
657
3133
-128
4465
895
-422
843
4818
-764
2315
469
2409
28
1103
5530
1903
2285
4154
-1008
3849
1482
-33
-227
-444
1509
3448
1445
-14
-3264
1221
7774
1042
-956
2098
1930
-384
3037
2390
-492
1231
4414
2013
3730
633
609
4849
-102
4143
618
-885
-181
-679
4259
458
3396
141
1712
1163
1339
3388
5581
6386
3296
1082
1263
4247
2323
-154
2842
5254
1649
2220
2209
3143
1167
22
5012
2424
4215
4590
1850
4369
4290
756
49
3966
1152
-928
-1415
3502
658
-1218
3871
5437
3221
-1621
5723
-361
5261
2316
1797
1781
1799
3499
3041
521
-2277
692
3643
1422
1167
1017
1795
5664
-1740
7290
338
912
3195
1000
307
3783
3406
1212
1851
2268
4870
2479
74
275
557
2631
1090
958
-1006
-76
2230
907
2408
1206
526
770
3234
-1549
893
5580
1300
1225
797
4353
969
2280
-220
134
1004
1025
1176
774
1076
2799
2700
2710
4412
-347
5943
377
3900
6352
680
1096
2968
985
858
314
3092
5788
1124
-2094
1853
355
1135
2570
2449
2523
222
2803
354
-3160
-186
2286
1057
5148
1176
3075
1286
-45
5028
767
1224
916
290
4540
1166
365
0
3288
2481
754
5419
2252
5613
197
-330
4365
235
746
4453
-938
4166
3478
1575
1745
1940
37
3904
1901
224
-1145
2016
2707
1831
540
1892
21
4116
4501
1096
3217
1592
1800
1157
877
4243
1039
319
421
197
553
1175
-31
-4303
542
3871
6754
3909
2857
844
929
3397
4835
1019
4037
-6
1222
1958
-1815
1242
584
-1256
2320
4161
524
-426
1541
768
1066
971
6050
3670
1025
-2950
743
-213
3445
4044
752
3929
182
2195
132
1664
-2429
2511
1620
-519
636
-1763
297
303
2918
3257
892
82
2906
3987
3018
228
1159
679
2178
1246
-126
-965
3398
747
-83
952
1138
1827
919
140
3633
2761
2141
2483
-205
120
404
642
2236
495
3240
4648
-1043
-931
3572
434
412
293
3280
1940
2486
464
1285
1980
-855
5413
120
889
4138
520
3959
445
4157
45
4379
4550
1647
962
-130
3887
-116
-187
3942
2397
2017
5007
526
-14
136
152
-144
149
3604
1381
385
62
2593
-80
4525
4575
249
74
2916
2249
1041
714
1298
-300
4908
261
1212
5079
-562
3665
429
2626
-776
3544
4183
3767
238
1697
180
4286
-61
3378
7486
1200
520
4149
5227
1715
2519
730
-189
1059
-611
2991
-425
4728
5017
-530
3998
33
2632
1555
-307
4261
-123
1392
-453
902
4736
1772
-372
3939
4441
2101
1819
1584
3443
1329
6046
3317
-270
1185
274
4916
1889
-225
2075
-340
1930
1578
1472
709
74
102
2878
3064
5056
56
-397
1139
-180
1625
2678
3723
1251
1390
2523
37
3045
-190
1778
312
-1033
994
5321
493
3278
3958
4880
750
6768
-3653
3242
-101
4177
2290
1493
1290
170
2695
2973
1100
421
-104
1340
2391
1565
790
2834
1365
1834
2335
1011
1860
705
-487
5290
4
3438
1197
1153
1135
4365
-129
171
1911
458
454
-148
542
1391
573
1001
3622
5102
2930
4292
4868
205
-2121
48
1840
776
844
-3064
1557
1651
2659
3110
239
3010
1617
788
-3060
2753
0
1081
1119
-21
1775
296
1552
1550
1449
3504
0
-2541
5504
5088
4201
5613
-607
58
311
3600
673
505
-1955
1746
4489
4455
2819
-27
1218
973
574
978
938
3143
582
-86
807
3240
1023
1210
6291
-2508
-71
2024
-49
3915
521
941
2640
776
665
3025
-1100
1806
-216
988
1272
702
2905
4342
-443
-1398
2707
2298
452
1498
2722
359
1714
-453
1058
2678
-1134
508
184
949
-883
1117
-197
-158
-254
2610
2704
2977
1536
94
424
4164
2604
757
-3026
-364
1065
-154
2790
1235
1127
-103
2910
3241
1288
-67
5176
-89
407
127
2893
1223
-1672
-379
1962
3462
150
-886
2711
-842
-141
-2625
861
1989
2230
-302
1248
1676
-1131
2832
1085
474
3547
5115
2012
-1397
3014
-2398
1500
-77
655
6367
603
-1248
5012
105
373
1797
2122
771
694
2265
2386
3098
-759
6669
6096
0
239
1214
4730
-70
1956
1633
1690
3706
1012
407
203
2219
-113
-106
3200
2283
5626
1538
462
3784
-279
884
1911
16
4170
1912
4484
1910
1657
1940
1262
2420
3885
4196
3394
446
60
-2366
1831
-649
5569
1378
1628
5164
-3331
309
2978
-2109
-1691
-202
57
781
565
3271
2506
1162
-1953
-1021
1104
1466
-3285
1074
3315
-186
1615
639
2173
2686
3217
-11
2466
4154
5690
-532
408
4809
-61
1811
471
