569
83
1370
498
476
1302
959
1660
835
1176
1133
3001
2247
2190
976
3850
3217
3649
2287
3746
1336
2463
2918
625
3306
193
1769
2981
1921
930
5774
4245
93
967
321
2333
4388
3838
2320
5089
724
5241
1532
5696
886
4671
6873
4766
7440
6438
6935
5040
1027
6632
7600
6022
6837
7552
724
5180
6715
7139
6210
6122
6360
5684
10998
9020
5769
9307
7664
9187
2251
9045
9119
12090
3144
8792
10282
10473
2300
12203
12753
14689
10689
2874
11624
13542
12340
7470
15502
15392
9683
1696
5600
12381
13470
9845
13941
13495
3238
15915
8553
9533
12120
3637
10978
14638
3015
11031
16942
13904
17491
9430
4474
8944
4469
12702
15583
13794
12624
16728
10256
18329
724
6137
7466
14149
17968
18840
15239
17124
20666
17660
18191
6858
4357
20506
11014
11704
11427
19276
20695
21502
5636
22054
21767
22841
23815
23241
11396
12914
21699
13896
24963
21721
2189
25608
6235
8920
16076
28222
18316
26686
10088
18887
22578
8496
29040
31467
11946
29046
27756
8047
8047
12595
31347
16859
21424
15188
29351
13424
35398
32834
34121
27362
34529
9622
359
35112
27416
39451
18066
39381
39307
39443
39137
35415
22357
28566
25876
18883
10421
7303
37236
30083
23308
42143
21889
41136
25862
40835
42804
9553
42915
6694
37422
37571
22779
13411
562
17505
27107
43997
27465
14960
9403
38688
34141
22159
44267
19463
45963
42757
35486
38869
10432
48700
33908
47763
45397
47621
31309
44113
22037
34509
45036
45388
38227
17009
27219
16909
48855
44756
49948
16068
54194
49276
27402
41206
11393
43685
51099
41176
47437
41660
49998
10349
23800
18180
48879
53506
43727
36350
18464
48485
53852
48611
42643
21837
46443
55766
54376
45203
9534
52274
57724
18084
27775
44161
2342
58201
53925
55767
37569
22046
12443
52256
46139
52745
52956
53855
47822
53486
19186
901
43573
60256
14343
26682
8418
7313
30415
63781
63507
63159
38678
67143
38949
27221
60510
66242
69690
22205
30993
40787
19791
62466
63219
69690
33357
61861
68441
7178
54563
49134
17379
24750
64693
27826
67432
62332
68000
9747
28647
916
45345
30996
1316
13179
47535
16962
29354
37356
17843
63585
70620
78444
18195
62644
57582
50661
50326
55398
27611
4417
76143
70377
77054
69749
54902
50183
69237
32657
77764
36156
56545
49874
55962
59764
73173
562
58894
82140
63694
72436
43320
80052
78820
52971
68386
33669
76756
55448
47747
52770
81873
50696
46873
43730
45678
55908
58047
54153
4059
83670
11893
60729
83286
55574
54083
83712
37885
43345
55469
34927
42592
80753
42466
80370
63997
20339
43337
78069
88489
32554
87900
87055
49409
89504
63178
87747
34144
52569
86259
35857
11074
86989
72413
89724
67742
54730
15937
46219
88055
90200
62100
26432
57987
89814
91568
90815
21420
89895
84209
24499
55254
9618
81064
93616
65331
84690
48214
20446
94649
87127
84900
69546
95743
94830
21946
22063
95608
42054
62219
96434
13742
80370
97817
64342
79625
21181
88690
73916
54118
86180
86531
99330
40332
