673
560
316
1126
988
1083
1525
990
1846
128
222
1135
768
1379
908
1345
3570
2066
531
2586
797
521
459
1345
2635
531
3614
633
713
279
1767
3718
2832
2746
2138
2394
1999
3888
2130
2281
6250
3244
3849
6464
5317
4644
6270
3505
8194
4509
5256
7197
2302
7332
2944
6665
5611
7976
6567
9324
5871
9929
9405
10606
4634
9066
7582
8403
10098
8604
10521
10836
6778
9575
6537
10259
6605
8581
6420
3613
9585
9732
7376
12514
8023
4064
13078
12405
13903
13233
10356
13752
9917
10581
14751
13672
13068
12012
15714
9943
675
14148
9921
11339
3374
10717
1288
14930
9069
13940
15275
14686
8303
14955
17903
16374
7931
4084
19013
15310
17648
17910
9268
23233
26262
23880
6613
7053
24533
4223
6052
10260
26992
14171
25964
26527
17254
26673
26671
26648
27533
27533
19692
22158
25706
33435
27288
18895
13704
30216
32861
8262
30840
5628
11184
24140
31569
32482
30092
24865
10586
23737
19153
18795
31182
18356
3759
22523
32440
20860
16184
34192
24911
11991
24034
29567
24888
26305
25674
29422
36166
36515
22915
3494
27932
29894
26598
35657
37542
22688
29726
34470
22293
7731
37911
13520
34439
23216
37374
36120
33161
33421
14348
40507
34227
31279
37027
40786
26292
7495
24359
29663
43203
36913
30908
42516
3029
27678
45018
33513
41879
39895
44225
28245
11607
26071
38859
14987
28687
3625
34959
37599
49902
49571
48467
42187
15553
49155
34791
29474
21205
34729
52969
51836
46455
12177
47285
37012
41651
31033
15145
30668
23421
36826
18034
53301
31720
46524
34634
4306
51242
41639
46518
50975
37272
48744
48810
51211
31867
58887
31255
10800
33730
60861
19072
43067
31828
58214
13341
65637
51604
27359
44965
62531
28664
52860
63888
17972
27497
1451
4885
64413
10928
2841
36145
26093
68015
63054
56273
7259
35845
39525
65079
33919
13695
66176
56641
10265
66815
57480
11014
21429
51975
59930
48723
49115
47681
46355
51823
65517
73536
18235
39729
52954
68907
45305
53867
30520
59617
62650
60000
52353
10493
66652
65782
33645
52358
45880
42488
71034
34007
55677
4377
76022
64603
42054
40064
74279
11936
72759
55962
50920
61996
25373
75627
60646
4375
61838
59649
4356
77034
62069
78302
74798
42430
64246
10866
78446
56097
67686
25480
52070
68658
71469
65890
86514
55223
48447
54681
55204
68011
5316
57809
39340
82511
75799
74665
68966
77906
40213
65452
33387
63315
63315
66576
62777
12590
61735
47913
70502
38555
39099
10292
55778
54069
84420
83560
68314
82475
79397
17235
80368
42994
17700
2631
92817
43257
15088
59458
25021
59410
47502
48593
36128
53207
36128
86378
85493
63208
14591
33836
15851
94183
77489
82023
74862
76377
38715
7826
75806
91787
3874
55411
81246
88755
72275
85181
95432
75518
33853
13474
99689
91930
26426
7141
64464
18167
45664
30179
90972
58682
79305
30179
14470
84392
95942
24074
85067
100284
68519
76232
56446
21713
68911
38182
85331
93716
86126
97594
65619
20665
30463
30869
47228
78272
90476
43201
