1000
344 381 403 827 78 32 78 638 588 730 575 928 559 736 610 44 175 219 458 521 489 455 961 347 20 968 663 402 159 914 855 391 538 421 202 440 527 262 676 472 817 161 84 600 88 996 531 139 77 729 351 541 474 286 147 345 985 498 459 276 615 861 726 640 307 692 559 905 362 992 519 954 280 285 934 129 488 782 995 261 207 242 776 676 659 403 590 180 566 57 174 751 995 384 913 865 900 949 373 779 449 519 340 306 769 997 563 914 187 166 850 774 834 447 130 142 628 588 329 156 448 963 997 399 275 981 154 721 333 584 796 374 112 46 899 220 787 674 311 222 128 486 35 803 19 788 964 425 160 49 441 669 97 211 822 528 727 77 683 988 460 616 261 925 660 451 436 292 386 154 936 78 963 273 316 881 527 951 532 859 423 861 161 552 415 610 57 709 323 160 748 781 385 448 759 656 959 91 797 138 629 645 953 333 780 657 434 847 6 196 561 6 515 401 920 962 370 227 263 7 323 741 844 560 179 834 255 497 384 453 701 798 230 665 588 498 790 667 390 365 425 601 228 76 588 511 866 865 973 641 894 734 334 470 501 808 929 806 775 575 220 878 829 53 614 218 257 843 169 342 834 417 141 764 871 618 258 703 462 631 838 82 876 141 754 171 437 362 755 709 619 143 320 795 477 386 932 313 688 776 678 687 783 872 902 740 154 846 742 394 263 387 518 120 68 776 51 941 897 328 764 796 832 339 655 202 904 554 594 858 613 49 315 300 139 209 236 80 903 297 306 517 63 829 830 310 982 399 178 309 408 653 642 577 503 712 241 669 388 310 523 502 488 987 122 990 840 809 267 483 654 481 265 546 420 12 34 299 613 237 422 381 706 936 623 962 198 665 836 917 11 249 379 969 296 506 417 393 736 260 330 273 361 676 137 83 114 371 989 633 820 534 344 969 183 801 976 566 799 655 776 366 205 990 484 41 645 808 604 173 870 862 794 89 112 650 742 887 37 810 351 226 55 693 406 861 433 801 370 651 317 386 576 927 611 628 25 146 406 725 740 142 973 716 750 881 366 748 652 500 132 839 195 22 179 872 339 647 138 775 194 335 30 170 946 671 964 25 338 581 190 615 770 259 336 982 828 987 588 270 870 480 548 589 788 144 414 702 40 531 1000 706 239 122 857 294 951 391 443 806 310 472 726 745 297 930 805 811 439 732 837 323 445 888 971 610 376 89 672 78 711 522 931 183 540 742 355 288 442 504 189 620 869 625 187 181 600 38 9 139 846 891 808 834 58 913 166 591 908 852 953 677 519 9 335 414 412 146 813 771 578 813 316 558 571 565 132 22 191 561 410 560 61 894 978 669 735 219 39 607 32 255 964 769 833 175 385 158 564 963 28 905 431 343 626 827 456 89 669 552 931 80 152 953 441 54 637 299 219 773 775 950 511 563 476 748 439 483 592 373 710 856 102 991 500 709 697 391 846 564 857 283 120 88 235 168 612 580 277 87 630 912 32 338 495 758 128 810 610 283 467 472 24 870 817 626 518 614 802 673 109 827 133 196 597 820 187 876 146 854 332 703 828 861 262 276 899 529 94 452 584 352 956 967 850 57 930 919 839 552 575 670 289 418 166 853 625 538 601 751 709 809 415 190 812 195 583 826 681 480 975 469 298 310 230 469 586 421 33 295 163 856 863 917 126 966 255 525 608 680 514 146 410 850 8 853 118 609 286 332 597 122 157 695 228 940 550 921 234 474 286 149 451 526 115 447 697 189 801 242 915 263 42 538 959 976 359 310 400 505 166 188 88 511 547 744 239 120 413 494 928 718 974 414 656 788 966 492 651 587 629 907 463 230 993 212 587 337 608 697 670 733 514 94 771 199 605 522 619 612 568 139 980 160 128 63 546 623 551 481 547 625 697 70 678 294 862 642 15 938 60 200 727 175 883 15 699 97 96 535 393 20 713 679 505 409 934 700 469 73 50 714 139 454 626 875 796 664 202 353 101 640 952 286 456 111 163 182 136 352 523 758 501 223 846 36 657 924 173 139 202 127 137 859 402 703 236 376 438 240 429 480 781 257 833 578 65 304 938 819 443 659 295 49 395 138 356 996 619 221 643 87 655 589 566 217 250 884 508 107 834 848 344 689 464 356 92 45 600 894 696 487 750 169 937 98 166 220 656 269 100 562 433 617 286 123 929 902 67 568 806 487 946 173 319 143 768 380 141 254 333 162 95 692 350 212 216 718 450 230 792 705 257 97 229 783 80 926 429 675 
1000
query 680
modify 912 912 63
query 592
query 583
modify 570 819 587
modify 207 697 507
query 663
query 372
modify 807 858 396
query 453
modify 989 998 545
query 613
query 370
modify 500 816 744
modify 157 164 659
modify 673 951 962
modify 625 918 148
query 938
query 141
query 140
query 456
query 977
query 304
query 214
query 281
modify 583 846 88
modify 397 991 628
query 799
query 555
query 47
modify 383 615 294
query 928
query 199
query 20
query 59
modify 522 642 159
modify 990 998 303
modify 488 927 521
modify 840 882 57
modify 8 476 4
query 271
modify 270 466 134
modify 926 935 67
query 908
query 177
modify 989 994 896
query 648
query 201
query 315
query 125
modify 1 461 944
query 349
modify 938 992 813
modify 50 609 857
modify 220 884 208
modify 527 973 958
query 893
query 963
query 207
query 204
modify 78 232 103
query 142
query 198
query 920
query 140
query 99
query 697
query 395
query 402
modify 210 962 940
query 750
modify 484 538 394
query 416
modify 377 461 302
modify 685 787 490
modify 38 945 939
query 936
modify 816 893 811
query 496
query 957
query 570
query 471
query 216
modify 39 65 445
modify 972 990 649
query 549
query 986
query 822
query 153
modify 974 980 10
modify 33 521 404
modify 661 833 206
modify 290 774 789
modify 25 197 196
modify 613 770 827
query 858
query 256
modify 192 626 215
query 809
modify 286 530 282
query 470
query 713
modify 569 618 659
query 287
modify 527 986 797
query 599
modify 327 578 752
modify 623 902 310
modify 67 896 298
query 819
modify 822 986 333
query 715
modify 127 258 503
query 70
query 516
query 350
modify 97 913 473
modify 440 544 191
query 862
query 779
query 330
query 549
modify 672 768 413
query 606
modify 27 983 17
query 281
query 514
query 243
query 520
modify 274 593 237
modify 844 857 802
query 214
modify 448 844 367
query 475
modify 964 964 652
modify 622 675 803
query 265
modify 664 813 249
query 969
modify 118 431 153
query 389
modify 697 756 16
query 840
modify 362 786 620
modify 74 568 632
query 225
modify 668 791 23
query 671
modify 386 611 699
modify 881 923 160
modify 751 915 982
query 257
modify 172 657 272
query 990
modify 435 593 355
query 519
query 650
modify 6 482 667
query 554
query 678
query 376
query 460
query 860
query 826
modify 7 945 604
modify 952 954 18
query 553
query 416
modify 291 659 57
modify 306 930 756
modify 356 848 239
modify 6 11 25
modify 157 305 881
query 809
query 376
modify 388 863 291
query 461
modify 739 903 896
modify 992 994 93
query 241
query 1000
query 833
query 906
modify 359 488 139
modify 214 310 439
query 296
query 33
query 320
query 1
modify 916 939 511
modify 245 562 463
query 407
modify 187 468 799
modify 772 783 992
query 189
query 380
modify 76 638 689
modify 703 807 644
query 696
modify 944 990 230
modify 56 648 764
query 345
modify 314 863 13
modify 228 999 288
query 924
query 643
query 412
modify 235 781 883
query 377
query 103
modify 159 949 918
modify 20 181 936
modify 333 732 739
modify 988 990 200
query 975
modify 522 549 844
query 743
query 797
modify 869 938 819
query 356
modify 288 782 983
modify 465 755 178
modify 471 627 435
query 653
modify 516 723 102
query 118
modify 902 982 616
modify 848 915 308
modify 458 950 693
modify 133 839 995
modify 455 882 577
query 756
query 534
modify 555 861 530
modify 109 140 46
modify 416 980 806
query 631
query 954
modify 731 993 722
query 60
modify 227 642 622
modify 581 840 400
modify 103 740 877
modify 476 854 459
query 701
modify 500 766 415
modify 764 856 933
query 31
modify 216 971 283
query 976
modify 172 756 830
query 127
query 454
query 204
query 473
modify 165 550 567
modify 618 831 331
query 420
query 879
modify 713 963 183
modify 639 924 225
query 416
query 419
modify 436 824 576
query 669
modify 990 992 146
modify 177 877 246
modify 538 646 779
modify 291 621 311
query 687
query 687
query 246
query 302
query 406
modify 53 701 168
modify 466 996 965
modify 578 785 467
query 546
modify 992 999 734
modify 384 906 36
modify 189 373 858
query 420
modify 545 631 450
modify 608 926 764
query 890
modify 64 207 416
query 933
modify 956 993 585
query 738
modify 875 921 524
query 577
modify 782 819 819
modify 944 978 660
query 976
modify 478 634 144
query 767
query 40
query 123
query 827
query 641
modify 541 997 141
modify 358 708 687
modify 460 678 745
modify 881 922 533
query 519
query 474
query 378
query 124
modify 920 977 808
modify 624 698 729
query 334
query 894
query 222
query 468
modify 18 325 123
query 225
modify 278 867 204
query 996
query 311
modify 637 860 230
query 692
modify 754 889 667
modify 371 514 49
modify 309 878 169
modify 638 988 732
modify 386 407 471
modify 610 831 809
modify 997 997 938
modify 267 791 836
modify 549 990 340
modify 780 950 471
modify 850 905 416
query 904
modify 160 403 267
modify 222 374 507
modify 315 513 495
query 931
query 744
query 295
modify 112 815 2
query 964
query 289
query 792
query 324
modify 685 911 435
query 855
query 842
modify 176 501 164
query 409
query 557
query 614
query 870
query 25
query 826
query 420
query 342
modify 143 246 864
query 685
modify 358 884 983
modify 942 951 830
modify 858 886 313
modify 870 878 648
modify 683 720 247
modify 446 607 452
modify 646 905 405
query 550
modify 850 877 344
modify 88 409 489
query 257
modify 525 528 858
query 827
query 489
modify 219 814 309
modify 839 945 894
modify 75 977 709
modify 770 982 750
modify 297 406 703
modify 555 950 607
modify 642 884 120
query 914
modify 97 966 256
modify 970 995 671
query 66
query 725
modify 369 447 355
modify 425 456 58
modify 34 174 773
modify 398 697 296
query 126
modify 538 963 85
query 448
query 234
modify 335 391 695
modify 210 679 129
modify 210 429 43
query 724
query 486
modify 585 780 585
modify 286 538 300
query 425
modify 489 570 413
query 387
modify 636 807 851
modify 250 780 273
query 139
modify 504 763 456
modify 731 950 817
query 599
query 441
query 834
query 476
modify 672 675 240
query 534
modify 117 523 411
modify 568 680 355
modify 416 626 223
modify 584 702 329
query 902
modify 274 955 569
modify 747 866 428
modify 526 757 604
modify 769 882 85
query 991
modify 623 641 905
query 254
query 304
modify 324 937 637
modify 321 577 707
modify 915 945 168
modify 603 776 261
modify 94 440 749
query 707
query 810
modify 525 649 456
query 864
modify 98 715 421
modify 491 634 432
modify 262 651 870
query 500
modify 381 481 705
modify 100 440 994
modify 512 772 263
modify 492 813 314
modify 288 697 284
modify 201 996 523
query 997
query 246
modify 135 615 266
query 655
query 306
query 485
query 368
modify 535 800 675
query 735
modify 41 538 818
modify 298 638 383
modify 556 801 710
query 266
query 90
modify 168 450 978
query 910
modify 245 678 642
modify 419 928 449
modify 678 969 721
modify 914 932 77
query 333
modify 889 938 265
modify 375 791 669
query 956
modify 982 995 787
query 231
modify 179 837 991
modify 914 918 930
query 24
query 844
query 316
modify 498 930 700
query 652
modify 648 821 70
query 772
modify 760 918 20
modify 322 454 75
query 514
query 803
modify 592 989 989
query 109
query 501
modify 755 846 660
query 859
query 228
modify 620 717 772
modify 462 542 224
modify 560 715 245
query 948
modify 841 992 352
modify 486 641 31
query 881
query 564
modify 149 913 121
modify 316 665 648
query 707
modify 522 665 648
modify 746 760 397
query 488
modify 46 77 162
modify 21 84 812
query 75
modify 115 223 606
query 490
modify 785 906 465
query 315
modify 443 598 202
query 354
query 250
modify 117 223 839
query 966
modify 875 898 912
modify 662 721 875
query 237
query 162
modify 702 971 775
modify 981 987 994
modify 904 925 822
modify 470 858 526
modify 636 970 265
query 880
modify 252 754 399
query 127
query 764
modify 863 888 446
modify 356 672 251
query 257
query 445
modify 157 819 742
modify 446 859 635
query 285
modify 594 603 516
modify 343 474 896
modify 404 709 481
modify 573 899 257
query 25
query 466
query 330
modify 967 991 343
modify 968 979 943
modify 522 675 389
query 363
query 468
modify 953 992 530
query 296
modify 466 738 905
query 452
query 394
query 784
modify 485 862 328
query 253
query 697
modify 367 913 259
modify 923 950 940
modify 388 817 661
modify 2 615 306
query 916
modify 352 533 182
modify 100 115 527
modify 841 980 932
modify 989 990 41
query 62
query 900
query 577
modify 896 946 154
modify 622 720 782
query 970
modify 78 501 329
modify 168 651 32
modify 80 161 379
modify 424 750 347
query 826
query 917
modify 925 962 722
modify 624 882 902
modify 154 362 808
modify 707 753 814
query 753
modify 732 923 926
query 981
query 640
query 456
query 943
modify 427 464 869
modify 673 924 171
modify 590 910 970
modify 885 923 890
query 842
query 619
modify 245 417 936
modify 663 814 178
modify 746 783 234
modify 79 911 215
modify 192 293 697
modify 364 831 427
query 938
modify 884 928 340
modify 306 866 387
modify 616 647 396
modify 330 501 225
modify 246 656 241
query 806
query 591
modify 705 892 369
query 111
query 176
modify 421 469 110
query 999
modify 487 772 91
query 21
modify 849 899 179
modify 564 785 283
query 590
modify 6 367 272
query 990
query 16
modify 234 594 504
query 259
query 162
modify 325 653 838
query 645
modify 228 995 354
modify 618 754 595
modify 903 918 823
query 545
query 450
query 38
query 916
query 904
query 669
query 234
query 981
modify 732 910 958
modify 627 648 992
query 598
modify 382 905 707
modify 45 130 344
modify 764 866 182
modify 506 844 138
query 482
query 53
modify 680 713 778
query 608
modify 313 629 158
query 437
modify 624 828 52
query 59
modify 373 702 460
query 137
query 374
modify 759 882 232
query 499
modify 828 926 726
query 339
query 348
modify 770 859 179
modify 801 876 615
modify 123 963 926
modify 932 951 951
modify 926 993 474
modify 963 990 15
query 329
modify 25 372 331
modify 176 300 376
modify 636 774 493
modify 152 669 190
query 880
query 850
query 533
modify 715 749 46
query 646
modify 449 918 806
modify 929 962 378
query 110
query 270
modify 672 852 78
query 360
modify 104 154 563
modify 439 984 96
query 655
query 889
modify 901 901 115
query 822
query 188
modify 142 868 215
query 801
modify 621 670 859
query 509
query 479
modify 34 531 865
modify 808 858 176
modify 946 982 210
modify 550 729 18
query 854
query 47
modify 617 706 137
query 719
modify 701 768 393
modify 625 914 123
modify 771 913 225
query 554
modify 941 949 701
query 206
modify 227 299 69
query 834
modify 155 285 239
query 888
modify 411 966 997
query 278
query 613
modify 917 969 928
modify 779 937 713
query 205
query 824
query 20
query 635
modify 955 965 387
query 521
modify 409 681 637
modify 190 760 328
modify 2 692 978
modify 590 936 742
modify 189 999 809
modify 550 582 679
modify 998 999 747
query 255
modify 317 497 83
query 242
query 659
query 46
query 695
query 854
modify 537 615 629
query 869
query 442
modify 155 839 684
query 143
query 590
modify 486 705 83
modify 336 354 699
query 396
modify 849 900 641
modify 505 837 937
query 11
modify 537 968 590
query 819
modify 484 807 793
modify 688 801 91
query 384
query 19
query 570
modify 614 1000 225
modify 935 956 8
query 411
query 668
modify 722 905 621
modify 412 659 426
modify 788 958 398
modify 970 976 763
modify 612 982 212
modify 671 691 490
modify 552 574 43
query 550
modify 601 677 637
modify 683 801 236
query 248
query 427
modify 920 991 824
modify 140 266 107
query 45
modify 415 609 527
query 667
query 876
modify 463 847 453
query 793
modify 400 640 285
query 143
query 886
query 490
query 501
query 437
query 641
query 348
query 300
query 878
modify 295 474 373
modify 979 991 491
query 339
query 799
modify 41 697 442
query 996
query 359
query 221
modify 493 694 908
modify 555 909 443
modify 403 488 755
modify 807 825 115
modify 209 438 233
modify 887 956 272
query 674
query 532
modify 843 859 135
modify 829 899 786
query 741
modify 155 802 640
query 477
query 704
query 221
modify 202 922 770
modify 627 706 81
modify 935 971 421
modify 843 891 30
query 404
modify 270 525 976
query 174
modify 205 292 593
modify 899 899 89
query 822
query 822
query 813
query 825
modify 139 575 469
query 51
query 364
modify 206 777 483
query 268
modify 579 604 311
modify 309 624 869
query 417
modify 466 662 922
query 935
query 202
modify 771 934 997
modify 879 885 337
query 39
modify 622 829 285
modify 31 827 694
query 885
query 310
query 582
query 558
modify 222 945 623
modify 778 783 584
modify 938 1000 171
query 817
query 552
modify 971 985 411
modify 431 795 170
query 716
modify 194 943 494
query 81
modify 372 857 790
query 744
query 214
query 93
modify 337 348 489
modify 596 973 365
query 3
modify 759 918 269
modify 977 998 364
query 645
query 225
modify 927 1000 626
query 72
query 878
query 971
modify 513 895 708
query 873
query 261
modify 852 892 411
query 256
modify 154 320 275
query 188
modify 841 964 746
query 902
query 188
query 692
query 682
query 344
query 63
query 169
modify 534 838 949
modify 283 342 174
query 987
query 623
query 791
modify 251 676 151
modify 255 428 189
query 513
query 803
query 477
modify 991 991 20
query 198
query 33
query 463
modify 362 936 796
query 602
modify 273 630 513
query 7
query 290
modify 723 949 562
query 726
query 678
query 409
modify 477 795 292
query 753
modify 187 477 920
modify 439 799 739
modify 154 995 753
query 621
modify 581 735 548
modify 716 889 448
query 426
query 165
query 52
modify 890 969 813
query 637
modify 79 882 932
modify 851 865 412
query 579
query 967
modify 683 693 94
modify 382 638 996
query 26
query 881
query 81
modify 965 983 742
modify 371 759 691
modify 4 918 692
modify 73 618 717
query 206
query 146
modify 488 873 959
query 705
modify 795 872 504
query 289
query 423
query 146
modify 42 477 391
modify 623 650 272
query 54
query 485
modify 169 515 10
query 658
query 103
query 470
modify 576 795 480
modify 484 993 615
modify 661 871 360
query 649
query 861
modify 829 954 201
modify 70 571 662
modify 405 577 58
modify 150 909 421
query 820
modify 356 372 310
query 270
modify 761 995 403
modify 520 932 258
modify 473 680 595
query 96
query 339
modify 462 896 464
modify 235 929 946
modify 355 622 209
query 170
modify 312 564 820
modify 517 864 130
modify 405 576 632
query 428
query 711
query 438
query 523
query 322
query 89
modify 377 429 484
modify 657 893 442
modify 177 652 440
query 145
modify 994 995 492
modify 674 896 375
modify 676 942 214
modify 678 691 958
modify 793 914 617
query 148
query 205
query 853
modify 367 982 32
query 473
query 941
modify 756 941 478
modify 462 895 77
modify 562 921 364
modify 878 997 918
