481
418
180
1171
1769
1071
1272
1443
2109
1938
2082
3394
3565
2201
2366
2375
1512
2245
1225
1218
4790
3579
4539
3377
4083
4082
5064
1789
5033
5303
6087
4505
4880
5594
6471
1998
6369
6290
5917
1238
6629
5291
3612
5008
1834
8778
4560
6609
6738
8350
9026
4688
4593
9832
10164
6617
5645
10264
7381
10595
13549
7099
9868
12099
7179
1796
8373
4050
8669
5259
10739
6709
14815
7776
3977
3071
13218
9186
3528
3544
6709
4481
12572
4559
17609
8674
14957
18767
5475
3158
8439
8135
19556
17472
7321
13333
9908
5528
17587
4958
16744
12987
9257
2009
21256
11314
11522
9247
18013
15596
17637
13206
12096
19762
14650
3510
5078
15948
23491
20530
10941
15649
4602
15912
23980
21344
14707
22644
12685
3375
23666
26068
12105
25177
16868
26022
18384
19593
3973
19632
23734
28266
25169
21800
15477
32126
21504
28854
18380
24150
12329
18751
26935
30692
35702
18297
36070
22253
15432
18856
4627
35933
35499
14343
29116
21829
8067
36478
31235
18104
29034
36653
40822
19864
33358
27355
2230
37945
4043
32299
32595
20573
35250
39517
20792
1857
6370
35395
30356
28308
32467
27732
18693
23424
35027
19934
28538
40355
39172
8254
42858
43528
41298
32979
24056
38316
35314
22766
25473
47319
43662
16650
47418
22974
6003
32211
33777
47735
44236
19242
50091
24446
49475
37194
47915
6362
51061
9914
51914
49367
26152
37793
24845
18038
35131
40219
37461
50389
43252
48529
37716
27251
40523
51260
52141
32991
32767
5896
54881
25690
30861
56476
18794
35674
26623
45463
55225
55327
49779
53144
22450
9263
34266
52284
57173
53991
54529
20046
56950
28873
11346
46303
43983
29062
43402
57057
57553
11468
40594
60180
60003
13503
35865
12516
55966
1363
41913
36507
44126
4039
33789
6938
58783
49124
12953
35115
39869
48399
61527
59556
59207
31939
51065
42292
55201
8343
61562
46585
19892
35033
51547
64438
20592
48833
28036
34953
43472
35180
34162
9857
64423
13591
13409
27106
62427
63186
46283
9917
56769
65313
36497
48475
68128
21114
62278
55803
67658
35539
68195
66225
49158
57009
39216
58337
55470
9789
36846
66810
59438
68825
58523
53920
67042
61666
60385
71605
23852
22300
11539
28909
52638
62651
49997
40005
70657
40342
11377
26395
69877
68571
4003
73428
59734
10318
71052
33593
61644
73255
73234
53225
10709
63656
14141
51521
74479
54431
74704
15508
75259
35820
62824
44111
61008
53375
67154
26912
70362
45193
65627
43200
78905
64947
80213
80185
70780
67838
40170
56529
66744
78729
56331
54514
61110
79795
7004
70325
77917
82718
79853
78629
83325
64076
84220
72797
71774
86145
86419
18490
50379
82935
27538
78747
87019
7351
87803
62484
84191
79644
11535
19884
83200
88969
88237
51610
57596
88030
65261
25167
90826
85350
20221
79739
25346
90000
39994
95017
80572
86887
67559
78415
81053
64400
81029
