1000
1 2
2 3
1 4
1 5
5 6
6 7
2 8
6 9
7 10
8 11
10 12
2 13
12 14
9 15
4 16
14 17
8 18
4 19
15 20
8 21
14 22
8 23
1 24
23 25
1 26
24 27
16 28
25 29
4 30
21 31
25 32
26 33
3 34
32 35
1 36
36 37
19 38
2 39
36 40
39 41
35 42
17 43
20 44
41 45
41 46
10 47
45 48
22 49
41 50
23 51
23 52
29 53
34 54
26 55
44 56
37 57
19 58
34 59
1 60
18 61
42 62
16 63
59 64
49 65
4 66
32 67
60 68
3 69
60 70
54 71
65 72
40 73
65 74
11 75
27 76
75 77
45 78
31 79
63 80
8 81
31 82
20 83
59 84
2 85
54 86
22 87
69 88
31 89
70 90
86 91
58 92
37 93
6 94
53 95
50 96
51 97
73 98
17 99
55 100
65 101
91 102
86 103
25 104
28 105
89 106
93 107
49 108
100 109
57 110
103 111
111 112
72 113
9 114
16 115
62 116
34 117
3 118
69 119
23 120
83 121
109 122
71 123
8 124
115 125
30 126
97 127
73 128
106 129
33 130
102 131
87 132
9 133
131 134
85 135
104 136
62 137
110 138
111 139
122 140
8 141
13 142
96 143
124 144
46 145
44 146
72 147
130 148
92 149
71 150
4 151
85 152
95 153
62 154
102 155
62 156
11 157
119 158
63 159
46 160
145 161
151 162
24 163
6 164
38 165
137 166
15 167
68 168
17 169
167 170
33 171
108 172
157 173
147 174
170 175
106 176
164 177
98 178
25 179
4 180
55 181
173 182
106 183
151 184
106 185
161 186
58 187
96 188
15 189
12 190
38 191
128 192
142 193
25 194
4 195
155 196
32 197
111 198
194 199
194 200
19 201
80 202
197 203
87 204
125 205
46 206
52 207
30 208
122 209
142 210
208 211
24 212
154 213
199 214
126 215
186 216
171 217
71 218
72 219
180 220
17 221
150 222
18 223
103 224
146 225
185 226
213 227
31 228
186 229
52 230
209 231
152 232
80 233
181 234
156 235
45 236
91 237
120 238
9 239
228 240
238 241
25 242
84 243
195 244
180 245
118 246
98 247
3 248
159 249
220 250
114 251
208 252
172 253
70 254
235 255
78 256
247 257
64 258
22 259
119 260
224 261
39 262
201 263
100 264
19 265
214 266
59 267
182 268
220 269
236 270
242 271
250 272
107 273
109 274
97 275
2 276
112 277
119 278
12 279
244 280
152 281
272 282
119 283
201 284
152 285
16 286
84 287
157 288
120 289
48 290
219 291
121 292
116 293
268 294
181 295
134 296
103 297
41 298
131 299
81 300
129 301
54 302
261 303
207 304
104 305
202 306
202 307
5 308
128 309
262 310
159 311
243 312
213 313
49 314
260 315
153 316
30 317
215 318
314 319
23 320
165 321
80 322
113 323
29 324
119 325
140 326
167 327
277 328
109 329
309 330
281 331
329 332
214 333
286 334
61 335
279 336
82 337
216 338
162 339
120 340
305 341
323 342
314 343
206 344
14 345
224 346
63 347
268 348
137 349
332 350
171 351
116 352
140 353
100 354
213 355
148 356
73 357
357 358
267 359
18 360
287 361
67 362
92 363
123 364
332 365
323 366
190 367
265 368
318 369
137 370
365 371
203 372
245 373
14 374
173 375
229 376
364 377
127 378
231 379
213 380
300 381
168 382
227 383
24 384
273 385
359 386
293 387
125 388
42 389
58 390
245 391
55 392
341 393
135 394
3 395
214 396
261 397
355 398
290 399
130 400
63 401
245 402
155 403
9 404
378 405
57 406
14 407
378 408
22 409
367 410
57 411
217 412
230 413
281 414
103 415
232 416
94 417
204 418
161 419
76 420
257 421
181 422
33 423
215 424
424 425
181 426
327 427
427 428
45 429
197 430
428 431
279 432
382 433
336 434
37 435
237 436
277 437
256 438
356 439
264 440
430 441
106 442
302 443
395 444
251 445
15 446
137 447
30 448
312 449
320 450
158 451
388 452
270 453
375 454
226 455
259 456
290 457
139 458
300 459
129 460
226 461
382 462
203 463
202 464
151 465
205 466
4 467
169 468
331 469
82 470
298 471
424 472
53 473
33 474
376 475
387 476
419 477
111 478
387 479
408 480
333 481
338 482
302 483
232 484
255 485
198 486
81 487
167 488
33 489
122 490
282 491
121 492
423 493
287 494
170 495
193 496
292 497
465 498
245 499
147 500
236 501
290 502
477 503
339 504
202 505
327 506
357 507
233 508
440 509
431 510
386 511
305 512
255 513
463 514
16 515
460 516
389 517
506 518
193 519
164 520
54 521
493 522
495 523
241 524
293 525
315 526
122 527
195 528
110 529
279 530
458 531
346 532
321 533
372 534
248 535
494 536
262 537
88 538
396 539
180 540
184 541
315 542
177 543
514 544
489 545
534 546
440 547
381 548
546 549
196 550
159 551
66 552
416 553
455 554
292 555
436 556
94 557
320 558
226 559
518 560
215 561
120 562
441 563
20 564
482 565
75 566
304 567
127 568
329 569
525 570
116 571
330 572
94 573
288 574
399 575
162 576
124 577
235 578
314 579
20 580
430 581
197 582
338 583
191 584
460 585
356 586
382 587
358 588
339 589
442 590
269 591
132 592
212 593
540 594
372 595
211 596
260 597
263 598
74 599
176 600
317 601
213 602
373 603
573 604
483 605
68 606
193 607
206 608
213 609
340 610
202 611
83 612
11 613
394 614
185 615
456 616
542 617
272 618
218 619
166 620
436 621
93 622
503 623
429 624
169 625
493 626
397 627
613 628
377 629
204 630
196 631
358 632
407 633
112 634
9 635
304 636
628 637
144 638
42 639
480 640
296 641
46 642
386 643
37 644
14 645
252 646
220 647
98 648
46 649
254 650
530 651
396 652
562 653
23 654
304 655
456 656
21 657
85 658
414 659
237 660
192 661
21 662
612 663
430 664
30 665
370 666
561 667
313 668
477 669
578 670
298 671
558 672
223 673
484 674
600 675
491 676
482 677
393 678
581 679
535 680
533 681
476 682
481 683
271 684
656 685
566 686
425 687
46 688
334 689
236 690
119 691
189 692
550 693
564 694
402 695
227 696
494 697
533 698
149 699
153 700
341 701
421 702
139 703
3 704
314 705
481 706
5 707
372 708
242 709
632 710
537 711
497 712
232 713
344 714
390 715
234 716
166 717
137 718
184 719
692 720
290 721
13 722
175 723
513 724
642 725
262 726
97 727
324 728
394 729
193 730
200 731
594 732
494 733
504 734
372 735
256 736
113 737
383 738
116 739
224 740
381 741
291 742
18 743
25 744
206 745
350 746
77 747
14 748
106 749
523 750
630 751
336 752
208 753
151 754
412 755
744 756
448 757
543 758
676 759
299 760
163 761
214 762
744 763
561 764
723 765
334 766
412 767
208 768
768 769
733 770
636 771
442 772
717 773
545 774
504 775
249 776
664 777
155 778
578 779
519 780
654 781
731 782
23 783
757 784
74 785
581 786
406 787
458 788
98 789
56 790
31 791
517 792
9 793
702 794
152 795
641 796
343 797
275 798
92 799
210 800
277 801
795 802
647 803
368 804
212 805
272 806
69 807
9 808
700 809
184 810
123 811
800 812
578 813
550 814
346 815
74 816
373 817
207 818
718 819
556 820
411 821
809 822
116 823
314 824
305 825
112 826
332 827
265 828
557 829
535 830
448 831
310 832
703 833
265 834
630 835
773 836
43 837
657 838
125 839
538 840
331 841
354 842
110 843
561 844
99 845
47 846
75 847
536 848
609 849
426 850
60 851
832 852
26 853
179 854
240 855
367 856
645 857
848 858
139 859
322 860
752 861
122 862
512 863
419 864
106 865
242 866
43 867
487 868
632 869
706 870
333 871
413 872
309 873
536 874
717 875
53 876
838 877
238 878
338 879
315 880
595 881
808 882
111 883
862 884
106 885
745 886
402 887
219 888
848 889
642 890
96 891
165 892
882 893
262 894
475 895
771 896
446 897
282 898
717 899
263 900
787 901
724 902
71 903
793 904
227 905
401 906
355 907
367 908
698 909
94 910
235 911
697 912
583 913
432 914
478 915
829 916
343 917
456 918
416 919
817 920
682 921
791 922
917 923
175 924
535 925
368 926
915 927
694 928
855 929
79 930
730 931
608 932
344 933
754 934
435 935
733 936
256 937
410 938
299 939
502 940
771 941
549 942
107 943
815 944
300 945
868 946
642 947
781 948
347 949
699 950
897 951
862 952
886 953
58 954
452 955
412 956
617 957
35 958
891 959
541 960
650 961
62 962
131 963
350 964
391 965
902 966
266 967
398 968
792 969
254 970
689 971
63 972
132 973
146 974
828 975
715 976
588 977
402 978
635 979
27 980
227 981
875 982
499 983
28 984
417 985
616 986
327 987
974 988
332 989
670 990
22 991
498 992
431 993
485 994
469 995
214 996
145 997
506 998
81 999
707 1000
1000
17 358
343 685
568 168
950 200
762 188
980 1000
695 918
311 540
530 809
485 709
951 824
508 713
144 854
120 801
149 328
782 172
449 395
598 358
245 752
16 580
50 47
244 378
698 662
675 369
800 502
146 229
124 599
118 135
834 398
480 14
894 368
812 813
725 269
374 264
627 564
571 387
307 542
13 45
774 878
150 967
841 521
695 693
379 80
422 748
424 244
495 76
908 388
484 122
671 728
238 84
821 926
573 386
863 852
897 323
653 625
288 949
632 307
818 431
684 589
829 376
733 378
292 968
901 344
694 415
235 359
89 441
734 257
310 753
568 342
280 21
229 112
508 83
541 823
41 342
164 303
10 734
600 521
267 598
694 367
50 489
120 723
950 715
990 606
478 530
961 359
9 632
5 10
792 72
439 767
243 821
958 412
196 643
969 122
462 645
481 282
629 635
132 162
491 243
785 109
129 863
652 670
99 593
622 709
233 640
620 656
861 28
822 661
766 552
23 377
830 123
567 92
378 343
480 646
344 972
660 818
134 349
5 346
673 669
691 673
287 113
629 795
250 73
353 274
429 723
379 112
126 955
574 39
964 121
648 668
351 631
329 968
885 811
184 355
173 364
503 123
367 101
576 299
266 903
939 547
986 549
656 91
176 629
473 704
640 826
945 478
974 903
193 664
370 162
455 572
932 284
779 617
882 162
147 922
716 628
49 406
989 978
458 608
879 890
742 200
176 548
948 80
184 40
623 116
82 525
786 389
384 881
502 657
236 452
284 83
669 906
522 23
407 630
670 832
175 462
714 366
69 797
503 40
706 148
896 90
740 289
175 471
387 291
425 16
505 580
18 638
38 498
904 624
535 360
334 641
887 918
760 462
969 558
397 469
61 349
564 598
416 549
705 373
625 885
113 956
518 876
715 825
616 571
950 34
901 869
155 340
917 998
146 785
822 719
771 123
353 832
502 438
680 975
998 412
389 478
1000 138
89 40
851 31
357 471
257 234
340 38
858 246
599 885
580 516
995 813
723 990
491 195
749 296
290 30
689 998
125 750
324 814
806 519
225 831
954 887
428 245
279 189
358 530
249 943
912 550
56 645
857 823
994 351
816 495
160 401
656 493
88 101
783 846
449 519
782 197
780 378
399 513
890 605
748 477
77 790
433 503
90 278
698 378
37 508
304 842
298 369
393 189
268 625
720 51
325 991
151 987
502 728
433 507
61 953
951 395
43 775
609 678
10 93
992 838
67 867
28 697
965 994
721 188
706 772
377 82
207 53
841 5
402 6
782 162
338 151
371 773
119 921
83 422
758 994
854 578
829 986
164 725
910 259
752 920
330 289
897 687
99 769
922 59
937 176
88 296
555 748
705 989
561 563
968 56
810 321
525 751
746 971
392 665
694 669
380 15
528 856
639 847
387 464
985 418
779 824
175 611
180 978
400 41
621 116
354 708
306 690
542 830
418 737
285 994
130 753
695 570
719 356
19 123
297 336
112 701
326 679
93 320
537 745
18 943
371 699
333 633
923 722
102 861
351 251
680 237
199 86
904 141
417 502
106 928
22 27
602 765
697 894
887 625
675 541
530 380
403 71
827 281
305 742
969 340
689 830
740 631
214 774
681 505
957 949
46 71
704 645
415 201
926 835
691 695
682 713
492 324
70 726
215 521
413 534
942 786
122 138
821 502
337 291
810 666
530 791
456 680
7 208
477 604
167 870
794 321
633 641
774 569
479 527
373 506
670 245
406 700
909 856
549 931
832 232
885 577
538 61
30 590
397 638
185 293
321 578
701 732
38 127
354 9
164 33
778 646
742 283
514 461
688 404
124 605
680 836
860 922
421 855
288 144
786 128
714 162
877 524
186 385
349 852
981 56
915 586
456 724
383 972
995 553
644 537
662 74
559 228
483 889
678 794
358 571
759 99
290 741
630 111
984 436
675 101
538 370
199 968
509 173
664 392
814 263
585 993
969 280
920 185
577 177
781 111
272 70
221 364
282 541
521 260
363 991
187 93
543 217
711 993
328 370
777 255
52 77
885 703
246 810
431 557
505 662
388 225
272 718
467 710
924 271
609 283
721 376
364 338
814 645
682 376
152 815
291 297
133 380
58 908
751 992
606 496
323 467
774 284
146 792
526 600
322 334
401 582
712 801
260 356
822 792
790 125
620 4
94 395
993 12
664 796
548 305
119 123
452 697
90 346
215 677
199 28
782 824
712 958
40 356
896 841
685 61
941 915
610 101
694 30
663 636
327 421
877 378
219 999
530 548
400 882
560 197
778 725
662 583
225 241
677 483
636 445
826 692
560 775
852 105
70 374
865 517
962 166
167 425
845 851
757 406
529 567
558 328
883 729
909 248
269 724
910 826
66 21
413 653
596 382
580 191
509 340
287 366
171 119
779 773
92 744
635 708
549 655
261 297
651 840
964 25
424 899
150 87
489 483
146 241
468 379
646 635
642 90
505 348
259 506
18 258
402 874
785 662
640 668
722 276
200 474
93 74
900 608
650 154
966 589
583 520
666 355
42 183
447 312
698 136
480 831
736 916
202 287
122 96
138 899
745 596
63 152
887 270
943 869
735 590
479 285
141 50
826 823
228 9
753 609
184 263
864 445
720 510
216 844
878 942
810 937
252 528
923 25
83 827
335 586
804 12
118 518
616 283
573 618
999 798
323 740
664 700
644 626
129 104
103 368
531 361
6 823
338 281
632 152
301 466
626 852
763 408
11 553
487 874
648 684
356 701
436 111
578 498
835 817
23 966
265 983
588 252
242 641
441 121
419 301
837 281
686 400
869 242
709 173
536 370
551 686
999 972
583 666
648 291
680 130
786 156
775 400
424 373
413 491
510 816
18 352
623 958
748 584
893 15
550 267
449 4
499 47
328 12
795 869
499 871
671 413
618 419
790 383
793 200
332 334
92 977
13 831
497 746
313 684
534 936
663 513
312 921
366 519
623 663
445 177
960 80
506 805
596 865
808 840
1 178
592 383
735 333
511 976
88 895
79 113
45 210
241 665
987 201
232 673
136 463
498 914
927 18
699 22
619 548
886 989
639 497
549 489
482 859
8 924
324 746
279 880
867 198
421 577
161 410
718 420
21 715
558 19
730 595
551 1000
454 649
180 487
4 687
644 65
799 387
80 329
839 332
497 229
171 53
290 84
917 296
256 109
910 997
150 968
119 552
101 421
197 320
426 645
816 997
454 554
738 338
734 650
665 686
643 166
886 142
62 914
40 233
180 19
786 677
555 137
358 61
633 621
533 983
2 733
219 934
302 820
211 388
21 578
441 622
513 235
989 851
323 274
547 24
793 245
661 313
48 361
923 984
127 894
7 906
771 147
451 572
109 585
904 98
383 30
140 158
903 778
236 792
876 298
942 958
845 809
579 552
157 926
417 520
809 353
285 244
764 544
405 547
27 247
28 479
335 168
204 4
659 268
565 206
200 761
563 825
737 76
88 482
83 624
379 345
629 509
210 248
446 185
926 400
358 518
805 866
781 269
500 876
720 653
428 702
632 953
946 852
793 423
671 498
937 135
347 373
548 316
376 963
258 149
982 882
251 941
399 735
343 178
18 580
269 236
841 13
813 171
506 373
500 190
466 128
350 711
776 921
872 539
166 619
724 944
822 884
696 99
793 338
953 625
50 378
378 148
37 813
523 970
5 353
151 352
324 537
23 815
469 368
892 879
951 429
496 62
695 501
421 552
972 512
124 919
903 383
845 843
596 700
550 221
698 936
449 923
339 185
353 649
490 653
376 252
828 244
38 568
464 96
5 515
604 550
917 564
159 760
569 438
832 970
394 302
39 717
824 520
737 817
737 791
690 119
176 999
913 794
795 130
740 298
120 211
963 955
929 457
932 768
627 173
853 707
602 793
722 305
197 887
490 346
66 531
804 984
213 62
256 559
7 484
601 517
227 485
403 123
214 338
134 925
509 567
266 321
748 323
378 723
992 813
490 414
752 882
818 893
931 262
104 624
568 788
103 958
177 544
585 632
792 875
284 553
415 326
18 809
289 827
782 911
177 47
163 930
961 15
399 951
459 254
956 948
59 470
937 676
365 427
292 200
311 646
517 444
109 18
209 865
324 422
795 571
60 584
832 336
306 380
4 939
165 211
8 787
949 625
467 875
440 249
951 533
577 137
144 822
322 895
603 161
361 144
306 252
657 589
671 196
148 947
317 415
584 984
555 580
248 794
116 640
776 588
839 258
693 498
738 793
728 569
105 86
706 47
76 437
139 165
446 151
561 919
935 70
803 658
515 480
676 567
129 695
57 834
176 985
329 770
993 583
694 818
387 399
138 71
707 790
752 447
83 158
739 222
733 113
221 117
329 60
611 28
511 695
744 577
854 75
315 964
177 615
32 652
737 659
622 416
377 664
108 671
902 631
975 100
492 921
45 132
25 479
708 111
386 407
981 855
659 183
181 266
819 880
931 95
965 969
715 989
748 725
80 427
660 288
374 11
890 14
138 523
601 335
442 566
960 999
702 603
486 497
748 480
