50
-33026 94374
99851 -5367
-88602 -46385
-52617 -85049
-96580 -25940
729 -99995
-99939 3979
31301 94965
-54762 83678
94604 -32420
1928 -99968
99868 -5227
-77109 63668
-75550 -65536
99959 -3095
34186 -93961
-26941 96292
21272 97706
84899 -52808
-85063 -52612
92154 38850
86816 49602
88487 46592
96370 -26706
75379 65728
99953 2592
-80081 -59907
-25114 96798
-15585 -98766
38796 -92171
90859 -41776
36414 93124
99979 -549
93499 -35507
-21548 -97651
-4998 -99892
-96709 -25521
87449 -48541
-14413 98965
97864 -20589
31071 -95045
-4030 -99934
-95698 29028
-72656 68694
95305 30228
-8196 99679
31400 94936
91541 -40233
-49397 86945
-94052 -33954
