2000
-43380 90103
92535 37938
-8492 -99630
-99418 -10930
46104 88747
-25937 -96597
36570 93074
-78364 62129
99175 12826
-25392 -96706
36103 93249
85261 52233
81660 57748
45423 89091
-35983 93306
17296 98494
71034 70359
51294 -85844
-93272 -36117
-99107 -13305
-35600 -93455
-86539 -50070
-21400 97695
-70275 71129
84122 -54097
-99722 -7633
-99977 -1977
-34939 -93691
-93445 35562
-81304 -58192
-33465 -94247
-96780 -25231
-45915 -88857
-53410 84552
25095 -96788
91157 41113
90324 42879
-47826 -87809
93316 35950
38123 -92449
-55310 83324
4895 99864
95773 -28722
-94975 -31301
-81551 -57869
5313 -99874
99601 8928
97687 -21450
-80708 -59030
-10633 -99415
-91670 -40000
-64417 -76475
-78152 -62405
-11145 99395
-97062 -24079
-94993 -31264
99957 -2571
-98450 17617
99576 -9355
-64610 -76315
-81150 58423
-99337 11515
-99688 8013
-99059 13829
58826 -80856
29729 95484
-96377 -26729
86810 49615
-86160 -50777
14397 -98948
-11594 99320
-30672 95187
74476 -66756
-68352 73001
99932 -3203
30100 95349
-10631 99417
-85476 51937
94383 33056
-28108 -95984
79149 -61139
-99858 5584
-3678 -99949
-56000 82853
45150 89239
-90513 42474
17696 -98427
12150 -99243
80900 -58759
54534 -83811
99851 5540
99982 2651
-73052 -68281
47338 88069
51701 85578
-48916 -87219
10620 -99439
99975 -1130
76382 64566
39516 -91848
17794 98384
12420 -99230
5940 99832
-96328 26825
95062 30983
-63863 76928
-84495 53518
82078 -57121
-76817 -64034
-6241 -99815
52674 85005
-95925 28228
-675 -99992
88287 -46960
-84365 53702
61117 -79144
-99626 -8750
98479 17299
-42787 -90383
98735 -15770
-89593 -44413
97622 21768
98500 17156
-86304 50547
99847 5804
-7674 -99701
92996 36782
-91244 -40927
-98728 15781
95992 28039
-66302 74857
-12115 99265
-12662 99195
-22400 -97475
97197 -23497
-60021 -80003
50950 86063
94121 -33737
-95908 28250
-45808 -88879
64067 -76765
-75998 -65000
-81150 58418
-91566 40183
99279 12151
49490 -86895
-99526 -9685
43938 -89844
99775 -6734
90515 -42491
58395 -81189
-91586 -40134
14236 98988
-63263 -77455
-93645 -35025
-79624 -60504
99966 2753
-49484 -86905
-67321 73921
-70455 70962
54978 -83514
73351 67949
-23079 -97296
-17753 98427
93891 -34467
-77831 62792
54529 -83844
44495 -89556
81007 58609
99133 13278
22939 97351
-45937 -88829
-87767 -47946
37934 92522
81602 -57833
-43127 90221
-24319 97018
-97148 23664
-69959 71449
-23771 -97114
-45711 -88920
46353 88591
-78959 -61386
67865 73460
95808 28647
-24083 -97055
99678 8144
-42713 90431
-9008 -99613
56278 82651
-25282 -96738
71520 -69878
-54510 -83828
-30155 95365
13998 99015
91840 39603
-94084 -33916
49587 86863
4215 99891
5419 99844
-95081 -31028
-91779 -39671
71074 -70344
62772 77837
95139 30838
-92567 37839
-74349 66874
-7019 -99752
20201 97919
43808 89902
99465 -10407
-89448 44708
99541 9770
-6859 99767
6776 -99783
12761 99179
84853 52894
-82347 56756
85304 52186
3608 -99927
-99994 -2213
13766 -99044
-96476 26239
5253 -99858
92780 -37330
-68387 -72951
95551 29514
63226 -77477
7035 99761
-91555 40260
93641 35036
98683 -16095
-86952 49392
-76787 64080
-88481 -46608
78109 -62451
-82320 56772
-98839 -15104
87684 48116
15028 98857
-99800 6346
-65886 75248
-48439 -87484
-97398 22610
-64919 76084
95366 -30023
-31284 94965
-61980 78468
-57065 82114
-21722 97614
78493 61968
99140 13037
-8145 -99682
-32227 94646
74546 -66642
-93608 -35131
-17674 98423
39659 -91801
99153 12980
66805 -74434
83512 54981
89237 45141
50628 -86225
80614 59193
-98489 17267
-34008 -94047
87143 -49037
87201 48942
-84337 53702
-90547 42467
-64635 76285
-90842 -41813
-93730 34873
-90932 -41579
-98829 15324
38302 -92370
98770 -15630
-93161 -36377
-89028 -45539
-83414 55191
99603 9053
-44842 -89396
-85103 -52482
-75741 65272
-77129 -63628
-28422 -95859
-99845 -5471
48270 -87574
-97470 -22298
-75376 65745
-18502 98270
-7723 -99690
24576 -96937
98550 -16869
81229 58355
7385 99713
-99951 -3422
43489 -90033
90581 -42413
-959 -99981
55010 -83486
97777 -20911
-97521 -22067
58713 -80964
-82990 -55758
97364 -22721
-29922 95425
98167 -19089
45129 89237
81480 -57986
100004 -1056
55320 83315
70422 -70988
53993 84183
13750 99033
-84896 52852
93191 -36313
79911 60105
40257 -91548
-54622 -83759
94051 33958
72615 68758
81661 57741
-49867 -86688
14462 -98957
-68101 73248
99834 5396
-66566 -74603
8853 -99593
62267 78229
91979 39197
-71329 70091
-17411 98471
89348 -44938
-95551 -29486
80302 59595
87158 49065
-100007 664
-31614 -94853
-18798 -98216
-98575 16774
-91288 -40860
-25034 96834
73296 68047
19816 98008
99069 -13719
73948 67306
5759 -99840
2987 -99972
99306 11815
77954 -62639
-64043 76822
-89147 45303
-87865 47751
521 -99986
-90745 41984
-99770 6884
99829 5522
-6097 -99824
75412 65704
21784 97607
-52536 85101
18436 98295
88559 46487
83463 55108
-99977 -1910
87680 -48067
63882 -76935
-45949 -88834
-9482 99533
38431 -92304
65013 -75973
14822 -98914
-99269 -12107
-80666 59078
-26860 -96324
46930 88293
-67023 -74193
89009 45570
78774 -61603
-85124 -52447
29961 95392
65135 75871
83984 54248
66324 74827
63422 -77329
99309 -11716
-11258 -99363
-44178 -89716
83947 54366
-13102 -99122
-97256 -23277
-91452 -40458
-75208 65899
93712 -34901
34325 93911
9822 -99506
74544 66645
19962 97983
-66605 -74589
60915 79331
99998 1682
82198 -56916
94071 33949
-11787 99315
64057 -76796
-69553 -71868
-71061 70343
68349 -72981
-45548 -89008
99467 -10409
-42962 -90298
-70941 -70482
-92969 36842
69303 -72098
70845 -70605
99624 -8643
-12916 -99142
76657 64226
-68290 73039
-46504 -88514
65854 -75248
97486 -22248
98094 19496
-86300 -50526
-60450 79652
74341 -66914
-97288 23104
99458 10324
-40706 -91329
-88502 46580
-99373 11015
-1179 99998
44599 -89486
-99666 8377
-35190 93625
-16908 -98546
56960 -82177
82147 -56999
-93679 -34982
79170 61086
-79054 61233
78924 61428
-97813 -20829
-71065 70366
-99987 -177
-40281 91542
96406 26571
93691 34993
17199 -98526
99927 3460
94425 32873
51034 85987
29098 -95659
55467 -83211
-78796 61603
62323 78195
69766 71615
54640 83729
-97260 -23282
8999 99598
40322 -91522
-99962 -2542
21228 97732
40127 91605
98740 -15728
-100008 -790
-96720 -25454
-32305 -94622
-56796 82299
99799 -6092
78544 61881
-48197 -87606
-32944 -94421
-78347 62130
-92639 37701
-51632 85620
87840 47817
80530 59312
95646 -29134
75436 65642
-27791 -96059
-95683 -29119
-83914 -54366
-36329 -93157
97935 20297
99061 13621
-90164 43207
88113 -47279
-86849 -49544
46009 -88792
-35547 -93476
-12474 -99229
62307 78232
-97983 19922
85886 -51204
-58763 80914
-53159 84707
-53518 84456
67833 -73491
-1697 -100004
17800 98401
95079 30985
-95827 -28616
76942 -63879
72461 68932
96779 -25129
-10520 -99440
-43045 -90265
-78323 -62143
87535 -48380
15357 -98828
-13100 99157
89347 44943
74428 -66760
-76077 -64910
79619 60530
-94638 32289
-135 -100008
-59297 80508
67249 -74018
-98292 -18365
-64515 76387
95461 -29725
-69569 71809
-24165 97016
99694 -7802
-83205 55467
-66460 -74723
44542 -89522
-97711 21294
20800 97824
-68015 73321
-91758 -39772
-92774 -37278
52069 -85368
93328 35926
-35200 93587
-20487 97876
34605 93823
96996 -24262
80216 59731
47900 -87760
-99331 -11555
76987 63842
-64318 76571
68508 -72830
94527 32673
-95308 30234
-33689 -94134
-83604 54869
98865 -15084
-30245 95302
99088 13447
-98986 -14173
53077 -84742
-1859 99973
-38146 92431
-63787 -77024
41575 -90950
-29390 -95602
79521 -60629
-99497 9975
97463 -22342
71113 -70296
-62843 -77765
99153 13087
-99994 1571
92889 37059
-91350 40728
-88230 -47073
-86221 50627
-99414 10763
-66619 -74554
-81680 57698
81905 57378
-16974 -98541
79026 61274
52970 84837
95707 29036
97903 20330
-27897 -96037
-92501 37974
-43153 90224
-75850 -65155
55743 83000
-87384 48628
-93962 34221
60388 79726
-99426 -10880
96353 26776
89736 44095
-99749 -7105
68491 -72842
-33573 -94210
98065 -19645
33698 -94132
-88917 45773
60657 79506
98357 -18094
-98954 14515
99580 9331
-50986 86007
-21329 97706
-98734 15930
21149 97742
-14244 -98998
100015 -943
58627 -81029
-99703 -7801
-95753 28870
26923 -96306
71660 69753
94280 33285
-89225 45174
-3263 -99942
97814 20804
48846 -87260
-60171 -79855
74063 -67175
-32538 94572
41456 90993
93511 -35455
46184 88719
71986 69393
99573 9165
-58020 81448
65078 -75920
-50202 86473
-32302 -94624
-41734 90863
-68075 -73265
-40688 91345
36651 -93044
76520 -64350
-38772 -92176
81400 -58059
76598 -64258
-27106 -96257
23027 97326
6211 99820
-12242 -99234
-98632 -16570
-15639 98774
-65881 75205
-8502 99635
-5550 99860
47707 87873
-86673 49861
46850 88333
-77790 62853
-5282 99847
-95800 -28723
48202 -87632
99991 -2271
-95380 30042
54648 83771
72018 -69406
-53018 -84781
-40242 -91528
-98652 16345
47988 87733
-71361 70072
3089 -99964
-65973 -75160
99698 -7558
29823 -95435
32571 -94552
15023 -98864
-75174 -65941
77289 63431
86782 -49657
-67757 73561
-58746 80920
-79951 60062
97919 -20254
-83956 -54316
99278 11959
60814 -79393
-51252 -85844
-84200 -53930
-94191 -33526
83939 -54388
3650 99923
-78957 61373
73085 68272
-40220 91557
98248 -18583
47735 87875
-80643 -59102
-25093 96785
99858 -5364
99659 8073
91212 40982
-64385 76535
-53956 -84191
-77250 63508
92112 -38877
14015 99018
-96530 26136
94511 -32635
-23163 97288
-74926 -66229
1498 -100005
-73049 -68288
-99769 6707
-13122 99137
86472 50187
96583 -25849
19361 98090
98689 -16210
-83968 54335
-26739 96354
84058 54191
90409 42767
-99536 9517
-93652 -35027
77809 62797
-80691 59080
-40359 -91516
36041 -93298
18739 98216
-67117 74143
88566 46459
11073 -99375
-93629 35111
-91836 -39561
70200 -71245
68802 72554
87848 -47772
-20570 97881
-34271 -93961
99283 -12015
74466 -66717
-36937 -92927
-57412 81889
-94850 31705
-45966 -88821
-88466 -46643
96086 -27738
-13899 99038
98137 -19304
12399 -99240
73537 67790
-84337 53716
-49656 86822
85928 -51137
-42040 -90718
-97319 23040
-24040 -97050
-1255 -99992
-85504 -51829
-88200 -47151
98825 -15277
-33583 -94191
-46329 88630
-99913 -4337
-2998 99940
1256 99980
-40081 91609
46116 88743
96282 27051
61861 -78551
7222 -99743
-62443 78107
65553 75520
-94330 -33220
-98689 -16036
-83743 54648
99161 12981
24585 96930
-77653 -62979
37914 92519
58867 -80841
-99825 -6085
-68506 -72863
23038 97289
55112 83430
88657 -46237
28586 95830
-37734 -92597
-88625 46301
-89057 -45479
-43302 90159
31369 -94941
-10421 99450
99702 7935
97482 -22281
91934 39295
-88641 46320
11823 -99285
-67195 -74084
-8183 -99657
-99444 10601
-18266 98306
-83854 54507
-27710 96097
-92654 -37573
97175 23617
99621 -8741
66828 -74410
33154 94345
52712 84955
-74538 66667
-65394 -75678
-48910 -87244
79393 -60828
24109 -97068
29926 -95398
-95354 -30076
-89092 -45436
90240 43065
34710 93790
-50538 -86279
12375 99249
99997 -2022
-94213 -33537
-54005 -84169
-98223 18845
73890 67371
-58395 -81178
-80408 -59461
-32390 -94627
97404 -22703
-53886 84217
98044 -19711
44452 89557
29241 -95608
-8719 -99631
45267 89159
-26864 -96315
20985 97786
2293 99960
99691 7893
40898 -91252
51773 85544
-87182 48977
85644 51595
-17516 -98473
-98386 17998
47043 88225
-90473 42573
-8291 -99669
75832 65202
84855 -52923
-24425 96971
-99780 6737
-87539 48335
98978 -14395
15953 98724
56602 -82463
-48838 -87243
95812 -28606
28020 -95976
-20198 -97956
-97551 21956
-99669 8008
-51822 85533
70450 -70981
-41970 90787
-96196 -27255
-12104 -99264
77820 -62800
-59727 80202
-99388 -10932
93655 34996
-98982 -14095
-99147 12899
31866 -94798
-58188 81338
76250 -64672
-85804 51332
96724 -25338
50752 86144
-99837 5457
62469 78091
22812 97382
-34043 -94029
84754 -53056
99996 1440
97746 -21082
-4672 99885
-44973 89294
99634 8369
-17920 -98393
76124 -64873
-32525 94560
-99974 2670
56358 -82590
78444 -62019
-40663 -91372
43614 90009
71931 -69449
77178 -63569
-80270 59660
-76828 64035
57791 -81589
56310 -82620
88071 -47374
-91396 40571
10974 -99408
-22160 -97519
-25864 96594
-50297 86420
98715 -15863
-99419 -10853
-47109 88196
26471 -96453
44627 -89500
98908 14688
-85680 51568
-46599 88469
72200 -69209
98163 19101
-75452 65623
-18264 98313
-21805 -97594
94246 -33492
139 100002
-99995 -1880
79848 -60209
97609 -21702
-99147 13002
36488 93117
91512 -40274
77943 -62619
72945 68377
-57315 -81956
-80486 59323
90948 -41570
99772 -6584
-52426 -85156
-25122 96796
-66008 -75129
72641 68752
-59348 80500
98480 17483
-38550 92256
37637 -92658
55968 -82869
-99822 -5867
84859 52938
-88991 45581
14093 98989
-99628 8701
-78513 61962
-94900 -31518
-3208 -99967
-74501 66698
-99802 6464
84903 52834
99473 10359
43560 -89994
-21324 97718
99546 -9318
77959 62642
86599 -50022
4775 -99906
99452 -10440
22924 -97350
16376 -98654
-137 100005
96000 -28071
97144 -23683
-76211 64748
-49703 86752
-9475 99570
73864 -67394
-91681 39937
-46900 88298
-66369 -74806
88209 47075
-78629 -61755
-64868 76088
-97489 -22284
52083 -85345
2409 -99961
48838 -87264
18756 98233
-99552 9513
55293 83302
-4561 99888
99892 4912
-92437 38132
-90162 43233
-69332 -72038
52523 -85098
80473 -59358
63381 -77331
34911 -93717
98031 19842
9882 99497
-92811 37284
77841 62751
-55526 -83189
-100012 442
83491 -55029
93055 -36667
-24582 -96940
-83997 -54284
-54961 -83546
-38671 -92232
14909 98865
-84648 -53218
21030 -97758
84296 53810
-61943 -78508
96183 -27353
-8436 99641
-96612 -25787
-96686 -25495
81846 57441
31648 94841
-52896 -84882
-34035 -94034
-87108 -49132
-94784 -31891
-59639 -80253
27283 96194
79436 60746
37002 -92892
99966 -2954
95181 30682
-79538 60639
-99521 -9972
76263 -64701
1199 100007
82160 -57011
6251 -99806
-90905 -41700
-8916 99586
-28215 -95919
53149 84694
99111 13295
-80759 -58991
-98642 16523
-28333 -95908
-88774 46072
-11404 -99340
23589 97197
-46459 -88535
-82227 -56885
-30415 -95273
88519 -46531
-97885 20460
-70901 70523
-99309 -11632
-7238 99751
-55071 -83464
86497 -50193
99985 -1125
99969 1876
-31763 94825
19816 -98032
2339 -99986
86159 50757
95296 -30293
-50612 -86269
-86380 -50375
86360 50378
-93244 -36090
-34666 93810
14861 98872
55586 -83140
-99436 10430
-3761 -99917
-85038 52625
-23634 97157
13093 99131
24081 97067
-28691 -95786
99603 8850
-88400 46752
-88679 46255
-95050 -31018
54231 -84007
64637 76284
60658 -79487
-95460 -29741
-90052 43449
-85768 -51447
-53457 84529
78640 -61783
-65374 -75697
96285 26972
56830 82261
68211 -73132
-64585 -76340
-98383 17873
92667 -37614
-26315 96465
23533 97185
32597 94555
53302 84623
100015 900
80489 -59317
98093 -19428
-89149 45308
36193 -93223
969 99986
47516 -87981
76209 -64723
24923 -96841
56314 -82625
6513 99807
-78959 61376
-67608 73690
-96312 -26873
60383 79720
-51896 -85476
-15418 -98823
-84024 54184
96664 25669
99534 -9775
71462 -69941
54426 -83908
82913 55916
80420 59422
37166 -92854
-51224 85883
66738 74462
41305 91056
-94349 -33152
-52833 84896
72719 -68615
60705 79456
88552 46474
1894 99980
-69169 -72225
86269 -50567
-55973 -82852
-96497 -26163
-76283 -64673
-28657 -95789
92139 -38826
66824 74377
47661 87892
-99940 3184
94384 -33049
58183 81345
-61720 78685
75658 65391
61807 78630
66259 -74891
73427 67885
89029 45536
-88618 46368
-93864 34453
-21602 -97654
14756 98891
-94158 -33658
-94933 31429
34520 93866
-56941 82229
-44895 -89359
97123 -23886
72987 -68346
100013 659
33722 -94127
-38348 92367
73240 -68059
2873 -99942
92807 37267
49377 86951
-3354 -99939
-93650 35020
46126 88748
-12932 -99156
27800 -96076
-78906 61436
90272 -43003
95064 31026
98069 -19547
-62686 77930
20332 97897
-79725 -60383
32241 -94652
-62373 -78169
-53846 -84249
77966 -62607
87631 48176
-32324 -94624
8313 99639
-54951 83567
84971 -52746
99577 9089
-15281 98811
-66965 74285
-44326 89634
96465 26341
-99752 -7301
-53393 84554
-88626 -46303
87246 48894
69032 72331
-49438 -86936
-82373 56718
-13186 -99128
-92992 -36816
47472 -88015
-87543 -48363
94896 31507
-70165 -71230
-24405 -96975
4961 -99882
81292 -58223
28228 -95928
60483 79623
9752 -99504
-90482 42604
80239 -59701
69353 72027
-58643 -81014
31972 -94742
-25247 -96754
99924 -3832
50945 -86068
-99987 -1915
78695 -61671
-58836 -80844
96762 25305
-56404 82570
38273 -92388
-99999 -1489
-81799 -57535
-86169 -50726
-7427 -99731
-32439 94593
50012 -86614
-6724 -99775
99887 5050
-74931 -66223
-2584 99986
-94084 33828
90896 -41699
-84547 -53430
83215 -55433
-61967 -78467
12258 99239
5528 -99838
-76884 -63936
-99774 -6865
57012 82169
64982 -75982
75030 66081
32962 -94402
96291 27036
-63081 -77613
67049 -74216
-56896 82233
71081 70311
-85002 52642
-100013 1171
54937 83541
60557 79584
-63547 77187
-97935 20310
-97502 22151
-75139 -66010
12692 -99175
52339 85200
83202 -55444
100014 459
94535 32573
100009 818
-73289 -68021
-66304 74853
-38061 -92455
-49403 -86943
-16626 98606
84589 53298
-90328 42865
99202 12549
81884 57382
95090 -30896
-70501 70903
14224 -98977
65430 75601
85480 51905
83724 54705
49618 -86823
65743 -75337
41260 91091
-99717 -7274
80125 -59832
-96862 24927
97213 -23419
93008 36744
80166 -59783
-5805 -99827
-57564 -81783
66335 -74843
73823 67481
99743 -6951
-2820 99950
93962 34257
-75150 -65949
99388 11198
87248 48869
-58596 -81044
-42746 90405
-30182 95322
38422 92319
42659 90422
-13182 99133
4763 99867
13566 99075
-97322 23040
-81320 58176
42102 -90710
-22561 97410
-27390 96167
-18616 -98232
86808 -49640
14591 98920
-63300 -77417
-19656 98046
42285 90640
-96773 -25140
93507 35422
70180 -71247
-93380 35810
66737 -74487
76130 -64823
7934 -99693
-99902 4743
51064 -85963
-96176 -27320
23759 -97148
-74080 67160
-99647 -8186
-37885 92559
62102 -78379
58620 -80995
67959 73374
-60838 79384
-15365 98825
40967 -91218
66477 74694
-82747 -56183
-50570 -86284
-18438 98276
2798 -99960
68850 72523
55149 -83412
68791 72600
79320 -60909
77474 63220
-97345 -22937
-20732 -97846
-98511 17290
-99601 8776
28958 95704
-68974 72392
67596 73698
43797 89907
83092 -55612
100020 153
-66501 74710
-99997 -294
11504 99317
79593 60507
73296 68054
-99745 -7362
-97522 -22193
-98118 19225
39837 91735
63647 77113
-98476 -17350
42462 90527
-96929 -24608
95581 -29416
-81427 -58071
-35064 93661
-38455 -92302
-27588 -96112
2576 99948
-47129 -88205
15192 -98823
-54049 -84112
47304 88122
74402 66792
76219 -64762
82269 56881
-69118 72266
-96633 -25715
-35945 -93310
-76975 63864
74799 66359
-99724 -7637
68743 -72621
81791 -57533
92619 -37732
-37244 -92804
-94649 -32291
-27476 -96166
55695 -83070
-89096 45379
94624 32351
-82562 56396
-5287 99873
-91681 -39883
-43805 89905
89297 -45030
90529 -42519
-99469 10312
6628 99768
-48880 87257
-26471 96429
75239 -65846
20266 97908
-34737 93784
99729 -7458
98222 18684
-105 99993
70559 70882
89557 44507
-96092 -27618
79224 -61010
99237 -12266
-84144 -54051
-24699 96915
-50836 86122
47674 87901
-97508 -22130
-65365 75677
-94421 -32880
-65260 -75752
-99443 -10425
-23950 97073
-24743 -96870
-97912 -20394
92505 -37988
99888 4752
-36428 -93111
58390 -81168
-85730 -51474
71064 -70377
29029 -95702
-48462 -87483
-39817 91716
-94674 -32143
-57475 -81834
-99996 -1421
96088 -27640
72945 68400
-91598 40157
-96150 -27427
-95363 -30151
78110 -62439
86986 49331
-74275 66979
17703 -98437
-96767 -25240
-50695 -86176
46236 88691
43190 -90174
40548 91389
-99980 1690
54283 -84002
90033 -43481
-37324 92778
80529 -59257
-96457 26308
10898 99394
37920 -92522
-98759 15665
57892 -81549
-64946 -76058
-72185 -69177
-24298 -97000
-3003 -99936
-94017 -34088
82308 56761
44676 89473
95588 -29306
-70538 70862
-62805 -77813
-40041 91635
-69094 -72298
-52770 -84955
60189 79846
59339 80505
-97555 -21927
-51358 85806
-79595 60541
-81743 -57631
-80601 59222
6981 -99742
5123 -99857
-8189 99668
-80941 58730
-89723 44151
-17705 98433
27387 -96191
78562 61873
-98616 -16517
34660 -93782
100006 391
-96537 26034
65987 -75130
80625 59169
-99854 5561
-93079 36573
46543 -88518
81482 57939
-98112 -19334
-72670 -68684
94223 33504
83654 -54777
35886 93324
-39878 -91710
66183 -74982
93003 36773
-35556 93463
-87667 -48103
56432 82552
-99021 -14060
-22977 97327
-7598 -99691
81615 57816
48334 87546
95674 -29097
88548 46480
93331 35927
-32406 -94614
25713 -96650
-32096 94705
68956 -72413
40632 91359
-96958 24517
-70542 -70876
94999 -31228
-87890 -47703
61881 78556
84351 53749
99946 2978
-77109 63690
99820 -5767
-57158 -82075
-97764 -21092
-799 99997
96927 24602
-86313 -50521
29764 -95489
-86603 -49975
-71807 -69593
85130 52503
95804 28687
40514 91427
-19656 98035
-12788 -99165
15230 -98851
20165 97954
-30650 95176
-61186 79110
95703 -29052
81058 58595
99091 13401
64746 76223
95409 29992
-94797 -31882
-27824 96042
-26428 -96430
-23433 -97228
50213 -86475
-42179 90662
83416 -55147
41560 -90955
84675 53228
35791 93361
85968 51089
48312 -87566
-93849 34515
71823 69562
83905 54400
83963 -54352
26550 96414
78078 62466
50750 -86160
-91338 -40678
-99889 4402
85998 -51062
91087 41254
-19225 98126
-40216 91543
-81876 57446
1036 99980
93161 -36318
2751 -99948
-60665 79508
92563 -37820
-72838 68502
41741 90861
-18370 98282
-28999 95704
48579 87401
-23174 -97295
20728 97813
33413 -94274
7379 99725
-21558 97641
56364 -82611
83481 -55072
-99965 3313
75140 65976
90333 -42926
-6215 99800
-65137 -75856
31892 94788
-36370 93144
57881 -81544
-24460 -96946
51399 85759
64644 -76280
-85750 51482
-72251 -69117
-68775 72613
-76479 -64415
-96658 25653
-84822 52972
20678 97824
21209 -97730
36748 -93002
61863 78568
-99970 2766
-94449 32858
-50055 86573
90684 42126
-91619 40062
25146 -96796
96160 27415
-44566 89535
-71272 70130
96989 -24357
-88067 -47358
64689 76240
-82944 55880
99922 3938
37475 -92727
-99705 -7898
58492 81111
24712 96900
-92619 37758
75860 65130
-39170 92021
-100000 1263
-99021 13882
16042 98715
63088 -77592
-36067 -93283
22173 -97516
59904 80058
-96103 -27708
94966 -31366
-99864 -4888
-93468 -35557
51958 -85453
56462 82517
-2860 -99944
54575 -83819
-4410 -99922
-88226 47091
-26851 96341
-99751 6897
8660 -99642
87793 47855
-49762 -86723
86589 -50005
93591 -35183
69327 72060
99521 -9835
-16786 98567
75509 65564
-3947 99902
-99495 -9988
-49215 -87038
63523 77210
-25381 96723
-76689 -64164
-69247 -72122
-35829 -93342
96226 27256
77491 -63179
48266 -87571
-27098 96274
99934 3113
-8464 99661
-95447 29880
-79492 -60641
99060 13537
-33242 94293
-59456 -80416
20839 97797
60719 -79475
-59546 80332
-55846 -82932
-99555 -9523
-99779 -6592
49154 87075
-78915 61443
83066 55703
-38936 -92109
1850 99996
98688 16232
97868 -20513
99716 -7322
80309 -59564
-6531 -99783
18534 -98273
90753 41970
99243 12169
70213 71216
23005 -97317
12904 99144
34058 94014
-6542 -99800
69667 -71720
-54795 83647
-81893 -57386
-26970 -96289
-7920 99689
67910 73403
96770 -25291
95793 28765
-91237 40942
31910 -94751
-83368 -55233
-78631 -61788
-5037 -99882
-22747 97363
98765 -15639
-99930 -3962
-48696 -87350
91711 39869
-92349 38397
50694 -86211
-41786 90871
32410 -94595
-92410 38173
89173 45243
-98282 18494
-62169 78338
-9050 99571
-26079 96537
32743 -94499
-78276 -62238
-48686 87353
95431 -29848
-54539 83841
-72196 69185
99820 5678
-78964 61353
5844 -99827
86484 50239
-97174 -23689
-94779 -31889
11791 -99315
41017 91215
-39965 91668
-797 -100009
23280 97236
93477 35541
83923 54346
70938 -70475
82847 55974
-54177 84062
-30702 -95169
96415 26530
47577 -87940
69360 -72017
-95557 -29541
6375 -99785
-98975 -14149
-20739 -97810
-98732 15782
41708 90888
93647 35032
-86600 -49985
35835 -93348
-23380 97217
-13045 -99138
80085 -59862
92919 36981
78287 62247
77962 -62593
-46588 -88470
-12481 -99233
-85848 51257
74412 -66780
17238 98512
-58848 -80826
90261 43074
26062 96563
-99727 -7589
-39991 91660
99201 12579
-87967 -47599
-54153 -84085
-92668 -37559
-32813 -94468
-66617 74562
-8761 99612
-96433 -26544
-99912 -3682
-50539 -86307
-98800 15492
-90891 41734
-12474 -99219
48413 87507
-31639 94879
-71878 69495
-53018 84791
36548 93083
8194 -99654
70454 70976
-41528 90981
44158 89703
91689 -39919
-3956 99933
94915 -31500
59764 -80192
-99745 7149
79002 61287
-64349 76558
-99837 5545
-89014 -45596
55636 -83084
-44784 -89407
618 -100010
99979 -2746
-77342 63375
92038 -39083
-71570 -69863
86721 49830
-99808 -6379
99956 2689
38802 -92176
44028 -89774
9404 99566
-88603 46406
53772 84307
93336 -35841
-37342 92750
-99931 -3306
98905 14888
83250 -55410
14728 98909
69508 -71914
-77924 -62642
49439 -86942
-43360 -90097
-77058 -63762
69593 -71827
-94231 -33424
99955 2574
-99371 -11299
-99656 -8354
-99146 13088
69923 71494
21855 -97603
-86278 -50586
-62273 78248
-59229 80562
-14000 99006
45347 89130
-79594 60568
-62873 77754
-67690 73598
-52683 84982
-13097 99159
54658 -83759
-97582 21886
99242 12394
85456 51908
-83290 55332
46002 88802
22422 -97447
-7061 99750
36559 -93071
-71633 69751
75543 65512
-52360 85207
82849 55998
-83150 55559
1620 -99983
56109 -82767
58235 -81278
-83574 54882
-33288 94301
-88056 47434
-15113 -98845
99695 -7880
-92482 -37996
11920 99269
-47501 -87980
-68057 73271
-39017 92068
-80989 58641
-93459 35538
-59024 -80708
457 -100007
64162 76726
94418 -32915
31326 -94965
90192 43234
40292 -91539
-77306 -63404
14624 98917
50583 -86251
-84641 -53264
99804 -6349
-96839 -24894
99997 -1347
99418 10836
-99379 10981
99986 1156
73590 -67730
-58914 -80809
-39115 92013
73080 -68252
99043 -13691
63881 76910
-82334 -56772
-77036 -63791
85924 -51128
9541 99538
-64564 76345
12009 -99256
87711 48019
-11995 -99282
-23979 97065
-99489 9988
90482 -42586
68274 -73090
-38557 92279
-7557 -99697
97761 21028
99411 -10992
97055 24168
-23049 -97291
-30060 -95370
-1568 99988
60722 79446
-98354 18120
66882 74341
54877 83587
20901 97784
2888 -99973
74657 -66504
-98281 18443
-34944 93679
99802 6094
67533 -73776
-86212 -50697
-57435 -81884
-37211 -92827
-18529 -98272
32025 -94743
-49485 86921
80563 -59249
92817 37213
98145 19132
51782 85550
38911 -92126
-73002 -68363
-35622 -93425
-20341 -97889
-99400 11015
-91733 -39827
-11278 99376
-1560 100006
99992 1198
60895 -79324
-22569 -97402
-75352 65730
-83375 55213
-99393 -11163
88527 -46469
-81761 -57611
16233 -98654
99657 -8454
-93347 -35915
-24707 -96888
67184 74044
-90850 -41807
35102 -93626
-68420 72955
-96976 -24469
-64333 -76569
-20552 -97847
-93084 36491
-8740 99617
-99927 3258
85737 -51449
-77087 -63692
-90801 -41899
43109 90225
98419 -17690
94381 33098
