2000
99796 -6321
-43324 -90124
-23539 97197
99536 -9493
16058 -98707
97089 -23873
-96871 24756
-23742 97133
-14222 -98985
-89728 -44170
-70901 -70496
-72812 -68516
-98113 -19419
60288 -79792
89956 -43705
95327 -30162
78766 61602
-80970 58652
64199 76670
-67118 74143
999 100001
-89444 44696
83179 -55537
99963 3222
-42900 90348
-97483 -22253
18583 -98272
-94604 32444
99768 -7078
-72977 -68378
77633 -63025
-24126 97053
47702 -87873
63727 77052
60366 79701
40855 -91286
-55736 -83028
96578 -25959
98048 19579
-60628 -79503
96809 25126
-99300 11888
-64613 76336
92940 36890
-95853 -28428
24719 96899
-781 -99997
13676 -99043
66139 75010
-37589 -92671
90594 42306
98200 -18956
93490 35504
59326 -80500
99668 -7951
-41873 90801
-13044 99154
86583 -50033
33446 -94255
71197 70214
74291 66969
90339 42855
-95789 -28741
-92343 -38382
23582 97159
-100013 -161
26113 -96536
-60390 -79681
-50091 -86551
-65078 75953
-91189 -41070
-85761 -51412
44902 89363
97762 -21064
42401 -90548
88967 -45683
-99640 -8297
99994 2171
58576 81047
1992 -99962
89705 -44177
-24405 -96975
-48514 87445
59663 80235
98152 19143
88923 45761
82948 55832
-82453 56597
99929 3939
99963 1877
93544 -35296
90962 -41589
-63270 -77426
10385 99452
55528 83175
70952 -70451
-91959 -39285
18876 98197
-7575 -99725
97119 -23889
77911 62677
80410 59439
-39411 91923
99965 2484
98290 18468
46854 -88361
64798 -76175
31429 -94935
-43570 -89998
-1735 99966
-100008 43
-39136 92026
12937 -99166
-83508 54981
-34693 -93784
-42473 -90534
99813 6199
-10657 99428
-99756 -6817
-45543 -89016
-99186 -12840
99531 9805
61994 78464
98868 -14900
56219 82708
41775 -90844
35518 93487
-81838 57477
-39326 -91951
71843 -69540
-51948 85456
-82220 -56915
-28956 95710
-87448 -48486
25057 -96799
25789 96619
-64658 76269
88430 46731
76891 -63947
-9870 -99498
-80388 59496
46246 88677
75668 65394
-98717 -16024
96365 -26686
66893 74313
-96194 -27322
99115 13389
-93008 -36750
-87485 48461
99376 10975
-81279 -58245
-72803 68545
90856 -41817
-85881 51227
98490 -17349
76190 64794
-55016 -83511
99603 8976
65979 75124
-62673 -77939
91966 -39313
59680 -80259
99968 1919
-90378 -42760
81721 -57654
96036 -27902
33613 94181
-68466 72888
-63696 -77110
53546 84445
44830 -89383
51362 85799
72256 -69138
-90675 42192
96862 -24842
-49359 86959
-48909 -87213
81616 -57763
-13105 99140
97442 -22397
-40936 -91243
-80638 -59139
-95452 29808
-65929 -75189
-90487 -42616
-18704 -98221
-57421 -81858
-51634 -85619
46470 88569
84915 -52837
-65926 75170
70932 70483
36228 -93204
-37227 -92821
-77449 -63232
33654 94159
99746 7249
80372 -59482
-51927 85462
26827 96332
77036 63732
-80541 -59264
-46968 -88266
-10049 99504
-27963 96004
-60308 -79758
26331 -96460
-14552 98927
-56469 82555
2644 99965
-96229 27207
73203 68106
-53615 -84389
29965 -95397
-56987 82170
94704 32112
-15619 98788
99026 13972
99016 -13900
80191 -59713
-5637 99857
-75257 -65856
51347 85812
97486 -22281
99466 -10376
11431 -99333
-16035 -98700
87989 47523
-35174 -93605
15618 98768
-19131 -98135
3454 99932
47051 88260
84589 53304
-42805 -90384
89965 -43695
-34666 93784
68086 73215
-79648 -60500
-94830 31678
70653 -70767
26761 -96353
97163 -23626
52362 -85186
72684 68654
-2145 -99974
31147 -95027
-32105 94705
6709 -99771
100002 1294
-1402 -100004
65008 75980
-90542 -42446
-34879 -93733
-79536 -60595
-96586 25918
64543 76376
-47067 -88227
-8460 -99640
98603 16584
-96669 -25563
-79145 61118
97262 23311
87746 -47987
-67111 74124
-60765 79440
-13309 99098
-96079 27666
75342 -65776
83727 -54706
99115 13379
97252 -23339
89442 -44737
34878 93728
-95395 29932
-90090 -43438
-79001 -61281
58825 -80868
24852 -96868
-30459 95239
-45472 89053
-23384 -97221
28875 -95746
-86016 51031
-89593 44420
69578 -71816
-57425 -81863
-62226 -78302
77674 -62953
5567 99846
-99970 -1749
27544 -96118
-67606 73702
76375 64554
2307 99985
-90022 -43522
-17425 -98452
57146 82066
29245 95618
-49067 -87113
11668 99337
74501 -66707
-16314 98664
56321 82616
8446 -99659
-24529 -96937
91773 39723
-48557 87416
94641 -32316
-34608 93809
94670 -32166
-21785 97589
98731 -15806
-99369 -11080
16707 -98609
41165 91119
-9544 99534
-82994 -55808
98691 16035
89746 44072
42953 -90304
5551 99855
-80894 58800
-65536 75509
-97831 20762
-63376 -77347
48482 87444
58306 -81237
-13473 -99084
59968 80032
90029 43551
-95912 -28300
-13438 99081
78954 -61364
-17698 98432
-97849 20677
30437 -95274
51947 85430
90023 -43585
78343 62132
40728 91344
-38535 92296
83388 -55179
59952 80012
-93596 35212
88117 47289
-20822 -97804
-6904 99780
91385 -40631
-86789 -49643
-89875 -43849
99705 7477
93766 34799
10998 99398
12195 99249
-21682 97642
-97259 23186
-99581 -9366
-99959 -2856
-98765 15546
-15887 -98750
-80135 59827
-77286 -63432
99795 6166
-36551 -93100
39703 91768
83928 -54337
77140 -63633
4933 -99870
-3228 99938
68129 73208
-11506 99356
-97470 22404
80335 59551
-57876 -81539
33170 94330
32694 94504
-89201 -45179
9400 99572
-73683 -67591
50141 86500
-82894 -55940
-83579 -54936
82475 56582
64837 -76150
93268 36071
-67725 -73574
55485 83212
-46532 -88507
53679 84362
-15053 98858
-79076 61195
-99776 6622
-61510 -78855
5291 99852
-86959 49360
-41857 -90838
85177 52386
15144 98857
-85905 -51217
93980 34170
3294 -99929
43803 89891
-73540 67761
-59872 -80082
36399 93122
-83842 -54511
-49319 87006
31226 -94992
99528 9703
3838 99926
23525 -97173
96596 -25815
-49061 -87124
-95281 30301
-83822 54513
94470 -32803
-82199 56926
-62254 78253
-99893 4695
2342 -99956
92285 38505
91663 39931
-99311 -11678
95407 30015
57297 -81933
-64079 -76764
-97853 -20615
93731 34844
92674 37557
-85220 52337
27666 96096
99922 3802
21664 97623
95835 -28516
76109 64868
-12075 99250
-74027 -67258
88442 46670
70226 71208
-95728 28950
-76926 -63903
30653 -95183
37115 -92863
88576 -46382
80947 58712
-89638 44371
90033 -43485
-99996 -1862
-39780 -91754
6571 99795
-75811 65199
99153 13047
44835 -89378
99866 -4967
-97939 20173
-17379 -98472
85619 -51660
-97715 21189
-83333 -55263
-95088 30924
-81218 -58362
-99845 5879
-83046 55722
-99993 -1617
-94372 33060
54837 -83608
99729 -7282
87765 -47954
-56968 82177
65036 75942
67158 -74104
-18486 -98267
-86861 -49544
-79536 -60636
-68450 -72926
-20274 -97936
35316 93565
-84266 53868
-55296 -83335
98020 -19799
80737 -59036
45383 89113
50854 -86094
-40215 91549
-57367 -81908
46754 88400
15878 -98713
66238 -74937
-68554 -72800
-14212 98989
25494 96691
-90820 41898
90727 -42061
-73512 67817
-14381 98960
12148 -99244
99953 -3315
25152 96798
56431 82560
85538 -51804
77279 63437
83386 55172
61212 79100
-58313 81235
99312 -11635
3220 99956
-18389 98286
62848 -77796
-94204 33579
40763 -91327
42867 90328
38598 -92239
-69346 -72022
85934 51107
33217 -94316
48687 -87348
20332 -97928
99989 733
-79927 -60116
24392 -96966
-89166 45276
77726 -62948
-62444 78095
19608 98068
24559 96950
98835 15147
-99630 8528
98891 14867
60813 -79365
-78902 61440
97209 -23537
-679 100001
-81629 57764
25004 -96825
-93976 34231
93005 36780
-22796 -97378
-79913 60134
-92879 -37007
33432 94258
-53507 84468
60462 79629
-68752 -72636
-93180 36295
3321 99928
83501 55047
-95521 29578
-96477 -26233
-19025 -98160
-38174 92408
92893 -37028
16033 -98696
-19620 98060
82354 -56725
26048 -96556
-90725 -42046
30489 -95242
66695 -74518
-72367 -69017
23299 -97228
-99990 2356
99561 -9410
48586 87418
-91511 -40330
-69149 72244
87375 -48628
-43571 -90002
58091 -81413
74032 67195
-48669 87337
-47738 87889
776 100006
94344 -33132
61935 78501
-92396 -38258
-41009 -91197
-37058 -92860
35422 93538
-48375 87526
91339 40714
-26247 96473
-58126 -81388
1573 -100006
56060 -82786
57471 81819
26391 96475
98531 17019
-99748 7261
-40421 -91457
78900 61411
-53909 -84226
88907 -45809
-50792 86156
87811 -47837
-98227 18646
67600 73711
-78728 -61647
78259 -62256
94860 -31600
-99531 -9602
43864 -89865
77482 63222
-97482 -22265
-80728 -59005
86354 -50415
82163 -57023
834 100000
15997 -98717
-92803 -37217
73837 67458
-70549 -70860
91309 -40759
-63721 -77060
-96812 25104
83959 -54327
-35572 93442
-17203 -98489
-19915 -98004
10794 -99407
96488 26327
-78999 -61345
51688 -85582
29624 95528
-91326 -40693
-96963 24448
90721 -42041
-99370 11168
-76373 64523
-49289 -87023
-66649 74536
-33513 -94211
99861 -5548
20614 -97860
-46921 88310
-61569 78805
-83582 -54918
-1806 -100000
-22664 97402
-73048 68269
98273 18497
84436 53557
-2392 -99981
72696 68695
-73881 -67389
-92782 37303
99965 2985
35459 -93514
83530 -54984
84897 52827
-72977 -68387
47090 88219
-11392 99360
-40298 91543
56415 -82558
99963 -3089
-70466 70983
-4608 99889
54393 -83932
-36735 -93017
-35650 -93428
92021 -39111
-48560 -87428
-65733 75379
75171 65919
69125 -72258
41003 -91201
88757 -46051
-95331 -30152
61805 78639
54301 83965
78087 -62452
-41001 91223
30011 -95407
-99050 13753
42452 90528
98837 -15307
73205 68151
-60892 79318
-84637 53272
22767 97383
-57441 81840
96741 -25383
-35194 -93596
44103 89733
97517 22152
-16594 98634
-76892 63927
99840 -5762
13194 99137
-98307 -18403
10900 -99415
26761 -96366
-21129 97738
-66080 75032
24184 97039
-97966 20128
-97515 22131
-89941 -43683
59525 80375
-40753 -91320
89360 44853
51587 85660
-63543 77235
-99120 -13103
97994 19885
41215 -91117
-9034 -99581
95641 -29240
-96515 26108
-66366 74807
-11031 -99410
-97579 21950
-80318 59547
30697 -95161
91581 -40143
81815 57505
24159 97058
-70594 70819
68921 72432
56824 82284
88285 -46989
-99864 -5078
-40272 -91544
92932 -36900
-69152 72252
80393 -59501
85007 52631
-24884 96848
-99440 -10487
42573 90464
72897 -68449
-26008 -96547
-42840 -90361
-85565 51758
-52771 -84960
-58936 -80790
44429 89576
-77955 62615
48311 -87543
93769 -34755
-74323 66890
-40094 -91614
-62182 -78336
21500 -97665
-16470 98644
52710 -84984
-79218 60996
46102 88754
22786 97379
-84404 -53614
-1843 99973
63414 -77312
-43296 90146
-86289 50552
10700 -99433
7338 99740
35209 -93582
93412 -35744
-44111 -89767
39629 91814
-50651 86242
99168 -13026
39373 -91935
-92082 39029
-91278 -40886
6308 99799
-43662 89969
63954 76861
-82527 56456
99975 2832
-64587 -76333
-88850 45867
28665 -95797
-60396 -79724
-62103 -78358
-44047 89776
-95705 -28955
20091 -97967
-85511 -51870
-14061 -99024
-5801 -99838
-87288 48815
-29677 -95482
14036 99026
-86952 49400
-93977 -34187
-69027 -72365
85800 -51394
71888 -69498
-2042 -99986
30285 95291
-78403 62094
76202 -64757
-19176 98131
38208 92410
-74834 66315
93508 -35438
-6882 99780
-71187 70204
83249 -55384
76745 64141
89149 -45287
-25560 96662
-31148 -95027
43817 89873
99763 7172
89833 -43907
-85288 52178
97441 -22416
-32435 94607
99839 5902
-52963 -84847
-52762 -84928
84358 -53694
-76569 64340
-67425 73849
82435 56632
-62545 -78052
-46531 88525
18213 -98321
91065 -41334
-36245 93209
-82456 -56593
-15808 98739
-81681 -57707
-98963 -14376
-95662 29105
98144 19167
-94860 -31693
85749 -51421
85739 51453
69882 -71549
82696 -56200
-9606 -99540
5424 -99837
-89545 -44522
67382 -73888
-25241 96782
-48025 -87719
-82299 56797
-96079 -27669
-57455 -81851
-9385 -99554
99149 -13037
84187 53943
79659 60475
-86848 49550
86855 49545
-28 -99984
21638 97617
-73119 68203
-75771 65281
-72130 69280
-8282 -99655
89056 45481
-2944 99941
25170 -96768
49126 87116
99326 -11442
80951 -58731
-57643 81728
-79154 -61139
-77184 63576
12114 -99249
-60803 -79378
-64650 76274
-99890 4610
99971 -1645
-64836 -76140
-98545 -17004
-98268 18613
-76037 64977
-99857 5000
-75949 65024
-24278 -97003
-99050 13724
57459 -81858
-97086 -23901
84566 -53391
-83351 55287
-32435 94580
77624 63050
-99946 3162
98487 -17347
-98790 -15521
-99399 10822
81861 57427
-20014 97959
-99174 -12902
-57208 82015
-93637 35077
89941 43743
67595 73672
3387 -99936
8648 99631
49495 86892
-7155 99749
95113 -30889
84664 53236
56206 -82727
14461 -98957
12645 99185
90520 -42468
-16603 -98607
44718 -89465
-95360 30096
97396 -22629
-2453 -99955
-65697 -75395
38197 -92422
82358 -56690
-90070 -43422
-33526 94203
-17739 98416
-99088 13327
56655 82398
50523 86304
99749 7136
-18301 98294
-37245 92789
35084 -93625
23732 -97133
-23026 -97298
-55593 83125
-82931 -55861
-97090 -23995
-94920 31426
-62438 78136
72564 -68801
59875 80095
-92231 -38629
37440 92743
-8522 99622
85525 -51827
71927 69461
65493 75565
91792 39661
-99822 5943
68843 -72521
-51000 -86002
-96283 -26961
-99771 -6837
-98732 15968
-37895 -92520
-98955 -14463
-78006 -62547
99745 6984
-8128 -99683
20181 97946
76691 64185
-99072 13733
-29799 -95462
-40136 91609
-98162 19157
-99458 -10426
-92532 -37884
-97543 -22116
82362 56744
74092 67142
-59380 80468
94064 33959
-97609 -21649
91145 41155
-89863 -43864
-82321 -56755
90888 41723
62810 -77829
-3470 99929
54647 -83736
69758 -71672
99672 7839
-99813 -6320
92874 37106
99620 -8729
33257 94297
-99171 -12798
-84860 52874
-96587 25970
86421 50300
18407 -98306
99429 -10808
-97342 -22840
50663 -86221
-58172 81331
42525 -90491
45054 -89281
83994 -54251
80075 -59914
-5269 99850
94566 32523
33516 94201
-91639 40061
72084 69304
99282 -11801
-33730 -94131
5088 99887
59576 -80319
16623 -98619
67611 -73700
58094 81392
81621 57788
-42884 90327
680 -99998
9854 -99523
91935 39336
-99983 -552
-31168 94999
-96049 27859
-53327 84574
99889 4287
-85771 51379
-63096 77562
-96383 -26644
22499 97444
57492 81839
98192 18966
71679 69729
13365 99107
60950 -79274
-47821 -87824
-58270 81288
-43672 89940
-87790 -47902
96537 -26088
26867 96332
69707 -71706
-99464 10469
-61022 -79218
6345 99809
16232 -98676
16257 98653
-69616 71763
-93430 -35630
-52553 -85086
-16353 -98657
-99622 8502
-76690 64164
2837 99959
-29810 -95453
-88345 -46864
93015 -36672
69472 71948
-99986 -471
59733 -80202
96589 -25883
94621 -32352
68611 -72742
99039 13830
-91667 -39928
-98088 19426
-31684 -94844
87882 -47733
-31974 94750
7167 -99736
-77175 -63599
8984 99581
-82713 -56197
-61491 -78856
89522 44561
57021 82154
-85681 51562
82475 -56534
-37155 -92853
38493 92287
95503 29693
36930 -92935
-99395 -11080
11145 99367
35915 93337
43486 -90066
-43431 -90085
-75236 65863
56312 -82649
96242 -27200
92073 39068
-31164 95038
81455 58020
-77434 -63280
88148 47244
14968 -98894
96338 -26751
-61783 78619
-78449 62016
56724 -82349
98722 -15822
46364 88617
46490 -88543
86036 50995
-16550 -98624
-99156 13093
-63926 76894
49474 -86901
22803 -97353
-32519 -94546
66213 -74959
23316 97254
87280 -48787
-65977 -75123
69477 71930
-53912 -84245
18418 98307
-46584 88470
98569 -16842
-93781 34753
-51058 -85984
-68048 73259
97352 22868
-30386 -95280
24367 -96983
38819 92176
-51331 -85798
95095 -30886
-20307 97937
-52320 -85235
-22364 97458
-80933 58716
-81052 58596
23735 97144
-47993 87753
88548 -46496
60510 -79613
-98827 15215
-59156 -80616
-39706 91757
62874 -77747
-93764 34816
8225 99673
-54240 -84026
-7782 -99692
99591 9025
50574 86249
-21318 97718
64745 76200
-84664 53193
97099 -23885
1043 99979
-16924 98558
-96398 -26523
90328 -42882
82214 -56926
-93960 34189
-34367 93917
-42902 90344
-47515 87977
-99945 -3483
-92049 39049
24645 -96924
89647 -44303
-51914 -85473
68829 -72541
47797 -87826
-86806 -49616
50671 86211
-39575 91843
-29352 95597
13557 99086
-92937 -36967
-57085 -82087
-74632 66572
28036 95986
86797 49669
-55225 83374
-43497 -90050
-60921 -79321
-65815 75290
-53064 84765
42591 -90476
15434 -98797
-99569 9365
9636 -99518
41214 91114
28865 -95758
-73884 -67375
-65880 -75253
99990 47
-55379 83249
-77922 -62659
12271 -99234
-99191 12686
26542 -96416
93891 34416
42873 -90355
82445 56624
-89421 44762
-59334 80480
-18936 -98205
62331 -78195
65330 75724
-33601 -94203
-79743 -60328
28370 95912
44396 -89608
81077 -58553
-24551 96932
-80483 59334
72560 -68783
13049 99134
90599 42297
-28250 95917
90185 -43233
-92795 37222
15536 98787
11802 -99300
-89509 -44590
99771 -6717
-97771 20925
73679 67606
38283 -92371
-96739 25289
15171 -98830
-96009 27968
-48668 -87335
614 99996
73421 -67879
-100009 -166
-25591 96688
-85085 -52549
56179 82711
52603 -85045
-14979 -98855
-99876 4701
-32796 94479
-69213 -72185
-62854 77755
16344 98664
96964 24478
-46406 88564
-64450 76485
47583 87975
17388 98481
-34142 93974
-51290 85862
-79275 -60966
-84253 53865
73589 67735
-80679 59067
45851 88848
46093 88721
-83453 55113
-9533 -99538
78783 -61558
-60541 -79578
91708 -39871
98833 15336
-88448 -46646
-30273 -95295
82252 -56908
-98748 -15773
11977 -99284
-52328 -85236
-80318 -59591
-17106 -98538
-97028 24153
-67605 73683
-55659 83060
-99504 -9966
-80959 -58701
52523 -85117
16429 98627
-42810 -90367
-94273 33362
-3104 99933
93574 -35291
-82841 -55991
3257 99939
-94699 32111
-51513 -85705
96908 -24737
20424 97908
-92643 -37697
-87031 49243
24423 -96954
-51454 85760
77097 -63663
48793 -87269
-52939 -84828
82314 -56761
99690 -7953
97304 -23108
71678 -69753
92454 38111
56517 82519
27910 -96026
75441 -65656
10634 -99415
90311 42904
-94689 -32155
-99022 -14082
49601 -86839
-97064 -24057
98384 -17883
91404 -40583
65682 75389
98287 -18418
64564 76384
-98084 19444
20141 97942
-99704 -7650
-89251 -45061
83619 54810
-91257 40928
86299 -50561
-97843 20690
32934 -94442
-84648 53237
-71624 69770
55849 -82934
76443 64460
-97574 -21825
91267 40837
74498 66705
-17540 -98435
-31970 94763
97206 23544
6946 99757
29216 -95638
-92757 37325
-77620 63021
-10343 99482
-48843 -87277
-87368 -48630
99794 -6233
99899 -4515
-95755 28815
-73876 -67402
-100002 1302
90669 42222
24454 96943
83480 -55088
63907 -76923
90112 43384
-97492 22303
-79 -100017
84754 53075
-75853 65184
-73014 -68347
98235 18749
-98553 17031
89383 -44882
5049 -99877
38622 -92225
-42362 90595
-90640 42216
99877 -4537
66572 74636
-99350 -11503
-97900 -20422
71550 69855
53224 84650
73792 67518
57157 -82054
-97172 23555
-49422 -86932
-91000 -41480
46243 88662
-60958 79253
98485 17419
-98850 15092
83441 -55118
18026 98343
-77682 -62987
20878 97797
-83625 54836
-96201 27321
-28668 95790
-91273 -40838
6362 99779
-13824 99028
-46514 -88508
-99995 49
89785 -44037
20263 97922
6383 -99816
-58049 -81417
99684 7909
-38294 -92396
-56060 82822
41094 -91146
95478 -29735
-76015 -65001
76778 -64101
-54456 -83849
48951 -87180
-99457 10364
99045 -13916
-1109 -99990
-99677 -8196
-99447 10386
-47157 -88203
77482 63248
-59967 80041
77327 -63382
6176 99793
68763 72590
-94035 -33980
25794 -96635
38562 92283
97902 -20378
75876 -65137
-93490 -35480
98971 -14351
-44978 89299
90512 -42530
66729 74473
13630 -99059
85358 -52124
70000 71409
88949 45672
-87197 48953
10880 99403
99787 -6466
-67713 73608
45343 89134
-97213 -23370
-80762 -58960
-96915 24729
97436 22462
97161 -23717
100000 -126
60192 -79870
-32535 94575
22785 97370
-80434 -59441
-42019 -90744
-79233 -60989
544 99997
-75111 -66041
-79598 -60526
38785 -92174
80981 -58684
92253 38629
-48415 87505
43971 -89811
29569 -95527
37287 92800
36530 -93086
97650 21567
-65462 75597
12384 -99225
-97788 -20825
30161 -95325
-10260 99492
50388 -86382
-48927 87197
96944 -24452
-44217 89707
99688 -8010
87990 47482
69921 71479
-67971 -73343
-99428 -10855
88775 -46020
-79829 -60232
96323 26864
53191 -84660
-96040 27925
45591 89005
81864 57396
25523 96687
39495 91879
72419 68985
-27225 -96210
-90192 -43178
10445 99469
-80486 -59375
-83913 54367
91676 -39925
22129 -97527
-82281 56849
-97007 -24250
7140 99727
-99998 223
-91185 41005
82269 -56867
29345 -95610
-6137 -99823
-92468 -38104
-32367 -94630
-97216 -23467
37722 -92633
90084 -43446
-68308 -73013
44273 -89680
-96027 27902
99487 10301
98945 -14544
99237 12225
87120 -49074
-90793 -41957
-24226 -97022
53154 -84683
-58135 81379
36151 -93218
-51087 -85967
-70701 -70746
-23109 -97299
99520 9855
-95833 -28537
41247 -91078
-84111 -54068
94535 32553
-88266 -46973
-97597 21872
-84812 53015
-766 99981
-90634 -42260
84899 -52875
84595 -53332
-98732 -15821
-82579 56417
40095 91617
-33415 -94255
90649 42192
-8193 -99652
-29509 -95547
-95461 29784
89578 -44447
92277 -38542
-98099 -19350
44586 89521
-96141 -27526
-86485 50213
26248 -96480
-9847 -99526
-99776 6378
-97760 -21014
98615 -16473
25401 96735
72502 68868
77875 62712
-9499 99566
47387 88082
-99289 12003
99968 2898
-55837 82962
19572 98082
18944 98195
-90637 42232
-86015 50971
-84797 -52995
48692 -87339
-98807 15351
-53475 84520
33906 -94070
72370 69029
-7146 99741
35383 93513
77578 -63069
-81783 57546
-98434 -17688
-25009 -96827
15723 98769
64729 76242
-46084 -88735
-34852 93728
98066 -19666
34438 93884
-73737 -67547
-2002 -99990
-10527 99449
-99909 4155
-14989 98879
63127 -77533
-59829 -80146
54731 83704
-17887 -98400
51164 85906
-99949 -2858
-54178 -84071
-95585 29342
20548 97875
-19658 -98056
85930 -51165
-76380 -64535
42486 90533
12388 -99240
-5252 99863
45484 -89042
-85041 -52607
85910 -51218
81402 -58058
93654 -35054
-85857 -51268
-74240 66969
-7961 99689
38063 -92486
75361 -65716
94992 31309
-99357 11475
-7643 99697
-75139 -65972
-78436 62048
-60283 -79791
93498 35417
-98802 -15316
99606 9089
-4075 99924
78609 61819
99239 12264
-22151 -97528
98705 16114
94042 -34040
288 100003
77532 -63146
46507 88506
50108 86561
-28977 -95720
67565 -73695
-72874 68454
-28309 95917
98833 -15124
-21272 -97727
-46173 -88710
-90178 43220
-614 -99982
39786 91734
-6799 -99770
-73762 -67539
19930 98012
-96367 26758
-20480 97890
90837 -41853
-93570 35305
22660 -97410
-42445 90567
67878 73435
90322 42909
-65852 -75246
69427 71945
-88821 -45940
-23141 97274
82726 56163
-99735 7470
-643 100004
49694 -86772
-28206 -95927
35081 93634
-31933 -94780
21123 -97753
58554 81060
47923 87751
-96618 25806
-99741 -7189
4125 -99907
30327 95272
-46470 -88539
99801 -6162
-19194 98140
33175 94342
93302 -35947
18177 98328
83779 54585
37678 92625
62648 77950
-11463 99361
-98092 -19517
96908 -24706
-94481 32815
-6360 -99813
-99197 -12749
96023 27952
98749 15654
93333 -35857
-97906 -20356
-19238 98123
72879 -68497
-25516 -96669
-90567 42434
-20373 97905
-36465 93118
-959 99997
-71133 70307
-535 100012
88308 46917
50517 -86311
-92331 -38425
-95647 29232
-20204 -97917
93698 -34953
-2741 99952
56322 -82619
34340 93917
40462 -91453
-91757 -39798
-31446 94926
18975 -98186
-93359 -35795
-7941 99688
-54028 -84129
63637 -77160
91192 -41072
95657 -29156
-71846 -69553
-70494 -70933
-90238 43089
-78223 62281
10669 99449
-39904 -91675
95067 30998
48808 -87299
-58404 81195
83369 55236
58338 -81195
58273 -81273
88011 -47449
98975 14419
-48680 -87373
91084 41304
94329 33215
34861 -93739
-99862 -5101
5603 99836
79126 -61181
-52800 84918
7576 99705
90640 -42213
-86891 -49466
23151 97266
-96933 24636
-97090 23864
33487 94212
56526 82474
-48271 -87600
82607 56363
74663 -66545
-64982 76021
99182 12791
39538 91842
40654 91381
-56585 82453
71265 70132
-100002 -85
78849 -61526
98750 -15738
13813 99023
-66192 74938
-39267 91979
-95924 -28205
13146 99125
-51895 -85496
-87630 -48210
80143 -59817
75841 -65153
-99912 4477
28505 -95860
17572 -98444
-97913 20266
-73091 68267
-62793 77823
5833 -99843
99241 12340
-38548 -92265
59208 80582
-70893 70515
98251 -18684
93175 36365
-96975 24334
-64451 -76457
88011 -47491
-4524 -99912
-23302 -97249
85599 51674
-72549 68840
-97893 -20412
-99184 12858
-25918 -96585
-82372 56712
14973 -98883
65104 -75916
-99808 -6138
-94527 -32570
23311 -97238
70147 71259
-46142 -88710
80313 59585
-72804 68563
89910 43781
37814 92554
93627 -35126
73665 67645
39909 91712
33178 -94339
96807 -24989
-67752 -73554
99229 12512
-44650 89483
13074 -99132
62232 78272
-99129 -13023
86224 50643
-29192 -95627
768 99991
-36953 -92903
100014 592
44585 -89524
2431 99964
-93620 -35149
935 -99990
-95856 28457
-20575 97871
98715 -15985
22390 97448
-34222 -93978
-39357 91918
-96522 26215
-9614 -99539
57476 81840
-72758 -68621
43432 -90090
91926 -39342
35903 93328
99563 -9155
-100009 -1371
14130 -98998
-44078 -89780
75442 -65663
-90219 43140
-583 99989
-12755 -99183
-99682 -7986
-99539 9483
-84668 53214
36593 -93069
27008 96277
28101 95964
60527 -79596
91036 41333
93584 -35261
90386 -42749
8432 99627
-11937 -99272
-25920 -96562
-91650 40015
60260 79821
-85767 51454
-47562 -87960
79249 61000
-50749 -86159
89700 -44167
95328 -30198
-14356 98946
97191 -23477
87103 49103
98489 17411
99500 9937
-64822 76134
-60228 -79826
35299 -93569
28232 95937
-93975 34216
83953 -54332
-16744 -98572
-60522 -79600
98041 -19635
27267 96227
-65193 75820
-54663 83740
-93621 -35107
-16067 98694
72938 68383
-22806 -97354
98840 15147
-23898 97092
79236 60979
15280 98827
58809 -80874
-84698 53162
52471 -85124
-58438 -81168
-85423 52006
61580 -78803
65062 -75936
-50159 -86499
-31022 -95079
83920 -54408
82279 56852
-99822 6173
-93361 35832
99717 -7588
-99040 -13927
-58791 -80902
-45609 -88980
97021 24294
-99834 6084
34151 93975
23539 97181
66999 74222
37310 -92775
-62754 77832
-33164 -94352
44767 89409
35702 93419
-98775 15554
-13039 99144
99732 7058
90928 -41614
-20681 97819
-81569 57872
-42408 90555
-34488 93885
98577 -16811
99840 -5348
99109 -13204
-52830 -84919
-47926 87758
33679 -94149
98655 -16329
88179 -47164
20775 -97804
19041 -98180
-79505 60639
58596 81021
-20486 97875
89320 -44939
71141 -70249
93071 36554
99982 -1550
99974 2860
-19083 98143
72410 68949
97249 23219
-13459 99101
99905 -4241
-97155 23721
99495 -10176
-74820 66358
-71618 -69812
-36549 -93078
-82210 -56963
81302 -58189
82422 -56596
63927 76880
25731 -96623
84990 -52716
-95122 -30855
56232 -82677
-42392 90568
88667 46273
81086 58505
-71061 70377
-4781 -99893
97199 23500
-50218 -86487
35982 -93301
-97090 -23904
83030 -55699
63455 77279
-25948 -96582
48205 87629
-90117 43364
-27825 -96033
30567 -95226
-13402 99109
-91121 -41185
-55908 -82909
-32157 94683
61187 -79091
-66464 74732
95448 29892
85618 -51671
-99925 4329
-100013 -744
77637 -63029
86492 50202
10273 99491
-46410 -88585
54446 -83896
-51402 85770
86565 50055
25997 96544
19912 97995
-94595 -32440
49544 -86885
98677 16172
-97839 -20608
-95713 28914
45101 -89244
-99982 2578
-95515 29580
378 99988
-94568 32517
98224 18833
-75237 65874
83396 -55165
15466 98777
-27767 96083
22139 97534
-78384 62075
-53142 -84694
-93085 36526
-99986 -1963
29087 95691
85356 52090
-90739 42066
-83482 55052
89488 44664
-94588 -32498
-67351 73913
