50
-97362 -22817
-69090 72301
5461 -99850
-98590 -16768
-46332 88617
66848 74388
4134 -99911
-16342 98655
-99292 11903
-76503 -64409
99886 -5061
13889 -99040
-91071 -41338
-99556 -9451
99111 13428
-27631 96128
-99111 -13406
42297 90626
-99846 -5294
89176 45212
-74337 66859
-95084 31010
34916 93706
-46451 88560
44433 89600
-99453 -10382
-61932 -78535
-62280 -78216
37280 92800
94790 -31826
51638 -85613
-38072 92467
-87350 -48689
-11276 -99354
-89538 -44505
-94281 -33364
-73837 -67467
59192 80581
-29405 -95590
-2341 99972
70458 -70970
-84477 -53509
54583 -83774
53321 84591
-38484 92279
-11145 -99360
-32803 -94453
-49351 86958
-5376 -99842
87746 47947
