50
-1506 -99999
-1327 99993
-35268 -93569
-13653 -99053
-94601 -32439
-97114 23917
-99209 12618
54741 83691
-99966 -1876
-98234 18747
-57411 81866
32193 94686
-8338 99640
-10145 -99493
-26866 96313
83015 -55765
36387 93160
-70476 -70916
-76099 -64848
-71763 -69668
-32715 94491
-41441 90991
-95356 30137
98057 -19642
86717 49765
-60017 -79996
77827 62824
-18134 98346
-98979 14364
-43589 90000
-45143 -89225
-58841 80839
-67840 73456
34788 93738
-14747 -98905
52943 84852
-21256 -97716
-62598 -78010
-63864 76975
96296 -26947
96574 25941
93444 -35641
-69622 71770
-99928 -3792
-96947 24485
-41902 -90818
-11067 -99382
-38310 -92383
-63963 76866
97975 20031
