2000
-99003 -14035
86951 49366
99760 7085
52834 84885
64423 -76480
23168 -97292
91261 40856
-3192 99944
-91086 41299
96393 26633
92659 37591
-90278 42984
-93075 36609
-98364 18081
52210 85288
-85211 -52310
-94581 -32418
-5246 99874
9514 99529
90399 42753
75241 65840
59784 80168
59061 80715
-99636 -8319
70971 -70442
-96327 26920
-72651 -68740
-23266 97273
-6411 -99801
71730 -69681
-49435 86936
72509 -68886
40929 91237
56531 82503
73692 -67569
93537 35366
-89724 -44143
-80233 -59657
25217 96758
-73304 -68025
47923 -87779
-57493 -81842
95574 29418
-97623 -21588
92741 37397
98226 18768
5227 99846
-81704 -57686
-98895 -14775
95193 30693
57298 81963
5094 -99882
37042 92868
67476 73816
29971 95383
-25940 -96582
-73670 67620
-57677 -81679
-99876 4780
83065 55700
-57123 -82087
26419 96434
84254 -53834
47324 -88074
43040 90255
21879 -97578
-13044 99152
99682 7781
61503 -78829
-98544 16938
99892 -4690
-64767 76211
67822 73465
80689 59102
72798 -68561
14674 98901
38097 92466
-25066 96819
-99858 5117
-98834 -15129
-90448 42657
24624 -96904
20508 97891
73049 -68294
-16901 98566
99985 -225
-99503 9862
-9500 -99565
14525 98926
-69861 -71532
85400 -52012
73868 67420
82287 -56823
-94416 32979
93688 -34910
-93608 35200
98148 19159
60078 79920
12121 99266
34830 -93725
-89495 -44652
-61994 -78464
-78512 -61910
-99371 -11249
70977 70462
-83473 -55052
-85082 52547
-100006 -992
-58468 81130
-74970 -66192
-41942 90758
-91780 39657
62447 78111
29062 -95674
-95325 -30272
90179 43246
-84448 53590
88369 46772
38628 -92251
-49951 -86608
-84419 53570
1189 99996
58956 80775
20407 97911
-34525 -93864
88993 -45592
-47359 -88054
83413 -55134
1973 -99993
38073 92462
58011 -81470
99544 9478
98309 -18219
34957 -93712
-93401 -35680
-4686 -99901
11414 99363
94929 31427
-33406 94237
99880 -5298
10720 99404
47014 88275
-38952 92107
-77812 -62810
47915 -87774
-41545 -90955
-99678 7839
-81183 58365
2575 -99970
-32870 -94452
-67077 74180
63147 -77522
-97373 22716
96240 27182
81550 57845
-32124 -94707
-69810 -71615
-98290 -18503
22599 -97412
-75369 -65742
-91335 -40732
4625 99881
59325 -80487
-92440 -38194
89222 45122
16164 -98665
76468 -64446
-36697 -93014
92647 -37614
-97612 -21633
-9775 -99539
67762 73544
10377 99461
-47862 -87820
-18048 98358
-98716 16039
1828 99968
-92174 -38802
-96890 24828
99615 8534
-44194 -89688
-91821 39624
-96306 26961
-12656 -99206
-85399 -52007
-39972 -91664
63207 -77489
-93403 -35682
-95782 28721
-93393 -35690
80300 -59591
15095 98840
-53539 84479
33898 94063
92910 36946
53572 -84427
98895 -14914
-88743 -46069
-65735 -75379
-37423 -92739
16895 98556
77777 -62852
-12094 -99254
-1737 99988
11177 99362
-85030 52664
46664 -88466
-94124 33812
-79493 -60638
14805 -98887
-3190 -99947
-11847 99281
99338 11536
-61196 -79096
-35052 -93641
-35730 -93406
38592 92258
5038 -99893
-90821 41824
-56127 82772
-96098 27649
65601 -75462
-8289 -99672
22265 97495
-17348 -98499
-29706 -95490
72964 -68354
61360 78978
20009 97996
85597 51732
26977 -96307
-44486 89565
-5043 -99866
-95683 29022
32837 94445
-44470 -89580
-98383 17814
13965 -99004
98230 -18735
-33293 -94288
77703 -62975
91205 41012
-89485 -44657
74493 66740
-99942 3039
99967 -2318
28695 95815
-42690 -90420
91246 -40929
-9735 99531
-19678 -98042
-80466 59372
-45344 89137
85061 52584
-99066 -13726
-76546 -64379
98590 16772
1443 99985
-97954 20061
70033 -71398
87407 48586
93830 34533
5813 -99842
95259 30443
-61580 -78788
-8251 -99678
72179 69232
-100010 -304
58893 80810
99074 -13433
-99284 11899
98142 19268
57266 81967
796 100008
-1148 -99989
25106 -96815
93774 -34745
25150 96795
-97014 -24223
-81598 57841
63196 77515
-94259 -33379
-45021 89286
-48991 -87174
-20164 -97959
47562 -87987
-91136 41199
-64229 -76648
-83582 54872
-77067 -63696
88301 -46978
50135 -86543
-53759 84305
85221 -52284
71114 -70295
-41587 -90939
91021 -41438
-56246 -82700
-99475 10255
26707 -96369
87111 -49073
89476 -44619
-99038 13901
45718 88960
87596 48216
-42603 90459
56984 82162
-29761 -95453
77085 63670
-86568 -50082
-24170 97032
60097 79915
74033 67243
100017 92
23328 -97244
-16906 98552
99680 -8216
-4221 -99903
-37306 92785
-42080 90722
-81738 57607
79120 61146
97479 -22230
99156 12844
-7874 -99704
99610 -8927
98760 -15650
-95394 -30032
91838 -39612
-29478 -95542
77471 63205
42643 -90459
-97241 23315
20932 97784
51825 85521
-64745 -76200
85908 -51176
98631 -16467
-88191 -47132
14861 -98874
43524 90016
99974 -1790
-37762 92604
66559 74636
-72467 -68914
-12835 99167
-52260 85274
74320 -66887
78192 62330
-26850 96336
-77289 63480
41861 90803
-52448 85160
64080 76796
-93813 34607
-84141 -54008
77774 -62845
-40979 -91201
2263 99970
-82840 -56030
-33988 94062
95368 -30142
-29227 -95620
78595 61820
-88917 -45786
54993 -83524
47567 -87979
-69831 71583
51553 -85687
-2094 99964
-94800 -31880
-97017 24237
98997 -14000
-4133 99926
89129 -45302
-99818 6335
14013 98995
25996 96542
-51926 85478
75612 -65455
84392 53654
-7830 99673
-96461 -26404
-98603 16642
12552 99229
88776 46036
76943 63848
-24384 -96976
36557 -93091
-97599 21704
28145 95937
-98436 17560
91140 41149
89287 44992
93222 36173
-59490 80390
64938 -76044
-31328 94986
91625 -40039
84680 53213
2402 -99971
35975 93323
-99802 -6389
96424 26525
-22263 -97478
-29383 -95606
-77718 -62944
11198 -99388
99727 7116
-6615 -99772
81066 58536
98889 -14963
42406 90569
-98016 -19749
54389 83921
90278 -43043
-47836 87836
95590 29387
41509 -90988
98703 16055
-5053 -99860
97589 21808
94316 33257
45602 88988
25919 96594
-95724 -28928
98520 17157
-84601 -53326
85559 -51735
-81655 -57693
64866 -76105
-5701 -99846
-87656 48096
90058 -43453
-97461 22340
85350 -52123
-94648 32338
71361 -70077
1685 -99981
2986 99959
59056 -80715
22161 -97513
-4207 -99929
-97603 21756
91015 -41401
80890 -58765
-99177 12951
43335 90119
88290 -46982
-45058 -89283
12020 -99266
-99497 9827
11821 99309
89120 45321
74597 -66592
43251 90167
76501 64427
-93326 35968
-85854 -51258
33864 94088
48067 87706
-80914 58775
96749 -25321
-96542 -26021
-22079 97535
10976 -99409
-82741 56182
-52492 85138
19883 97987
-41732 -90872
-70202 -71216
-11427 -99365
61260 -79025
90833 41806
-27408 96156
-97021 24257
92712 37503
-89060 45443
45283 -89172
-75629 -65424
-87364 -48669
-89976 43680
-97781 20882
97118 -23901
-69236 72136
-18934 -98184
-52878 84867
12058 -99288
68444 -72920
-32543 94542
56191 82717
39311 91963
-39684 -91782
-98296 -18445
-83719 54694
99666 7963
-23644 -97174
-45609 -89001
-91082 41249
-99930 -3800
-93094 36518
97618 21606
98631 16437
-91871 39443
-91333 -40731
67110 -74154
-99201 -12519
-7705 99685
90425 42717
85479 51872
90574 42416
89787 43998
-18309 98322
-99963 -2873
40795 -91311
-98138 19142
-99551 -9342
86203 -50717
-85885 51195
55188 -83372
97209 23539
-46714 -88423
-52685 85003
-51447 -85756
-3664 -99950
-75504 -65557
-41597 -90928
90410 -42689
88920 -45749
-13139 99150
2560 -99984
57814 -81592
36126 -93258
-97398 22750
29949 95420
-2821 -99975
98367 18030
-25333 96740
-76637 -64223
-71799 -69630
-94868 -31683
-5514 -99864
-81781 57540
-92922 36983
99707 7809
-88640 -46336
-31579 -94898
89990 43603
92224 -38663
-98509 17181
29295 -95616
89554 44525
18919 98183
72111 69294
-84342 53714
-48825 -87290
99205 -12421
-28965 95722
-94993 -31243
69972 -71418
1825 -99979
10055 99501
-86873 -49537
56875 82270
-98322 -18257
23319 97226
43352 90125
-5891 -99814
-9534 99547
88929 -45762
93046 36658
94392 32957
-48593 87385
-13517 99097
-69040 72351
-96103 27676
13457 -99090
-77803 -62806
-94733 32013
68032 -73315
-48959 87189
-80352 59528
99766 -6992
99534 9577
3568 -99920
63630 -77167
59218 80574
75176 65927
62872 77759
-84668 53197
19396 -98092
85619 -51647
-17175 98499
8704 99602
-98139 -19260
36388 93128
58771 80917
98260 18653
82835 -55991
62739 -77893
-93180 -36285
98475 -17367
-85268 -52259
-98825 15205
-4187 -99895
-51455 -85767
-92953 36856
-8519 99617
-33824 94095
90150 43313
-87680 -48115
-23061 97307
-92187 38738
92289 38507
-56813 82302
94380 33113
-99849 -5751
-22069 -97555
-20246 -97943
-96733 -25327
-76942 63868
98838 15215
-66710 74516
-93575 -35320
22063 -97552
27195 96237
-63586 -77161
-98443 17482
19549 -98059
-95002 31281
-81282 -58226
71656 -69762
-86617 49995
-99492 10260
95213 30635
-59144 -80637
-90290 42966
-92305 -38515
-8729 99605
-11690 -99308
-17114 98540
-50410 86363
-88049 47438
-13624 -99085
-50458 86333
65621 -75480
87864 47766
33816 94092
-16283 98652
79310 -60894
-77400 -63300
94158 33619
-12972 -99139
32545 94537
-10960 99397
-97242 23382
-75231 65893
63096 77561
51775 -85537
99266 11934
9476 -99551
-25801 -96603
86368 -50441
58102 81412
94404 -33017
85124 -52455
68812 -72551
-66675 74516
-87847 -47774
38833 -92174
13333 99092
99640 8387
74481 66721
-99829 5550
99742 7036
99540 9660
-92564 -37808
-9557 99550
90996 41469
99662 8188
70612 -70810
-95032 -31091
85167 -52443
-92055 -39026
9648 99548
-92092 38956
-41664 90923
-68589 -72772
-29239 -95645
-24214 -97034
-47355 -88087
94228 33448
81743 57588
52295 85248
482 100016
99710 -7524
-96598 -25928
-99544 9357
-99971 -1497
-54872 83597
42477 -90534
-51109 85935
34606 93805
96744 -25322
-99884 4824
48146 87640
-93407 35728
-56481 -82540
59944 80036
83295 -55364
-71785 69605
99361 -11453
-34396 93910
98335 -18188
-78739 -61616
62221 78268
-20351 97919
-69538 71875
40770 91305
-91999 -39217
95288 30287
-98951 14442
-83955 54358
57128 82081
-99458 10499
-98164 19172
-100000 -1805
-282 -99997
83980 -54299
-31114 -95019
-99915 3641
-47356 -88054
-26886 -96324
60694 79452
83327 55270
-29417 95584
-74934 -66237
30943 95099
99552 9406
11998 99283
-99526 9917
47166 -88201
44952 89336
-84869 52926
97979 20090
-25898 -96608
99777 6568
-47057 -88235
52899 84847
75703 -65327
99993 410
-99768 -6557
-96606 -25876
14590 -98945
-39843 91699
-61456 -78861
-70388 71015
-85937 -51096
-18669 -98256
-6080 99835
99411 -10922
73883 -67389
-85671 51546
-33887 94097
97073 -23937
-85103 -52494
-17270 98513
-25019 96827
37429 -92725
-91425 -40499
-9465 -99568
26720 96348
10319 -99477
-10022 -99477
40121 91617
-94579 -32523
-99044 13756
-1951 99991
-96690 25499
-92497 -37964
-68489 72852
16986 98533
24933 -96841
-18818 -98223
98942 14644
91875 39464
-94314 33262
-99754 -7013
-60652 -79492
-18496 -98291
21611 97636
-97969 20007
-81682 -57663
-48464 87479
-37830 -92578
71754 69623
55932 82906
-77146 63620
98796 15505
53785 84319
19973 -97978
-98085 -19392
92930 -36931
-60151 -79867
-8607 99614
40401 -91481
12048 -99283
-66311 -74860
4402 -99918
-10996 -99407
13646 99046
-60157 -79876
31679 94832
48054 87675
-99812 6376
56366 82613
-31890 -94768
-100012 -493
74986 -66172
-41371 -91035
96440 26410
64629 76289
94707 -32047
-42282 90628
-97213 23383
-88353 46878
93837 -34520
-98633 -16599
-4615 99883
-99845 5242
-80283 59654
27399 -96178
96623 25833
-48162 -87661
81530 57897
53660 84406
-33810 94118
-77539 63138
99935 -3722
95820 28594
85829 -51332
26972 -96292
63029 77634
29190 -95645
96223 27247
42372 90572
-78626 61763
76809 64037
-42380 90588
2910 -99974
-36964 -92929
-23320 97224
75834 -65166
-18695 98249
-85550 -51805
96630 -25802
-92800 37240
-99845 -5890
11927 99298
92589 -37783
99507 -9744
-18803 -98232
-33628 -94161
-98951 14315
39835 -91709
60571 -79551
-56188 -82710
61444 78875
79755 -60335
-65899 75216
-40148 91599
-36985 92899
55921 82914
97192 23585
-64964 -76003
47863 87785
-5570 99827
45608 -88980
-10339 99484
49384 -86977
98809 -15356
42935 90296
-414 99998
-44859 89387
-71653 69771
-100008 814
2386 -99962
-24725 -96885
99112 13214
90037 43519
-17206 98509
-99641 8376
-85046 -52620
99926 3909
61052 79212
8221 -99644
-55789 -82993
13525 99068
94796 31869
12927 -99152
87126 49113
-12486 99223
7166 99732
-24359 97004
71500 -69892
-11379 99359
-70746 -70673
8689 -99639
-75635 65401
84743 -53124
99309 11768
-89517 44565
99824 5803
80768 -58940
97005 -24287
69509 71887
-21120 -97736
64212 -76636
43720 -89921
-12070 -99274
-40647 91352
85633 -51676
-88592 46370
14981 98873
-8653 99635
-36288 93176
-19197 -98159
-97450 22470
12032 99263
-95078 31023
-98846 15174
-47346 88067
97317 -22954
83193 55472
83911 -54379
-17685 -98416
99965 2134
-32852 -94439
81567 -57871
-96023 27963
-80455 59369
5298 99862
-66019 -75134
-99269 12006
-50212 -86474
-57256 81990
75582 65492
98991 14037
-90031 43530
-41742 -90879
61891 78541
-99694 7934
9516 -99541
87016 49291
92430 38131
-48691 -87364
99996 766
70463 -70944
38980 92070
91466 -40393
88334 -46897
-99794 6635
-36998 92893
97933 -20318
83303 -55357
-19945 -97978
54840 83636
-77420 63275
99811 -5883
-15564 98762
-98133 19302
-66306 -74850
72630 68752
-22447 97452
-59871 80088
-99876 5047
83874 -54463
79039 -61259
-92317 38392
90517 42502
39064 92039
99808 -6421
-24322 97003
93418 -35681
31833 -94816
-87697 -48016
-69803 -71594
-84917 -52799
-30235 95304
66848 74376
94040 34031
-59751 -80204
-1227 100003
72478 68895
50793 86117
28708 95777
3298 -99964
76868 63949
-58103 -81404
90978 -41518
-94960 -31304
43814 89874
38013 -92482
65571 -75526
-81571 -57819
95163 -30791
40559 -91423
43527 -90015
-50184 -86509
-90033 43491
-89238 -45114
98829 15173
92676 -37617
-93695 34933
89879 43829
-35161 -93617
-99869 -5495
49454 86895
68192 73137
-95927 28295
-81993 57267
57673 -81684
-38991 -92064
-35211 -93589
-23367 97243
-19544 98086
-60102 79907
10693 99421
-69127 -72236
-37419 92726
-86797 49684
92996 -36745
-18410 -98293
25227 -96767
39426 91916
-90478 42635
96601 25911
39310 91954
91876 39489
-50427 86376
92993 36785
-89065 -45473
96370 26653
-99454 10340
91512 40357
19425 -98098
96999 -24235
-85279 -52252
43585 -90010
52763 84949
78781 61559
-92716 -37423
-99469 -10458
-7257 99756
49613 86842
-20488 97863
-78487 61953
87951 47593
77340 -63373
89555 44458
95938 28270
21833 97602
-66298 -74850
-37775 -92583
93410 -35756
92132 -38913
31805 -94800
-50962 -86038
99995 861
1723 99993
99775 -6822
99298 -11917
100009 -489
99990 766
-85012 -52667
-12240 -99251
-97189 -23604
99809 5962
-19790 98019
-88836 -45873
86692 49804
38454 -92327
77066 63738
61221 79047
82335 -56764
51593 85669
80851 58883
-44574 -89533
43927 -89854
-73947 -67310
-24075 -97056
-67624 73668
-77274 -63488
-87625 -48184
79308 -60912
-86865 49544
-84516 -53435
-24911 -96864
95930 28222
-44210 -89707
85348 52101
39892 91717
97436 -22447
65240 75768
-45949 88805
-7415 99728
52643 85036
-64661 -76264
10755 -99404
91612 -40049
13603 -99081
97381 -22741
98503 17158
-23858 97123
21681 97615
-80266 59673
5301 -99855
-96202 -27237
-99460 -10278
73006 -68325
70232 -71205
-11554 -99350
97022 24272
45970 88822
-67059 74205
-37675 -92629
-84616 -53275
-8158 99679
-94915 31498
59098 -80692
91845 -39593
-47738 87881
-22296 97502
-99472 10148
-79663 60418
97226 -23411
-53177 -84687
-86281 50516
98550 17047
91171 41104
18671 -98221
93552 -35273
89796 -44009
-70383 -71022
39190 -91989
60298 -79779
-80000 -60020
-99235 12367
-65611 75449
61087 79173
-37990 92484
97289 23188
-6662 -99798
22356 -97465
-100000 452
-91483 40386
99376 11055
-23399 -97240
-99610 -8630
37937 -92543
-68556 72801
99928 3529
-79397 60789
-71943 69428
-99470 -10304
-88327 46878
66806 -74406
29474 95543
-98652 -16478
63016 77662
99770 -6597
42213 -90656
-96904 24674
55548 83163
-29382 95592
95201 -30614
-85931 -51108
-90019 -43554
-10397 -99439
44681 -89445
21616 -97643
99733 7138
-98473 -17356
-99932 3940
98569 16922
-97911 20269
-1371 99990
-74380 -66822
-42452 90560
66650 -74542
-98382 -17996
31447 -94915
-67838 73494
-18373 -98284
77944 -62678
44397 89607
-98975 -14137
80737 -59034
-97256 23316
59494 -80378
-41531 90962
-84952 -52749
-10369 -99451
-84484 -53523
68375 72968
99260 -12283
-67829 73495
20471 -97886
-99621 -8597
-8329 99671
-89196 45171
86291 50566
19291 -98108
-44193 89727
-75812 65237
-70606 70839
-76602 64312
-2809 -99948
13147 99134
32824 94450
-38286 92399
73431 -67889
-40211 -91563
-20685 97829
-75196 65936
93033 36727
-73345 -67962
-98293 -18384
-13603 -99064
-91064 41300
-56533 -82476
-26668 -96387
82328 -56779
-65879 75209
34723 93792
-38784 -92162
36039 -93263
-99331 11399
-14263 -98964
61761 -78668
36847 -92979
-94280 33344
9350 -99559
2916 99941
-95682 -29042
50482 -86336
33048 94392
-69218 -72188
-47683 87897
-7405 99745
99226 12375
70143 -71281
-99345 11395
-100014 -811
-96015 27970
95839 -28570
94462 -32803
89797 -43962
71670 -69726
-65210 -75821
99442 10416
47322 88101
-75422 65664
-36350 93174
-82173 -57000
18982 98200
-6369 -99783
-75564 -65471
82849 -56011
-18330 -98321
25436 -96700
-12578 99196
-95190 30631
6187 -99811
85076 -52523
-91683 39922
-95664 29157
-30039 95362
63265 -77445
13354 -99120
-33078 94372
-51387 -85800
-64479 -76450
14690 98928
56692 82402
1765 -99985
64736 76238
88272 46973
-89186 -45252
96091 -27739
90983 -41544
-99410 -10697
-70611 -70798
-75669 65388
36872 -92938
-72154 69230
86543 50103
-4867 -99900
-75026 66133
-85700 -51515
50363 86383
-74210 67007
24542 -96959
952 -99977
-8423 -99641
-75351 65733
53232 84672
-81943 57319
71662 69771
85771 -51439
-56817 -82270
-99300 11654
96184 27356
-30343 -95270
-70187 71258
-99883 5139
-91668 39953
-97526 -22172
-56022 -82848
-99677 8227
-86240 -50607
-18552 -98263
-57031 82120
24806 96866
-23900 97086
23575 -97170
-22608 -97398
-48303 87542
-16313 98649
3295 99929
-58626 -81023
-40774 -91322
87171 -49043
87390 48594
99724 -7414
80358 -59488
-80292 -59639
9891 99503
9498 99562
-84713 -53162
52639 -85018
22396 -97444
25617 96674
-62233 78261
98317 18169
-89066 45487
-3221 99959
-75997 65013
-98148 -19138
87394 -48612
-25285 96754
35335 93532
99978 -2017
-45931 88827
-75110 -66028
-41991 -90740
42805 90387
99919 4338
-97655 -21502
5545 -99831
-39448 91905
-63262 77468
83939 54357
-63437 77300
94560 32595
-64441 -76466
55580 -83128
-87005 49314
96996 24390
29854 95431
86572 -50054
-15899 98748
-24383 -96993
-84024 -54197
-37300 -92771
28730 95804
34607 -93834
-39597 91834
18866 -98204
98365 18043
-7854 99711
-74015 67263
-40243 91526
45171 -89220
-4054 99907
99177 12716
11500 -99317
32630 -94539
-99642 -8581
-97688 21295
-91842 39595
-2765 99976
-36568 93063
-82005 57245
12127 99255
-45007 -89284
-98288 18507
14313 -98960
57600 81746
-99741 -7318
25917 -96598
626 100002
97670 21378
72228 69175
85608 -51652
78962 -61340
-58753 -80898
37789 92585
-66980 74250
-82466 56573
70540 -70855
72213 -69170
-97199 -23570
-99983 1757
99989 -1670
92419 -38169
-59061 -80709
75457 -65636
-90864 -41798
63158 -77512
-28151 95951
20052 97954
-64750 -76218
-42997 -90300
5565 99847
-97414 22617
40228 91555
-4385 -99903
82792 56065
16349 98661
-99923 -3600
59380 -80456
5844 -99835
37048 92899
-40576 -91399
-86694 -49830
91315 -40782
-11297 99359
-36491 93125
-64551 -76351
99833 5825
-85318 52166
-98196 -19002
-99631 8631
72481 -68904
-98931 14592
-46045 88754
87322 48749
-87368 48643
-96689 -25562
-95742 28921
-69507 -71919
59570 -80305
62541 -78027
-58991 80732
-93945 -34237
90692 42093
9469 -99557
-54811 -83644
22290 -97504
27950 -96017
-52363 85190
-36733 92990
-88560 -46483
14839 -98910
-75974 65043
88468 -46645
93335 -35865
94004 34165
52990 84782
89633 -44328
99834 -5453
603 100005
-46631 -88446
59901 80057
93423 -35622
96944 24482
-26143 -96529
89967 43681
-17237 -98495
-40543 91406
96570 -26040
-70189 -71236
5700 -99840
-53983 -84157
-95371 30021
-58712 -80966
-82757 -56151
-97160 -23600
95271 30393
73097 -68216
99962 -3417
3489 99937
-72250 -69158
99478 10285
-99516 -9971
3616 99923
91629 -40074
52613 85031
40002 -91652
7772 99700
-73071 68272
84038 54166
91526 -40314
-99931 3120
-71617 69781
95524 29572
96321 26932
-26559 96405
-57096 -82117
86911 -49451
27960 -96018
-56082 82772
-95170 -30667
58987 80727
99655 8496
88518 -46540
65061 -75919
43536 90013
94939 -31459
13780 99046
-99949 -3448
-78546 61921
98780 15581
99008 13973
10862 99420
97101 -23987
43436 90080
52687 85002
-65778 75305
85861 -51273
-83869 -54469
26047 -96564
-98242 -18617
9674 -99524
99395 -11031
-78434 -62046
87278 -48818
-17852 98407
-64444 -76445
5985 -99835
25435 -96707
-75318 65788
-96588 25972
-99393 -10864
87896 -47690
92652 37606
-94583 32449
76193 -64780
10512 99435
-99002 14199
-90281 -42991
-99290 12023
21518 -97654
-39052 92074
-87355 -48666
76064 -64895
-35187 93623
-55274 -83314
-19840 98032
11768 99300
1866 100003
81124 58474
-52363 85188
42676 90421
13991 99001
96110 27592
99847 -5687
15160 -98835
87208 -48969
39469 91872
61419 -78923
52394 85172
-24675 -96889
94931 -31393
-28739 -95793
95996 27942
-4207 99905
-65850 -75252
-95821 -28676
-97688 21358
-78738 -61636
-68420 72919
69391 -72028
-98530 -17044
91624 -40078
-6865 -99752
23881 97117
80459 -59398
-84421 -53592
54990 -83543
-98005 -19782
-81100 -58514
-98169 -19109
86127 50831
15660 -98776
-5197 -99848
-95949 28130
-99728 7282
93062 36637
96839 25026
-24323 96995
-95575 29440
-61711 -78695
-82295 -56835
27492 -96130
97259 23251
-46242 88669
53560 -84447
-64200 76655
-98522 -17190
71831 69580
24949 -96847
-86949 -49430
6445 99790
79601 -60523
96190 -27412
-3940 99915
-94367 -33127
-1248 -99984
-51741 -85567
-94817 -31786
50875 86113
76602 64301
-7760 99705
-85138 52490
-56076 82822
-89849 -43876
30859 95107
-54353 -83960
-98783 -15455
50118 -86514
6092 99830
51098 85944
99322 -11614
94608 32402
83114 55621
89815 -43990
18190 98351
-96035 -27880
24829 -96888
-57445 81858
4697 99881
96338 -26777
60551 79575
-34352 93917
-76329 64591
4684 -99905
-243 99993
-62527 -78019
-92942 36940
2200 99986
-667 -99987
50775 86169
91929 39308
63522 -77244
-88324 46869
-32023 -94750
-89103 45424
87502 -48390
-70214 -71227
93554 -35317
-39285 -91962
96875 24822
25154 -96791
-42982 -90312
-48315 -87532
24214 97029
86122 -50828
13881 -99021
61959 78498
-47759 -87839
-85257 52242
-99262 12262
69259 -72110
49635 86811
39429 -91915
-18665 98245
-99815 -5975
3059 99955
-77446 63251
67856 73443
78991 61315
-13307 -99101
31628 94877
-99176 -12799
-95520 29651
-68606 72771
13751 -99036
-82101 57092
29926 95433
19187 98122
-16470 98645
-99865 5469
-92156 -38810
26589 96408
15213 -98842
27374 -96191
-99721 7583
-38188 -92403
-99528 9747
62450 78124
-98296 18408
-98944 14462
-5075 99864
50829 -86123
-94568 32545
18385 98289
29101 95686
-39742 91771
13149 99124
-83746 54679
99612 8864
-11992 -99285
94961 31357
-83647 -54821
22765 -97390
-99026 -13873
90277 43013
59843 -80125
78899 -61434
-45824 88891
99460 -10492
94440 -32913
85367 -52101
88676 46186
-71766 -69660
-66211 -74933
97100 23940
90295 -43022
-47278 88134
-30998 95095
-47425 -88053
-99957 -3260
100007 1008
-91568 40211
-79662 60476
88857 -45846
-76315 -64592
-74391 66819
95973 -28117
-37389 92751
-37328 92762
99811 6130
-3450 99958
95940 28170
-73119 -68242
-70469 -70946
18083 98359
-71027 -70375
17137 98513
-75532 65521
-12650 99199
56709 -82374
-13602 -99079
-29807 -95445
-3863 99933
-94731 -32050
39999 91630
-8374 -99644
-43896 89856
97200 23553
48918 87233
54744 83684
-90264 -43029
-16092 -98710
9512 -99543
81210 -58345
-77699 62929
98878 -14986
74621 -66586
81907 -57361
99345 11482
100008 -268
84661 -53186
-81155 -58448
-87876 47689
-75429 -65660
-25894 -96580
-13936 -99011
12585 99189
-57307 -81964
-99334 11354
-78777 -61601
69563 -71818
94386 33081
-68852 -72538
-88412 46692
73381 67947
-87042 49272
74820 -66355
45928 88826
-89024 45530
-44193 -89707
-67286 -73981
61990 -78448
88376 46815
-69734 -71700
5646 -99835
98594 -16755
64485 76455
-45716 -88938
-34943 93688
59793 -80131
89034 -45509
-85174 52383
73070 68251
-96829 24963
-87308 -48782
51932 -85466
54144 84085
59865 80125
27716 96081
91292 40861
-2927 99970
32227 94664
-48797 87282
24710 96910
-99729 -7506
93397 -35756
-77236 -63542
-90544 42424
-1486 99994
-4149 -99924
64545 -76379
38964 92110
-95519 -29553
-37675 92636
-91400 40558
-84491 53523
-97789 -20867
-62832 77789
-94105 33851
-39141 -92030
84353 53736
37590 -92661
32851 -94444
-21856 -97588
-21521 -97651
-35045 93651
-87147 49082
49398 86958
28325 95894
98777 -15507
62317 78232
62755 -77879
-40381 -91472
-99231 12346
-89223 -45168
-66691 74532
95990 -27967
92885 -37065
89652 -44273
62805 -77824
48418 87515
12017 99284
-87061 -49221
-79861 -60177
-41047 91209
-94065 -33933
-98852 -15104
-14037 98997
-96604 25763
99887 -4846
72532 68813
-99977 -1053
-69154 72234
6630 99778
19879 98011
13252 99110
40881 -91268
-33879 94080
-99570 -9339
-82196 -56976
-60036 79979
-96986 24283
86407 50325
-85050 52582
-75178 -65965
65573 -75488
3360 99936
84291 -53839
-95814 28565
93192 36222
-78334 -62185
-26099 -96533
-29210 95623
96476 26379
38381 92322
-92325 -38419
-14312 -98974
85852 -51278
97753 21136
44199 89693
-90443 -42626
99853 5703
-11274 99358
-33662 94179
26340 96487
15399 -98798
65225 75776
40762 -91314
40076 91626
-34752 -93757
-46768 88400
59074 80710
93283 35991
59660 -80236
-17610 -98451
61857 -78560
87409 48551
64413 -76516
-89301 -45025
-49902 86656
99925 -4045
96358 26804
38224 92422
39749 91771
-81250 -58263
93890 34399
78013 -62562
-87949 47566
-50383 86363
-90132 43299
79999 -59976
-45747 -88933
98031 -19759
-93744 34840
13544 -99072
8497 -99650
97079 24053
-24134 -97039
-87392 48644
61833 -78589
-46865 88327
85458 -51944
77034 -63772
-64557 -76384
99920 4043
9594 99547
81143 58443
24227 97006
76023 64973
97883 20510
5929 99804
-98743 15763
-34798 -93760
90814 41842
-77298 -63441
-77841 -62745
-55267 -83352
39838 -91718
-83873 54437
-15058 98853
-97545 -22079
-517 -100002
36100 93252
-97729 -21273
-99766 6896
-10471 99451
-6829 -99750
-75150 66000
-73349 67991
21410 97686
-51773 -85560
-81341 -58192
-89430 -44728
-86392 50366
97171 -23588
7771 -99678
-22115 -97511
-20330 -97916
-98799 -15542
53795 84318
-75628 65425
22698 97408
-22731 -97403
97920 -20302
-97104 -23945
-45956 88812
100011 -34
47783 87824
50637 -86234
72026 -69369
-80645 -59106
34512 93844
-99754 6995
-66107 -75039
-24357 -97000
70644 70788
97112 -23927
-98319 -18262
-99994 -1659
6574 -99766
-99624 8857
81522 57929
-93762 -34762
98196 -18889
70087 71327
-99809 -6456
