2000
-84270 53817
-43460 90065
84099 -54082
94896 31554
-95640 -29151
97293 -23182
-49607 86833
93023 -36666
-99073 13476
92866 -37130
96709 -25470
78723 -61636
62411 78158
98479 -17286
7351 -99747
77314 -63411
90200 43131
96441 -26380
84629 -53302
87908 -47684
-29225 -95622
22046 -97519
-68165 73148
-87287 -48809
36495 -93091
-86322 -50509
92299 -38432
-69596 71824
7645 -99715
-99561 9459
63492 77249
69659 -71759
-99996 1129
65352 -75711
60995 -79232
66335 -74843
-15734 -98745
38063 -92492
99801 -6535
50571 86279
-21662 97636
79136 -61121
-99079 13665
96054 27794
-84151 -54047
97736 21189
-96997 24389
-99909 -4334
-98550 -16982
-58701 80947
34265 -93937
10339 99458
-57551 81756
-34181 -93972
96110 -27613
95696 29020
-98477 17501
70271 71155
18311 -98295
-90391 -42793
51145 85938
68529 72847
-79102 -61168
98687 16165
76573 -64305
8001 -99688
84124 54077
-74019 -67259
-84283 53795
-95416 -29913
-75144 66001
-99951 -3632
-94924 -31472
98652 -16298
84858 -52937
92656 -37628
13381 -99115
97481 22334
-24731 96876
88474 46567
98565 16947
-41330 -91064
-73248 68066
-99798 -6266
-91171 -41108
88030 47452
3884 99935
-90738 -42050
74088 67159
-97480 -22259
-99831 5912
-96729 25422
-82408 -56628
72227 69150
99512 9670
27668 -96097
-19572 98052
82194 56947
-76249 -64714
-21693 -97606
-73372 -67936
-70026 -71375
89560 44442
-8700 -99610
-16679 98583
-42339 90574
-41051 91180
7396 -99733
31927 94777
4749 99886
-58717 -80965
9923 99491
-93201 36280
-99226 12432
99166 -12827
60489 -79627
76900 -63903
-7721 99717
43664 -89956
-2438 99969
-94666 -32283
93455 -35621
-50701 -86193
-77060 -63748
15855 98738
-88926 -45776
-97734 -21086
-15154 98834
-16297 -98654
-73281 68048
-39958 91667
-49209 -87054
-81550 57851
69354 72021
-83295 55317
70426 71010
-15922 -98720
83838 54510
-57624 -81720
-61844 -78596
-53920 84195
-99996 -2016
95749 28887
86030 50977
-4059 -99913
-78147 62401
85160 52413
33659 94169
-98532 17007
78089 -62484
-98798 -15349
-96703 -25398
-98451 17578
-75634 -65420
-83310 -55313
8245 99639
64473 -76435
99675 8202
-14308 -98990
84338 -53706
-88168 47221
19042 98168
98165 -19046
67673 -73623
79132 61119
-91054 41371
99954 3139
-91852 -39564
-92010 -39197
-99938 -2981
-92877 -37053
-38662 92246
17932 98398
-29599 95528
-98020 -19808
91421 40480
98444 17627
39862 91724
89052 45471
30920 -95086
27789 96057
42017 -90745
-65174 75850
34290 93921
15599 -98775
-31108 95024
-84683 -53173
36580 93052
94033 -34077
-6928 -99748
-26188 -96496
75519 65571
-98187 18871
84668 -53209
27463 96150
99426 10738
99327 11475
-56874 -82275
-19254 98132
-93375 35813
43880 89869
-44679 -89476
-37463 -92724
62074 78416
-74610 66590
96986 24330
-51992 85420
-63571 77177
94898 -31525
-91158 41122
5387 99840
-90473 42627
-58150 81360
86728 49788
98533 -16951
97596 -21754
99700 -7751
-98353 18156
-66039 75067
74550 66673
-80812 -58931
-94434 32886
-52517 85077
81994 -57231
19137 -98136
-24884 96834
-83138 55596
98132 -19141
25898 -96586
-42803 90362
-71957 69419
-87921 47674
-46277 -88647
-98156 19135
-96122 -27572
-84854 -52915
63763 77048
93488 -35448
-89867 -43819
88415 -46728
19284 -98126
-98829 15362
-1604 -99988
95867 28443
23374 97249
-26807 96338
80950 58700
-99331 -11707
90155 43283
33266 94315
-95376 -30022
-90769 -42010
98900 14776
-80083 -59911
-1128 99977
-82826 -56040
82927 55907
54064 84107
-99355 -11186
95192 30614
-42898 90316
95371 -30119
94233 33479
-71297 -70112
-17538 -98470
95741 28866
-97084 24037
92723 -37479
-25062 -96819
-30748 -95144
-5091 -99884
-66095 -75017
88711 46121
99857 5680
-99304 11840
-47211 -88131
91501 -40322
46205 -88691
39681 -91805
99160 -12817
17254 -98517
98891 14897
54275 -84000
-75843 -65156
11760 -99290
4255 99899
-99710 -7402
-99868 5161
98952 14386
51645 85648
37911 92528
93995 34147
-81087 -58503
-77973 -62614
98563 17013
-96767 25245
97006 -24361
83347 55279
98477 -17465
-1102 -99983
-63283 77444
-17218 -98518
84981 52697
99891 5071
75855 -65174
99968 -2979
78938 -61404
11545 99333
99779 6901
-58442 -81159
25224 -96755
-59466 -80389
-1445 -99981
39085 -92060
-60970 -79266
-464 -99989
6861 -99767
98995 14008
72176 -69189
-97255 23281
8935 -99603
93491 -35512
-90753 -41973
85609 51670
-98330 -18100
-90827 41798
-61569 78822
-46145 -88704
53120 84713
-35711 93409
-92301 38445
98482 -17242
-6928 -99747
83839 54478
-77710 -62921
-63900 -76907
-76617 -64258
96466 -26420
56677 -82384
-68259 73098
-52485 85122
24375 -96984
-94877 31636
93497 -35499
-99982 -721
-65640 -75454
-77528 -63135
18345 -98322
3074 99933
-28713 95783
89693 44181
35284 93564
63568 77193
99048 -13816
39798 91737
-11935 99290
-48807 87289
4992 99860
-39407 -91918
24557 -96956
20356 97914
-62427 -78122
45939 -88822
75674 65358
-98735 -15832
29032 -95681
-94895 -31565
-28449 95878
-69085 -72326
36824 -92985
-1371 -99991
-36457 93127
67267 -73971
-25072 96792
784 99991
-99620 8580
5413 -99860
-49439 86934
-99507 -10037
-99750 -7018
81108 -58514
51680 85632
75983 64986
99561 9572
98341 18226
66539 -74659
76005 65003
-68051 73278
-99858 5284
49769 86731
-70049 -71368
99932 -3563
-51327 -85810
-99462 10324
79391 60814
96323 -26923
34246 -93954
80814 58873
42727 -90406
-8591 -99627
-94683 -32186
11086 -99366
46524 88532
99424 10672
98056 19584
71485 69929
-99206 12535
80103 59855
62270 -78255
99949 2862
-18717 -98247
94516 32684
99249 12182
-99253 12060
54491 -83865
86122 50795
88843 45861
24510 96952
-85554 -51762
-96892 -24695
51808 85554
17713 98419
88326 -46875
42560 -90478
28769 -95762
11185 -99375
-12781 -99189
-99576 9272
16934 98538
91391 40634
99984 -695
-91183 41019
99251 -12144
-29355 95602
84468 53557
-40051 -91648
98215 18762
-70576 -70827
-5930 -99835
-6476 99806
74728 -66459
-35809 -93365
-3297 99954
-12221 -99266
68945 -72424
97988 -20035
-79503 -60682
5741 99848
-99459 10464
-72664 68696
36762 -92982
17973 98355
-69525 -71888
-36234 93223
-18946 98208
-66271 -74861
46682 -88444
28149 -95974
-11768 -99309
-99608 8758
85583 51723
41982 90768
20820 -97827
99531 9862
-61848 78602
59400 80465
-58267 81296
-79167 -61099
-19392 -98107
-47781 -87864
17769 98423
-39758 91769
81412 58045
45029 -89283
1395 99978
55783 83010
-28434 95879
-29381 95580
-32014 -94721
-60611 -79538
-98427 17639
43648 -89957
98055 -19610
97024 24248
82097 -57114
14314 98963
65239 75782
46229 88658
77967 62588
81774 57526
97514 22147
-99889 4452
-38139 -92421
-98827 -15211
71120 -70277
-92934 -36949
11591 99324
-67133 74112
99366 11159
-34671 -93808
43531 90028
69820 71599
-95485 29696
93991 34201
17963 98366
-33647 -94183
48515 87437
96724 -25435
98625 16528
-8349 99658
-64668 76261
-40565 91402
39746 91747
-72030 -69371
-92849 37086
-99809 6324
-74610 -66591
-78302 62184
-52174 -85323
99984 -1187
97062 24108
99964 -2970
-82664 -56260
-99980 -2708
-4413 -99914
-23013 -97324
86625 49951
99733 7348
-84521 53408
33792 94122
-91239 40970
39852 91721
-80695 -59042
79189 61048
-98666 -16199
-26857 96317
76068 64922
54657 -83750
62342 -78178
-98509 17097
-51256 -85843
-98238 -18635
33548 -94219
-65073 75948
-50672 -86208
-99886 4859
76183 64756
-98143 -19180
18233 -98328
99641 8259
52291 85250
57270 -81995
96844 25002
28294 -95924
8542 -99650
97175 -23638
98964 -14291
-89491 44581
-69913 -71477
65362 -75696
22253 97494
30685 -95183
83962 -54345
99620 -8825
83321 -55283
57378 -81923
57820 81571
98034 19718
99987 -2325
-1557 -99992
-99947 3172
-11387 99352
-84974 -52682
2652 99976
56585 -82470
-16885 -98561
-25899 96588
-49332 87000
98977 14153
87584 48277
-65474 -75562
59422 -80421
55456 -83195
-22822 -97362
45481 89078
80218 -59742
97837 20706
-74807 66336
54838 -83616
73993 67266
-82837 -56034
60273 79809
-13874 99051
-17313 98472
-8664 99604
61857 -78547
89140 45318
-98270 18469
-39699 91780
-98430 17717
-5055 -99881
-30226 -95323
-40397 91464
54828 -83626
-99932 3689
90475 -42567
97192 -23562
-99928 -3881
-81154 58425
94197 -33607
85541 51805
35025 -93644
-54132 -84058
-52695 84994
-29736 95459
-10163 99477
-50994 -86039
-97939 20136
78000 62558
-99550 -9308
15637 98779
-72399 69007
-29566 -95543
-87596 48255
49156 -87099
-96481 -26256
99611 -8740
84623 -53277
-68517 -72813
-7195 -99757
59394 -80435
80997 58631
-35502 -93469
94340 -33213
-5792 99829
62202 78291
61617 -78779
33930 -94061
96526 26104
87625 48158
-76260 -64658
21510 97667
68357 -72968
60052 79965
40787 91284
-88026 -47464
98075 -19631
21995 97538
-98675 -16188
-24310 97009
94702 -32059
34481 -93859
11062 -99388
62866 77758
61215 -79077
51701 -85600
-43977 -89825
80579 -59238
-93079 36533
76741 -64136
50497 -86306
-30017 -95396
99323 -11493
-65 -100014
-62103 78369
-78057 -62508
-80885 -58808
28347 -95917
81457 57997
-97142 -23652
-93637 35127
48383 -87517
36882 92949
-86670 -49886
40683 -91338
57269 -81966
56898 -82258
-61559 78782
63113 77551
-16447 -98639
98389 17870
35095 93641
52590 85037
89604 -44391
84917 -52805
-35501 -93483
90466 -42601
-96345 -26729
-67717 -73583
36363 -93162
-56799 82288
41810 90819
-88424 46695
-66848 -74366
-88980 45609
-85316 52197
96054 27830
-18547 98255
-89709 44143
76277 64660
-34698 93779
-98023 19881
-48240 -87610
83358 55231
-27947 -96012
86947 -49376
-41410 -91014
98019 -19885
30091 -95370
-49717 86766
64727 -76238
95239 -30441
49645 -86824
68619 72719
97532 22098
64988 -76025
-57289 81974
-83576 -54895
-53268 84637
89482 44617
78584 -61840
23664 -97157
99483 10328
-17027 -98526
-51027 85980
-99594 -8957
89266 -45063
99997 -350
-99968 -2588
-25461 96708
-80458 -59394
-47401 88073
-99573 -9282
455 99981
37438 -92707
4826 99892
43483 -90040
98752 15732
15536 -98793
-93207 36185
94114 -33805
99054 -13705
88329 -46893
52590 85039
-94011 34051
98369 -18086
-6626 -99791
-90117 -43373
4871 99898
35504 93494
-68206 -73137
61842 78579
-93438 35667
99860 -4976
14814 -98913
-95886 28349
11146 -99391
-88896 45779
99060 13694
93570 35277
21077 -97768
65082 -75904
20045 97981
-98380 17906
-82789 -56120
61669 -78697
-81565 -57865
-53407 -84556
-14755 98899
18751 98218
97935 -20167
83990 54298
-12885 -99159
-58562 81065
99719 -7730
-51485 -85742
83849 -54493
-97758 20981
56228 -82679
-72036 69372
-65812 75296
84458 53507
76472 -64435
51738 85591
47791 87860
97253 23224
81498 57921
-2060 -99976
-82918 -55914
-70058 -71377
96626 -25785
95053 31037
-17516 98438
-49593 -86834
-90800 -41850
90798 -41879
-47663 87897
23889 -97109
80407 -59467
-41558 90948
-37294 92783
-94413 32947
99755 -6724
28915 -95733
-11397 99329
91552 -40185
-86358 50386
-18353 -98315
-27458 96170
-96791 -25188
-54662 -83726
62144 78341
51551 85678
98529 17190
10401 99472
-83321 55317
-11478 99350
-87776 47944
88491 46593
-97782 20885
87179 49000
-51885 85471
-78154 62368
-25300 -96754
-2692 99972
-70989 70428
78928 -61417
82837 -56016
88046 -47391
-75703 65359
60271 79806
-99654 -8194
-68278 73049
-82084 -57128
86414 50300
99471 -10302
68290 73077
-95931 -28255
84252 53877
62006 78468
98810 -15268
1425 -99994
-99929 3867
47507 -87978
-35273 -93552
-84561 53386
75716 -65308
18191 -98324
-99748 7189
98202 -18827
83287 -55354
-90010 -43547
-44945 -89328
43512 90035
-98850 -15010
49851 86701
29532 -95523
77334 63424
-71562 69825
-2574 99951
-89424 44802
-97876 20550
-91492 -40381
99736 7178
-90962 -41544
-19917 98010
99764 6826
97980 20068
86161 50794
95684 29075
7213 -99738
-96038 -27928
21144 -97725
-59655 -80261
24209 97017
44603 89501
-59269 -80542
12486 99212
-89627 44358
-75231 -65875
-61525 78812
-88149 -47257
-79769 60331
62111 -78388
5389 -99858
10136 99488
-76394 64515
5850 99831
-47737 87879
88836 -45957
74206 -67033
-69139 -72245
-91957 39327
-11823 -99279
502 99985
-34034 94037
100017 -156
-22322 97464
38520 92293
54400 -83925
63309 77410
70734 70679
92067 -39049
-74318 -66920
99725 7312
-86844 -49545
-98082 19400
-18438 98276
99567 9116
-34338 -93910
-67379 -73868
89630 -44383
8736 99611
-99993 -1304
-68674 72710
89131 45346
-97205 -23462
80218 -59708
77394 63324
51654 -85647
72794 -68544
-10914 -99403
-92807 -37240
55774 83011
-16217 98690
-84334 -53758
99978 -2462
77101 -63667
69593 -71796
87570 -48280
21026 -97761
57541 -81784
98511 -17143
61622 78732
70597 -70820
-80038 -59932
-2964 -99960
-95794 28680
-23582 97190
-94795 31861
76685 -64207
-85975 -51111
-73351 67968
21610 -97626
57598 81762
98520 -17044
-6955 99748
50219 86465
97738 -21165
100010 -45
-43611 90010
-99958 3086
-78845 -61524
-57084 82124
98190 -19034
-79308 -60883
-29027 95680
51508 -85736
15975 -98732
49014 -87183
-28969 -95705
98859 15002
-75481 -65566
-95203 -30540
-19955 -97977
70728 -70722
-47440 88044
-71673 69714
-69273 -72140
99358 11296
89180 45272
-88559 46473
-57985 81468
-84659 53251
83188 -55529
30757 -95160
9074 99603
-85745 -51446
-23498 97196
18795 98197
99892 -4566
-20560 97871
-67140 74132
-53968 -84193
76237 -64707
24567 -96919
-90568 42362
-98545 17109
99389 -10914
99167 -12757
-23367 -97224
-67941 73361
92930 -36975
-5352 99857
-99470 10372
7487 99723
99822 -5683
-89410 44822
80655 -59149
99879 5232
54368 83918
-57112 -82091
-56848 -82276
-49451 86922
-99268 12164
-13074 -99132
-93578 35269
-30129 95333
-40190 -91557
-99869 5239
-83390 55196
-74448 66748
14815 -98893
-95262 30460
-11015 99375
2864 -99967
-98514 -17169
97501 22286
67730 73558
-24939 -96857
77529 -63176
-70146 -71289
-81033 -58592
-74992 66125
-68802 -72566
-98118 19370
-51508 -85695
16659 -98612
11077 99384
-77520 -63148
-79293 -60931
72067 69305
86975 -49386
20913 -97776
93440 -35652
98697 16054
60775 79427
75465 -65643
99830 6055
-85381 -52032
-10205 99476
89276 45098
96423 26557
-3560 99951
-32778 94485
97614 -21772
40480 -91461
44864 89355
98221 -18730
98628 -16430
-73308 -68041
75166 65934
77015 -63773
-11998 99264
98372 -17933
-80164 59797
-37326 -92775
-98445 -17475
5538 99867
-51685 -85616
73223 -68111
-22386 -97471
33204 94337
-91009 41403
-99997 170
98285 -18445
55316 83306
-99878 -5000
-62701 77908
-75542 -65504
42549 90474
-8695 99617
53263 -84648
30023 -95400
99937 -3212
62404 78128
41189 -91103
20627 -97837
84995 -52692
-99217 12557
59655 -80273
87629 48210
91793 39677
61332 -78958
-82253 -56862
-87781 -47886
-86525 50133
99917 3880
88978 45640
9918 99521
84719 53125
21848 -97588
-75262 -65818
-34809 -93757
99987 274
74541 -66638
79980 -60000
-70154 71277
-99256 12129
-654 99985
-1857 99995
92524 37937
14452 -98970
-92468 -38067
63893 76946
65694 75388
98877 -15068
-51178 85905
-32686 -94525
39507 91887
-99864 4889
-96244 27175
95043 31106
-27520 -96125
-98615 -16597
2230 99987
-99967 -2776
87126 -49057
79383 60815
-27450 -96139
-73365 67951
80486 59372
95415 -29897
-99920 -4218
-56688 82382
98462 -17444
-12497 99217
-30426 -95260
99055 -13574
-99355 11257
72663 68677
-94913 -31471
41018 91199
96562 25938
97214 -23523
-86975 -49334
-29080 95682
-40343 91488
-68970 -72390
-73576 -67745
-95167 30671
84301 53755
-96272 27000
96610 -25777
-93222 -36201
-98846 15076
-86666 49913
96124 -27617
63470 -77302
-92135 -38923
-99956 -3365
-70438 70967
-48322 87554
-32208 -94672
8347 -99656
99757 7021
47487 88020
83174 -55517
77022 63778
65074 -75954
88090 -47367
97614 21683
-63762 -77047
80050 -59911
-92636 37703
-74365 -66845
98287 -18466
-98674 -16206
107 -100005
-96160 -27464
82035 57217
98789 -15642
55809 -82991
-66233 -74929
-30630 -95199
98347 -18181
76696 64168
94025 -34004
-96320 26855
-99651 -8110
-32431 94607
-82295 -56790
95570 29443
-17760 98416
48096 87686
67743 73543
15832 98748
27740 -96072
16015 98711
20405 97879
-93464 35541
-77340 -63404
-26759 96335
-96534 -26096
73924 -67318
99719 -7409
13400 99098
-73652 -67652
-17935 98383
-95136 -30800
90614 42258
60331 79771
76944 63867
-47530 -87989
-18818 98222
-64440 -76495
82495 -56532
53217 84658
-23441 97206
1319 99985
-97658 21579
94430 -32937
-90820 -41862
-68604 -72757
-95078 -31018
-64162 -76710
-96700 -25509
-99474 10106
-36989 -92921
-46262 -88654
19505 98070
13333 -99127
-62380 78161
-24048 -97071
67742 73566
-23541 -97202
-26144 -96514
47591 -87954
88598 46399
67626 73650
29168 95644
-59862 80108
-36069 -93279
64637 76288
-7077 -99758
43231 90168
-99934 3538
37932 92509
-18722 98216
87912 -47621
9031 -99579
84082 54124
-99685 -7708
57837 81577
85708 -51537
25343 96734
43701 89957
69159 72218
59213 80598
95769 28718
11407 -99336
11562 -99342
90540 42437
-3695 99941
-54671 83718
-62655 77946
-97711 -21265
-14484 98948
-94808 -31824
17183 98510
-84994 -52691
99761 -6744
49318 86986
-3349 99959
-83654 54780
-99045 -13841
57610 -81741
99624 -8824
21037 -97751
36834 -92964
99878 -4588
86705 -49839
56568 82459
-38576 -92272
99672 -8000
83324 55273
-1876 99977
34736 93792
8151 -99667
-87144 49085
57840 81565
50386 -86371
90774 41989
-85797 51339
-92140 38825
-99416 10922
-6568 -99792
54638 83750
-3302 -99949
-97477 22371
44016 89811
82604 -56329
3002 99966
-20849 -97822
12191 -99246
18397 98289
77436 63270
44995 89293
74981 -66191
-34236 -93978
-81571 -57839
83879 54408
88967 -45685
90886 -41724
-13119 99133
-25726 -96629
98862 -15142
46653 88460
-93601 -35142
68701 -72680
-25548 96685
-92581 37770
99755 -6803
31230 -95000
23670 97142
45477 89053
82401 -56690
-26047 96531
-73391 67922
-91260 -40871
62209 78296
4510 -99911
55719 83062
74793 66350
61672 -78724
35980 -93289
-98951 -14372
84768 -53046
77431 -63292
-96982 24383
-69875 71561
73063 68253
-99778 -6737
14821 -98912
-6 -99989
99983 -2427
-97669 -21494
60927 -79316
92130 38879
79261 60947
-71052 -70384
-99599 9087
-89231 -45149
85734 -51506
-97109 -23844
23835 97106
-49675 86791
94362 33045
14070 -98994
-56865 82249
14942 98872
55513 83163
-99184 12857
87280 -48813
95314 -30282
39154 -92012
-99123 13243
-89524 44555
60191 79879
72255 -69153
-37895 92527
-27396 96162
13600 -99059
-94859 -31654
58846 -80866
94548 32568
-15656 -98765
-99606 8659
-81651 -57740
-91615 -40051
70616 70828
-42945 -90305
55003 83527
-70645 70752
-9116 -99564
83815 54519
-47230 -88123
-95384 30054
-62590 -78002
-28823 -95776
-92263 38590
-83315 55291
-72851 -68515
98222 -18849
-67482 73820
99921 4398
86142 50750
7827 -99701
-15524 98775
-78253 -62272
-99312 11641
-73006 -68324
-89187 -45202
91101 41236
23965 -97066
87448 -48527
90826 41820
83599 54911
-44665 -89466
63970 76866
-34172 -93976
95880 28346
-40603 91364
26183 96500
-77766 -62855
-9161 99561
4575 -99893
-99394 -10952
18458 -98283
73010 68359
-89152 45254
59165 -80606
-22634 -97416
-66866 74380
-99950 2525
-5023 99856
68174 -73134
41636 -90902
-98058 -19526
-79304 -60919
96344 26809
-97779 21009
-77650 -63005
-54431 83905
34007 -94061
90537 -42433
1916 -99995
32332 94647
-81441 58062
67948 -73365
51613 85659
69589 71798
95535 29605
84243 53886
96766 25196
-99407 -11000
-68744 -72648
19187 98128
-99254 12350
95210 -30538
-38075 -92474
22484 -97437
48936 -87225
72454 -68926
99633 -8589
-38781 92188
-90176 -43268
28514 -95846
-99411 10749
99820 -5967
97299 -23164
-99986 2431
8405 -99652
42208 90659
-25138 -96783
53886 84242
26498 96409
41819 90838
-98075 19524
33670 -94175
14816 -98889
86769 -49679
-56035 82822
55308 83290
99397 11113
29557 -95539
91780 39730
70962 70439
-97705 -21262
-96223 -27229
99845 5758
-93378 35758
-97444 -22507
92186 38743
-28731 95779
-100014 500
-94183 33551
-76065 -64912
94293 33310
78993 61318
65041 75955
-36454 93122
-85532 51804
-74797 66353
66025 75124
-94285 -33286
-78181 -62342
-85701 51503
90088 -43442
99471 10211
-99912 3736
86029 50971
-89808 43971
92220 38625
84679 53217
78927 61382
25248 -96756
-48748 87293
-77621 -63042
-20008 -97986
40782 91293
98884 14789
-98316 -18295
3794 -99932
-43201 90200
90606 42295
13881 -99032
67854 -73441
7057 -99764
-56632 82440
-92306 -38475
98756 -15755
99339 -11319
98129 19197
99584 9030
93362 -35873
-10099 -99472
-20593 -97843
-96425 26498
65499 75555
94698 -32093
78553 -61888
78695 61734
93922 -34306
-58059 -81401
-46919 88311
-89634 44293
18437 98301
98268 18434
-20173 -97941
48947 87218
69425 -71989
-997 -100008
73878 67415
82957 -55865
96919 -24561
31843 -94810
-83198 55506
23581 97162
-82168 56995
87216 48915
97708 21333
99808 -6191
82267 -56862
-95747 -28805
8149 99679
99265 -12146
-35889 -93332
43966 -89828
83421 55150
50825 86124
-20982 -97790
29014 95685
-97701 -21241
-93812 34609
85778 -51417
19768 -98029
80836 58843
99893 -4958
97589 21807
18655 98228
66582 -74597
90355 42810
-27644 96104
12940 -99149
5919 -99805
-96207 27321
66554 -74639
-94544 32548
23546 97198
4023 99908
61046 79184
97149 -23685
773 100013
58557 -81064
93854 34489
83213 -55484
-71425 69992
23966 97090
-88697 -46163
21924 -97550
40066 91638
61764 78631
29639 -95496
69813 -71617
71623 69814
99763 -6887
62813 77785
-46706 88400
57988 -81466
-88808 45954
-98848 15231
-85137 52436
-99217 -12372
-91054 41383
6863 99758
-54828 83610
21244 -97733
-3326 -99956
-82392 -56684
95368 -30051
-93824 -34657
-91484 -40417
-91439 40525
-87632 -48178
90510 42509
-99735 -7237
9105 99596
-85924 51195
-94138 -33744
-89621 44343
-79180 61070
98925 -14673
-92395 -38240
-94756 31939
33490 -94224
26034 96552
87777 47913
32279 94639
65364 75662
-65673 -75406
99334 -11551
43635 89968
-5233 99843
-23130 97283
-18821 -98231
87612 48251
27831 96042
55712 -83060
-99223 12377
-16161 98671
57653 81716
-74359 -66892
-18483 -98273
-26471 -96427
-99514 -9852
99663 -8053
86740 49768
-6625 -99774
45008 -89306
-98008 19779
63092 77586
52571 85065
67410 73839
-95051 -31091
89529 -44581
90836 -41828
-8749 99634
58813 -80873
-14835 -98873
73231 68116
96878 -24760
-80066 59894
14434 98963
69170 72228
66685 74501
38156 92424
-79190 -61079
-69212 -72174
-84720 -53130
-53254 -84660
-93239 -36137
93733 -34882
14723 98930
-99732 7502
74534 -66649
-96146 -27438
-99798 -6219
-31207 -94986
-99880 -5133
-60245 -79817
99862 -4892
27924 96009
76242 64719
-42784 90390
92013 39122
-98013 19750
-74337 66883
76346 -64574
-97944 -20266
5541 -99826
90037 -43497
25830 -96601
23331 -97250
81309 58249
-72563 68821
80460 -59410
34502 -93866
18914 98181
-29553 -95537
30057 -95395
25831 -96590
-42289 -90603
56786 -82315
57696 -81668
34694 -93793
99684 7787
97883 -20540
-99669 8031
-52774 -84918
99397 11105
5151 -99848
50102 -86524
-15349 -98827
88794 45964
93529 35348
-95750 -28877
42911 90323
98321 18255
-22219 -97489
76398 64542
40585 91410
92505 -37935
-30402 -95288
-77044 -63741
99367 11154
-46294 88616
-5175 99881
-91374 -40614
81524 -57936
45388 89109
-98266 -18634
59259 -80528
77058 -63759
-97338 -22931
-26920 96322
-31870 -94802
95526 -29568
-8208 -99668
56361 82611
80107 59871
-37562 -92687
-3666 99943
77181 -63617
13580 99082
8020 -99684
88354 -46870
13993 99033
-73249 -68079
-95941 28244
-76879 63922
82018 -57205
-69503 -71914
-86419 50319
-74655 66513
94856 -31615
11752 99302
86600 49971
-10096 99502
91339 40696
-41480 90989
-6307 99810
98131 -19327
99788 6650
56632 82411
-85772 -51424
-52338 -85218
35196 -93599
53050 84761
-61707 -78683
-41754 -90870
-3434 -99946
81494 -57935
66344 74804
-92266 38601
84945 -52767
-45396 -89120
-12480 -99202
49293 -87008
-76752 -64073
-40519 -91443
83673 -54778
95765 -28798
-70276 -71114
26481 -96418
-99982 2123
79600 -60505
8751 -99627
-60295 79798
-12624 99190
-21878 97594
33970 94037
-55632 83080
-98298 18472
-90563 42368
-98636 16398
89452 44682
99913 4622
99468 10170
-93938 -34273
91459 40447
-99990 757
31655 -94858
48742 87315
-85568 51784
-76079 64874
12252 -99246
-12645 -99209
-72602 68779
96778 -25138
-98935 -14557
-99790 -6718
-73620 -67649
98836 -15225
24139 97044
-1827 99974
-83370 55210
-46446 88555
-38213 92389
78065 -62525
77354 -63382
-46816 88368
-95315 -30269
-86788 -49675
-77059 63762
-25033 96829
72675 68663
47940 -87754
-88750 -46121
-18080 98354
75096 66047
62983 77656
99210 -12615
62807 77815
68114 73218
-86276 -50525
25785 -96618
88712 46158
63139 77560
14779 98906
-25996 -96570
-43287 -90166
37239 -92829
-95841 -28544
-41978 90759
36675 -93050
-18945 -98187
99967 -2783
54735 -83708
50708 -86184
-9898 99524
91056 41320
62508 78057
-92627 37671
-36637 -93052
88059 -47407
13592 99088
61743 -78657
-31763 94833
1305 99975
-94845 31661
-61483 -78890
-98377 17938
-44232 89696
42730 90400
98835 15101
-46410 -88591
99869 -5453
-99798 6323
99191 12578
97654 21467
14422 -98956
-98648 16451
33005 94377
97889 20443
81675 -57724
23282 97268
-83545 -54973
-4166 99909
84001 54288
-77762 -62902
-59755 -80188
81378 -58092
99823 5993
-93668 -35013
-92824 37152
99933 3351
98279 -18539
1118 -99988
-89956 43653
91464 -40465
87249 48848
40035 -91640
-66715 -74474
76756 -64078
93332 -35915
28951 95733
-39187 92019
66475 74709
-32266 94638
-48316 87571
71184 70218
7467 -99727
-79973 60043
44087 89758
-71061 70371
80924 -58765
49786 86714
24326 -96988
-77816 -62775
-62924 -77733
-49294 -86986
-84306 53797
70713 -70734
-13129 -99148
92126 -38865
-74823 -66335
60416 79703
-96048 27820
-85488 51859
-64149 -76730
78598 61856
-40639 -91373
-53728 84333
-8692 -99614
45573 88998
46665 88447
93883 34389
14805 98915
-748 -99981
42917 -90315
-94416 -32935
-99110 -13338
-91459 -40471
-99645 -8220
-390 -99996
89983 -43598
19883 98022
-30166 95333
73497 67807
-33873 -94069
97229 -23355
-66153 -74996
88339 -46821
80426 59456
44108 -89733
1803 99996
-31562 -94908
1728 -99972
50645 86250
40203 -91566
-25364 96716
11778 -99309
-97345 22951
-97559 -22049
-45599 88979
-99684 7781
98873 -14960
-95363 -30101
-80650 -59126
-45964 88794
-23241 97272
76646 -64235
-94972 31341
87882 -47732
-22155 -97498
-95536 29492
-57318 -81932
56206 82698
-13919 99025
-99854 5358
93561 35355
-98206 18811
56999 -82190
-59454 -80423
98966 -14446
23926 -97114
54717 -83719
28822 95775
90636 42289
98529 17086
-98145 -19275
93208 -36213
-88252 -47041
9714 99524
-99878 -5205
-49624 86813
84737 -53087
-44857 89356
85942 -51114
-96147 27449
71983 -69426
-70401 71019
83429 -55149
-37293 -92805
-93319 -35905
-92201 -38685
-98913 14625
-83243 55431
80001 59982
75681 -65362
71692 69741
-45064 -89253
-66922 -74315
99604 -8732
-83365 -55254
73084 -68277
99969 2658
40386 91469
-99991 652
