80 1943
28 20
49 90
93 94
26 85
16 33
51 40
26 45
52 62
90 73
2 58
98 43
41 86
64 3
28 89
81 59
28 63
71 52
23 37
10 90
87 33
29 33
37 36
33 18
28 1
66 5
12 60
16 44
27 23
27 41
87 27
67 88
48 6
17 60
48 55
47 28
10 55
29 31
12 35
76 73
43 18
67 52
55 30
65 70
90 70
62 32
84 8
40 28
25 89
13 41
63 1
30 78
71 93
61 43
83 59
82 83
93 86
80 63
20 27
90 83
44 38
26 15
90 78
13 71
97 28
37 72
80 67
13 22
76 26
61 52
12 15
85 5
19 33
73 68
50 72
4 19
17 40
46 28
49 84
44 81
21 19
83 16
86 91
36 11
3 54
43 39
34 85
48 68
84 4
9 82
57 30
21 18
53 78
8 74
7 77
83 51
98 46
48 66
10 42
22 96
64 5
32 81
38 68
39 92
37 63
14 56
47 34
29 46
21 99
30 87
49 47
51 24
93 63
13 79
57 96
60 45
93 78
35 42
41 58
90 40
81 15
23 89
11 47
24 6
71 42
43 33
39 89
87 94
34 44
49 75
88 15
33 52
64 82
66 11
77 12
83 2
97 60
9 91
35 98
79 76
87 25
26 13
59 29
83 31
7 3
46 1
10 30
25 73
36 60
53 4
90 28
37 18
79 69
37 53
59 9
60 86
12 42
64 62
21 46
87 13
55 40
93 22
52 37
26 37
44 43
21 98
14 44
6 34
63 6
83 46
34 88
52 79
83 67
3 95
67 97
87 14
46 77
31 20
49 99
62 29
37 88
49 52
29 78
5 43
78 51
19 60
65 47
19 81
87 68
60 18
8 18
26 55
73 47
96 23
40 31
80 82
10 40
59 6
90 36
41 2
15 66
75 36
42 56
92 5
90 24
66 63
92 73
35 30
98 42
97 1
88 51
75 54
62 11
88 80
46 45
60 1
8 89
35 2
94 43
49 86
70 93
89 27
93 32
58 23
20 14
89 17
78 58
40 93
49 67
19 7
16 84
47 68
92 55
91 59
95 34
60 38
4 93
32 26
90 100
96 79
45 96
23 50
71 43
74 45
73 46
39 58
13 76
62 16
73 1
44 99
65 93
28 32
4 73
65 63
30 29
62 35
80 55
79 83
77 62
27 83
96 37
35 24
82 23
11 76
48 47
86 10
82 74
29 35
72 93
5 18
33 40
10 37
2 9
91 24
6 7
93 14
69 9
76 52
10 60
31 4
61 86
5 30
39 50
97 2
19 74
95 39
70 24
87 32
75 31
90 65
56 57
44 28
47 38
74 99
60 9
40 83
48 1
41 25
64 55
31 10
51 18
9 89
77 66
81 98
54 44
38 45
50 77
10 39
82 28
22 24
38 54
78 73
18 72
67 33
41 72
41 15
12 6
47 18
31 72
58 69
14 42
36 35
75 50
60 94
86 73
71 72
89 20
77 59
64 50
77 24
21 100
79 24
5 60
70 62
7 21
85 36
74 70
88 13
92 13
18 46
56 5
54 59
99 8
6 35
5 49
90 18
48 96
18 28
27 11
95 9
20 88
44 72
8 86
68 44
86 12
22 63
47 15
99 75
55 39
98 52
23 62
37 4
45 10
46 10
81 82
30 82
18 86
58 51
81 29
97 39
3 2
65 100
87 31
94 6
100 35
67 32
88 60
70 20
70 10
35 45
65 20
99 95
94 68
51 74
77 71
97 43
78 62
100 7
36 67
36 7
97 55
22 71
72 40
27 59
25 77
82 16
24 60
46 96
73 91
53 34
7 76
88 27
14 27
78 7
51 97
66 86
36 61
1 81
35 96
19 27
5 6
26 88
78 50
60 99
36 87
35 67
1 74
90 94
68 69
39 73
8 37
16 53
41 81
51 99
75 84
3 9
39 36
42 97
47 42
53 70
33 37
69 51
80 27
95 79
1 87
40 69
71 21
91 19
33 51
78 63
54 64
26 71
7 80
8 67
96 5
9 11
21 3
44 5
72 64
93 13
22 3
98 15
21 50
21 83
42 8
39 82
88 75
76 98
14 10
32 31
27 74
8 64
13 44
16 13
24 42
74 93
50 68
44 97
72 70
96 87
82 77
39 8
4 35
37 45
60 37
47 88
74 87
5 34
34 58
53 91
48 72
65 30
17 4
85 82
79 75
47 63
80 65
56 7
52 35
87 45
91 45
57 73
79 31
76 97
57 5
63 39
7 86
24 7
14 51
73 7
14 12
68 79
70 48
49 55
9 57
86 26
77 84
95 27
63 24
66 33
77 87
22 66
49 87
73 96
100 4
42 54
87 72
22 52
91 99
58 28
20 7
69 91
97 23
11 12
2 67
31 50
30 43
45 53
82 57
58 4
48 7
18 67
34 21
41 49
56 8
34 31
26 10
86 71
33 23
4 59
31 95
61 81
2 29
56 4
48 29
30 38
87 17
15 7
27 99
55 18
52 12
23 72
39 17
27 75
88 79
63 76
10 28
70 88
28 83
64 6
42 30
15 93
54 13
89 14
96 29
3 80
37 51
90 71
39 21
35 63
42 38
80 37
9 18
47 97
100 63
43 32
68 49
36 69
23 91
21 54
91 60
9 84
22 81
70 13
11 85
45 24
42 88
32 83
12 24
36 27
3 31
91 94
75 89
5 38
53 97
67 34
16 73
73 93
98 70
75 96
53 47
32 35
16 9
4 85
61 24
44 32
65 89
3 55
55 94
71 30
84 17
77 56
19 57
14 96
90 16
27 6
58 80
84 44
83 19
83 68
81 30
68 99
79 6
32 80
71 31
81 65
11 17
24 100
81 77
41 93
37 15
23 73
46 58
60 21
41 18
58 24
89 51
29 54
91 12
28 96
9 81
14 63
30 74
1 62
93 25
56 3
81 62
98 92
7 4
53 3
78 9
74 28
66 38
5 61
33 98
89 18
33 79
39 60
30 90
59 31
11 41
95 86
76 8
60 76
58 86
59 15
9 36
65 75
60 53
43 62
33 76
62 51
28 27
50 88
71 54
56 41
85 70
73 81
64 63
91 7
56 62
64 65
80 38
29 4
63 60
99 84
72 90
40 62
85 12
56 94
6 98
34 64
37 29
97 92
46 24
6 83
71 91
40 96
93 1
29 84
71 60
10 1
25 65
45 7
82 6
25 9
41 45
66 23
8 82
19 10
39 49
54 84
24 87
26 17
21 43
85 64
60 30
94 23
70 32
96 92
27 46
11 2
39 31
95 97
25 28
28 4
26 84
95 8
8 92
6 91
90 97
12 48
83 33
4 51
11 79
67 99
81 57
22 29
21 11
94 81
71 18
19 47
57 16
80 62
8 28
41 65
62 22
2 48
99 72
98 58
81 16
34 29
100 77
64 83
33 99
36 19
30 72
41 32
36 97
73 99
11 51
6 44
76 36
42 93
34 93
97 20
72 27
30 98
3 12
92 91
92 40
52 23
15 1
67 30
80 14
50 60
75 60
59 21
31 57
3 23
38 56
2 82
24 75
55 99
41 19
68 65
50 47
97 62
90 31
13 47
56 66
48 50
72 85
7 70
13 28
61 60
63 26
91 26
6 10
7 33
81 39
60 51
99 17
16 52
68 7
1 92
92 45
25 8
31 17
62 20
27 45
52 15
24 48
6 2
73 10
62 87
53 31
11 70
22 58
46 40
18 2
74 17
43 25
30 99
47 85
33 34
85 81
45 77
3 85
67 86
58 62
24 82
58 18
25 95
55 76
52 27
86 44
42 87
11 94
33 71
31 89
45 57
62 85
74 76
97 52
96 13
5 47
17 37
76 54
33 65
46 61
39 38
36 22
77 97
30 59
73 70
56 31
44 37
70 58
52 64
32 9
92 24
71 63
93 87
48 54
79 71
96 43
86 39
41 23
76 61
93 11
12 44
28 39
72 32
29 41
80 56
64 9
69 78
27 55
27 7
77 72
12 82
26 99
54 83
22 25
43 100
43 84
73 89
36 94
86 70
60 96
58 90
91 25
84 41
80 73
81 88
54 17
19 11
51 93
58 40
3 34
83 17
56 82
23 24
29 70
31 13
40 57
45 84
77 86
43 29
5 83
51 3
17 6
16 64
83 92
90 81
40 84
84 100
69 24
57 76
90 79
75 93
92 12
84 20
94 84
98 13
35 77
94 8
48 90
67 37
30 13
36 26
38 40
81 55
43 11
78 2
55 42
59 8
19 90
83 35
65 59
59 84
30 69
39 2
44 39
46 63
65 45
90 56
88 32
48 64
87 55
23 70
75 12
76 37
40 63
62 50
99 47
70 45
65 7
37 54
1 25
53 68
81 52
69 53
96 61
22 33
89 94
26 34
85 35
93 2
30 48
49 3
72 51
10 94
53 12
55 41
28 48
12 89
59 10
59 34
76 95
6 54
11 69
92 68
47 12
66 25
89 11
15 75
50 80
56 19
56 61
23 69
57 8
67 46
71 36
40 77
12 17
91 62
49 18
94 67
77 57
9 14
38 63
34 13
14 78
76 47
58 47
82 78
71 49
12 67
64 47
74 81
22 70
69 15
44 2
68 31
100 91
11 100
46 26
23 74
11 71
59 69
97 5
7 42
47 3
71 3
90 37
19 52
64 70
98 51
37 28
92 85
8 52
97 40
61 26
21 45
7 84
53 42
2 47
38 22
17 53
13 61
2 43
43 69
57 93
47 80
21 68
8 91
68 19
2 19
1 47
36 2
49 2
49 83
41 85
51 66
88 97
18 22
2 71
61 32
88 76
27 96
83 52
23 5
92 80
77 74
27 1
89 63
70 46
77 28
69 70
18 78
53 19
75 32
67 7
99 69
60 79
85 20
39 12
94 49
15 70
4 46
79 4
98 37
90 1
59 13
49 19
8 100
4 76
81 46
36 54
53 51
41 46
10 100
83 80
34 10
24 27
23 20
15 50
11 61
63 13
25 27
57 32
18 70
18 69
59 80
89 38
76 14
23 25
51 63
72 56
75 30
40 39
73 9
86 62
31 82
74 71
97 13
16 74
47 91
24 85
100 92
49 12
30 41
79 58
73 27
13 20
59 7
100 73
19 14
20 25
81 36
91 63
79 54
100 99
54 77
66 87
7 14
61 98
6 3
51 25
82 52
37 99
55 6
55 75
18 59
55 31
86 22
24 74
2 24
70 28
20 3
49 21
24 33
22 98
36 51
84 92
53 100
35 3
69 81
66 53
31 15
45 58
96 89
23 60
50 97
69 92
70 49
29 52
35 25
68 78
58 89
33 27
89 1
69 87
6 93
64 41
18 91
68 10
97 24
48 20
36 92
51 21
46 42
69 13
31 98
72 42
92 21
32 100
53 65
82 60
87 95
65 16
31 19
64 24
32 48
62 17
43 23
67 73
64 25
88 100
54 40
33 92
17 48
39 1
21 37
13 85
53 85
56 99
66 90
3 30
91 54
2 52
95 82
48 11
48 73
28 16
28 73
29 75
59 35
67 70
65 1
41 31
15 49
93 69
27 71
62 49
23 71
70 35
66 65
51 34
48 94
24 15
87 12
8 73
44 35
77 93
35 97
21 4
59 57
19 63
42 77
13 75
83 25
55 79
48 9
90 4
50 87
81 6
25 42
98 75
44 90
27 78
16 17
54 80
22 40
74 50
77 58
97 61
16 88
40 74
24 38
90 15
1 44
57 2
52 88
85 8
17 82
88 44
96 59
90 11
81 43
17 78
4 44
21 79
14 69
5 89
5 10
94 52
90 69
12 51
42 96
42 82
51 90
53 54
34 14
64 81
70 92
60 22
79 99
11 52
40 65
14 48
25 94
94 1
18 19
89 88
86 51
31 25
29 79
27 66
26 81
56 59
61 28
32 65
72 29
97 38
100 28
11 25
50 98
75 95
95 51
42 75
79 20
40 61
85 75
28 88
49 11
100 82
54 85
62 63
32 92
14 91
12 38
39 53
76 25
5 35
40 81
72 39
68 70
29 87
92 10
48 86
72 20
23 57
6 92
75 77
32 19
32 54
75 46
2 95
61 93
54 73
52 96
36 42
28 99
53 87
55 7
31 42
84 66
92 64
46 53
99 13
88 77
73 11
78 13
59 43
72 21
98 94
23 79
3 94
34 78
90 25
83 77
58 48
43 13
62 30
25 79
42 23
7 87
91 16
98 1
87 28
34 23
64 71
68 39
82 19
15 28
32 71
53 36
95 89
46 49
82 94
14 79
90 88
17 90
61 33
20 10
1 59
68 42
45 80
71 69
4 8
25 4
1 56
14 88
20 94
15 94
95 55
88 74
81 47
24 44
4 38
14 99
37 92
29 7
85 100
88 95
70 39
3 50
97 59
71 94
17 49
7 44
55 88
55 83
100 89
38 86
51 32
52 47
54 70
21 62
45 94
43 50
93 46
99 88
42 50
40 1
75 62
45 97
74 38
4 18
57 84
23 93
97 9
39 41
78 38
84 64
4 83
49 65
6 21
26 66
36 29
69 57
35 39
37 55
97 29
90 93
52 99
84 53
76 72
7 85
14 24
40 15
9 28
35 21
32 30
24 83
60 34
16 24
69 76
7 66
94 7
43 8
38 43
63 67
77 70
94 58
85 19
73 59
60 100
57 1
81 95
3 16
98 7
86 53
38 52
57 6
22 44
58 29
70 17
26 87
31 18
14 15
78 64
81 96
89 83
37 30
74 100
13 23
75 22
80 13
2 56
68 32
64 15
21 70
22 41
55 93
32 60
65 69
20 81
24 4
70 19
57 15
99 40
66 59
51 43
85 40
87 35
36 88
31 1
69 17
4 14
32 39
79 26
53 72
5 22
12 73
57 72
46 30
8 20
33 86
19 37
59 51
39 4
75 100
16 37
49 69
18 27
16 43
16 34
72 54
79 86
75 23
24 41
20 91
19 66
41 3
91 74
44 62
100 31
35 53
63 79
25 88
41 71
3 88
56 78
13 14
84 23
59 39
20 90
26 74
40 52
2 74
26 6
70 47
78 44
92 89
34 27
48 59
30 70
50 49
83 94
17 14
50 85
80 69
47 20
44 73
10 8
56 52
75 38
15 19
32 7
52 68
9 31
69 56
15 61
47 66
91 83
77 73
12 80
84 82
97 87
4 88
55 67
22 15
34 42
70 52
27 2
42 58
4 72
63 36
63 27
24 17
53 5
13 95
13 67
33 80
46 31
79 50
79 53
98 73
10 23
23 14
58 32
93 35
89 62
44 8
44 51
4 91
11 59
54 87
63 15
15 32
86 55
92 54
66 39
20 33
94 99
100 51
29 17
28 65
89 86
89 57
10 57
15 79
44 31
21 40
33 81
62 33
84 31
49 45
5 77
13 8
13 25
21 78
52 30
5 46
16 32
90 87
46 66
78 83
100 41
24 52
77 51
30 58
60 56
73 29
41 59
77 3
90 9
44 98
3 72
56 45
79 93
93 67
7 54
7 92
42 73
87 43
16 4
64 51
62 2
34 92
6 61
28 62
3 38
99 50
48 78
44 42
69 67
25 47
91 66
5 71
12 93
53 77
30 4
93 8
19 69
40 91
61 31
69 7
40 5
32 66
11 95
59 2
73 82
47 31
45 29
52 26
59 40
14 41
100 81
25 99
71 67
33 54
61 95
80 96
99 34
41 73
12 72
6 56
99 97
45 18
84 56
4 49
38 79
10 95
1 76
22 99
50 13
68 4
80 9
80 36
47 51
40 29
82 21
11 22
16 29
55 9
26 96
65 72
8 69
2 96
49 88
35 91
52 25
59 72
3 74
14 75
43 58
75 78
87 11
12 28
55 65
91 52
63 98
79 66
71 84
18 48
6 32
56 85
15 85
17 88
46 80
46 71
42 74
8 79
51 91
2 25
65 26
87 2
77 18
64 100
73 18
29 63
79 45
33 84
14 50
43 99
81 49
5 68
12 9
59 74
12 2
21 84
98 83
23 56
100 50
96 99
68 71
67 98
43 75
26 89
61 48
87 76
94 78
29 99
56 97
79 77
60 66
58 9
9 17
44 50
100 69
67 14
53 41
71 81
68 96
94 16
89 32
39 13
35 71
68 43
95 100
97 65
37 40
65 43
34 22
50 32
69 46
77 96
54 43
94 27
5 58
46 100
69 54
18 13
72 17
92 57
74 65
38 31
74 48
30 49
47 79
52 39
13 5
36 3
88 59
22 90
40 8
99 54
29 21
84 12
54 51
51 46
73 84
91 38
7 8
44 79
65 13
10 96
94 76
77 52
96 70
64 69
63 17
68 45
40 12
47 7
87 89
3 45
94 26
90 8
45 43
63 12
77 78
1 7
82 37
10 16
1 14
64 80
99 62
9 98
35 78
30 25
17 13
79 59
33 42
30 44
22 65
92 60
71 82
75 41
79 46
94 88
81 28
86 30
81 24
41 52
73 40
66 45
6 33
59 58
39 76
49 95
97 63
79 91
17 3
86 29
46 87
25 21
73 5
17 80
8 80
34 7
88 48
18 80
6 47
75 16
3 33
31 96
6 75
71 50
49 48
29 18
48 92
10 38
39 88
61 69
31 8
74 29
39 61
27 68
84 60
42 18
13 46
36 30
22 59
98 85
24 13
16 18
50 83
50 54
71 88
92 42
37 84
35 15
74 39
26 31
30 19
36 70
70 51
51 82
5 17
51 26
71 20
71 14
87 16
47 84
69 34
63 18
48 25
16 97
24 47
86 25
10 98
24 36
19 35
37 38
39 9
84 27
85 1
73 62
