56 192
27 19
41 46
1 56
39 20
9 51
32 47
25 31
41 18
41 44
31 42
12 24
45 22
48 19
1 41
33 27
34 1
24 2
20 1
39 36
29 38
46 40
30 41
46 55
1 16
1 46
17 49
40 18
4 31
15 53
27 20
40 9
14 36
5 35
46 4
29 37
40 33
52 8
40 45
35 16
10 32
10 16
19 11
49 28
42 52
4 19
55 5
51 38
12 37
28 50
13 31
18 11
20 18
55 17
27 6
48 28
33 32
35 23
23 5
22 31
12 41
4 52
38 53
34 24
40 42
26 24
22 53
35 18
53 3
37 9
35 1
3 38
37 55
3 6
32 7
8 51
10 18
34 13
8 14
37 46
35 51
19 17
20 6
6 52
52 15
12 8
56 41
45 5
38 22
51 53
2 53
42 35
13 16
42 5
29 21
29 15
34 6
51 34
15 46
22 25
10 2
2 45
53 42
51 6
33 51
12 33
13 33
10 52
4 7
48 12
56 5
3 21
39 45
39 17
55 11
33 21
51 36
27 35
40 52
19 9
47 2
53 35
4 44
5 41
11 24
50 8
11 25
45 12
50 24
1 53
56 49
9 41
43 5
56 14
16 17
26 28
43 31
44 14
36 6
31 5
13 27
49 30
56 33
25 45
4 55
52 7
28 11
29 1
33 9
24 27
31 38
5 2
44 13
11 7
37 18
18 36
26 2
44 38
24 25
22 8
20 40
6 13
37 8
2 14
21 46
51 7
39 29
38 56
56 18
9 15
42 37
27 3
17 8
34 33
10 17
5 4
29 36
3 30
55 48
13 35
53 40
18 46
41 50
33 44
9 1
23 1
8 53
23 28
32 26
54 31
13 28
25 23
47 49
