95 3116
65 63
66 67
97 92
64 95
95 78
99 47
15 75
74 80
33 34
51 100
59 84
9 82
34 43
23 18
75 61
98 28
70 15
60 87
91 47
63 54
86 27
34 96
59 24
64 53
79 34
90 87
4 99
22 61
77 52
37 35
43 39
13 90
81 52
49 95
47 54
68 53
21 23
96 55
11 6
67 40
61 18
97 39
71 50
29 68
63 45
11 41
61 83
70 19
6 12
14 65
65 3
19 79
46 18
28 25
82 79
22 21
71 52
8 51
63 51
25 83
89 46
46 69
29 11
69 9
68 4
16 41
28 13
34 2
46 4
30 73
96 27
41 89
1 52
44 75
5 9
25 3
82 51
3 50
84 10
3 26
65 73
69 7
78 99
58 50
45 34
35 92
92 79
87 78
51 65
60 1
18 20
91 40
72 7
60 81
77 5
45 84
61 99
49 29
43 35
10 37
49 25
86 49
3 18
52 14
33 40
7 89
28 73
93 66
13 96
15 6
67 59
91 63
33 3
27 84
19 62
71 7
53 13
46 77
91 49
4 50
42 95
15 81
12 61
39 67
15 77
62 56
96 72
2 80
82 60
83 100
14 13
38 89
68 40
86 100
24 97
81 5
52 21
93 88
55 3
12 64
18 98
30 63
54 21
89 47
39 64
83 29
96 6
26 55
99 2
25 64
17 68
18 84
52 87
3 40
62 65
33 57
34 49
97 11
33 63
32 71
19 28
74 6
88 8
44 35
1 16
58 19
1 25
71 24
83 58
47 28
26 65
84 44
69 13
86 84
22 69
37 69
64 10
69 16
14 6
6 93
33 21
64 57
89 55
15 79
87 77
100 67
36 16
29 80
55 54
49 97
25 92
3 36
10 33
48 21
48 70
36 34
27 61
75 13
1 42
12 17
19 90
83 46
11 62
66 65
49 79
45 50
1 80
23 10
81 85
40 13
76 82
48 82
86 24
15 83
67 36
14 49
1 74
11 8
81 51
5 14
32 1
99 7
53 29
4 53
22 27
30 71
79 52
53 96
93 31
31 8
95 84
40 94
97 58
13 19
4 55
9 80
8 12
83 12
75 3
52 26
54 34
98 52
27 38
1 4
19 46
88 26
50 98
11 89
6 31
23 100
66 59
35 1
73 95
76 22
94 80
13 85
18 27
25 15
5 23
65 47
58 15
89 75
72 18
99 84
5 38
66 25
50 27
50 66
12 37
19 96
76 1
93 97
80 28
89 82
68 43
37 2
95 3
45 38
31 51
61 85
58 73
30 96
7 59
98 41
50 85
52 32
52 89
62 87
22 58
8 64
1 2
38 83
88 41
98 63
69 59
42 6
80 25
62 54
26 87
93 53
13 44
59 20
34 89
5 32
47 81
31 12
73 40
29 65
2 16
20 93
56 5
29 96
31 83
1 61
7 85
92 83
77 61
69 49
34 95
75 50
74 61
97 46
9 20
38 62
10 15
93 36
72 21
5 65
53 73
43 40
27 82
68 10
82 24
57 10
25 58
31 56
92 45
46 58
84 11
100 20
33 7
10 24
89 14
27 95
2 8
68 20
5 41
34 18
60 45
86 94
7 64
62 73
87 71
73 45
40 7
14 81
74 83
31 59
44 37
23 3
4 29
87 99
51 67
56 55
58 91
92 63
98 30
31 24
26 61
74 8
96 61
54 43
77 51
53 61
90 42
71 89
19 77
60 63
82 65
34 32
39 60
25 22
19 60
40 44
42 34
14 56
77 27
77 84
41 92
78 43
46 41
10 12
63 28
85 54
49 77
13 30
91 33
30 25
36 50
30 94
32 50
36 76
77 13
52 86
40 79
80 56
93 24
39 87
2 75
55 78
22 13
71 90
54 88
53 48
70 63
14 93
32 88
15 47
40 75
45 13
24 56
65 91
52 93
5 10
80 79
27 17
67 1
52 18
96 82
32 16
71 37
97 23
86 55
70 49
5 47
29 46
59 76
75 54
45 2
48 67
4 82
70 88
43 70
12 88
62 40
78 8
57 93
37 47
77 18
17 96
36 47
74 100
99 83
16 46
58 85
58 35
90 23
50 79
65 35
67 87
58 26
52 84
93 46
11 44
44 68
46 40
85 35
70 93
74 17
16 39
30 69
20 19
26 77
99 67
1 23
77 64
89 32
18 56
39 32
16 15
37 96
37 27
13 68
78 35
70 52
5 83
9 52
86 79
49 54
19 87
98 51
39 19
84 90
74 69
2 29
4 32
32 40
18 41
94 58
23 37
60 85
42 29
4 51
12 1
4 24
42 81
41 64
58 66
79 16
32 76
64 60
76 98
53 47
82 66
43 83
66 1
79 51
91 10
4 72
31 30
46 51
26 4
91 27
46 17
39 33
66 56
12 51
71 42
38 31
38 37
79 46
37 84
48 92
21 7
14 78
100 15
28 49
91 19
17 24
38 15
71 93
28 48
37 14
65 85
54 66
20 58
71 22
72 57
56 43
45 29
57 56
60 62
70 17
87 29
47 42
97 85
75 46
91 51
55 24
27 87
34 86
11 2
28 12
94 11
64 51
2 9
39 37
23 28
40 86
85 52
80 68
31 81
45 90
10 73
73 97
28 7
32 29
96 36
42 67
91 2
37 66
69 15
88 45
19 83
8 5
92 86
10 21
41 72
88 6
6 98
47 20
95 44
2 57
41 97
55 62
90 76
6 18
91 75
27 75
78 79
50 37
33 83
91 81
40 90
87 5
96 95
78 45
89 45
66 79
70 57
27 69
76 72
57 1
47 43
44 76
55 8
70 42
55 20
70 45
8 6
55 79
25 6
83 36
26 8
96 76
53 86
98 47
1 68
100 53
28 35
18 97
17 25
90 85
55 2
7 74
56 37
40 57
58 9
39 51
50 30
76 63
88 23
32 58
29 97
20 63
77 7
9 12
17 86
13 52
8 13
29 21
7 31
29 18
78 16
50 14
44 77
77 57
57 18
31 17
29 36
46 94
61 42
63 17
62 6
31 72
4 96
75 74
76 69
10 65
50 100
81 46
17 51
82 34
68 32
100 34
43 49
88 63
6 61
2 64
82 22
48 57
78 37
23 86
33 36
43 66
11 48
38 84
82 88
60 31
16 34
99 64
27 19
38 28
100 14
5 7
45 43
20 22
95 81
12 18
87 13
68 65
20 43
6 22
92 50
36 75
75 23
21 51
64 100
60 6
3 92
21 25
75 16
98 11
16 81
61 63
56 52
46 99
85 2
98 84
84 30
30 22
72 5
30 70
15 4
61 71
80 10
35 19
68 72
9 94
3 79
98 83
69 82
2 100
28 10
51 72
93 63
100 57
59 9
77 39
79 44
39 44
67 91
3 12
40 17
65 86
73 3
45 74
14 46
34 63
65 98
80 4
69 91
63 42
91 78
56 53
74 41
16 84
23 76
76 73
67 20
99 1
99 82
69 53
75 82
27 6
22 18
25 11
31 37
78 97
64 98
5 58
90 96
93 61
6 57
9 57
97 84
11 57
54 24
26 12
7 8
76 12
49 45
15 74
59 96
45 95
97 95
82 72
74 5
34 29
28 5
38 81
44 85
60 13
38 30
64 11
51 14
53 58
77 97
88 19
9 89
91 38
61 58
81 20
97 19
68 76
2 69
8 27
58 1
3 86
84 47
73 44
7 95
29 13
93 25
54 7
23 45
94 82
6 89
1 77
94 12
44 36
12 57
21 39
73 66
85 68
94 54
24 8
12 27
3 32
58 60
64 9
63 87
96 86
24 7
52 28
66 76
44 25
32 98
37 98
39 13
6 23
59 48
19 75
100 56
30 12
77 38
32 84
70 38
64 93
47 73
58 47
21 96
27 39
24 18
32 15
76 38
61 23
80 59
26 97
61 79
28 57
18 37
35 54
17 14
38 18
55 69
66 39
40 61
5 40
55 37
99 97
100 87
25 39
84 51
10 74
43 79
10 51
69 42
73 13
35 51
9 22
40 64
8 29
1 87
100 95
89 86
43 58
66 32
48 13
42 85
18 39
96 47
50 33
83 82
43 48
14 83
26 89
47 2
52 50
24 74
18 26
55 1
90 49
14 55
31 64
36 70
14 39
68 39
66 61
3 5
57 16
76 87
82 26
64 48
51 16
39 6
74 19
84 29
28 18
27 20
56 88
97 87
100 47
15 71
13 51
72 13
74 31
66 26
49 33
70 18
75 83
72 47
92 90
24 49
67 32
99 54
45 53
100 61
81 49
97 96
85 70
20 50
34 92
88 94
97 48
31 95
30 78
19 66
75 29
93 87
67 89
78 81
42 37
97 71
40 56
46 44
93 32
68 98
98 17
29 85
47 56
21 3
52 49
55 41
21 9
91 95
15 20
41 95
36 65
21 77
48 51
34 53
7 42
33 26
46 85
76 10
84 4
82 5
68 41
68 56
80 48
74 63
43 75
4 98
97 80
66 85
82 95
69 64
29 66
75 92
16 90
9 40
26 14
29 44
33 90
37 64
60 100
69 61
6 34
49 96
56 58
68 77
72 34
26 36
7 1
52 91
90 20
8 89
1 92
28 56
59 61
13 74
66 53
58 30
49 64
19 78
63 72
62 99
59 73
83 68
73 35
56 69
55 36
34 75
97 68
46 67
48 83
14 72
93 83
85 83
29 38
48 45
76 56
77 14
14 85
30 1
95 8
56 61
85 25
42 58
79 33
52 10
15 46
78 4
73 88
55 99
25 81
99 98
34 35
67 37
20 23
70 13
90 28
9 99
62 52
63 14
61 17
30 65
17 9
79 75
39 79
16 29
64 32
26 21
18 75
41 90
90 4
60 94
25 71
56 72
62 10
90 54
4 3
24 38
66 84
49 62
62 14
89 36
40 88
56 93
11 77
27 76
12 23
95 72
72 32
70 87
10 69
51 34
66 21
78 84
1 24
87 94
56 71
41 10
86 38
83 57
54 53
66 97
58 88
92 12
88 38
78 77
15 86
27 2
35 13
8 23
65 57
79 31
70 12
76 11
87 85
48 76
78 60
11 3
26 90
63 13
17 64
74 46
72 94
31 78
81 50
57 63
72 28
61 3
92 81
24 95
39 70
8 34
66 20
58 79
12 15
100 44
7 20
12 22
78 83
96 42
36 21
40 89
94 36
7 100
31 94
22 52
42 77
92 24
23 89
13 36
57 26
28 94
32 28
51 37
6 58
73 12
46 39
28 87
20 1
33 58
91 92
82 33
95 94
23 17
46 84
68 64
35 53
17 33
8 100
94 100
86 80
76 3
100 85
36 24
62 84
61 47
40 98
6 35
18 96
20 8
21 71
16 56
17 71
33 69
39 65
96 54
23 51
100 84
52 67
11 5
64 33
96 40
24 39
93 13
17 1
54 52
78 44
87 46
92 76
17 28
90 47
41 93
94 75
90 3
61 34
16 85
94 2
44 64
33 97
83 69
30 81
85 27
87 40
62 90
84 54
78 2
47 4
56 86
75 41
45 22
16 70
24 79
53 8
10 88
2 44
57 76
20 70
30 17
87 61
35 56
28 6
5 69
59 83
21 91
81 23
8 32
17 54
62 74
55 84
40 71
30 9
49 48
7 61
18 76
73 85
11 59
74 99
42 62
40 95
44 50
55 72
8 22
15 40
29 72
64 16
25 96
84 7
10 9
47 63
27 13
52 60
94 69
22 29
3 29
66 14
86 21
38 80
8 96
21 43
63 40
45 1
26 22
14 16
50 73
38 50
75 17
68 50
76 89
47 39
54 23
100 33
59 42
41 73
98 19
87 64
90 35
86 74
24 70
7 93
6 54
37 86
49 18
9 38
9 7
71 95
18 43
67 98
57 36
57 15
83 70
6 5
15 56
53 24
70 11
33 11
76 13
39 86
33 20
98 72
49 23
31 54
24 64
2 12
93 44
57 78
29 59
22 14
73 72
95 16
42 89
79 87
64 83
65 1
92 21
93 42
84 93
38 42
38 59
71 31
31 10
65 54
20 96
49 56
84 33
87 57
17 99
78 41
99 75
41 37
67 33
89 93
79 84
24 77
41 2
38 54
52 78
1 90
86 11
61 62
90 88
26 38
63 46
93 94
10 25
38 36
2 14
84 22
6 16
74 92
96 24
81 88
9 18
61 76
90 24
64 91
5 45
52 68
8 25
19 89
88 4
45 55
6 71
69 99
13 25
42 17
9 6
98 39
34 57
73 15
49 83
11 95
38 43
8 57
74 50
63 23
32 96
61 8
54 100
47 21
62 44
74 29
63 2
3 81
10 100
69 57
89 85
32 10
26 71
15 59
34 52
60 15
51 94
50 62
15 23
40 76
4 79
44 59
4 65
98 36
79 10
22 81
63 52
91 88
20 44
32 92
57 71
83 54
28 81
31 49
77 41
2 28
48 16
56 78
5 15
91 80
55 68
100 75
85 41
43 3
45 44
87 42
30 56
5 98
1 88
10 50
2 40
45 31
80 26
34 64
13 56
6 63
54 29
84 20
48 46
23 38
88 57
80 100
34 78
75 86
56 90
42 51
49 94
76 33
61 78
66 7
50 78
50 93
6 79
56 75
38 41
52 92
39 52
75 45
30 68
36 100
46 82
33 14
74 57
57 85
19 30
99 12
69 35
33 25
41 50
72 60
94 77
13 24
40 20
8 40
34 66
99 50
25 75
14 27
48 23
19 53
82 14
40 50
56 19
93 96
11 63
19 84
54 44
59 75
70 77
28 50
70 22
20 77
69 81
47 32
59 19
89 54
41 39
17 58
67 8
17 73
38 85
6 76
84 64
71 49
55 9
7 6
49 2
39 74
57 66
3 51
71 66
7 73
22 19
1 50
98 15
89 62
30 14
41 47
48 30
40 66
76 35
81 74
93 3
3 82
9 36
51 61
14 70
48 39
78 42
88 13
12 81
8 16
5 75
95 69
9 71
24 61
43 80
31 35
78 26
19 12
94 39
68 38
48 31
23 91
34 74
12 11
97 32
45 87
83 62
67 73
35 23
51 89
22 43
62 1
32 91
2 98
59 4
27 30
16 33
45 9
47 3
28 3
76 75
68 71
22 85
32 100
92 22
37 97
94 81
53 85
22 65
88 3
23 40
89 50
67 78
78 21
97 89
70 98
49 66
53 83
10 94
60 14
71 53
81 27
73 16
44 65
57 89
58 96
68 57
91 46
97 72
30 2
16 71
100 35
48 65
91 55
49 61
3 91
48 47
17 19
48 18
77 47
17 100
33 66
98 59
43 77
43 27
20 98
25 32
41 76
26 29
71 82
57 92
45 91
44 98
56 99
69 89
51 9
14 86
69 6
64 27
32 87
7 47
67 77
71 96
98 86
84 9
79 83
59 70
20 34
65 18
87 69
6 10
70 8
60 65
2 3
79 27
27 70
12 67
59 87
37 65
7 13
89 5
67 13
82 12
53 16
90 12
48 74
39 62
96 94
84 50
100 69
33 54
50 23
17 62
67 17
37 80
20 65
75 14
39 38
27 98
25 95
82 36
14 79
49 35
91 89
94 56
65 71
83 50
4 81
61 13
60 43
75 84
64 82
91 70
61 44
54 45
37 73
74 16
21 18
27 21
84 41
42 68
1 94
94 3
86 20
79 35
99 58
3 20
21 80
65 34
91 85
38 69
8 68
14 29
22 74
71 10
70 100
42 27
20 69
24 63
56 97
32 55
96 92
96 9
85 8
34 70
89 63
80 32
13 65
23 74
88 79
66 90
97 17
49 32
84 70
89 20
33 51
24 72
16 55
59 35
4 14
40 34
7 60
50 6
10 93
71 67
35 4
75 22
59 47
76 2
17 11
73 81
25 9
81 18
17 36
60 32
90 2
89 31
25 55
16 93
20 72
33 2
15 72
20 83
57 3
8 66
90 9
59 32
98 12
89 17
19 37
86 66
81 33
53 33
22 51
61 5
89 25
62 37
17 59
97 15
43 11
38 74
41 71
98 95
99 14
71 13
9 66
29 82
43 85
56 34
71 73
87 81
23 34
80 19
39 76
60 28
98 13
19 4
94 7
51 15
4 93
90 36
54 25
34 19
80 46
22 41
91 76
97 13
20 48
48 29
84 69
63 37
83 2
74 30
73 2
1 10
36 77
13 79
16 37
17 79
44 27
66 11
10 18
59 18
26 1
66 72
57 21
50 82
74 65
22 77
82 81
5 64
15 65
11 9
100 43
21 68
26 74
13 37
85 6
57 4
98 81
43 96
66 6
79 85
2 25
52 33
79 99
41 25
31 52
56 98
60 69
58 2
58 44
72 89
64 20
48 98
39 20
61 29
56 91
25 24
13 9
66 98
60 18
35 8
97 54
48 3
88 92
20 29
97 94
8 54
92 68
100 66
59 21
24 30
89 53
84 5
99 32
84 74
49 41
33 59
43 72
39 56
53 28
2 72
44 10
38 71
78 54
38 75
80 93
31 55
14 43
38 20
18 99
55 71
52 74
97 51
7 70
51 45
99 30
36 72
61 73
7 12
68 23
27 88
30 53
62 27
42 52
64 86
56 4
80 11
93 40
93 69
22 11
23 56
93 22
70 33
36 32
12 86
15 2
100 55
31 90
96 91
14 9
63 43
97 36
5 54
55 88
19 99
77 56
12 58
1 44
51 47
85 30
8 44
18 94
28 4
29 19
80 44
59 91
59 62
5 94
75 51
53 21
85 77
64 67
71 51
79 56
70 54
91 84
15 80
78 39
7 97
23 70
73 52
13 92
49 58
88 29
5 67
49 75
71 81
12 96
76 51
31 19
98 54
31 92
23 84
39 1
59 54
69 77
24 100
55 18
56 51
10 22
51 92
94 83
53 15
100 22
83 4
53 74
92 53
47 11
86 76
84 80
8 91
25 43
55 5
45 14
91 42
36 4
32 57
98 96
5 91
35 93
90 74
39 49
51 58
47 23
6 55
45 7
62 88
7 4
28 61
12 60
40 31
14 32
45 21
43 4
76 97
89 35
29 52
7 50
46 57
14 76
15 76
11 50
29 24
11 85
44 41
50 87
63 21
4 49
70 78
34 38
48 66
11 55
42 83
5 22
99 86
42 44
70 69
93 100
33 61
61 89
40 48
57 53
92 70
50 67
31 20
82 37
42 9
19 65
78 5
65 8
43 42
88 78
56 7
96 33
37 89
4 10
33 44
19 18
69 25
68 75
38 33
92 18
46 54
3 71
3 7
94 32
39 58
33 62
78 6
33 48
90 7
85 26
80 67
57 39
83 35
66 17
76 19
65 58
36 20
31 68
74 89
75 31
82 2
87 96
86 95
69 90
34 84
41 1
91 35
9 32
82 13
42 72
77 93
82 61
66 62
88 97
64 94
26 27
55 30
85 64
90 70
7 53
2 56
73 14
65 53
82 8
9 24
78 38
60 95
32 7
11 23
65 70
65 23
8 93
17 22
36 49
18 58
53 11
98 43
2 22
71 83
72 64
11 4
4 27
59 95
62 24
18 1
47 46
42 75
61 65
28 24
62 94
35 82
80 81
52 48
96 64
97 74
50 95
77 86
17 43
37 7
52 41
94 89
4 8
60 79
78 100
20 32
90 39
16 40
31 9
4 77
57 99
66 91
37 93
68 24
47 76
56 29
38 51
93 51
23 73
90 80
49 30
24 34
27 60
1 93
89 88
99 92
98 88
1 72
18 2
11 72
9 8
26 20
45 94
87 31
49 80
87 68
25 50
29 30
48 55
17 6
84 24
34 93
39 22
68 81
12 85
17 3
95 56
59 77
16 45
35 20
82 28
74 43
86 67
69 23
17 49
87 72
59 64
83 3
40 11
95 65
18 64
62 22
84 71
8 62
57 49
40 25
38 95
33 32
66 94
80 55
44 21
59 82
46 55
4 67
67 24
72 85
96 74
20 5
72 17
18 50
80 18
52 40
88 48
75 72
64 73
21 37
6 70
4 31
65 12
61 94
96 65
47 85
80 51
44 14
8 69
60 51
57 86
31 5
75 35
45 47
47 79
17 57
24 43
98 21
19 48
6 59
48 63
92 95
76 67
94 90
93 62
38 46
57 5
5 12
26 35
41 82
96 50
29 60
28 68
15 88
5 73
6 32
63 55
25 38
42 66
35 41
95 39
76 99
41 96
2 89
18 47
34 44
4 85
25 91
78 33
91 74
42 4
47 14
56 87
61 37
88 42
3 15
52 97
25 4
74 27
83 81
97 8
69 92
47 34
7 79
41 67
15 31
72 79
75 64
19 94
65 27
5 68
95 51
14 97
5 86
83 40
97 98
47 97
2 61
42 36
73 48
11 42
59 13
99 13
88 47
56 9
80 92
92 77
39 30
19 40
79 25
80 53
67 3
51 53
21 42
9 88
35 95
42 92
88 100
20 62
47 69
65 100
66 69
66 52
95 21
90 91
6 84
99 11
29 47
68 22
76 93
61 19
18 88
59 39
14 95
16 82
34 17
13 10
55 66
1 56
32 44
31 41
25 87
20 94
88 30
18 91
95 37
98 92
50 34
48 60
99 71
31 98
71 2
55 94
46 11
58 16
97 28
42 5
10 59
37 1
42 26
20 25
82 32
79 38
67 38
72 61
27 73
28 83
2 66
35 10
61 4
40 69
74 55
45 6
23 41
42 15
66 38
50 60
52 27
12 43
54 26
60 77
86 25
44 90
63 67
39 29
8 48
55 28
5 36
45 11
73 83
65 49
36 54
58 41
2 17
97 6
25 72
19 41
69 21
66 41
70 61
88 44
5 51
79 45
92 23
41 81
30 86
30 46
21 88
46 27
97 5
36 14
18 73
12 68
15 96
86 16
45 35
81 64
61 36
76 58
59 50
50 54
60 84
3 14
35 74
6 3
23 2
70 50
91 77
36 68
57 97
92 55
83 41
75 96
9 79
72 16
62 7
17 29
76 20
98 25
8 50
46 20
3 89
42 57
46 2
45 66
60 44
24 60
60 35
76 31
6 26
70 79
46 7
4 18
43 13
7 48
10 72
76 62
34 71
46 66
21 73
52 95
78 9
65 32
64 55
9 81
46 90
8 87
91 17
69 11
13 6
70 60
90 50
100 79
30 97
23 82
12 84
87 22
15 21
42 79
74 85
75 52
72 50
80 75
80 69
50 91
88 14
73 22
46 45
95 70
72 30
43 93
96 10
94 70
45 39
9 23
92 73
64 97
34 37
73 77
64 79
47 25
67 56
14 64
39 7
31 32
20 6
4 87
15 43
10 54
29 27
37 74
83 23
24 35
90 67
12 32
5 46
30 7
55 27
46 65
11 78
8 79
28 100
80 66
37 94
100 21
11 100
70 9
22 67
15 27
27 58
47 71
27 63
90 58
21 11
52 8
67 18
76 81
97 12
4 66
22 72
1 91
53 87
60 9
39 50
37 57
25 88
49 13
91 98
77 62
73 55
59 90
75 87
94 6
49 47
7 22
19 2
58 62
56 96
8 45
88 24
100 68
82 25
31 22
90 38
4 71
62 82
35 72
25 23
24 2
92 82
42 25
34 69
38 13
45 85
83 21
68 84
70 41
82 57
43 37
60 10
93 5
31 88
73 91
29 98
65 31
47 13
81 29
56 36
90 10
74 73
90 81
62 57
51 87
80 30
12 62
13 41
31 43
58 77
26 59
65 45
28 66
26 40
25 77
57 80
96 5
90 34
81 84
43 88
63 8
85 67
9 63
65 25
98 26
71 19
11 49
28 41
75 20
12 25
88 17
46 61
57 58
89 18
11 16
22 42
89 66
76 50
39 35
83 27
40 30
72 84
86 88
97 38
55 10
28 91
59 78
70 86
13 64
95 23
99 65
56 54
44 49
76 42
54 37
68 27
17 84
94 53
97 22
45 68
31 26
31 85
6 51
63 3
5 63
78 64
78 17
24 14
42 53
99 42
74 66
92 4
44 31
11 1
74 64
33 24
45 19
58 98
79 74
77 76
95 28
58 71
14 12
70 89
20 11
12 29
11 68
32 86
99 3
21 20
68 66
75 65
57 14
32 69
8 10
37 5
2 31
21 4
94 91
70 73
94 38
18 66
75 12
25 14
29 94
29 51
62 35
46 50
11 15
90 32
23 64
99 72
87 18
43 10
44 87
48 95
76 49
35 25
63 81
41 56
26 68
91 34
42 16
17 65
24 52
96 81
3 54
56 48
41 62
23 79
34 94
45 56
52 46
33 85
59 1
54 79
74 59
13 83
26 41
23 44
91 37
15 45
61 35
35 67
62 4
52 76
12 87
87 35
41 94
91 6
32 74
25 61
69 29
75 58
39 63
30 59
97 10
51 26
55 60
26 99
90 79
89 83
78 3
19 1
35 36
63 49
86 93
44 9
93 59
89 100
88 50
19 95
97 2
10 38
14 61
3 13
3 24
92 49
60 41
71 43
69 85
23 67
91 12
96 28
75 30
75 1
64 47
99 90
4 17
39 40
86 83
8 76
23 32
41 69
70 67
28 43
23 94
20 41
59 85
11 19
89 87
11 31
8 80
4 89
23 39
16 19
89 48
82 40
63 53
45 93
30 79
54 30
58 64
17 45
26 30
27 78
91 36
59 8
64 21
21 14
46 92
15 82
45 42
61 64
36 59
92 28
71 14
69 1
64 50
99 20
60 42
36 11
49 100
63 83
43 5
43 67
99 51
78 24
43 50
65 7
76 94
62 78
64 62
67 84
67 25
6 64
46 33
41 4
61 48
7 34
39 34
64 80
30 8
39 81
55 47
79 97
99 80
26 16
79 29
65 41
23 7
35 97
98 46
78 51
85 84
67 65
97 1
28 93
48 5
10 61
95 85
69 63
54 61
46 8
34 30
25 84
87 49
32 53
43 1
97 16
48 12
71 70
44 74
35 57
65 52
46 32
92 7
90 65
31 86
62 100
55 75
58 80
68 47
98 62
17 93
8 1
58 63
63 77
52 23
30 32
99 49
97 21
69 67
46 62
55 95
81 89
50 35
12 69
23 66
11 91
50 97
94 59
43 95
46 64
47 87
48 93
59 72
20 2
46 23
44 5
38 57
27 40
16 12
90 57
22 66
23 72
88 7
69 26
2 81
34 12
24 83
98 35
86 9
10 78
13 2
38 52
50 61
46 22
9 50
6 43
49 9
23 55
79 96
2 67
33 1
56 46
32 24
100 40
32 75
88 83
12 53
51 19
58 14
53 10
54 74
38 53
79 21
64 29
29 33
25 94
8 18
27 33
26 63
82 68
88 96
21 12
63 44
18 79
47 95
37 48
48 71
77 83
4 37
69 28
93 9
53 49
45 97
25 78
14 10
39 3
31 23
52 17
12 63
3 37
37 15
61 41
49 8
56 65
51 85
55 59
49 26
59 92
70 81
12 35
76 29
50 42
88 20
37 36
84 40
99 21
44 26
33 8
69 3
8 28
95 33
33 4
54 64
88 67
72 62
16 43
84 26
50 22
96 14
82 98
54 12
87 74
28 42
78 65
68 94
72 38
48 27
37 92
69 73
14 48
23 58
86 19
84 89
4 63
81 79
71 27
87 66
92 17
65 38
62 13
69 88
54 22
43 86
82 100
75 70
22 99
29 55
28 20
16 30
59 63
72 33
1 48
24 69
16 76
20 24
98 7
79 95
29 1
10 95
79 77
31 67
28 65
1 86
48 85
43 89
34 48
84 13
42 55
39 84
38 17
63 64
11 74
5 34
33 31
86 22
26 79
23 71
25 73
86 59
91 20
86 29
10 27
28 79
85 56
77 33
61 39
34 28
3 85
19 5
78 22
35 70
68 51
59 46
86 91
62 86
79 63
67 72
81 72
69 17
12 20
26 9
81 40
75 57
91 53
21 61
26 81
50 12
41 43
98 34
100 29
99 100
22 23
48 90
72 9
52 7
83 37
43 36
80 6
38 40
72 39
72 83
17 16
70 3
13 81
89 13
29 6
28 22
46 35
8 17
82 84
50 69
1 14
26 73
48 17
52 57
91 100
53 78
56 89
53 36
85 15
33 88
92 2
63 16
57 67
15 35
91 97
7 25
51 30
90 98
43 57
45 20
59 49
