34109624
48570467
-31920741
56733554
78698854
26949504
42784901
-71344720
-24585212
19709631
9274978
73303418
-77472037
39604161
46401387
89278440
62857433
42784901
30316692
10543281
32682892
-614141
-32052572
-35214087
-6691738
-40310518
-27954207
38721976
94120372
-53198482
-2456634
-47591164
-80936191
-51619974
77901332
7711717
17390778
-43019478
-46996112
-94742668
66437727
7012269
99193368
31119966
-15013587
10779805
-84035255
53393713
-47966751
-85196255
-27954207
-29547582
-99657293
-88339472
-32781392
43575196
51339362
-84035255
10234551
-11714001
10247941
18615111
71447937
5315526
-29672944
-97544346
-37147257
-78956535
-63851575
-85196255
-66001859
54941078
-32883147
34101579
81442791
-22257537
-85082343
51557141
32682892
72695143
11593652
45834183
-88339472
19566455
-78683095
-20222624
-78890615
-74269354
49413466
-64443229
-64970558
-26812018
-51299916
94933937
-29547582
-16418223
-7878689
-22112964
99863783
-65460881
89288941
-89376747
-52084206
56838860
49110988
-74780859
77108584
92813523
83887126
20320318
82113477
-97854239
-37760555
-7878689
-16073192
-29466122
-21346423
20320318
-46238067
72720479
47358655
-30752505
-85493817
-55762854
43793817
64977862
-27709315
66437727
83058450
-26424807
24286417
84057486
83887126
99848627
-63851575
42958471
-72661548
14199353
46828909
-42244826
-92760459
-13983620
-14217730
-62090237
-29466122
-55205610
6437713
94120372
56435060
48570467
47358655
90004272
62776242
-74977121
-2456634
23000473
-39948219
77809955
-72399267
21715696
-90751297
35261249
-62530414
-61753334
7012269
76438346
-80424841
66634764
1151965
-9767606
78698854
19793416
-3763565
-62540353
-34757140
59485776
56158424
-59374953
-55762854
11929075
-41345667
83162458
52551294
-63391992
-69285190
-45140197
27513360
77860497
11574997
-55205610
-15986718
99386198
52179787
52179787
62733654
-9767606
-64243787
31086809
-15022519
-86046502
-59694413
-8971996
-71361151
13487082
-99060132
3806218
-81984298
-10140552
30102373
-62284211
-50176116
20899753
-77418063
82371408
10862283
64977862
64977862
-88339472
-12886476
-15437416
-6956491
-88651643
77108584
-69227022
81215848
4211263
-64443229
-90641818
-59655863
-38561947
63208175
32542170
-20151032
75792052
-95326737
-71117066
-52084206
-97544346
-89977637
-376231
-67904703
-65460881
-52681411
3741855
54675010
-38052852
-55762854
-51299916
83992722
12529664
-34405503
32542170
14439050
-36265964
-31062238
-20489752
84099568
20426248
53079767
-82236267
-98969047
63208175
43793817
-41345667
-64612191
35261249
93960549
-87711647
-10140552
-52870582
-83020139
-85082343
14345404
20870263
-11314854
52603690
-43016139
94120372
-32566122
59683117
-61661601
-15993240
-3763565
-34352308
-71361151
89209135
33269145
9650947
-18398459
64977862
54789502
61508854
-27709315
-35162706
-2873703
-84724301
51984702
-54097522
4377115
51984702
-94742668
-78956535
-78879435
-45739337
-33446719
-63034939
89209135
35891971
-65247347
-72661548
-22257537
24942366
-62449019
-78890615
42784901
51984702
-78956535
-75869016
95819329
51984702
-27431963
-36060330
52179787
-35570196
89278440
83856832
-13983620
59683117
-87411466
-89507528
47358655
92023046
4347628
48570467
6332517
-36363515
-77151081
81648
-30752505
-8071576
3806218
53692904
-14045128
-18802668
-614141
60365820
14199353
-95326737
34456922
-1946818
69519565
-31607073
-72661548
69170135
59485776
61508854
93046272
83501489
-45739337
-31607073
72160106
81992505
-58592072
13162427
-3763565
76357989
62857433
-81984298
3806218
-19578587
-39589884
79664132
93960549
-6956491
-17613925
-20084784
-32553779
-98339503
88112735
-8138901
42958471
-14565333
79212773
42891528
69519565
66235193
-38957803
68242954
14799792
-13983620
-25914058
-29466122
-36265964
42585434
39906338
77809955
66235193
90202271
-40599934
71186804
39906338
24286417
-15993240
76438346
19709631
-67904703
20382409
-82236267
-58153690
14199353
9274978
-20222624
94064183
-17751604
98405853
94536277
29767889
31404394
-89194681
89263184
-95592887
20320318
-58153690
28134223
-27431963
-37562849
-57719604
-83677687
72639307
-97854239
-7878689
-11854921
-95592887
-71942592
-22996680
23309793
47358655
81442791
29798099
-69285190
78354048
-89977637
5193679
-58025689
39906338
-13775179
-27747541
-74977121
10234551
85704915
43575196
39906338
-9232612
40744298
55580174
87056142
89278440
-9232612
-62011047
-37760555
-16224314
81973772
17390778
-26424807
87681511
-9767606
-37542569
-29466122
11574997
14180993
-86856787
54675010
71186804
92023046
-33876770
-62736929
-26812018
-22283903
-34352308
-12419912
31404394
65483924
-56626783
46964933
-36334091
68242954
72540162
-57719604
-59655863
99863783
-67027344
-53288673
20787350
62733654
27513360
-12272676
-32881562
-23554169
-59694413
-92844184
92154392
38097435
-65674653
-35214087
33593302
16857085
90004272
-6073777
