46466230
-29430091
-62913183
-12076231
45470398
-67925033
-29219480
-26051417
-86328926
-15582928
34376205
-59428997
84231121
-96501889
-51955379
-46015702
-11019188
-97337521
-78764831
-86969593
-93908898
-82834054
-48496609
-16644607
33257368
85127373
-99591337
89775812
9504030
21073157
46550645
-13873947
-71079168
56545644
54094197
21063413
-32690256
-48496609
61828479
-88150913
20065054
10861739
8528234
38396629
97230581
31714423
-28219344
-21991452
38738147
51144824
68470351
84231950
-17310389
-96094030
10216957
88367317
-63296736
-81344982
-39523507
25052739
-94726178
38600379
69330005
9103451
5021402
65883678
9717577
-16043051
-59816585
18674836
-76554194
88677271
-6704576
30717125
-40571384
15875368
-98912234
8348257
-54534448
93424812
94575638
71424388
15875368
-71372613
-76554194
-65460029
-78971199
49465652
-67666260
5917006
12342281
5987337
-97796925
75460078
28325841
-67130451
75460078
20064943
92394017
-29557320
11765330
75495666
35403227
-62167293
-75251510
86477840
21008216
69619949
-45635460
-90095867
-46935971
87898526
30468855
-96501889
-77939606
72234194
56218378
-25363230
-66240558
44722102
-9999891
-20104035
-83530974
51048179
58993812
-98558828
93595670
32522822
-36223897
48845458
29894909
84231121
71742888
-65786734
-20327202
77844996
11742981
-64696531
48636279
336950
-94452716
-83126205
-39190095
25648707
77844996
-69385747
-61645386
-82305938
-21463766
-68724870
-23188015
-76645659
69619949
36469188
44336877
10663558
48135968
-92232776
-64696531
82127166
51697161
-47390214
-3968834
94221445
9701436
61785375
72685853
-97106670
-53952674
-94726178
-48171364
-63481138
-39236038
-37712726
-1018618
-26553913
-25025855
-67029227
-60853506
53885114
-60238832
-29557320
86460942
-34895266
20064943
59107503
-9999891
-63497465
-63296736
6963715
11915556
65838658
93438177
92749835
88666536
-41508939
-13230426
-94278975
25881366
-97197783
-80818246
-21140265
25641559
26689781
-54990554
36372212
-99180920
-66240558
82122286
99074228
-44477476
-17174924
91047024
-3022530
-61645386
-91243934
-96216488
36442572
79137747
-46935971
-45163925
-41664202
51048179
-51955379
-48046645
79137747
8397600
-27992132
-37681343
-48620285
-60172186
-70183257
-3022530
9330946
-27039416
-67029227
12565013
-94726178
8265354
-9999891
-96501889
-34338726
-5223289
66092229
27659483
80094704
-78885707
53966186
-32328292
-5590589
84231950
-61146042
7076232
52964181
99879318
-79060932
44579424
-54625943
-66276719
-44512703
9717577
83822936
93781808
-22953965
6068956
72578264
-36551853
6699547
-38605385
-28474898
94770148
-30825846
-96094030
7076232
92139011
-76675298
-96216488
-52529474
48845458
-69819003
-34895266
-40585599
-45661980
-53381438
9443387
32713784
-95984310
-43532417
73274221
-63217246
-54619443
-83530974
-38605385
-83856927
18785250
-47251295
-21140265
-28474898
-98912234
-41664202
-65786734
33922031
-8759456
35561936
-69861337
47250738
-91705050
-90362109
-65417815
-3022530
-69830708
7339144
29494536
-33348044
91530535
-33885580
98860083
-47563229
45248215
-54619443
87835576
42242563
-9586498
9807373
-41664202
82122286
32156580
-63217246
-8759456
-26066686
76497189
-94726178
18109840
-66276719
66145779
-83126205
-33348044
4352915
-91311192
27659483
53966186
68470351
-26553913
98657585
-22953965
47373145
-61146042
50119340
34844361
-76675298
9103451
-69861337
10663558
-95600255
43883637
-62804359
20360589
-71710049
-52056210
22494044
-62343127
17580622
-95984310
-13873947
55567947
-65773406
44097861
81097516
89059279
20836156
-44477476
75705477
53343011
-29430091
-52529474
-73824727
82127166
33305346
-83856927
-44450477
54261080
45248215
69346477
6068956
7122555
34837794
38103428
14491292
64681718
-62167293
42667424
59641051
55567947
-84225540
-71989386
65838658
-54625943
-36223897
28325841
51589804
71253346
-65153275
-90493836
-26051417
-99233876
5987337
-54694769
96046847
25881366
85984055
-63168188
3082990
-54619443
-30825846
-59816585
-50085586
29494536
-37681343
96164646
6641550
336950
-34087111
-26750055
42276638
17975330
-70418907
89059279
68192960
-40571384
-86298093
-29430091
53966186
-3968834
96046847
-21991452
-13873947
64169861
72234194
35561936
30448667
86246634
-32328292
-842743
83474159
-51074644
11417228
-73210256
-92902842
30468855
44152896
68883920
40798314
51697161
-61645386
-76393754
-36217916
38600379
44097861
-32328292
70897468
-38605385
-62014713
-68326814
-17283413
95545177
-45194924
-71666989
36372212
-54694769
-97031443
91530535
-16043051
56658759
68192960
69619949
-20327202
-72216512
-84179292
36372212
67349385
-76679357
-73611978
-96351499
-91654881
-99826725
-20104035
