1777
961
8446
8682
7478
10707
935
6774
5368
3094
2005
401
398
2009
815
15869
3513
22248
23713
25561
778
32957
15927
490
27256
41490
24161
21192
12025
218
27328
33100
460
33681
21710
736
35284
4667
641
34457
2593
33116
14654
2772
437
39610
39851
838
1707
8595
32988
2608
68396
2104
48489
1449
668
54595
23465
11306
42431
51082
34715
34541
628
638
668
266
65746
2604
1289
40598
21459
45728
347
63914
2349
62684
45012
179
175
78979
65814
472
46730
1207
52644
53703
57318
64728
862
148
3346
841
43124
85896
3622
70317
50636
1417
65059
21604
990
84539
33454
55812
69575
80242
10319
3579
58920
21845
1950
43854
470
90154
67980
1346
699
74465
489
461
80772
32
2098
210
67899
5994
1384
2116
30994
43638
32822
47
111834
112565
14716
2248
44436
86949
325
230
19318
3220
79920
67557
913
42543
57897
2862
64278
721
90776
1741
91608
2429
31070
90494
83690
700
86913
96438
65031
145282
64933
3533
47747
139
1216
27476
2989
122772
6367
16371
114822
421
36863
7493
76633
18472
88407
68762
102246
103043
127935
14043
1459
129058
128326
3429
40610
5870
81552
2315
49532
182581
113909
77335
127493
38116
14068
77726
95371
89375
126509
23702
131703
18602
3072
669
34348
503
74778
1973
124268
322
667
726
18
21618
136778
218
995
2862
3649
198733
145467
51958
467
815
116027
109742
2176
11169
3476
148823
117176
6475
7458
145882
150872
81136
2772
164252
150834
82186
21618
34243
1152
1408
1157
2610
114614
31735
2033
2774
817
182202
75618
150897
2501
120938
4142
172274
2630
64422
711
1012
160473
142719
1089
138067
707
196222
42460
1043
129965
156862
140305
100397
10759
166198
233691
128936
131472
236832
1662
4068
27292
137837
8094
147773
93473
147993
208852
145837
146193
22325
161567
174292
1777
98028
725
3088
9623
143273
3218
172572
154379
189879
258
4125
1307
978
198167
5357
1792
2148
4210
129758
159024
139208
1153
6430
4842
217978
188930
978
988
734
215
6406
15994
231961
28700
1619
158520
286169
205399
168383
2610
121917
270307
978
993
189632
882
154850
4957
3027
5867
4093
263017
125276
1774
3405
17313
668
170751
156738
105979
173589
150111
428
490
2941
1823
1911
230
2147
163342
1374
199152
250772
2475
2953
185885
163896
1256
813
208409
185507
172950
237297
250817
457
172935
2903
2190
13945
12070
75641
189518
5469
748
274807
584
11012
183807
202722
19592
145872
43672
4511
1832
1549
1134
204099
11378
35059
6124
240222
293115
2785
4239
1116
19299
2276
201325
41287
71333
53347
8803
186387
235905
240186
155368
8169
237932
175051
3115
194057
50732
179283
2597
206601
2905
1862
240717
193400
210566
176713
2491
836
188335
279209
317877
57296
200313
3137
1275
1870
250121
2649
2428
596
115412
2699
139640
1064
205606
430
4532
158475
269206
437
1697
293
263433
145805
1096
236205
502
267671
1723
253177
227632
202894
149108
2867
10503
3555
252260
310628
53198
978
883
232566
1728
3074
2320
632
2042
1079
205980
64698
277148
334058
297156
94594
8177
252950
25541
291906
19130
