1595
8533
12804
9767
987
9153
1213
8525
2564
985
415
15334
950
14790
17179
15472
1587
19139
796
22554
28068
12659
25373
24939
5935
4215
1263
30385
606
32445
30144
18276
201
1680
12051
26962
944
40371
28857
32150
1318
22369
1333
4371
390
722
47900
910
388952
2220
1674
20727
868
31195
32068
28426
24435
400
39627
45411
84
12851
45301
42
2062
256
5074
41447
719
52655
550
1969
46254
1150
39
13541
26896
50055
26779
1686
32974
749
1578
3755
35568
724
61007
13045
2140
1209
327
49772
286
752
51958
2768
201
85291
52101
53268
1473
2908
22118
8304
82751
1013
1292
88262
1933
99881
100891
1182
82807
794
76446
3555
461
385
102491
118024
53569
2038
91
608
14956
749
475
125591
144475
1099
96568
473
118837
268
1410
98007
111734
100403
107377
70848
108
40429
81976
20568
17016
43
77102
124570
688
91
1561
203589
848
74372
2145
93933
69170
75900
93786
110117
112571
46766
469
998
108448
116995
77632
34727
61815
49094
78949
163319
62951
155098
19902
122803
75119
107812
153890
584
112852
128534
1030
602
2872
936
18962
60
43555
93498
1635
679
139647
183256
184699
143728
4230
82513
144815
108219
107640
124433
89286
1424
3036
102187
111148
116599
72214
143485
121559
1099
2908
89006
185157
875
129833
218
113932
134051
56272
136748
886
133855
144940
1764
1219
3612
73975
74522
1919
135366
984
13780
6648
2536
1639
154571
18410
169096
205192
584
147014
99773
611
946
146414
166730
1667
852
1994
153115
163578
1253
142339
130566
231238
3417
157374
1102
940
818
114264
161861
266
45183
4289
13453
168491
1109
104453
135268
141459
91633
1078
1885
1182
170412
13945
2951
892
153378
423319
117652
932
903
549
1083
14128
114625
1555
3734
1349
92257
186656
170568
230996
4125
156317
597
1166
198
165102
5243
60
149530
18544
175835
537
133103
102038
8269
5378
1330
1930
1721
1691
103550
1571
232771
179594
5121
2509
7976
222406
154717
924
56598
120281
839
10918
996
275095
980
25180
1822
1947
124455
247836
549
2033
722
1606
158426
2399
10246
20305
181571
14762
59011
2366
128600
323
110302
155310
194061
1606
190271
161054
285011
1298
582
627
204357
2664
197400
6023
204317
231351
160848
14044
293965
367
3134
1398
17924
9053
13739
182207
3651
1267
43062
7402
162438
318105
1593
292406
161408
2536
7914
287658
14044
168084
7386
194453
8038
151
39207
223519
210398
357
189887
1309
93
291093
315
319173
902
274590
3899
3977
234806
240651
1309
261916
211915
1527
257892
26616
8871
12876
6200
103067
103230
236
105835
4594
208668
537
2685
291979
506
278634
197016
283514
228537
169793
468
278839
1106
197746
1485
295450
14762
288846
260644
2370
52612
3635
198095
334564
203282
3899
188477
1965
288950
231810
482
13647
281868
301514
297801
2482
281408
105716
1100
4934
53716
20773
264726
774
269876
285587
2198
136148
5229
357450
1239
5947
2725
2305
1271
229913
442
1023
487
2377
220522
387362
214302
4783
5290
320997
2943
4725
242255
331830
325489
45682
4210
95677
2139
300324
303477
3390
1425
317006
303447
276
1246
