-6924
-217519
43373
-67671
-119236
8440
93784
-134405
-111060
95683
-49972
41274
40667
49484
7191
84352
-20509
-134405
-70118
8224
-69627
-66408
27736
77870
126816
16227
23136
-31294
23247
83072
566
96381
30966
24044
30966
-28554
-78150
68570
-59510
307995
-148052
68636
258114
-70118
-75373
-42444
-63464
-68065
315986
316258
-53124
-86
99140
-16299
83119
18807
-40132
-11686
-34104
80643
-45980
32618
481035
2973
93784
-60049
-78651
-83250
-21507
-84811
59654
250222
53027
-54796
-314624
2973
31285
264086
-44420
-90514
-37818
10113
-156676
-62157
182701
189964
-79097
-88214
45978
183326
-11281
50789
-86
93352
-97006
-27193
69279
213011
45532
7213
-84811
-118226
9298
13857
-72792
-2157
53403
3087
95683
107527
-359341
-76061
-25905
69786
-89855
2631
-31371
-68633
81512
117760
79519
-50659
-32830
88885
-73164
-129097
-514
-104467
68818
2708
120157
-93674
46519
182835
82722
-6981
40822
-77745
-92860
70296
-80047
213042
182835
88321
-43750
89029
-677443
-73559
264086
-188459
18452
3500
-29670
73673
67536
717642
53575
26938
-46537
-26695
122533
-223924
31416
49845
114665
-6252
78501
120897
258114
18807
-11704
18308
41346
-57831
243227
83072
-27466
-74694
-35710
69786
-40132
7758
120157
61101
-138218
-67351
-14585
-43063
322473
-91144
54301
-33446
1816525
10115
42483
-159676
-889
-12246
-74694
21939
32618
20947
24169
26938
71777
69279
-50132
958889
29652
-134930
189
-24776
213042
1030
-104911
189054
50014
105676
2631
33110
8042
31880
-71543
122533
123053
-1735
314023
-40132
-9714
78557
73977
-142878
-50623
88433
125594
1716
-117012
-49061
213042
146813
-17726
78557
54424
-69627
-7477
-59831
-10758
78620
-79097
44755
-7326
359080
97680
466938
-99799
-118241
-263307
52710
-68980
127686
82471
50673
69091
2921
414011
75281
21968
-35503
43373
94505
-10758
50057
-109031
-33734
-75727
-159330
-163135
-73164
15815
-120559
78501
-19330
73736
175818
-83526
-56076
26938
134097
-149468
166421
-52834
266926
91660
-14616
-19289
-21507
94505
44755
33571
186472
38656
-155093
-49085
-229889
-82769
49243
94390
-95376
-2482
-25612
-27958
-89381
-59321
32002
-82769
-10261
41260
206541
54301
81245
204721
71219
-69012
-16021
278366
-87532
-2482
8077
56800
60752
-11068
191592
97677
68570
-202141
74594
77120
-359203
8719
5855
12244
-9714
4362
-32760
-27193
-65981
114302
-38891
-6675
242088
-82242
-34884
-83518
149365
-12076
-178584
12721
74218
138151
120039
-17070
-31614
41636
-65547
50014
-95717
-20374
-128313
85244
-64691
56800
-75159
-74950
-600072
-295871
-15019
31752
-80191
176474
606165
-19124
137038
79910
30796
92021
-31371
126816
-37645
-48648
91688
-54357
-5500
21968
-45829
21968
27563
-77288
-138218
-68633
-368727
-31371
20555
-68065
51768
8077
267130
-71368
77954
-87684
-484732
40618
134171
112787
-68838
9081
4849
-59321
-187159
-28011
2651
-514
94142
-12246
-50269
48086
-66723
80820
34842
-18136
61453
-8879
-32744
41636
-30702
-68980
120437
140800
21232
-7413
-52168
-14585
-32744
6452
594655
-23404
-190650
-320795
53703
7191
-178584
102239
8077
-97006
-159427
-206130
-31614
67487
-66723
-211546
17927
-154554
63908
-5391
43516
46519
-36934
98526
120039
48634
137086
-29670
112787
1108
-4359
-177625
20555
-157503
99140
1064588
16176
185399
79156
61453
-54357
17344
-7454
189
-179546
-19717
-105673
-87177
18452
-14585
218068
-144008
-119046
201723
-17212
-37428
99858
7907
83000
-115722
-1581
26315
34842
-15386
-58303
-33446
-14604
-27856
81143
10627
69613
-3781
-83250
