100
51 96 98 100
46 1 66 27
72 42 100 61
22 65 33 100
5 83 17 84
8 86 26 92
20 99 58 99
40 86 44 93
70 23 72 44
13 65 51 84
5 66 98 73
96 54 96 80
69 60 92 78
81 11 99 87
2 47 60 86
19 11 43 22
97 27 97 32
12 44 33 69
22 94 83 95
28 62 71 96
38 72 40 81
43 19 75 77
28 17 43 39
77 92 90 96
81 22 91 86
74 94 85 98
4 27 50 50
89 18 90 88
83 76 89 77
34 60 56 92
17 28 68 67
65 13 67 56
71 86 89 95
17 10 54 80
28 72 92 97
33 64 72 65
22 85 73 99
96 69 100 94
97 10 99 10
41 92 89 98
89 64 93 66
96 1 98 65
80 86 94 86
50 79 87 91
22 100 29 100
33 95 68 98
26 66 47 92
56 23 100 96
51 14 98 44
35 45 80 77
2 68 44 78
80 88 99 88
22 66 65 99
69 14 77 39
93 59 94 69
57 67 63 79
60 97 92 99
32 87 48 87
100 33 100 65
41 82 69 100
71 17 81 100
75 78 79 82
40 31 59 55
89 34 100 34
44 65 53 69
57 10 57 81
92 93 97 93
66 59 91 74
88 79 100 96
60 88 61 97
97 65 99 84
42 8 53 83
7 6 43 82
48 4 72 54
52 23 63 80
31 48 46 65
84 2 88 12
75 22 98 50
37 2 53 49
18 58 37 60
97 82 97 88
21 17 42 19
97 84 98 98
53 74 74 76
18 75 72 83
90 26 94 79
62 71 91 81
46 11 83 43
57 1 69 80
16 71 75 94
93 28 100 73
35 88 69 98
76 2 92 62
68 40 80 86
35 40 54 66
10 74 39 76
96 93 100 99
41 40 53 43
15 84 46 88
79 80 100 81
