100
18 38 22 69
83 89 87 98
28 10 91 100
37 33 86 57
81 31 88 90
16 100 87 100
24 83 36 84
77 7 81 8
40 25 60 63
36 39 84 50
62 22 81 89
80 25 96 91
50 96 94 100
8 77 51 95
60 1 69 16
17 8 41 99
74 98 100 100
49 28 92 67
9 98 46 100
12 65 65 88
26 33 37 34
72 67 77 78
1 10 28 37
68 99 69 100
73 56 74 88
33 38 97 56
98 61 100 95
65 9 85 9
1 78 39 87
49 8 80 61
75 47 94 68
21 59 91 92
72 49 82 67
91 64 91 74
34 76 48 80
64 94 72 100
49 24 74 76
54 4 98 29
23 15 70 17
68 30 81 64
31 66 82 99
60 100 70 100
44 99 59 99
23 37 35 69
79 84 83 98
72 99 80 100
78 76 99 80
74 100 97 100
25 36 71 99
74 12 76 19
81 82 100 84
88 1 88 58
71 46 90 84
99 26 100 62
13 48 16 82
87 15 97 84
56 35 56 95
32 92 77 93
43 18 96 89
87 9 97 43
16 71 89 84
39 1 75 71
62 38 88 89
53 61 66 62
73 80 74 83
20 72 58 89
93 63 98 98
72 79 87 98
80 70 81 78
10 31 13 75
33 21 41 78
10 35 45 88
34 52 73 79
71 60 97 74
51 11 64 24
47 28 78 97
51 29 58 64
47 76 82 82
10 20 60 41
57 69 65 86
80 65 87 68
57 92 75 93
56 66 84 73
93 97 100 98
37 2 90 18
34 68 59 84
62 17 100 53
82 5 96 47
62 93 75 99
40 49 96 96
75 99 76 100
24 29 96 80
36 14 70 42
7 66 15 97
2 44 9 90
53 24 91 87
92 51 97 72
88 32 100 48
80 82 93 89
61 61 63 86
