1000
912 239 734 574 379 702 933 170 177 118 570 708 911 445 520 807 428 453 490 229 22 132 491 589 909 624 350 912 596 232 592 549 959 762 171 753 229 285 678 762 932 222 804 442 4 795 465 732 111 683 530 966 380 249 33 355 605 490 748 539 966 198 334 833 927 188 517 245 164 212 400 414 328 529 703 879 602 351 944 802 449 627 977 648 844 734 454 360 635 933 290 610 692 425 482 605 900 220 28 921 901 814 806 137 24 444 180 521 982 49 782 902 162 672 466 185 792 907 609 906 573 72 866 219 302 177 38 639 510 646 247 294 833 266 457 244 281 933 239 927 900 732 117 294 855 420 704 374 210 203 132 559 578 187 21 512 192 767 524 877 485 612 762 181 244 269 477 865 119 645 420 713 894 133 950 358 350 447 286 427 596 888 657 378 679 391 394 581 977 559 402 856 801 379 546 305 833 667 989 38 990 125 150 571 661 718 452 213 381 440 458 220 759 202 172 264 984 45 901 217 48 113 740 427 201 186 393 53 831 339 751 732 886 571 36 267 409 119 299 561 93 928 188 529 871 703 308 509 907 577 806 71 723 795 888 16 887 141 846 440 54 121 206 757 876 623 704 403 822 300 4 305 135 723 402 188 287 634 198 579 909 78 572 845 634 190 374 56 515 821 296 83 731 375 872 677 514 187 799 173 172 985 629 777 634 811 445 10 387 121 812 902 638 482 711 81 832 266 32 216 803 737 325 475 570 147 766 521 572 316 901 776 856 628 35 398 236 499 358 52 379 602 870 923 738 416 961 38 404 786 534 550 210 424 724 942 984 3 933 562 440 572 252 707 986 997 763 805 489 200 686 24 585 497 568 786 471 988 982 184 236 298 765 968 337 437 148 628 249 343 391 884 849 887 626 588 512 215 141 576 467 952 946 188 964 578 921 581 337 266 657 86 790 261 16 824 852 917 65 503 485 903 177 959 903 847 944 730 563 820 638 413 201 791 164 675 296 666 903 357 259 330 955 631 148 205 238 851 965 264 727 68 462 620 44 895 432 93 644 652 968 585 737 853 944 770 468 195 679 452 575 917 870 334 592 633 803 85 36 455 748 464 480 300 807 429 485 923 279 850 941 596 847 243 539 75 948 825 19 44 555 588 164 566 249 771 699 870 836 408 913 878 964 221 896 919 6 541 579 340 950 544 565 185 561 192 396 77 633 896 37 57 369 541 486 719 53 478 109 832 77 594 236 355 574 170 105 872 473 416 333 492 426 814 281 389 490 252 261 238 879 382 536 135 411 327 2 447 58 518 187 621 300 175 900 713 452 993 278 986 497 938 582 731 850 165 996 657 224 435 979 686 310 166 40 272 499 162 731 934 993 619 678 67 476 668 698 339 617 54 189 42 294 221 645 823 548 975 662 981 459 169 348 840 90 318 360 221 401 995 599 36 550 690 394 343 460 27 480 344 806 966 369 108 642 439 788 251 358 966 212 765 484 6 697 74 74 576 354 982 694 45 559 688 692 845 763 17 107 312 560 749 79 999 319 318 129 915 524 559 306 100 629 390 221 188 1 955 105 558 46 931 987 419 376 869 242 873 111 725 65 60 505 439 753 998 102 58 80 386 444 116 650 705 554 533 821 52 700 407 892 767 410 972 198 289 664 768 615 256 132 643 847 126 846 718 485 792 356 524 233 105 768 878 831 522 633 151 743 125 763 752 831 681 566 800 820 651 266 11 962 725 205 973 322 290 405 225 303 766 278 857 425 849 322 951 461 495 967 41 866 880 452 46 951 395 978 850 50 884 862 588 128 252 243 720 344 947 278 599 716 157 184 108 94 186 286 54 97 508 149 571 857 211 632 806 500 881 793 985 878 23 727 504 907 816 554 421 694 744 531 176 870 947 8 493 730 875 564 367 869 81 748 604 107 213 937 211 393 709 545 394 134 60 226 251 578 571 606 501 996 107 894 139 663 711 65 836 957 806 930 949 233 432 109 440 500 537 6 677 689 975 505 444 899 954 656 140 460 163 679 656 725 581 688 834 807 536 900 903 22 266 673 330 171 392 601 46 879 360 583 468 773 191 517 670 184 362 228 105 343 295 932 899 343 828 92 503 600 693 979 251 237 151 721 934 691 584 757 714 858 356 118 478 449 868 281 668 737 754 886 788 505 666 521 957 276 260 682 562 71 814 77 717 171 29 835 830 413 528 394 358 123 986 409 863 57 217 350 946 518 968 951 961 299 117 652 530 49 615 494 119 134 23 979 683 109 804 701 405 
1000
query 77 117 10
query 489 580 52
modify 85 455
query 21 628 91
modify 87 415
modify 857 136
modify 768 191
modify 449 221
query 598 899 151
modify 87 314
modify 97 350
query 962 976 9
modify 331 624
modify 161 984
modify 929 531
modify 942 199
query 768 817 34
modify 28 78
modify 506 403
modify 983 450
query 249 480 66
modify 632 117
query 984 995 9
query 381 488 71
query 351 700 251
modify 627 987
query 318 434 113
query 581 876 52
modify 413 423
modify 350 632
query 974 979 4
modify 550 470
modify 709 715
modify 186 897
query 719 933 184
modify 980 705
modify 808 672
query 695 797 55
modify 907 174
query 858 903 32
query 467 495 11
query 513 667 117
query 399 897 327
query 836 932 62
query 450 851 102
query 353 928 531
modify 712 425
query 199 845 163
query 739 850 73
modify 853 646
modify 979 406
modify 232 442
query 460 879 177
modify 851 694
query 322 573 141
query 389 607 207
modify 306 430
query 167 788 534
query 473 577 85
modify 146 265
query 184 493 300
modify 209 256
modify 244 601
query 427 720 86
query 667 909 169
modify 168 223
query 171 718 326
modify 313 494
query 549 848 253
query 179 378 144
query 273 756 296
query 498 657 149
modify 222 540
query 222 674 2
query 176 193 7
query 501 937 61
query 730 741 7
modify 725 421
query 756 967 17
query 276 600 149
modify 522 60
modify 928 936
modify 426 751
modify 553 144
modify 552 774
modify 276 497
modify 774 813
modify 294 341
modify 596 753
modify 713 393
modify 55 840
query 976 993 7
modify 884 347
modify 632 62
modify 282 142
modify 564 715
query 613 902 122
modify 81 359
query 753 954 81
modify 189 381
modify 620 517
modify 110 420
modify 608 169
query 653 729 39
modify 5 572
query 996 1000 1
query 279 485 121
query 608 690 28
modify 965 853
modify 535 842
modify 131 670
query 126 340 67
modify 810 807
modify 542 708
modify 505 330
query 384 467 48
modify 712 263
query 316 514 71
modify 53 619
query 141 773 278
modify 812 133
query 779 798 9
query 837 929 75
query 899 994 80
query 918 944 2
modify 412 391
query 730 958 165
modify 711 303
modify 225 11
query 620 743 101
modify 864 599
query 725 772 23
modify 67 474
modify 276 749
modify 350 358
modify 628 429
query 2 948 515
query 734 963 187
query 141 841 151
modify 926 726
query 995 995 1
query 190 580 276
query 350 953 110
modify 241 861
modify 835 461
modify 695 333
query 51 386 104
query 225 371 87
modify 218 46
modify 228 946
modify 194 681
modify 149 799
modify 815 750
query 196 357 24
modify 557 57
modify 752 465
query 491 634 60
modify 20 96
query 641 810 134
modify 245 679
modify 950 572
query 93 471 134
query 170 735 527
query 263 923 69
query 544 680 29
modify 488 668
query 496 606 103
modify 133 570
query 901 990 25
query 200 595 44
query 131 342 148
modify 61 259
query 858 975 92
modify 742 590
query 535 979 350
query 362 936 57
query 523 542 16
query 480 584 22
query 389 657 242
modify 415 612
modify 387 503
query 309 434 111
query 452 751 117
modify 493 25
modify 468 151
query 379 401 11
modify 102 6
modify 561 153
query 281 528 161
query 621 756 83
query 408 898 44
query 302 578 250
query 891 996 96
query 815 865 21
modify 436 149
modify 197 407
modify 773 536
query 220 883 114
query 347 414 50
modify 68 67
modify 288 262
modify 957 527
modify 659 931
modify 420 610
modify 215 724
modify 375 869
modify 888 12
modify 885 627
modify 355 241
modify 217 973
modify 801 40
modify 423 460
modify 510 47
modify 117 585
modify 509 517
modify 923 378
modify 239 606
modify 990 521
query 58 929 173
modify 176 595
query 226 427 43
query 611 805 68
modify 185 5
query 804 933 77
modify 578 311
modify 785 922
modify 659 637
query 764 776 5
query 508 596 48
modify 220 125
modify 367 234
modify 366 613
modify 707 334
query 260 291 25
modify 306 771
modify 440 949
query 607 894 217
query 231 976 646
query 415 448 23
modify 311 246
modify 105 788
modify 517 123
modify 434 805
query 77 824 655
query 79 631 297
query 934 992 9
modify 484 355
modify 199 844
modify 587 7
modify 567 104
query 251 506 226
modify 840 890
modify 904 249
modify 362 809
modify 27 337
modify 768 401
query 590 995 208
query 392 946 371
query 161 363 69
modify 274 942
query 550 766 132
query 693 737 5
query 674 880 127
modify 846 477
query 647 900 235
query 241 689 314
modify 42 181
query 556 672 115
modify 829 254
query 536 976 49
query 839 900 62
modify 764 914
query 316 743 350
modify 27 929
modify 771 126
query 884 970 13
query 101 771 267
modify 898 922
modify 486 959
query 277 737 375
query 44 221 89
modify 504 154
query 1 563 529
modify 315 615
query 420 938 255
modify 208 937
query 819 933 44
query 639 736 80
query 984 989 5
modify 99 78
modify 507 171
modify 844 973
modify 245 211
modify 116 284
modify 486 607
query 42 175 9
modify 519 313
modify 560 878
modify 692 129
modify 358 711
modify 91 510
modify 813 331
query 323 566 230
modify 87 850
modify 205 434
modify 542 169
modify 910 555
query 641 676 4
query 29 189 9
modify 340 322
query 148 247 96
query 301 794 225
query 782 815 24
modify 419 981
query 285 665 127
modify 867 454
query 482 563 78
query 849 852 1
modify 924 255
query 462 771 281
query 27 928 510
query 458 744 23
query 853 972 82
modify 471 778
query 841 977 2
query 551 788 91
query 345 734 76
query 260 835 502
modify 15 965
modify 37 850
modify 14 994
modify 425 589
query 779 937 90
query 610 791 12
query 167 696 241
query 201 686 43
modify 46 602
modify 915 181
query 197 846 321
query 325 938 391
query 861 983 114
query 697 973 117
modify 475 847
modify 727 810
query 756 865 39
query 700 959 221
query 148 304 90
modify 741 183
query 904 993 13
modify 633 383
modify 778 566
query 107 725 237
modify 582 465
modify 181 506
query 745 881 118
query 26 273 58
query 738 986 124
query 289 528 195
modify 80 167
modify 237 34
query 346 623 191
query 682 934 236
query 204 639 114
query 271 724 15
query 652 735 37
modify 774 85
modify 283 185
query 743 889 57
modify 606 736
query 783 980 132
modify 12 205
modify 735 327
modify 801 761
query 365 466 49
modify 334 75
query 917 952 30
modify 139 954
modify 826 937
modify 299 692
modify 467 460
query 368 862 221
query 325 867 543
modify 604 512
modify 49 354
modify 254 438
query 853 979 34
modify 572 691
query 969 970 2
modify 268 438
query 558 885 292
query 38 597 219
query 467 503 13
modify 357 905
modify 504 756
modify 873 534
query 2 65 33
query 619 849 205
modify 266 305
query 956 988 27
query 489 650 101
query 368 648 60
modify 993 818
modify 897 845
modify 720 371
query 938 953 4
query 364 613 162
query 994 1000 4
modify 196 584
query 993 993 1
query 600 764 47
modify 375 888
modify 162 355
modify 228 751
modify 322 459
modify 828 820
query 62 657 556
modify 963 316
query 752 890 3
modify 635 117
query 670 815 67
query 387 707 232
query 49 647 528
query 316 368 18
query 485 770 260
query 314 619 30
query 614 822 114
query 954 965 5
modify 169 493
modify 859 423
modify 36 842
query 149 760 137
query 223 479 184
query 99 871 523
query 458 936 270
modify 283 168
query 807 841 6
query 620 633 4
query 465 889 12
query 230 723 280
query 190 667 93
modify 793 171
modify 491 967
modify 939 35
query 842 900 30
query 495 840 171
query 69 953 179
modify 448 319
query 152 698 96
modify 349 299
modify 138 560
query 736 882 137
modify 276 843
query 845 850 6
query 370 388 6
query 17 521 412
query 958 994 34
modify 626 518
query 103 613 449
query 670 863 57
query 863 928 32
modify 640 239
query 475 888 286
query 115 846 319
modify 209 197
query 349 756 16
query 911 946 3
modify 602 585
modify 355 880
query 104 755 415
query 168 745 368
modify 217 457
modify 704 269
modify 385 267
query 658 881 221
query 550 606 56
modify 560 44
modify 504 472
modify 666 987
query 31 445 139
modify 21 555
query 736 813 24
modify 201 342
modify 980 788
query 836 980 43
query 624 681 55
query 626 910 109
query 855 984 82
modify 228 1000
query 284 292 7
modify 615 653
modify 981 583
modify 169 668
modify 737 756
modify 698 526
query 286 362 26
modify 267 75
modify 206 586
query 702 774 2
query 636 779 130
modify 545 816
modify 593 568
query 932 936 4
modify 586 431
query 368 739 353
modify 364 211
modify 29 938
query 958 966 4
query 13 790 13
query 988 988 1
query 835 865 26
modify 29 438
modify 11 932
query 514 955 55
modify 195 410
modify 730 574
modify 442 250
modify 328 220
modify 968 583
query 139 388 35
modify 347 30
query 838 857 11
modify 848 469
modify 939 600
query 977 995 1
query 334 411 45
query 316 903 162
query 341 869 434
modify 977 106
modify 313 977
query 256 847 452
modify 66 575
query 84 371 156
modify 965 983
query 599 633 12
query 302 904 196
query 786 841 35
modify 709 306
query 134 390 84
modify 176 847
query 325 549 214
modify 241 707
query 152 438 250
query 398 898 120
modify 798 306
modify 512 412
modify 164 219
modify 637 336
modify 850 751
modify 830 261
query 961 970 8
query 47 55 8
modify 258 81
modify 482 450
query 450 642 156
query 45 484 241
query 470 503 2
query 470 544 47
modify 427 891
modify 457 724
query 939 947 1
query 278 376 39
modify 86 802
modify 975 104
query 232 626 196
query 817 909 15
modify 935 27
modify 528 764
query 292 497 155
query 791 977 119
query 597 926 294
modify 847 242
modify 671 304
modify 727 79
query 876 893 7
query 250 631 21
modify 275 732
modify 858 335
query 874 928 29
modify 631 945
query 578 713 53
modify 361 694
modify 422 442
query 410 971 143
query 155 286 121
modify 792 969
query 194 711 126
query 407 811 149
modify 2 810
modify 638 130
query 440 530 51
query 320 750 12
query 82 904 339
modify 417 463
modify 883 215
query 238 433 154
query 766 952 124
query 767 888 82
modify 299 607
modify 215 56
query 261 425 61
query 958 990 27
query 19 275 41
query 696 701 2
query 103 214 40
query 850 951 64
modify 693 204
query 67 771 563
modify 846 760
modify 474 613
query 503 903 194
query 616 756 72
modify 893 93
modify 614 753
query 823 876 11
query 188 840 472
modify 317 615
modify 15 229
modify 882 191
modify 956 566
query 265 591 203
modify 200 907
query 131 822 213
query 94 727 409
query 585 947 162
query 708 880 114
modify 784 101
query 957 982 23
query 816 869 34
modify 458 118
query 362 492 106
modify 734 961
query 900 968 36
query 654 937 35
modify 346 180
query 831 837 3
query 269 297 11
query 634 817 80
query 129 262 62
query 340 694 90
modify 928 29
modify 789 389
query 585 872 42
query 578 947 337
query 615 958 13
query 176 590 148
query 411 659 182
query 787 927 37
query 178 621 167
modify 851 165
modify 552 627
modify 924 333
query 311 800 311
query 753 887 63
query 892 935 12
query 862 989 69
modify 863 614
query 937 958 13
query 368 880 310
modify 760 30
query 178 261 76
query 117 964 539
modify 973 23
query 234 275 37
modify 927 89
query 680 898 212
query 181 255 30
query 887 904 13
modify 892 122
query 182 225 29
query 112 676 70
query 554 944 321
modify 762 860
query 284 481 122
query 490 745 50
query 837 841 2
modify 807 542
query 974 1000 11
modify 133 522
query 99 807 200
modify 349 725
modify 460 939
modify 485 497
query 821 849 20
modify 871 815
query 345 367 23
modify 331 828
modify 685 167
query 50 851 98
query 620 897 205
modify 317 271
query 722 800 10
query 662 935 255
query 2 34 29
query 936 944 9
modify 641 289
modify 745 122
modify 880 411
modify 899 241
modify 440 678
query 310 322 3
query 455 893 260
modify 681 734
query 426 865 178
query 421 604 70
query 445 986 233
query 368 632 191
modify 853 676
query 164 283 112
query 395 795 25
modify 290 634
query 87 253 158
query 185 985 551
query 477 666 33
modify 52 126
query 570 917 147
query 672 681 6
modify 142 198
query 153 862 365
modify 462 398
query 940 952 5
modify 161 230
modify 51 108
query 76 206 61
query 56 830 521
query 635 908 72
query 465 927 213
modify 666 592
query 223 968 617
query 394 433 24
modify 89 485
modify 628 505
modify 719 854
query 8 906 545
modify 455 680
modify 748 142
modify 647 725
modify 249 586
query 348 934 570
query 424 842 314
modify 909 981
modify 838 485
modify 887 583
modify 182 681
query 583 812 111
query 982 997 6
query 112 301 116
query 735 843 41
modify 958 66
modify 409 759
modify 731 599
query 585 953 231
modify 156 531
query 38 334 262
query 547 664 39
modify 761 147
query 190 295 55
query 190 768 47
modify 741 995
query 371 948 365
query 881 925 7
modify 745 945
query 476 630 7
modify 296 71
modify 93 974
query 435 811 363
modify 197 664
modify 593 324
modify 412 107
query 50 613 471
modify 94 1000
modify 954 794
query 146 784 201
modify 282 929
query 844 901 58
modify 729 854
query 546 674 73
query 446 794 73
query 236 894 504
query 621 645 13
query 299 318 4
query 232 404 159
modify 505 561
query 970 991 6
modify 237 18
modify 138 468
query 797 830 14
query 138 870 207
query 439 865 79
query 27 962 342
query 720 986 172
modify 586 685
query 368 634 124
query 175 581 283
query 27 440 406
query 93 499 94
modify 262 766
modify 376 368
query 448 940 429
query 125 731 247
query 275 593 291
query 618 856 239
modify 576 283
query 507 624 95
query 328 926 148
query 698 987 76
modify 866 945
query 838 999 13
query 232 601 302
query 411 982 24
query 811 991 176
modify 345 625
query 409 464 23
query 537 579 29
query 862 938 4
modify 760 161
modify 142 486
modify 886 403
query 703 801 56
modify 710 391
query 632 745 21
modify 280 177
modify 411 997
query 573 697 63
modify 15 696
modify 924 320
modify 701 55
modify 568 133
query 752 759 8
modify 734 887
modify 699 786
query 52 114 22
query 889 892 2
modify 819 295
modify 478 467
modify 933 357
modify 120 247
query 788 912 19
modify 177 93
query 205 692 241
query 218 667 263
query 408 900 303
modify 993 601
modify 298 368
modify 139 431
query 600 660 29
query 484 634 113
modify 429 423
modify 622 242
query 252 363 78
modify 872 862
modify 945 926
modify 156 49
modify 828 929
modify 602 697
query 670 826 142
query 716 815 30
query 255 623 79
query 941 975 32
query 900 910 9
modify 447 595
modify 38 645
modify 549 878
query 781 918 67
modify 153 147
modify 400 178
query 551 773 161
modify 378 886
modify 909 635
modify 412 193
modify 138 968
query 779 804 5
modify 987 756
query 851 965 80
query 560 570 9
modify 327 112
modify 689 355
query 606 855 234
query 154 631 258
query 574 961 380
modify 736 485
query 167 474 167
modify 496 521
modify 882 853
modify 400 530
query 823 993 9
modify 5 785
query 383 923 471
query 394 512 102
query 953 969 15
modify 127 306
modify 846 299
query 571 682 54
modify 802 241
query 815 875 29
query 458 548 47
modify 531 481
modify 492 29
query 996 1000 2
query 786 875 78
query 238 587 205
modify 389 192
query 268 748 61
modify 171 69
modify 549 928
modify 159 253
query 525 880 129
query 642 654 12
modify 477 838
modify 272 770
query 423 429 4
query 215 753 354
query 955 965 3
query 766 937 42
modify 137 689
query 475 564 39
modify 783 122
query 667 890 35
modify 68 258
modify 656 909
query 728 946 217
query 784 900 73
query 61 889 630
modify 276 525
modify 715 330
query 970 985 3
query 566 719 111
query 159 842 235
modify 791 376
modify 730 560
query 253 841 148
query 193 389 65
query 556 908 144
modify 904 353
modify 223 214
query 706 922 174
modify 403 186
modify 446 355
modify 580 321
modify 567 934
query 37 815 273
query 903 947 4
query 826 954 37
modify 365 476
query 898 946 22
query 2 429 149
query 376 585 161
query 380 987 165
modify 323 435
modify 738 119
query 849 907 33
query 361 730 120
modify 337 561
modify 763 5
query 626 928 106
query 374 594 69
modify 739 796
query 115 611 308
query 899 959 37
modify 792 865
modify 33 150
modify 176 231
query 484 771 183
query 453 766 208
query 852 960 78
modify 337 869
modify 726 704
modify 11 7
modify 896 715
modify 847 501
modify 700 357
query 882 942 57
modify 870 812
modify 897 412
modify 570 970
query 842 965 63
modify 362 946
query 680 817 115
modify 496 902
modify 440 189
query 665 697 11
query 895 924 22
query 8 549 468
modify 60 171
query 426 695 150
query 930 947 16
modify 800 252
modify 597 257
query 993 994 1
query 343 905 151
modify 270 858
query 784 881 54
modify 46 261
modify 120 883
modify 352 167
query 174 658 433
query 3 4 2
modify 754 968
query 783 841 12
query 403 667 206
query 484 949 234
