904
483
56
27
806
882
56
926
67
305
234
751
37
49
483
995
930
565
485
628
384
628
122
219
723
931
653
963
57
73
441
277
965
993
399
965
829
234
992
434
637
404
887
990
242
440
840
345
318
159
284
466
511
455
172
598
197
351
675
334
421
312
71
122
433
455
769
514
269
814
6
955
906
418
211
638
312
510
819
441
946
566
374
268
28
442
558
351
160
211
412
88
862
376
791
20
300
91
44
193
710
718
696
925
247
519
475
666
568
996
11
735
580
806
59
783
302
813
882
195
434
553
556
795
638
780
422
723
647
39
266
335
351
556
466
552
201
959
28
651
118
581
28
201
960
1000
640
455
284
360
351
723
682
785
371
51
325
572
241
492
701
134
239
98
36
466
590
20
67
775
81
882
677
561
284
953
718
951
848
255
144
519
82
318
574
595
501
362
190
579
259
817
616
58
318
318
756
819
964
935
10
753
882
329
274
174
351
931
706
538
393
752
823
465
412
297
706
94
964
709
589
556
134
737
813
144
77
403
565
654
671
690
638
953
907
815
418
804
656
709
533
134
939
718
643
86
762
176
335
98
368
338
890
77
99
384
813
10
759
521
376
466
434
609
432
28
297
948
112
6
168
471
279
554
418
552
71
805
359
412
574
505
363
162
630
817
164
15
688
586
562
727
506
337
762
798
779
706
856
581
706
452
904
426
405
738
797
798
718
884
448
302
841
616
506
28
442
130
916
851
528
219
592
132
94
537
670
645
48
587
785
906
875
945
781
50
728
980
471
294
631
496
931
882
379
442
370
58
560
8
368
109
257
160
723
935
551
840
127
988
360
804
841
901
256
758
552
483
120
498
126
742
822
513
426
370
751
525
10
130
241
157
948
275
36
266
167
690
661
351
733
797
329
498
968
452
435
233
638
669
520
264
269
143
140
229
89
66
239
453
560
140
403
743
761
556
733
29
89
901
311
733
771
577
645
984
482
561
925
926
20
260
736
174
528
904
49
651
651
518
609
520
761
781
126
415
670
589
10
193
271
130
233
534
418
704
955
940
245
236
312
233
255
771
802
478
563
42
358
241
87
404
303
48
119
668
889
464
35
970
701
862
592
316
231
72
552
795
324
7
219
737
953
630
343
813
506
274
915
367
506
415
781
964
707
594
757
34
84
43
936
475
438
779
906
366
266
635
226
91
906
449
948
931
128
813
598
