1000
821 8 772 729 188 113 263 330 986 633 705 634 129 369 654 341 271 607 67 54 464 64 347 232 636 957 792 126 413 333 192 533 326 439 31 193 275 611 183 918 733 474 849 984 131 153 994 491 188 450 34 836 750 748 182 665 4 604 423 463 3 513 150 245 565 473 38 536 106 104 130 686 884 810 933 713 803 160 761 255 659 641 357 806 910 822 579 798 572 519 453 387 120 943 572 159 51 753 982 717 147 41 102 794 855 721 27 157 153 545 145 823 42 367 677 370 69 453 478 165 59 261 821 698 412 359 920 252 155 252 823 312 93 964 799 80 436 530 460 176 314 666 791 567 425 133 617 870 503 477 584 589 9 359 282 101 515 860 874 752 387 22 135 184 954 348 813 946 28 192 35 422 509 154 740 388 36 221 800 105 427 175 456 502 724 877 838 808 730 455 18 491 344 711 970 1000 452 280 5 446 221 559 769 793 972 36 347 23 325 899 102 887 727 234 505 898 121 230 483 857 907 945 896 565 796 150 406 376 338 818 965 144 265 8 849 778 675 945 31 605 111 190 455 315 256 466 564 56 317 276 994 896 856 856 45 516 373 486 633 330 717 854 903 655 925 440 687 944 66 305 224 933 660 330 294 260 103 80 242 914 934 868 559 99 17 515 199 451 288 211 928 701 166 994 37 299 328 875 162 506 326 335 814 359 22 144 599 489 601 661 633 589 939 44 373 68 120 373 722 838 347 475 848 540 964 231 325 928 210 883 380 416 833 459 705 75 778 987 336 177 402 972 109 541 738 178 192 633 229 582 878 129 974 565 213 683 668 46 244 698 167 546 266 194 552 684 23 942 737 82 163 666 384 308 582 725 231 18 912 64 735 712 899 918 855 391 384 515 985 927 65 540 615 435 896 561 972 368 377 509 373 719 558 509 808 519 407 730 610 537 857 547 215 468 187 411 317 980 159 522 459 522 6 779 814 61 257 896 913 606 880 950 478 512 255 573 627 17 949 76 539 49 942 876 519 519 79 407 290 890 479 888 503 433 875 966 495 220 662 80 236 871 734 674 947 85 240 253 246 450 430 747 760 458 902 840 443 11 768 336 931 797 846 338 923 785 354 711 165 210 209 232 183 10 270 570 289 518 385 115 48 562 218 373 658 200 545 322 97 405 176 699 610 342 665 353 918 720 818 563 149 531 178 811 102 767 800 814 369 625 360 567 51 704 981 235 177 214 351 956 976 753 612 310 357 464 829 212 523 594 453 657 264 819 44 405 776 648 324 952 551 93 233 579 951 270 861 420 310 303 202 318 299 822 462 541 764 865 273 34 818 458 401 453 276 31 546 440 194 734 716 226 524 135 356 977 557 106 272 561 410 151 945 164 192 243 330 974 548 500 453 725 353 494 225 901 473 942 700 302 204 668 470 389 850 611 975 504 745 753 907 664 30 97 959 944 691 172 465 211 969 81 671 76 398 5 630 944 833 979 963 457 948 620 935 894 834 443 113 553 287 388 884 753 524 528 362 879 34 66 324 773 816 223 850 88 699 843 322 220 906 919 205 587 253 262 44 514 179 675 109 857 502 143 340 309 599 540 886 71 15 781 61 930 772 517 145 812 143 405 921 519 517 470 457 820 742 249 315 120 377 674 812 452 40 56 106 71 420 289 20 38 698 557 275 834 150 406 449 727 472 979 183 815 473 614 620 867 764 849 921 609 435 51 755 472 20 330 389 794 819 728 558 24 110 700 472 134 41 320 53 625 182 144 255 721 975 320 400 386 223 420 4 401 664 646 993 39 568 798 435 520 103 104 373 381 278 254 672 959 371 867 267 817 655 736 695 981 934 575 366 413 990 109 890 100 394 332 463 428 857 973 70 634 209 705 419 811 927 660 94 28 422 354 593 22 693 734 806 419 987 822 925 979 554 586 637 990 324 626 900 785 404 110 925 54 338 510 62 283 702 452 32 865 763 323 631 821 305 526 53 434 358 777 189 104 647 314 352 713 579 346 601 109 299 603 635 202 313 893 749 353 882 100 471 220 745 91 617 337 308 402 547 558 284 392 373 663 300 470 734 518 252 831 887 266 839 223 828 75 3 900 132 383 172 802 852 875 945 415 139 918 900 46 168 964 126 400 512 719 87 203 629 437 113 689 212 874 154 172 183 910 615 90 973 77 854 155 397 94 158 313 878 597 459 601 509 112 574 900 517 388 70 578 960 915 574 932 962 381 396 56 329 807 474 763 771 121 847 597 997 977 564 318 968 365 725 977 956 488 
1000
query 96 868 603
query 263 664 215
query 700 882 168
query 917 917 1
modify 527 726
query 886 966 68
query 735 775 39
modify 508 791
modify 752 945
modify 82 742
modify 345 507
query 806 926 119
modify 821 330
modify 307 546
query 456 955 445
modify 854 966
query 372 800 206
modify 347 759
modify 244 147
modify 941 175
modify 986 403
modify 93 302
query 193 652 172
modify 412 599
modify 607 410
query 894 948 31
modify 322 397
query 346 793 123
query 284 892 517
modify 521 753
query 866 943 26
modify 611 221
modify 850 899
modify 201 290
query 262 527 40
query 339 913 470
query 695 952 91
modify 572 952
query 732 998 175
modify 845 80
query 114 311 89
query 169 515 346
modify 340 177
modify 87 992
query 835 944 67
query 514 644 34
query 768 779 1
modify 118 339
query 823 987 8
query 506 513 6
modify 511 324
modify 338 921
modify 181 771
modify 508 494
modify 325 938
query 512 761 115
query 376 860 365
query 531 695 70
query 423 525 15
modify 231 169
modify 295 762
modify 808 860
query 568 826 31
modify 612 914
query 102 561 395
query 826 843 7
modify 317 995
query 817 845 20
modify 259 804
query 290 560 264
query 230 609 131
query 948 960 2
modify 78 923
modify 986 875
query 560 569 2
query 135 408 155
modify 390 198
query 761 863 62
modify 496 476
modify 551 800
query 330 512 108
modify 807 448
modify 963 891
modify 927 794
modify 663 649
query 972 983 9
query 690 888 34
query 398 789 192
query 206 831 132
modify 350 43
query 856 984 21
query 892 911 10
query 671 807 122
query 154 317 79
modify 689 745
query 173 647 171
modify 716 113
modify 349 186
modify 136 832
query 644 799 23
modify 408 606
query 767 972 198
query 118 789 550
modify 78 389
modify 874 142
query 270 307 3
query 725 792 43
query 17 833 672
query 226 878 294
query 159 272 68
modify 390 570
query 531 886 176
modify 38 620
query 555 794 17
modify 410 350
modify 526 250
query 632 667 32
modify 600 816
modify 237 706
modify 500 658
modify 782 780
modify 737 189
modify 840 371
query 908 999 73
modify 16 210
modify 427 2
modify 868 431
query 947 992 5
query 758 787 12
modify 152 718
modify 875 361
modify 259 582
query 865 897 12
query 819 842 23
modify 763 889
modify 456 713
modify 461 403
query 805 897 44
query 447 902 454
query 471 769 4
query 9 661 252
modify 23 163
modify 405 559
modify 877 647
query 261 371 84
modify 580 813
query 347 654 140
modify 561 516
query 157 713 193
query 513 801 184
query 569 634 46
query 851 975 113
query 91 427 171
query 375 690 302
modify 432 893
modify 325 983
query 384 468 21
query 996 1000 3
modify 775 372
query 695 991 209
query 927 964 4
modify 456 153
query 735 739 3
modify 486 696
modify 211 377
modify 407 788
modify 156 241
query 482 708 187
query 953 976 22
query 95 143 38
modify 526 353
query 982 985 2
modify 213 276
query 966 986 10
modify 197 480
modify 327 238
modify 681 378
query 55 183 103
modify 832 65
query 251 441 22
modify 573 13
modify 896 741
modify 105 756
query 55 347 78
query 943 943 1
query 647 647 1
query 204 759 304
query 493 751 193
query 20 794 343
modify 216 622
modify 698 697
modify 397 230
modify 412 630
query 538 805 32
query 81 766 129
query 370 682 25
modify 157 602
modify 225 718
query 825 888 53
modify 365 194
modify 146 244
modify 209 501
query 30 546 162
query 590 710 58
query 451 969 24
modify 139 153
query 733 772 8
modify 983 914
query 743 799 48
query 913 987 62
query 972 975 2
query 474 728 143
modify 548 22
query 14 724 29
query 840 841 1
modify 848 815
modify 202 112
query 935 939 5
modify 548 197
query 696 784 14
modify 800 820
query 881 960 4
query 339 660 242
query 320 756 15
modify 857 940
query 438 522 71
modify 139 613
query 502 725 104
modify 684 841
query 850 977 113
modify 254 63
query 877 971 75
modify 904 175
modify 753 555
modify 176 79
modify 439 443
modify 375 663
modify 584 946
query 445 551 81
modify 106 11
query 154 401 171
modify 183 653
query 380 474 72
query 982 983 2
query 549 630 72
modify 950 301
query 671 894 163
modify 256 357
query 131 461 295
query 634 868 64
modify 353 117
query 368 747 330
modify 172 239
query 556 630 71
query 59 885 146
modify 415 897
query 455 717 137
query 363 370 5
query 374 837 423
modify 838 396
modify 98 774
modify 95 556
modify 564 919
query 768 816 28
modify 313 587
modify 865 403
query 718 777 30
modify 35 973
modify 549 946
query 418 660 91
modify 635 961
query 92 456 338
modify 833 77
modify 146 886
query 711 752 35
query 823 882 17
modify 44 451
query 916 939 1
query 712 920 204
modify 929 443
query 119 474 37
modify 932 854
query 663 697 35
query 298 724 285
modify 410 56
modify 778 162
modify 784 720
modify 631 400
query 332 648 177
query 587 680 4
query 608 955 69
query 899 990 23
modify 32 401
modify 698 703
query 898 980 11
query 178 775 305
query 930 993 63
modify 648 223
modify 181 543
query 886 950 29
modify 413 873
modify 298 408
query 148 739 26
query 792 809 7
query 199 613 240
query 928 939 11
query 369 991 484
modify 11 497
query 404 759 120
query 542 729 95
query 8 179 54
modify 843 891
modify 350 108
query 77 170 27
query 905 982 35
query 460 521 61
modify 548 830
query 693 756 58
query 354 676 201
modify 664 824
query 764 929 49
query 569 836 151
query 170 192 23
modify 998 967
query 676 1000 93
modify 434 857
modify 793 178
modify 208 254
modify 445 576
modify 864 5
query 730 933 99
query 359 421 15
query 751 985 9
modify 148 66
modify 946 685
modify 855 525
query 603 752 124
query 241 578 58
modify 847 489
query 319 780 274
modify 397 368
query 672 819 8
query 127 242 49
modify 533 444
modify 182 782
query 697 783 51
query 650 749 48
query 298 521 77
query 550 880 137
modify 749 528
modify 508 859
modify 254 188
modify 828 139
query 762 889 66
query 321 981 242
query 421 684 69
query 397 952 510
query 256 821 194
query 413 465 37
modify 1000 127
modify 113 579
query 508 847 287
modify 855 188
query 356 990 121
query 111 466 38
query 577 668 29
query 201 607 21
modify 51 627
query 352 450 89
modify 523 157
query 416 840 72
modify 230 367
query 418 751 222
query 266 946 241
modify 65 661
query 536 995 352
query 597 844 67
query 795 996 56
modify 786 932
query 751 778 2
modify 273 329
query 40 531 33
modify 903 935
query 970 983 9
query 597 931 307
modify 797 868
modify 664 635
query 717 769 51
query 85 511 256
query 86 692 145
query 351 501 81
modify 10 213
modify 748 375
query 259 451 96
query 167 306 119
modify 840 905
modify 980 354
modify 38 880
query 271 380 76
modify 660 853
query 510 687 174
query 262 711 337
query 839 855 11
modify 51 714
query 527 593 61
query 83 910 485
query 366 550 142
query 304 858 463
modify 647 24
query 997 998 2
modify 281 567
modify 738 318
query 319 954 259
query 286 435 131
query 72 696 439
modify 391 651
modify 570 540
modify 428 485
query 560 807 120
query 334 658 126
modify 417 918
modify 534 100
query 533 562 12
modify 343 515
query 435 809 89
query 978 995 9
query 600 831 60
modify 72 723
modify 822 910
query 179 451 256
query 390 739 102
query 806 961 107
query 717 832 68
modify 593 112
query 847 984 29
query 656 819 155
query 62 722 557
modify 9 178
modify 577 483
query 361 854 175
query 520 732 30
modify 931 76
query 648 748 54
modify 182 994
modify 877 557
query 956 977 12
query 455 510 13
query 145 998 138
query 263 867 583
query 484 533 14
modify 785 806
modify 696 711
modify 552 726
query 804 954 119
query 156 349 68
query 711 732 9
modify 334 609
modify 917 914
query 909 996 38
query 397 962 2
modify 109 620
query 661 908 37
query 352 762 248
modify 435 902
query 957 962 1
modify 745 374
query 553 570 13
query 192 902 486
modify 818 369
modify 391 615
query 450 785 272
modify 685 71
modify 852 726
query 407 756 236
modify 587 685
modify 599 257
modify 957 397
query 718 839 68
modify 149 889
modify 405 256
modify 198 875
modify 269 633
query 909 970 7
modify 879 159
modify 933 329
modify 91 1
query 435 613 147
query 650 780 34
query 892 933 26
modify 724 40
modify 485 564
query 765 889 32
modify 895 724
modify 289 124
modify 452 100
query 216 864 57
modify 344 768
query 989 996 8
modify 919 15
modify 462 764
modify 198 530
modify 679 231
query 64 203 7
query 835 881 21
modify 144 500
query 224 626 175
modify 641 83
query 106 562 360
query 276 415 12
modify 764 347
modify 756 473
modify 282 759
modify 669 947
modify 276 980
modify 728 800
modify 841 595
query 441 852 236
query 251 379 22
query 865 924 36
modify 750 206
modify 622 996
query 943 996 27
modify 469 95
modify 817 74
query 565 807 69
modify 651 396
modify 71 963
modify 399 971
modify 131 719
modify 199 269
query 381 597 119
modify 801 380
modify 691 296
modify 954 294
query 961 965 5
query 806 960 39
query 292 743 331
query 798 968 141
query 95 840 591
modify 391 245
modify 677 555
modify 547 400
query 373 999 405
modify 808 421
modify 953 600
query 569 624 5
modify 142 852
query 827 949 100
modify 801 980
modify 775 240
query 415 639 173
modify 887 630
query 76 404 89
query 554 564 1
query 694 735 40
query 987 990 2
query 467 752 8
modify 998 28
modify 295 626
modify 723 961
modify 234 757
modify 468 840
query 628 843 87
query 337 338 2
modify 87 368
query 474 571 30
query 126 501 25
query 304 933 517
query 212 640 407
modify 996 346
query 354 915 69
modify 491 823
query 262 647 146
modify 134 399
modify 728 680
modify 727 428
modify 948 865
modify 129 914
modify 663 877
modify 529 921
modify 923 885
modify 888 174
query 564 985 367
modify 493 466
modify 652 553
query 261 420 38
query 816 992 149
modify 526 171
query 382 941 536
query 67 532 10
modify 964 504
modify 840 205
query 399 678 193
modify 766 184
query 128 811 175
query 437 502 42
query 106 419 73
modify 554 872
modify 860 577
query 535 540 6
query 2 99 47
query 227 412 87
query 474 761 143
query 431 810 140
modify 389 626
modify 961 981
modify 584 209
modify 347 318
modify 844 207
modify 327 205
modify 347 756
modify 650 918
modify 371 133
query 54 746 291
modify 596 834
modify 593 339
modify 89 510
modify 351 24
query 807 909 42
modify 180 559
modify 327 52
query 386 411 20
query 217 358 41
query 921 948 5
query 238 318 69
modify 229 817
query 317 714 168
query 244 460 123
modify 851 408
query 166 584 27
modify 434 570
query 603 640 25
query 288 327 5
query 202 636 71
modify 933 53
query 775 859 54
query 145 887 490
modify 430 488
query 87 893 512
modify 391 101
modify 324 71
modify 759 583
modify 189 773
query 445 871 283
query 23 187 162
modify 266 820
query 994 994 1
modify 446 913
modify 972 934
modify 993 602
query 944 960 16
query 286 660 80
query 26 340 285
query 782 794 9
query 980 989 10
modify 993 332
query 554 572 6
query 588 806 65
modify 765 534
query 32 984 165
modify 815 922
query 115 911 740
query 308 726 146
modify 889 716
query 638 877 114
query 141 276 12
modify 385 922
query 221 667 392
modify 136 346
query 915 948 5
query 531 760 162
modify 775 622
query 531 964 246
query 447 876 360
modify 921 332
modify 195 847
query 304 948 457
query 881 925 2
modify 637 117
query 260 753 489
query 846 986 122
query 996 999 3
query 767 868 30
modify 700 966
query 459 692 165
query 524 554 5
modify 935 259
modify 460 433
query 60 592 348
query 852 908 23
query 10 941 406
modify 879 661
modify 200 536
modify 186 894
query 532 608 42
query 791 974 139
query 602 868 221
modify 932 871
query 962 989 6
query 757 849 69
modify 283 2
modify 79 598
query 154 918 456
modify 290 329
modify 220 872
query 503 528 13
modify 478 186
modify 943 494
modify 782 202
query 339 868 406
modify 173 808
modify 467 647
query 540 781 130
query 745 888 40
query 335 337 1
query 222 690 107
modify 312 43
modify 573 507
modify 697 558
query 473 583 52
query 840 988 8
modify 561 658
modify 291 964
query 63 621 20
modify 789 447
query 399 889 4
modify 197 784
query 450 539 80
modify 338 748
modify 278 898
query 334 703 161
modify 886 410
modify 304 583
modify 17 474
query 299 532 152
modify 736 609
modify 737 777
query 786 898 36
query 35 593 532
query 997 997 1
modify 127 149
modify 478 756
modify 288 555
modify 550 232
query 458 634 128
modify 874 629
modify 650 628
modify 540 48
query 488 649 78
modify 221 524
modify 723 833
query 499 560 47
query 310 925 499
modify 195 696
query 907 969 33
query 974 979 5
modify 123 730
query 653 730 21
query 314 877 220
query 930 936 2
query 248 373 126
query 168 184 8
modify 158 81
modify 767 168
query 506 599 66
query 451 606 82
query 97 577 367
modify 657 908
modify 746 882
query 137 596 367
modify 495 812
modify 640 757
modify 634 130
query 158 967 466
modify 97 245
query 785 893 48
modify 485 532
modify 735 688
query 226 682 271
modify 801 597
modify 868 734
modify 754 584
modify 765 330
modify 9 404
query 886 893 8
query 424 979 526
modify 211 731
modify 566 779
query 606 720 68
query 92 558 278
query 202 493 149
modify 779 77
modify 433 144
modify 581 398
query 120 848 635
query 827 920 42
modify 960 115
modify 125 211
modify 699 514
modify 836 369
query 696 971 104
modify 171 438
modify 758 238
query 175 790 228
query 601 782 29
modify 430 455
modify 358 180
modify 50 967
query 527 890 26
modify 487 444
query 383 824 384
query 1 972 494
modify 836 434
modify 624 521
modify 510 583
query 207 625 114
modify 925 226
query 63 789 37
modify 141 322
query 970 971 2
modify 540 92
modify 386 785
query 652 727 63
query 427 957 277
modify 666 305
query 438 796 192
modify 28 684
modify 387 390
query 606 731 8
modify 610 258
modify 970 145
query 556 855 125
query 546 629 22
modify 467 410
modify 707 830
modify 619 383
modify 417 348
modify 932 546
modify 895 566
query 497 946 163
modify 725 278
query 278 369 7
modify 882 54
query 927 949 15
modify 751 466
modify 856 523
query 523 622 38
query 18 798 335
modify 744 548
modify 257 587
modify 539 45
query 208 937 280
modify 143 510
query 220 591 193
modify 598 32
query 172 984 230
query 359 721 179
query 955 993 22
modify 741 68
query 595 710 56
query 967 969 2
modify 3 451
modify 654 388
modify 726 869
modify 462 236
modify 924 664
query 57 843 325
query 378 684 161
modify 229 57
query 358 886 277
modify 734 383
modify 789 413
query 224 963 423
modify 688 379
modify 113 628
modify 816 896
modify 603 44
query 473 876 21
query 954 984 22
modify 709 325
modify 972 676
query 202 499 285
query 450 783 66
query 823 995 143
modify 975 358
modify 660 70
query 26 445 10
modify 917 402
modify 294 272
query 242 992 172
query 459 595 40
query 992 1000 5
query 776 913 20
query 37 175 52
modify 421 968
query 456 707 73
modify 243 633
query 330 738 2
query 760 880 30
query 628 888 105
query 769 884 67
modify 586 654
query 448 689 93
modify 185 72
modify 240 956
modify 654 139
query 263 791 490
query 119 693 74
query 688 704 2
modify 99 577
modify 322 793
query 471 581 5
modify 76 964
modify 419 826
query 395 538 141
modify 132 433
query 530 677 141
modify 409 510
query 29 603 5
modify 912 410
query 319 619 162
modify 838 780
modify 667 491
query 661 883 37
query 635 679 18
query 827 966 97
modify 541 775
query 92 778 239
modify 265 648
modify 764 112
query 864 984 24
query 744 979 186
query 974 982 4
modify 740 803
query 766 893 14
query 689 930 61
query 968 999 26
query 631 667 24
query 246 835 434
modify 534 286
modify 818 504
modify 443 62
query 760 945 146
modify 855 280
modify 875 306
modify 593 975
modify 321 330
query 31 778 13
modify 372 140
modify 157 847
modify 82 866
query 394 926 159
modify 694 322
query 194 581 111
query 584 760 116
query 884 916 9
modify 306 263
modify 44 458
modify 23 601
query 878 989 98
query 993 998 2
query 313 711 331
query 702 942 131
modify 834 762
modify 605 437
query 36 326 85
modify 407 998
query 445 623 178
modify 239 885
modify 38 109
modify 558 847
modify 178 554
modify 574 546
query 69 849 314
modify 433 405
modify 182 552
query 337 413 61
modify 480 327
modify 281 640
modify 324 769
query 553 582 3
query 109 674 283
query 405 884 168
modify 545 514
modify 366 326
modify 946 624
modify 32 86
modify 992 352
query 802 917 110
modify 369 500
query 314 542 153
modify 818 87
modify 295 607
modify 579 174
query 316 589 260
query 346 710 77
modify 997 850
query 916 987 13
modify 813 226
modify 127 42
