1000
2 3612 3227
2 14 497
2 2032 1062
2 373 367
2 202 182
1 2482 2056
2 3702 1778
1 2881 2622
1 4505 582
2 1041 28
1 3037 293
2 3598 1000
1 2861 1614
1 3650 2276
2 1635 143
2 1548 2055
2 770 362
1 3622 2887
1 2320 1258
1 2432 283
2 2815 1783
2 1059 721
1 2166 874
2 2556 407
2 2823 3258
1 2026 1456
1 826 206
2 1354 487
1 2737 863
2 3414 1393
2 3894 3920
2 2298 35
2 4800 1240
1 3727 490
2 965 682
2 182 90
1 2984 706
1 1413 147
1 4607 3276
2 3733 4810
1 3394 354
2 433 71
2 950 352
1 4108 4027
2 1201 624
2 3057 95
1 4073 1219
2 4789 4003
2 39 33
1 178 92
2 4981 4446
1 3825 2933
1 1786 988
2 3390 2770
1 4743 2492
2 2094 151
1 1430 1398
1 1751 454
2 3674 1970
1 3641 869
1 1776 105
1 4048 1133
1 2628 2147
2 3841 1320
1 869 643
1 4836 4502
1 2576 620
1 1511 1498
2 3266 3526
2 4014 3046
2 2875 1628
2 3378 1799
2 255 12
2 2125 941
1 4114 4049
1 3806 1914
1 628 925
2 3460 2804
1 4424 1484
1 4164 3440
1 3718 1686
2 4802 2242
2 1195 184
1 3714 2256
2 4073 700
1 421 135
2 2385 332
1 2324 183
2 3343 1814
2 3637 207
1 3484 3209
2 4493 4369
1 3022 2070
1 441 47
2 1654 236
1 2160 754
1 78 33
1 1608 703
1 3500 3244
1 3471 2645
1 27 23
1 973 523
1 744 520
2 2272 107
2 2172 1651
1 3622 21
2 4359 2617
2 2769 1620
2 2532 954
1 382 151
2 1239 1072
1 516 99
2 3779 4250
1 2846 877
1 931 769
2 124 49
1 1751 1057
2 2663 843
1 695 513
2 3739 3210
1 1549 1114
2 591 734
2 2689 1039
2 554 91
1 679 571
1 3562 3161
1 2517 270
2 3274 2738
1 3512 795
2 3773 3320
2 2518 1158
1 412 389
1 2699 1093
1 3130 811
2 4688 3494
2 1197 923
2 1961 1102
2 851 650
1 823 384
2 4269 269
2 403 275
1 130 59
1 1913 1111
2 2287 1682
1 4784 483
2 715 4761
2 1051 182
1 3213 545
1 4404 1350
2 311 3323
1 2196 945
1 3088 2190
1 931 87
1 2042 202
2 2030 1206
1 4494 3871
2 1678 204
1 4625 3850
1 3483 2234
2 20 18
1 4751 3646
2 665 58
1 1681 1181
2 3507 1930
2 3925 1702
1 4911 2110
2 3427 2688
1 4072 4658
2 3577 508
2 1716 2455
1 3278 2909
1 453 291
2 3016 1436
2 61 2000
1 3799 545
1 25 22
2 4764 4537
1 1425 1265
2 4207 4097
1 3162 1473
1 2550 1859
2 1138 271
2 2064 3504
1 4210 321
2 1987 935
1 1877 487
2 4929 4551
1 1811 281
1 1877 1034
1 1119 1019
2 1412 930
2 1868 316
1 4026 1991
1 4788 3689
1 1523 1122
1 4361 1163
1 3933 2053
2 481 2832
2 114 62
1 4577 2518
2 1067 613
1 1863 1181
2 2829 883
1 2430 1122
2 3619 3356
2 2910 1728
1 273 148
1 2133 961
2 1562 686
1 1345 760
2 3774 3012
1 2002 168
2 406 266
1 1834 907
2 4105 90
2 2494 31
1 1255 189
2 4652 2836
1 3623 911
2 1701 1185
1 1837 1255
2 4330 1304
2 789 9
1 627 148
1 2494 1365
1 2609 2375
1 3822 4208
1 1554 441
1 1144 802
2 3740 1413
1 2940 1246
2 3495 4363
2 359 231
2 525 119
2 4177 4093
1 4033 1629
2 328 216
1 4657 365
1 1691 4315
1 3356 2752
1 3920 922
2 3895 3806
2 3020 2601
1 3984 3398
2 524 109
2 1873 1123
2 3325 2868
2 249 2295
1 2218 1660
2 1518 649
2 133 11
2 2074 1236
2 3067 2563
2 4582 3052
2 2576 2046
2 299 233
2 858 93
2 896 242
1 4847 2855
1 2438 4906
2 1891 1432
2 45 1
1 659 649
2 2307 296
2 4482 3639
1 1849 194
2 2068 1859
1 2689 1431
2 3130 4161
1 2089 930
1 3537 1061
1 1179 48
2 4341 2543
2 1060 635
1 4108 2311
1 4479 4152
1 2472 2225
1 4270 1138
2 1561 537
1 3524 2225
2 2122 1759
1 2145 815
2 2254 2057
2 1315 1063
1 3772 2418
2 1050 3605
2 2713 4305
1 937 659
2 2414 2166
1 2248 185
2 514 182
2 1175 379
1 367 132
2 2856 852
2 323 301
2 1563 840
2 4398 3172
2 4906 2655
1 2646 1099
1 123 2235
1 3165 1674
2 2810 2014
1 724 616
2 4384 3515
1 901 422
1 2903 373
2 1286 807
2 2707 2228
1 4159 3446
2 4961 2589
2 4830 133
1 2383 63
1 3039 2561
1 1236 778
2 1752 365
2 927 725
1 3130 671
2 2618 3201
2 3585 1133
1 558 151
2 870 765
1 4314 3959
2 3102 2241
1 2780 2165
2 4675 2586
1 367 62
2 4987 4614
1 4330 662
2 1988 817
1 4464 1912
2 547 368
1 879 90
1 1417 2
2 4073 429
2 335 103
2 4280 3019
2 3159 2667
1 2479 605
1 4199 3068
2 2992 1355
2 3358 606
2 1421 613
2 196 134
2 2674 1028
2 4856 1645
1 4011 1005
1 3677 3403
1 4638 3714
2 3102 29
2 4233 2123
2 1750 1259
1 619 159
1 941 383
2 2546 1974
1 3585 1478
1 1224 887
2 634 4802
1 1962 1578
1 90 66
2 3589 434
1 2772 4969
2 2753 2298
1 1993 10
1 147 145
2 2810 412
2 3589 652
2 335 4
1 4025 3807
1 913 942
2 3860 2812
2 2985 2194
1 3999 2714
2 2553 304
2 657 478
1 3632 1740
1 2454 1956
2 2359 1197
2 1524 945
1 2061 42
1 4138 1460
2 2979 1437
1 4046 1240
2 1101 376
2 2089 1735
1 742 408
2 1305 479
1 1581 4697
1 3485 527
1 4196 2154
1 4206 1308
1 445 410
1 3942 3391
1 693 674
1 60 45
2 3978 2052
1 254 1086
2 3159 2563
1 4709 749
1 3925 3970
1 4267 2609
2 851 533
2 2700 119
2 2112 1460
2 3135 2851
2 1576 1242
2 377 371
2 3736 1682
2 2072 1739
2 1513 1299
2 1007 354
1 1126 1046
2 595 2568
2 935 416
2 4533 4522
2 1959 566
2 4667 2557
2 3792 1233
1 2267 1894
2 3844 2030
2 1739 380
2 2064 1445
1 3105 1884
2 4288 2420
2 4202 2035
2 2568 1764
1 3303 1401
1 3705 1025
1 2699 2122
2 2047 440
2 3531 3447
2 199 27
2 522 221
2 1364 513
2 2981 1230
1 435 332
2 4451 4204
2 2832 1562
1 1337 373
2 1613 596
1 4878 2358
1 2358 563
1 88 54
1 3839 623
1 2273 1787
1 3456 1800
2 4708 1327
2 2741 3213
2 4502 3483
1 4785 975
1 96 91
1 4012 2977
2 3568 1633
1 4869 4478
1 865 851
2 1500 4687
2 1797 159
1 4762 2847
1 4895 394
1 2166 1491
2 4011 3342
2 3927 1659
1 3659 1543
1 4768 4297
2 2838 2581
2 4230 2007
2 4502 3676
1 307 55
1 452 3169
1 4502 14
2 3587 245
1 4025 1115
1 2820 2483
1 250 376
1 1941 1103
2 4864 3633
2 4342 324
1 449 93
1 510 240
1 331 104
2 1814 436
1 3047 2790
1 3623 1022
2 2940 1784
2 3261 3138
2 4651 4045
1 2343 2043
2 47 6
2 1511 1214
2 4383 1576
1 642 611
1 364 77
2 375 86
1 1272 897
1 4976 390
2 2311 4318
2 4140 1874
1 2895 342
2 4795 984
1 4449 625
1 1104 920
1 1561 1475
1 1818 1888
1 2800 1329
1 2203 1491
1 208 154
1 7 378
1 234 105
2 1800 727
1 4253 3458
2 183 3596
2 2501 1710
2 189 4559
2 4758 1730
1 1018 912
2 2388 1319
1 2048 1984
1 1216 303
1 1605 1579
1 4970 502
1 4617 2815
1 2975 992
2 1150 708
2 216 189
1 3601 224
2 333 187
1 1981 1589
1 154 2
1 2418 1995
1 739 465
1 4083 2460
2 1198 1179
1 3780 3094
2 3259 2809
2 1476 849
2 3248 1263
2 1850 1667
2 1255 1085
2 2924 391
2 3714 2433
2 4329 1412
2 3349 3552
2 986 311
1 1482 367
1 927 418
1 302 2091
2 573 391
1 2339 464
2 4787 2289
1 1058 3689
1 338 3
2 4418 2947
2 268 2585
1 3083 334
2 1065 714
2 2630 2587
2 3987 1590
1 2536 913
2 575 76
1 4406 3852
1 1492 445
1 574 343
2 4694 2550
2 1772 890
2 1209 264
1 1741 4630
1 4397 84
2 1255 1095
2 3189 3033
2 3033 2374
2 2787 2505
2 3895 3181
2 2517 1849
2 1755 79
1 2309 2027
2 918 120
1 4531 4027
2 436 139
1 170 159
1 4240 4012
1 76 6
2 2112 229
1 2687 1019
2 23 7
1 436 357
1 3593 3557
1 4669 3244
1 1114 1067
2 952 521
2 1335 491
1 4712 2318
1 1966 1150
2 2089 1074
2 1733 813
1 3863 804
2 586 528
2 1939 2507
2 763 1677
2 1070 587
2 2902 2324
2 2193 1316
1 1385 979
2 3952 913
1 1682 437
2 692 355
1 766 583
2 576 4018
2 1083 611
1 2773 2419
2 2958 1881
1 4179 1084
1 2414 2586
2 440 211
1 4542 3643
1 3605 1460
2 4935 2771
1 901 111
2 1694 353
1 1455 318
1 4271 2751
2 4919 4310
2 2841 4620
1 567 358
1 698 582
1 795 369
1 2047 1595
2 55 13
2 4261 1419
2 463 448
2 797 46
1 3785 3764
2 241 164
2 3255 2867
2 2435 4484
1 845 4775
2 4434 523
2 1668 1500
2 2989 2826
1 1198 791
2 1757 325
2 1986 1441
1 1579 358
1 1505 673
1 4758 3638
2 2459 2104
2 1367 149
1 4270 2654
2 3275 3386
1 4923 2240
2 4630 4867
2 3740 4511
2 1390 429
1 4207 3963
2 4714 4098
2 2025 1727
2 3728 3099
2 3910 1772
1 4306 1908
2 558 474
1 227 754
1 4249 322
2 726 534
1 3878 1903
1 3684 3542
2 4155 122
2 3178 1693
2 875 4217
1 367 271
1 2580 1066
1 3642 1349
1 4467 2394
2 2977 773
1 956 379
2 3759 1366
2 1394 374
1 3535 1134
2 1887 3009
2 1025 880
2 780 1532
2 1770 1736
2 1915 71
1 4588 4730
1 221 163
1 1418 876
1 1264 806
2 1470 1316
1 2150 1771
2 2706 2622
1 2552 4464
2 3965 1305
2 3170 1129
1 4627 562
2 1329 1220
1 2092 858
2 4866 3042
2 2884 408
1 4967 2930
1 1853 943
2 1390 984
1 309 256
1 2553 1205
1 3668 3477
2 3676 2044
2 1352 594
1 4416 1701
2 4180 1826
1 1784 647
2 2537 3960
2 4454 3725
2 535 435
1 4211 348
1 1556 649
1 525 462
2 4268 2488
1 4937 2871
2 3654 2333
1 547 189
2 3765 2063
1 2839 1931
1 3780 2380
2 2013 912
1 3529 1391
1 1986 246
2 3822 1874
1 4766 3308
2 484 216
2 3610 1334
1 291 2035
1 4008 466
2 3505 3087
2 2093 1973
2 3381 797
2 2619 1974
2 2733 2648
1 1615 777
1 4335 344
1 3080 2328
1 2302 116
2 2496 2034
2 1971 1587
1 3189 1139
1 1101 423
1 4346 3253
2 1377 150
2 1483 836
2 26 5
1 3823 1011
2 3135 2796
2 3047 635
2 3191 1888
2 3487 2080
2 419 2274
2 389 40
1 1828 1279
2 15 13
1 2897 1818
2 1728 1389
2 2335 68
1 1284 478
2 160 45
2 2790 1311
2 3538 1563
1 632 308
1 4730 4280
2 4747 1482
1 2260 1433
1 3208 2239
2 340 215
1 1891 1070
2 1545 41
2 991 3749
2 1451 625
1 1553 1486
1 1616 1090
1 2415 1341
2 4327 3594
1 1513 812
1 2444 1601
1 2572 2145
2 4919 1649
2 366 267
1 899 67
2 721 2384
1 4704 3698
2 1488 1053
1 586 361
2 3440 2883
2 3481 756
1 4786 1554
2 1357 4721
2 4156 3102
2 1285 515
1 3802 970
2 4700 512
1 1379 30
2 988 976
1 4942 4714
2 1812 870
1 2592 1584
2 4827 4519
1 106 3072
2 1770 917
1 299 250
2 2465 1646
2 4150 174
2 122 51
1 290 17
1 1218 823
2 2787 650
2 2840 713
1 200 166
2 3855 2638
2 750 209
2 4130 2820
1 3061 2553
1 373 337
1 4446 2064
2 2500 1217
1 2666 2642
1 2494 1079
2 4020 1847
1 4653 362
2 4399 1415
1 2666 2451
1 3804 3626
2 2568 2108
2 717 47
2 288 236
2 2519 1782
2 1217 1210
1 3866 1154
1 1316 2418
1 4596 2784
2 301 202
2 1495 2515
2 2096 275
2 4343 412
2 4799 2161
2 1355 853
2 1222 126
2 3191 733
1 1587 273
1 689 3956
2 4186 4053
2 879 510
2 358 14
2 1737 1530
2 3798 1741
2 4655 1135
2 1086 27
1 3991 817
2 3424 2621
1 3285 2293
1 392 266
1 1768 1218
1 3425 653
2 4814 1432
1 4722 4243
2 1770 750
1 843 85
1 4328 2085
2 2439 2318
1 343 139
2 872 419
1 1085 700
1 3187 4021
1 84 3
2 4912 2682
2 3156 1035
1 1866 436
2 513 204
2 3167 1587
1 1774 191
1 704 581
2 4933 530
2 4916 2786
2 93 2131
2 1764 1114
1 841 768
2 193 77
1 229 101
1 1439 606
2 686 684
2 4901 3752
2 3007 680
2 36 12
2 3237 638
1 4125 583
2 3340 3032
2 2453 1175
1 2556 1900
1 2787 1383
2 4572 1116
1 4642 483
2 4966 626
1 4410 2124
2 197 171
1 4541 2702
1 2283 4437
2 2444 1831
1 2275 183
2 1255 710
1 608 203
2 3573 713
2 3598 160
1 4496 4167
1 2477 574
1 368 3830
1 3086 1251
1 791 4438
2 3309 1162
1 2759 1219
1 1935 453
2 3213 258
2 2460 2282
1 1677 530
1 4724 3143
1 1248 9
2 2203 1241
1 4594 4594
1 4133 3473
1 3795 628
2 4628 2497
1 4454 2642
2 4020 2758
1 2913 1350
2 4839 604
1 3513 3360
1 4843 2685
1 2278 751
1 1239 5
2 731 574
1 3181 282
1 3758 2695
1 2930 36
2 1017 972
2 4190 4181
2 1158 488
2 4165 2458
2 746 4030
2 2504 293
2 3925 2620
2 1921 1648
2 613 306
2 537 1339
1 3244 1673
1 299 46
1 1893 1564
1 3879 1943
2 4668 4236
2 3206 1896
2 2914 441
2 3963 1766
2 3078 64
2 66 29
1 2590 3395
1 225 137
2 2732 2218
2 3059 1921
1 2543 4841
1 3445 3497
2 2693 233
1 1693 1450
1 4220 1237
1 3600 3407
2 663 107
2 2134 3466
2 2562 1541
2 4191 3557
2 1167 4972
2 2679 66
2 4190 1185
1 4636 2259
1 767 672
2 2282 1143
1 3742 660
1 4706 71
2 2074 1349
1 245 26
1 2929 1745
1 3151 2740
1 3863 912
1 1621 558
1 4776 2045
2 824 427
2 342 132
1 633 4020
1 3023 1134
2 2912 2186
2 2644 2362
2 2026 1929
2 1177 156
2 1023 1020
2 3831 1028
2 1339 978
2 2647 1644
1 3281 909
2 625 91
1 4501 180
1 140 88
1 4894 2903
