599896485
184031400
640849696
595352568
509734821
0
649344685
608442565
0
289137134
269444975
876724696
759805503
571412382
723521074
875469656
432081507
940271161
705231095
323325371
208119082
508004826
858415790
939742481
16154487
95861460
234190934
603729979
78679363
333717403
941690923
7957132
974674276
238371625
825609080
565477959
169450509
412984234
930272962
903455154
316793204
556874121
967753074
20
32996928
191630472
38033758
360580048
7885528
731290476
430116920
78038194
806721194
729214653
87592856
359936120
45450469
770392266
855455218
187640039
171166581
203577331
691503991
843629509
624022042
628379449
680701696
403760636
459745629
951177109
404891490
432775504
79147788
85527928
299484308
531415802
405544076
982917283
595038053
773257035
276748271
886743973
716103439
920555510
0
537365505
818216030
694346459
751815877
411569210
872582292
601202521
104566452
241766366
393260866
298251509
12595167
165018251
891668006
0
682246673
8686905
277863460
529063792
967987351
942431643
0
280446168
690271686
818166317
444587867
0
599053448
647933773
890079390
208134008
654914290
224137497
813580469
259232786
279540508
550152605
209544993
967549510
658442368
373765586
683319055
832367105
489002582
773586294
644051874
467745082
702117229
156964159
945109422
905736530
428003188
391383703
597030778
499939462
759385233
172335384
912881286
706772997
275655192
825157794
766094903
472078084
983550989
110987738
839287872
0
445919007
293247947
60776430
61324664
613618691
188850293
722372802
731978289
66460281
30063254
699108016
72058654
120769101
801389657
731743680
408065927
0
25749557
189534273
57255994
802227344
0
777516701
926428193
313721445
202957988
100366983
259927631
91693456
0
683154768
423823695
563657265
822874864
741969895
644235105
863343404
611978092
901049838
528303859
235100839
474521122
79671525
954588731
0
0
884459879
214661706
663102745
301774319
304380969
594408496
852068981
417349413
405228734
978145140
693443074
952045584
0
469463076
663182742
701572171
668563397
373782134
518542350
983997054
706767925
0
964428971
210435045
287304751
507271154
432788792
459385293
62675309
843285563
501139994
689807652
66006475
0
840899379
792097760
188357322
214064588
572618293
990505417
347484451
142612744
252596888
181817989
552733452
239110330
0
477278897
0
110653410
993069576
988857295
984474378
806602832
0
9179803
973368927
792097760
692844394
843124249
734479696
505041855
18676570
0
357935205
477448289
849029553
546158043
761249360
380713601
690660474
14527886
500319041
959057981
541118957
662067149
929288806
484064300
181927454
920125350
268761765
466316634
90470516
794049535
522890656
368710900
452234063
514415589
140987293
0
798822597
504927512
710657387
944886350
51441945
601929799
681120808
318835154
948396939
949631510
813720989
648866899
0
962021570
0
556706246
454924663
427906857
951707242
0
0
590387532
223237928
777400886
959348621
992578612
447470990
805406673
835993639
772142842
860587818
111783373
768731691
3654
744152558
390982591
678965365
878317181
0
969667065
0
856557155
641918643
26188073
626579259
902450380
489147151
475818107
993418745
804327715
472021975
776214993
19134965
347744655
0
215396224
29517372
124075069
411565071
968759716
0
708155637
256798383
387656673
940314603
491260710
919273800
3108105
125886034
721072253
473358427
495990149
479988300
0
747448491
152927405
908620847
887701743
786082346
490314
591367143
881892221
132858419
127272854
336028792
665788282
150680464
481999716
12902338
857709729
499541734
945197444
971331689
281810220
28108556
862162421
679974826
315968580
134679938
457810634
0
992585196
155984258
230037965
926199466
447132262
759190542
535087708
838581773
331249162
428205893
385145691
693261753
0
363963311
938977495
0
881486875
183718271
595413870
476603935
651651907
194094359
195539541
504093100
528224921
659106369
742830983
54830400
927039234
0
13087005
461664729
0
87089025
689225599
0
723148409
544685864
492867700
208281405
0
731627373
704259483
45046819
0
656875239
509793136
820347117
471855918
960955573
334981189
234273574
973411023
778728621
778522439
0
619159591
487605788
52362673
758667159
296241024
654102001
0
919866491
302769600
533524118
0
35144473
332357721
960388367
0
0
244457285
143922212
398323326
0
0
421405272
955914451
201324760
833448946
701587230
858744705
545993368
18564
206531689
928421593
336486948
864998822
841004824
341785648
398282611
581834770
856219251
953998328
487625092
840761150
0
942591100
934746094
667863288
963329166
252375050
255883159
680189535
885280236
490320467
532210987
237336
987118322
999332048
989465629
885101189
885159227
580234624
450976371
928054909
915226654
513690155
426359209
107287846
796209786
817168670
0
570325875
622639907
345336293
434398001
288990058
1395750
526200730
171529358
178549418
579143614
822152942
37455368
3
310158552
649510406
615541633
614000799
0
0
84901359
865196599
552433166
724292213
524107704
104179063
91003796
841506910
305948575
552822614
195352565
419844104
111288095
471337089
112141761
510385283
816704840
564180047
419991293
199535024
315425688
163019019
233283240
392474810
892668082
47087593
440754422
61117700
240965273
0
91515133
378009886
647379842
56107253
0
596338976
25242665
962467488
119063670
535465467
931358415
315345239
660354741
220313277
353493672
36704194
510827313
922526864
489159952
354346479
0
0
0
634583324
317580885
142922452
235832351
337969733
414382306
174551518
675402478
272327154
908033096
766513021
665361188
185789221
492862101
56773604
0
247628527
854882924
227707129
114679274
943279874
489024116
689948076
260609636
285583180
380852604
1610564
314112375
899673404
0
0
929762273
998420666
777701059
61195533
238544082
213503919
72414715
757396046
68132392
953097436
761518311
361305730
457567806
788700967
156215561
960779427
247859282
128646557
424509517
527112105
711838301
0
448878121
21318282
185881575
823184907
960070524
182495965
991008790
302915815
604364236
380605459
492912280
529595962
767659404
749876017
761878493
0
0
943491934
0
66418194
274291545
283738719
819342119
450316477
201765418
223604024
960429438
74722904
582841797
224416208
0
544831207
357858386
828413077
0
87378098
27405
884186579
663681702
432455185
731032931
713478028
548741818
490535358
210224296
23530942
90389553
333628856
986851014
855097767
776034910
0
912799255
630361721
78919650
565132702
271598145
297430591
831871262
354778716
0
828692447
466973320
993948882
613249444
714037897
1287
910336369
186939139
746940782
809444226
955078049
188395436
634080341
231224137
458764773
589894288
85521642
787
89646308
375962810
566755737
721685187
0
0
34525013
355996314
371852988
50010346
0
481504283
913267890
561962921
632012453
152111992
407805665
449239036
544541221
416313982
263151916
467897357
994571781
806488149
695308875
142631897
0
22806558
91468982
168124774
985546362
222357919
394712712
537020897
537541815
0
67261699
879784374
231302775
669270691
297018788
798391164
596995740
667984444
272226354
279471145
569904076
561559270
788423008
420283457
765754085
24199744
242534408
424969234
286917686
967786447
833565
882365540
189319879
81325210
982150169
655073209
915667047
278798526
381426214
902283114
979812562
685352985
138293948
507677053
871749038
156901889
776700267
972725816
569740897
550495367
752340703
522572679
0
806899878
986290503
74205856
208258141
10584338
998815444
630762254
34253455
16624818
768978517
815377506
424320430
541896004
685913282
900118619
596940197
527366917
859537654
336330472
548817534
562044760
678296120
34979600
286277458
937106245
341433077
695500701
713543965
98360700
0
483570728
829387029
49912971
328112758
392175447
573546487
432537497
0
806617524
68527030
0
332787744
0
548992056
552440106
137801808
978325830
84573617
84672315
350616551
16360329
691966691
695661218
944857595
359880366
0
0
72761628
822963333
258427975
421542603
0
68241505
371138314
509502253
647667363
718171284
460015662
700325397
548437793
97742805
934701577
567468454
820019031
405464302
514141302
494476038
267397221
444867353
0
684559000
770036971
570779459
652577362
0
96023599
631122523
0
536864627
261814427
578881958
277317250
648503244
481319562
165
711712119
899748321
317242149
535752484
819727804
429236360
892213130
647443892
0
786186687
0
946468994
568492996
0
973813449
127160607
758310707
444766769
252673844
851077908
225607396
888842627
901217760
919410455
134751523
36125215
217638899
853970425
920177850
957540150
410793751
0
140501229
1
242499254
153617443
18924529
835471443
726077858
749538077
691520191
582974169
753537772
386821129
53511391
219912248
630986062
614259050
0
981792437
258142392
991240511
756985104
518378611
452829904
726896291
906595518
0
545601509
130989507
798639924
111399656
210154727
871191057
961142698
694349983
740902114
571615990
949845559
860478624
703711519
671397191
102056499
35377074
63680608
436602970
476755124
3524924
269426711
38523365
940414158
138920423
373885064
854399695
0
0
783134797
915757290
235784623
831309330
799940433
770430191
651159887
944089088
132745518
62789010
248292415
486769124
250483405
514933004
0
581357527
936103872
357037811
36169525
154222331
309239365
248200376
0
