1000
1 4853 4196
2 1491 1086
2 2106 595
1 3603 2227
2 1138 44
1 523 1586
2 656 384
1 4178 487
1 1014 1759
2 3942 2998
1 687 585
2 4022 3498
1 2298 686
1 3833 1549
2 3368 534
2 2600 1207
2 4315 3059
1 684 512
1 774 301
2 1125 517
1 1064 236
2 2121 1665
2 1041 26
1 3961 1144
2 3211 1938
2 1002 277
2 3917 2276
2 281 170
2 2320 1477
2 3237 2757
2 164 131
1 1302 43
2 2654 635
1 1306 496
2 4152 2705
1 2804 471
2 3480 1636
1 2484 307
1 1145 1022
1 3085 2245
2 4342 4115
2 3934 3892
2 584 163
1 19 18
2 2945 2940
1 3226 2537
1 2285 1867
1 2781 2398
2 929 573
2 1382 1184
1 3683 508
2 4069 2433
2 504 127
2 789 451
1 807 804
2 2476 473
2 4171 3516
2 4650 3146
2 1178 512
1 4119 34
2 950 937
2 1951 567
1 2711 2354
1 3207 2858
1 4138 735
1 435 136
1 1515 711
2 2108 653
2 4621 2495
2 2671 2073
1 4860 4306
2 3679 2139
2 2781 1833
1 4549 534
2 1969 583
1 3743 1196
2 778 53
2 4273 1205
1 3407 2433
1 3380 1139
1 1592 957
1 226 192
1 1532 1061
1 4715 978
1 1432 3320
2 3735 1806
2 2483 995
1 2705 2011
2 1057 1031
1 1795 886
1 1587 866
2 1209 1081
1 3610 2754
2 313 294
2 1355 923
1 2056 315
2 2151 924
2 3184 2563
1 4959 3580
2 3932 4947
2 3518 1365
1 4953 4382
2 2967 1209
1 4781 1346
1 2107 883
1 4402 1214
1 371 4013
1 4942 4740
2 3747 1268
1 3837 3466
1 4103 676
2 3127 3672
1 4166 1226
2 4373 823
2 532 42
2 4400 1926
2 3493 1042
2 1767 470
2 4797 2665
2 1473 1056
1 4324 1824
1 1004 523
1 3087 1873
2 1840 1330
2 473 238
1 4600 3714
1 881 296
2 1857 92
1 4059 289
2 598 524
2 3303 1418
1 2026 578
2 3233 1718
2 2466 1524
2 2780 873
1 2593 2590
1 1944 1828
2 2010 1269
2 1925 331
2 4087 3257
2 1360 754
1 982 891
2 1376 151
2 4100 2719
2 3075 1011
1 865 330
1 404 176
2 1841 1056
1 4164 3633
2 4732 1801
2 2035 1358
2 1985 2984
1 2491 2151
1 3033 1557
1 1857 1772
1 550 523
2 4293 1367
1 3110 62
1 3283 3195
2 3054 1730
1 2471 565
1 4304 3023
1 619 207
2 3926 903
2 4051 3170
1 807 698
1 572 179
1 1582 250
1 498 4362
1 2273 543
2 4125 1444
1 291 19
2 2737 541
1 429 2664
2 2787 1195
1 3362 2315
1 4952 1480
1 3156 420
1 4162 2976
2 2459 1026
1 2935 849
2 1782 3931
1 2313 488
1 1854 507
2 2247 1504
1 1141 178
1 3192 2622
2 4107 1094
2 3729 835
1 372 355
1 1441 1415
1 1350 485
1 3313 2944
1 2599 1481
1 3791 1373
1 1886 1154
1 4140 4843
2 1515 4527
2 2979 472
2 4376 223
1 3697 2475
2 4783 48
1 3428 2082
1 3510 1134
2 1004 993
1 1669 803
1 2720 2358
2 4181 2835
1 3400 412
2 2043 28
1 1359 2125
2 3472 1222
1 128 28
2 1572 317
2 1680 733
1 281 190
2 4544 3542
2 2720 1683
2 103 75
2 1230 2980
1 1738 490
2 3211 2278
2 1435 283
1 2256 711
1 2560 739
2 3637 137
2 670 524
2 3558 2606
1 2512 2448
1 3654 737
1 4316 833
2 3511 4134
1 2262 28
2 1369 399
2 4901 705
2 2914 2751
1 4211 1032
1 1379 1206
1 1270 351
2 1008 793
1 221 89
1 3090 894
2 153 40
2 47 21
2 1282 3746
1 367 231
2 762 3301
1 2272 1124
1 1497 1428
2 166 10
2 902 178
2 4608 1307
2 1644 2909
1 2991 668
2 2944 2510
2 1369 971
2 4439 2552
2 3573 1545
1 2716 131
2 242 130
1 4567 3506
2 54 1599
2 4328 3363
2 2500 981
1 1806 1572
2 3706 2737
2 256 144
2 4466 1502
1 4376 1705
1 3140 130
2 4278 4243
1 702 144
1 2170 1730
2 1596 829
2 4888 3990
1 4038 512
2 3401 1132
1 831 33
1 2039 235
1 3889 1736
1 2589 1982
1 230 165
2 4069 4015
2 4312 1708
2 101 63
2 4955 423
1 3205 879
2 2306 3586
2 4637 3280
1 1022 150
1 2719 1491
1 1482 595
2 3946 1719
2 2887 1451
1 506 225
1 4154 2034
2 1186 352
1 2599 752
1 4795 3556
1 1478 167
1 21 3352
1 3983 2569
1 581 4720
1 1928 672
2 4590 182
1 3792 847
2 2004 198
2 3021 3746
1 1188 4703
2 3388 1456
2 575 214
2 4342 2358
1 2855 1271
1 1951 1221
1 873 266
1 4308 717
1 1217 439
2 2469 393
1 1123 930
2 3355 2906
1 927 45
1 28 2
1 759 142
2 4875 3594
1 2883 1709
2 4055 916
2 399 3251
2 943 854
2 1804 4850
2 113 66
2 4255 1077
2 982 939
1 3801 1937
1 4976 4504
1 631 174
1 3528 1580
2 3143 1876
2 4961 406
2 1889 1349
2 3415 2726
2 1681 1168
2 4028 1070
2 2092 2860
2 4204 4094
1 753 748
2 4290 3714
2 3305 1754
2 3152 2823
1 2543 2745
2 2161 1968
1 1925 1794
2 3940 2042
1 3882 3527
1 134 27
1 71 16
1 27 7
1 4240 1794
1 2165 450
1 4524 1113
1 4144 1763
2 2026 348
1 191 2910
2 439 93
1 3448 309
2 580 243
2 1082 244
1 2588 531
2 22 15
1 2666 311
2 4242 1039
2 2952 1237
1 1306 1105
1 1609 11
2 2075 978
2 1017 74
1 3248 1922
2 4235 3804
1 3585 1789
2 431 181
2 2171 942
2 551 35
1 820 387
2 1235 458
1 1688 921
2 4601 4324
2 2327 175
1 2538 1043
2 2355 2336
1 226 3795
1 3973 2408
1 2560 284
2 2796 1703
2 2361 60
2 3684 1609
2 2472 1843
1 1663 1347
1 1666 731
1 620 276
2 2597 1304
2 4592 3142
2 4055 2167
1 2699 4604
1 4804 1859
2 140 15
1 1228 4078
1 3032 1949
2 1225 993
2 4867 4387
2 4607 733
2 2791 2429
2 1855 229
1 919 349
2 1397 439
2 601 397
2 1536 1321
1 1138 285
2 2962 2095
2 937 727
2 2127 3264
2 256 67
2 4755 3162
2 332 1637
1 1031 437
2 4810 1432
2 976 1514
1 3809 2267
2 4254 1069
1 1237 488
2 4765 522
1 2008 2442
2 2076 54
2 2154 1876
1 3925 847
1 1552 2858
2 250 65
1 1613 157
2 2819 71
1 4276 647
2 2496 1183
2 1603 1526
2 4465 1845
1 3670 3123
2 3668 2806
2 4005 3332
2 2564 4106
1 232 64
2 1674 830
1 1199 1054
2 362 334
2 4826 59
2 3138 1849
1 1412 3466
1 1937 149
1 3405 2488
2 2049 1715
1 561 3879
2 2298 1819
1 3477 2220
2 565 225
2 307 2721
1 829 3397
1 1028 219
1 3664 2748
1 650 478
2 147 3622
2 2620 3930
2 3422 2616
1 4400 2539
1 1065 2
1 208 83
2 3375 1761
2 4886 3082
2 1190 49
2 17 6
1 620 572
2 457 199
1 1643 1458
2 2313 939
2 1756 561
2 3353 2664
1 4394 2172
1 948 944
1 830 204
1 3067 758
1 1901 1847
2 1087 190
1 521 1397
2 2709 875
2 2408 1453
1 702 182
2 3024 2901
2 1622 1021
1 2499 1184
2 2167 2081
2 1502 881
1 4271 3019
2 4954 4569
2 32 5
1 2401 721
2 4538 2874
1 556 11
1 1660 431
2 4184 3025
1 986 771
1 61 45
2 588 443
1 1394 1197
1 4740 596
2 3470 1733
1 626 311
1 1963 108
2 4106 1449
1 2828 4541
1 208 169
1 2298 416
2 426 49
1 3942 3792
2 2469 1593
1 1266 578
1 4954 2158
2 4856 680
2 4312 1038
2 1679 33
2 417 19
2 4713 2758
2 2 1
2 1645 1256
2 2223 1288
2 4397 3303
1 4092 935
2 1681 3484
2 4458 4793
2 3855 1238
2 3837 3424
2 3214 534
1 1777 281
2 1786 568
2 89 40
1 638 621
2 952 713
1 3255 1698
2 1139 434
2 2770 988
1 2463 1990
2 4179 2693
1 1545 859
1 2312 1310
1 3584 2582
1 2539 2457
2 4633 2628
1 1276 334
2 4236 611
2 1506 99
1 4383 1815
1 4139 1308
2 623 394
1 3752 646
1 1978 41
2 1765 769
1 373 123
2 3846 2230
1 630 4283
2 3426 355
1 2656 1025
1 639 357
1 3567 629
1 299 3769
2 688 487
2 4777 448
2 3541 2533
1 4153 2731
1 1898 1365
2 3718 802
1 4805 4496
1 1295 880
1 149 56
1 4431 807
1 1121 930
1 4376 159
2 2065 1642
2 712 106
2 2971 2048
1 1253 1743
1 1714 2822
2 1376 4143
2 1893 1809
1 2415 988
1 3425 892
2 965 95
2 1883 1388
2 374 288
2 3085 1282
2 4675 988
2 4009 3768
2 3779 2385
2 2417 1194
1 1207 941
2 1600 1175
2 902 713
1 4500 362
1 2674 3845
1 3198 3100
1 4717 1209
2 3279 2932
2 1925 682
2 1707 442
1 1092 857
1 4709 1948
1 4048 1161
1 2822 2386
1 699 330
2 213 3
1 2939 1962
2 3481 1204
2 2118 4984
2 299 4692
1 4189 2801
2 3216 934
1 3473 2746
1 3515 930
1 4427 306
2 3471 3132
1 98 63
2 3712 994
2 1557 682
2 1060 259
1 2545 986
1 3093 1451
2 1799 319
2 1109 416
1 2902 1517
2 4627 2077
1 1873 456
1 3715 651
2 3286 2247
2 2833 414
2 507 62
1 2665 3741
1 1726 1628
1 137 6
2 3372 1216
1 3016 927
1 4193 3779
2 149 12
1 1007 242
2 1748 557
1 4975 199
2 4276 2215
2 3147 218
1 1319 1050
2 3293 1634
1 3084 2096
2 4705 4253
2 1179 4787
2 1899 2554
2 3089 1044
1 3205 3365
1 4525 4360
1 367 232
1 943 690
1 2325 809
1 4554 4363
2 560 226
1 2344 170
2 4602 1890
2 96 15
1 3860 3116
1 3220 668
1 77 3279
2 1362 768
2 4999 1246
1 4820 65
1 493 560
1 3796 520
1 29 25
2 2356 408
1 1801 1130
2 2674 1189
2 3322 1343
2 3246 1832
2 3323 2321
1 4605 829
2 300 176
1 4053 856
1 1949 1632
2 4485 2385
1 3208 1638
2 4544 3060
2 4271 488
2 4 4318
1 848 428
1 2913 1695
2 4111 1300
1 1998 1984
1 3603 1559
1 4804 1341
1 3449 2241
1 2313 1449
2 3351 4142
1 571 163
2 934 358
2 3137 2554
2 4045 1428
2 228 174
1 12 4
1 1999 1857
1 4351 1792
1 2742 696
2 419 350
2 4987 580
1 3829 304
2 410 205
1 2743 429
2 4098 3604
2 3920 2526
2 3636 752
1 786 785
1 1316 39
2 4534 3661
1 4690 1370
1 2516 1073
2 1821 4316
2 456 532
2 1254 837
1 3226 2296
2 3162 2148
2 4666 2497
2 4755 4978
1 3575 587
1 3572 948
2 3001 2357
2 2250 749
2 3646 1739
2 1502 977
1 1392 314
1 492 444
1 83 13
2 3424 2526
1 4813 2782
2 1471 841
2 3068 1293
2 1587 1104
1 333 54
2 4308 4967
1 1922 441
2 798 431
2 1504 696
1 1378 1239
2 855 788
1 1215 135
2 2229 913
1 3405 1883
2 243 1512
2 627 166
2 4764 1948
2 193 7
1 3238 303
2 3100 1713
2 1519 45
1 3966 776
2 4612 136
2 1038 988
2 497 430
1 4637 865
2 2406 517
2 4056 184
2 2606 389
2 3645 3306
1 470 189
2 1061 446
1 4620 408
1 4157 1984
2 3014 2718
1 2956 2013
1 4254 562
2 965 338
2 1162 475
2 2304 629
1 1005 487
1 4871 4422
2 602 135
2 2480 348
2 1886 1093
2 1745 525
1 583 401
2 2071 1566
1 2321 1220
2 2051 1814
1 3524 2092
1 2415 1011
2 4009 1921
1 2426 1435
2 1302 1148
2 2639 1035
2 1528 1440
1 3261 4978
2 4418 4218
2 1963 847
2 2978 927
1 2484 1449
1 1715 373
2 4741 1246
1 2173 1039
1 3130 2313
1 4305 1338
1 2129 1224
2 2400 876
2 2404 1891
2 4307 2132
1 3629 2712
2 3956 1657
2 4146 3733
2 4758 2247
1 4182 3170
2 4122 452
2 606 465
2 2354 591
2 897 57
1 3301 1460
2 3986 3261
2 1383 1012
2 2944 1921
2 3287 3221
1 1115 710
2 840 700
2 3764 4082
1 4419 1561
1 2470 1541
1 804 422
1 3488 2377
2 191 166
2 3732 872
2 4319 1366
1 2307 4057
2 2879 1132
2 3923 3510
1 366 1397
2 2712 1083
2 874 2661
2 2627 648
2 4814 2512
2 698 157
1 4518 4127
2 3771 2767
2 30 11
2 3334 255
2 3471 687
1 2908 788
1 4914 4823
1 1434 288
2 239 95
2 472 776
1 2382 4916
2 2092 1840
2 4133 321
1 1308 536
1 3154 1269
2 447 1986
1 4617 367
1 2427 121
1 79 50
2 614 492
2 4553 3600
2 3575 3073
2 4574 1914
2 2457 1228
1 3513 2291
1 2367 1178
2 2740 696
1 3808 2176
2 670 224
1 1331 284
2 809 149
1 1091 273
2 4195 2478
2 2141 4299
2 4016 2417
2 581 166
1 1268 963
2 729 576
2 323 3689
1 717 309
1 2037 597
2 665 2109
2 4666 2691
1 2751 2307
1 2314 1757
1 877 332
2 1706 223
1 1893 354
1 10 7
2 616 164
2 3905 3855
1 1064 971
2 1274 160
1 4084 1513
1 4960 4147
2 1364 321
1 268 242
1 1950 2843
1 4953 3210
1 59 2557
1 384 74
2 4490 2657
2 3608 4358
1 4489 3022
2 1493 544
2 2587 2543
2 789 559
2 2738 1748
1 4093 3944
2 2118 1917
2 595 474
1 1374 315
1 1480 785
2 2859 1446
2 140 87
2 2901 523
2 216 76
1 569 550
2 2456 5
2 2595 1851
2 459 4519
2 1758 384
1 1308 1308
1 3885 1666
2 3791 1922
1 1939 1421
1 1713 1151
2 3471 2299
2 3388 2804
2 3250 244
2 4678 2997
2 1445 1416
1 3436 1109
1 3536 2668
2 1798 278
1 3897 3846
1 1699 663
1 1814 2063
2 3473 660
1 1820 1468
2 3972 82
1 1650 228
1 3630 2360
2 2807 1850
1 2116 1432
2 4692 636
1 2490 4308
2 4194 2730
1 3314 2697
2 2885 1191
1 2338 1136
2 1899 1411
1 3927 2059
2 1436 656
1 894 201
1 767 127
1 3013 1059
2 731 216
2 1487 1301
1 4582 451
1 473 270
1 2899 2777
2 2012 1201
1 2183 1892
2 4071 1190
1 3035 1577
2 3978 1494
1 499 194
2 4258 385
2 2064 1189
2 1495 775
2 1153 276
1 923 479
1 555 2494
1 1104 4835
1 3888 91
1 1467 1434
1 1872 1810
1 4090 1564
1 296 143
2 4586 2079
1 3687 2025
1 1346 438
2 2689 1598
1 485 452
1 4207 1267
1 988 581
2 4050 2757
2 1314 790
1 1544 4531
1 2019 11
2 4162 242
2 3988 3856
1 1339 495
1 2489 623
2 3800 719
2 1394 961
2 2572 3276
