1000
2 2993 653
2 629 132
2 3852 3111
1 1180 900
1 885 707
1 3535 357
1 2449 1720
2 4015 1840
2 221 180
1 4742 3738
1 1204 467
2 4630 2484
2 1003 455
1 1099 93
1 1064 493
1 2055 1323
1 4379 162
1 1246 436
2 3971 3774
2 45 19
1 656 457
1 4190 110
2 933 2693
2 3977 3227
2 565 2645
1 1253 906
2 3106 2170
1 4792 3460
2 451 390
1 3420 2459
2 2869 157
2 1930 543
1 834 137
2 1256 424
1 1405 566
1 3455 540
1 3979 869
2 1081 120
1 4045 3020
1 2690 72
2 1704 2112
1 4325 3072
1 4608 921
1 2931 1927
2 2874 2701
2 4171 2655
2 1773 1871
2 5000 1397
1 2790 643
2 4022 3389
2 1158 850
1 2593 2396
2 3383 2218
1 826 2632
1 3951 2945
1 2542 1589
2 3047 2193
1 245 70
2 1336 1237
2 2160 1664
1 4843 541
1 4332 3315
2 2708 1624
1 1550 585
2 2033 3683
2 164 56
1 694 668
1 1693 782
1 1051 621
1 4886 1403
1 1878 1259
1 2422 1221
2 669 2847
2 3558 4431
1 474 137
2 330 51
2 4488 4271
2 519 36
1 625 206
1 1046 951
2 3305 1479
2 2381 4305
2 255 241
2 2416 276
1 1009 63
1 2195 286
1 4016 392
2 2903 1992
1 1767 958
2 1011 862
1 2948 2770
2 826 310
2 3815 4964
2 2834 604
1 1348 904
1 1851 3732
2 2149 1603
2 491 487
2 1634 591
1 4916 3596
1 1404 2501
2 4803 3056
2 1355 672
2 4017 3499
2 3329 1520
1 4052 1451
2 3648 242
2 640 352
2 3007 1600
1 2524 1515
2 803 248
1 4618 3787
1 3545 615
2 2259 2038
2 171 28
2 1175 3259
1 4785 3634
2 2674 2546
1 724 2730
2 729 171
2 2953 2705
2 571 127
1 464 344
1 1464 1550
2 3582 2262
2 3993 2960
2 68 2295
2 2161 2846
2 4804 4538
2 3979 1924
1 3978 1916
1 3344 327
2 1513 1444
1 10 4
2 4152 1631
2 561 187
1 1767 2647
1 2986 642
2 118 37
2 4978 3944
2 4258 3909
2 4301 2077
2 4948 2932
2 1425 1197
2 907 3189
1 363 213
2 1500 983
1 1058 763
2 998 279
2 4563 1479
1 2082 680
2 4415 2101
2 2759 1275
1 4789 114
1 4630 310
1 3110 377
2 511 122
1 1593 6
1 1473 1281
2 3711 1960
2 4218 4202
2 1115 1020
2 3005 4638
1 2090 1620
1 3612 1884
1 314 566
2 2670 2676
2 4751 577
1 3201 4831
2 2094 9
1 3885 3816
2 1516 1271
1 4801 3366
2 2331 2246
1 1326 1009
2 4775 2596
2 442 18
2 4659 1792
1 2318 1921
1 4615 4282
2 4782 290
2 2928 1180
1 3885 3397
2 1610 717
2 4115 2046
1 1408 1058
2 1706 1065
2 1694 1118
1 4627 1272
1 2237 503
1 3552 2372
2 1391 684
2 1381 1298
2 2280 624
1 4432 3413
1 3004 408
1 3852 1925
1 4728 4133
2 2480 2100
1 1656 583
2 2134 3037
1 4818 181
1 2611 2540
2 4439 1381
1 784 726
1 613 213
1 4438 997
2 3670 1731
2 3010 1105
1 1228 313
1 1178 531
2 3007 551
1 3188 2819
2 4694 4220
2 1311 214
1 2163 1564
1 601 332
2 1912 964
1 2757 2029
2 3651 163
1 976 667
2 3735 938
1 131 53
2 3434 2066
1 3460 2698
2 663 607
1 1649 1083
1 2759 1956
1 1824 3123
1 4815 2484
1 1446 399
1 1007 712
2 4769 685
1 2746 1277
1 897 63
1 2112 1620
2 3806 1508
2 2337 1484
1 3494 2343
2 2162 543
2 3085 376
1 2661 1967
1 1086 421
2 1529 31
2 513 1242
1 4368 3307
1 2719 1901
2 1907 896
2 4954 1879
2 3676 2737
1 3456 387
1 1933 1718
2 678 1067
2 2673 1995
2 2506 434
1 3727 1805
1 1579 737
1 496 443
2 3292 2341
1 4813 383
1 3947 1767
2 278 173
1 388 329
1 3801 1163
2 3565 1718
1 254 51
2 4263 3713
1 4400 1881
2 1744 4330
2 119 35
1 573 562
2 4735 1390
1 4707 3660
1 839 2842
2 1572 100
2 78 52
2 2063 899
1 4194 1710
2 2929 739
2 2796 1961
1 1696 1687
2 4891 3371
1 2886 2183
1 1936 4789
2 457 38
1 3256 69
2 466 456
1 1307 1177
1 2713 4572
2 264 178
2 1577 1275
1 4010 3250
1 1023 795
1 4714 2151
1 1917 1372
1 2843 4060
2 4769 4451
1 2077 1058
1 145 102
1 1476 162
2 655 343
2 1752 1172
1 1712 1374
2 1447 222
1 2390 2069
1 2341 995
1 2201 1559
1 3059 1045
1 1761 6
2 4919 2552
2 4783 3232
1 4008 423
2 1068 145
1 2196 4852
2 435 145
2 1858 882
2 4420 1004
1 4238 3781
1 4728 1153
2 4019 1959
1 1101 434
2 285 116
1 4029 2610
1 4003 362
2 4517 858
2 2243 1722
2 1580 984
1 2565 824
1 1166 296
1 2356 2227
2 2169 39
2 506 308
2 446 2799
2 3823 3437
1 1009 846
2 901 399
1 3396 3386
1 3310 2462
1 3106 2738
1 1754 1737
1 4389 4182
2 2940 2330
1 3550 529
1 552 260
2 880 76
1 4704 898
2 1844 984
2 1375 262
2 2693 1703
1 4315 595
2 3303 653
2 3247 944
2 1526 1397
1 1326 1236
2 2243 280
1 3633 2404
1 137 75
2 4030 705
1 1582 1101
2 4514 3537
2 4050 90
1 4677 133
2 4937 2451
2 842 4375
1 2711 1821
2 4261 2550
1 2492 779
1 247 146
2 4190 1039
2 814 533
2 1073 718
1 4841 165
2 2423 422
2 1525 3329
2 3224 2801
2 3541 184
2 4343 530
1 4544 2233
1 3473 810
1 1978 866
2 305 25
1 37 6
2 4099 3735
1 3597 3159
2 229 10
2 645 285
1 1346 115
1 1909 675
1 1951 1602
2 1826 56
2 4591 4434
2 699 67
1 4909 1781
1 906 420
2 2677 1496
2 699 676
1 4908 2563
2 595 483
2 2221 947
2 4462 4571
1 2722 3704
2 3402 374
1 2825 1745
2 1514 885
2 1324 1192
2 1234 2862
2 159 129
2 3008 179
2 2749 1256
1 3419 1151
1 2909 1920
2 465 99
2 1178 119
1 1544 262
1 3871 1185
1 4339 4138
1 2550 2417
1 1835 969
1 1672 49
2 4784 3494
1 2188 1467
2 2019 214
1 3162 2680
1 3646 2802
2 3560 1299
2 4636 1709
1 4535 389
1 2626 2259
1 374 79
1 66 966
1 3117 69
2 3761 2307
1 3081 2680
2 4765 1998
1 3363 1258
2 2249 312
1 1577 4906
2 2199 608
2 3122 841
1 4863 518
1 2844 1696
2 2985 1468
2 2267 432
2 80 4
1 851 584
1 4075 618
2 4415 3254
2 3917 3646
2 2825 2177
1 4859 802
1 2979 2175
1 2230 930
1 73 3252
1 1862 1329
1 4118 4366
2 3636 3200
1 3614 975
1 2421 542
1 3760 2663
2 3692 534
2 4552 569
1 2682 1083
2 1568 1243
1 4671 2613
1 2746 2136
2 3448 4264
1 4367 2326
2 3050 535
2 4589 2544
1 3632 2489
1 4306 3077
2 2077 2318
1 2650 862
1 873 404
1 3754 4877
1 3869 1107
2 3256 2811
2 4674 995
1 286 48
1 4754 3255
1 3590 280
2 766 450
2 2214 1349
2 1603 626
2 577 445
1 2503 908
1 3755 509
2 2736 480
2 2341 1931
2 3598 2856
1 4578 2970
1 1990 1705
2 1201 387
1 549 19
1 3414 1960
1 1574 1068
1 1385 59
1 2042 1568
1 3809 390
2 4559 4293
1 4335 2967
2 535 512
2 1375 279
2 4438 2816
2 4437 53
1 4720 4714
2 2549 2031
1 1729 1103
2 1467 590
1 4839 1290
2 1792 1801
1 1786 1163
2 4305 2225
2 4743 4356
1 2446 2671
1 2626 607
1 159 6
2 1874 19
2 755 558
1 4040 1550
2 2036 111
2 3138 3567
2 4651 4253
1 1029 1029
2 2420 2356
1 2187 666
1 4118 1339
1 492 391
1 788 44
2 3897 816
1 4726 318
2 2254 748
2 4766 1065
1 882 639
1 4852 1528
1 491 176
2 1683 1480
2 220 86
1 1185 159
1 4834 4686
1 419 304
1 3727 3584
1 3945 235
2 1991 1848
1 4783 23
2 4173 2968
1 1739 200
1 750 279
1 2608 450
1 3915 12
2 3834 1770
1 3116 2135
2 3818 1147
2 4884 4036
2 3188 2649
2 61 58
2 3073 2712
1 4440 3324
1 1048 664
2 4460 1871
1 1273 484
1 2216 1831
2 2101 588
1 1380 866
2 4777 1754
2 3140 9
2 1068 217
1 1768 351
1 208 113
2 153 3222
2 1750 1066
2 3082 1197
1 2020 26
2 4035 620
1 2286 299
1 4328 955
2 203 202
2 159 145
1 862 230
1 2999 408
1 118 41
2 1591 1070
1 4464 18
2 313 280
2 857 415
1 3054 1987
2 184 74
1 3474 908
2 1095 944
2 4230 2372
2 4492 1291
1 1170 2973
2 2622 702
1 248 23
2 1244 41
2 669 44
2 3526 1171
1 1145 984
2 4810 2142
1 2166 1064
1 3452 1650
1 1322 111
2 1202 805
2 2322 1272
1 1763 1354
2 790 529
2 1309 1063
1 2376 660
1 1818 2526
2 1521 1201
1 1199 1050
1 1047 965
1 357 142
1 1062 241
2 2452 356
1 16 9
1 4547 821
1 4946 3623
2 47 19
1 2566 1457
2 4260 264
1 2898 1427
1 2932 2022
2 3684 793
2 1820 1030
2 1419 262
1 793 677
1 2166 4804
1 715 15
2 4380 3061
1 4103 2526
1 4805 1318
1 851 207
1 2320 2171
1 1299 3341
1 3780 2019
1 4540 832
1 72 57
2 3994 2018
1 3642 2600
1 4053 3041
2 502 277
1 289 247
1 4232 2675
2 1077 775
1 4215 3944
2 4147 1681
2 1386 636
1 1690 53
1 1927 1051
2 3115 913
2 2072 649
1 2630 309
1 1632 380
2 1075 864
2 3916 563
1 593 214
2 4367 3778
2 2601 2217
1 4994 3401
1 1605 1499
2 4891 4852
1 2267 1861
1 4655 3139
1 29 4746
1 1750 574
2 2916 1134
2 2028 1449
1 2870 1668
1 4005 1573
1 2745 1214
2 1537 767
2 3380 3346
1 1199 412
2 1099 911
2 2019 1555
2 4165 2831
2 3261 2744
2 1649 957
1 3802 4595
1 2738 594
2 1825 2212
2 4121 3343
1 1179 141
2 904 75
1 2874 434
1 1116 514
2 1306 4323
1 465 334
1 2528 747
2 1823 3450
1 3480 2821
1 2430 2048
1 4551 3196
1 3658 3540
2 981 748
1 3497 1915
2 4206 106
1 3388 242
2 4466 4017
2 1746 398
2 3415 303
2 3462 1326
1 3853 2153
1 3619 1184
1 4754 228
2 1119 3692
2 4487 3355
2 3218 1460
2 226 3702
1 3027 1086
1 4920 1549
2 2636 800
2 3846 3390
2 3841 36
2 2043 241
1 3914 694
1 4824 448
1 1883 892
1 1077 996
2 4685 4438
1 3605 632
1 2163 1794
1 1537 369
2 3610 796
2 4271 2210
2 773 751
2 2938 1307
2 1286 773
2 1916 295
2 1464 331
1 2362 465
2 2894 1041
1 3497 1441
1 3447 1517
1 3331 3690
2 722 1721
1 2323 2281
1 3829 85
2 2015 2239
2 1097 3756
2 900 2617
2 1070 2822
1 3606 3590
1 4091 2605
2 611 103
2 2563 2308
1 715 16
1 2948 849
2 4108 1302
2 1372 1186
2 4892 4459
2 3122 598
2 2126 487
1 610 82
1 1085 4609
2 3642 2249
1 1891 623
1 4281 274
2 901 189
1 4362 2275
1 1017 453
1 1289 4087
2 4909 376
1 4079 1035
2 3379 2687
1 3215 654
1 2075 1772
1 2518 454
1 4550 2356
2 1559 1447
1 4021 535
1 2938 873
2 4732 1780
2 1036 208
2 4683 805
2 4184 1235
2 4490 3723
2 257 107
1 4137 892
1 747 387
1 1859 1204
2 1665 309
1 2005 491
2 4049 3860
1 282 9
2 373 91
1 3942 2506
1 3257 2313
2 3063 1337
2 2731 836
1 1851 175
1 1310 50
2 40 32
2 2981 547
2 2470 885
1 2114 1482
2 1024 731
2 160 2450
2 2617 784
1 1290 286
1 276 229
2 3741 3620
1 808 694
2 3084 1310
1 2859 1916
2 1902 708
2 1551 711
2 3061 1163
2 4354 566
1 4762 287
1 4237 327
1 1841 1651
1 1648 1080
1 383 235
1 4272 530
1 1165 208
1 2405 139
2 2655 102
1 126 4753
2 3531 2522
2 3615 1256
2 4323 1768
1 1295 4545
1 52 47
2 3396 3006
1 1785 1625
2 4437 4389
2 737 2159
2 1069 931
1 2920 1765
2 3137 2748
1 4644 3565
1 4254 1720
1 1383 989
1 2670 176
1 2272 2854
2 3323 2098
2 4334 1763
1 4279 2072
1 4237 74
2 3344 792
2 433 85
2 4931 136
2 1780 1009
1 3079 3060
2 4638 4024
1 831 715
1 715 3553
2 4800 3649
1 2353 2766
1 4486 2167
1 1553 1483
1 1134 2250
2 3518 2851
2 4896 1733
2 519 140
1 3097 1072
1 4638 930
1 4836 3006
2 3076 1569
1 225 169
2 1411 444
2 1080 614
2 339 334
1 1761 1644
1 2763 3477
1 4701 2168
1 1452 681
1 1066 801
1 1984 635
1 4451 1906
2 2281 2820
1 4203 1127
1 3782 2565
1 102 60
2 2817 4620
1 3944 2491
2 2782 2768
1 2775 270
2 1094 665
2 1785 1379
2 696 368
2 4312 3543
2 420 90
1 774 246
1 2014 1759
2 261 178
1 2028 976
1 3704 1349
1 1846 1463
2 4077 3079
1 540 74
2 928 3256
1 2142 1480
2 3053 1600
1 1171 1171
2 2714 2484
1 2127 239
1 2491 2129
2 3487 2072
1 1553 1100
1 4444 1268
1 3734 1615
2 3287 3065
1 4719 4645
2 2425 2194
1 4224 3874
2 980 120
2 4325 2801
1 513 554
1 3890 598
1 1783 1332
2 712 4445
1 4115 654
2 2663 2136
2 4519 2186
1 712 170
2 4092 2426
2 2025 460
2 1298 3288
2 3390 4696
2 2009 1443
1 221 1065
1 115 58
2 1142 910
1 4941 4593
1 1959 986
2 2761 2280
2 4027 3442
2 34 32
2 116 20
1 3079 2191
1 3198 2691
1 2623 2478
1 2855 2450
2 3862 2452
2 1948 386
2 3090 2250
2 3017 1386
1 2187 953
2 3995 2173
2 4401 47
1 1724 1157
1 1744 3182
2 107 49
1 3857 578
1 2967 786
1 894 399
2 2957 863
1 1733 815
2 3445 1502
2 544 2042
2 1905 1063
2 1794 661
1 955 389
2 186 26
2 1686 452
2 1615 99
2 2124 1671
2 1728 1481
2 3314 1788
2 2078 1051
1 116 1
2 4716 3434
2 1619 1299
2 4082 4663
1 4588 1350
1 4959 4549
2 1987 1601
1 1272 399
1 2322 853
1 618 226
1 948 662
2 936 4957
1 2078 814
1 1384 1222
2 2451 2010
1 1490 345
1 2308 1279
1 4227 2140
1 293 286
2 2100 1968
1 27 22
1 3414 3119
1 3634 2515
1 2053 1718
1 3323 3061
2 1533 1105
1 3652 2200
1 2901 1920
2 1357 1090
2 3963 3382
2 2051 901
1 3908 3859
1 64 34
2 524 3961
1 3313 2860
1 1252 844
1 2245 922
