50 0 0
1 18446744073709551615
921571417248462061 983982865973980818
6395679889372776852 18349670529997083089
2761585329384481618 8075766914384980521
611842962648198903 1751642856934988645
1176721615164851001 5313212608095774693
1032120936506853266 2263023263121176405
2177346252294882901 9352780976219272892
5952154841546274906 9591458914961236165
5215869529576316139 7228529354765184130
4285072447779679288 18002527783960746852
6373158661095189810 10464202507818495398
1702275438199694422 7804701357001853412
14645560568625633445 15500911490752780962
239835974586411422 4605729236294894204
1601663982712187065 3215359386389950603
11552486512060515686 13409094740484638355
8898827406443389875 9350228072438029317
1362313528570108238 2333008852415607218
8780512940544021680 17412745024474652414
3831988271609912883 9903015924956693256
4694232382620547210 7830537883384002106
7637489859318528369 14859558268240672260
9021968764865187309 16227019754739176697
3571649951689303406 15036755699440154303
2252837066519576815 10247934060203410532
3630242910467400414 6944329839704539853
8008331932612160111 13258338063065334739
272358627683792310 5037709130760233625
106344698313507180 1627438469490037897
430697816266909284 9262026730904963398
14168045936632784854 15218756664001219147
9033922961287518371 13858056552718014887
4158441679194295661 5172681504813837487
5468972281326880383 11866106550261959545
10989325445338316669 13008226475724839755
12905351082112176591 13945535945679844816
969008115966491849 3487573774500239873
1551960452221203064 6217607677045480516
10145640678719333789 13342141485802428831
1997290141352703442 12394938951229469876
2110310450686527373 13098693460919366457
6169120753036412754 6913674157683989135
1396445272830847689 9456669575087160578
3533717493444466163 13113571393404487480
11541861682910335026 18258125140169086020
476081721103500398 17929897969027475654
13018138623752307502 15020462145123646341
2563499471085627866 16921148900633859053
14349914197056947658 16926977610983950701
