50 1 0
1 959332540280906556
1 702279615469390745
1 556448964361330237
1 313996994815634248
1 612781860023975847
1 697702243279710772
1 866478132853438854
1 937201672905370811
1 111237181576381105
1 756746995548347891
1 306956277549150901
1 549429369183208444
1 452111207644166438
1 916434621469361325
1 831174200263405310
1 772372010816530256
1 398240595443347657
1 844512374218397223
1 342618849390909568
1 666069611032114173
1 884617421018525964
1 272178610697949889
1 464887022779939578
1 359330598802855242
1 609249028481561996
1 27203776425834607
1 801685108907454397
1 70332406200023345
1 83150695671025516
1 594588438475717068
1 642340844746211367
1 152871982874601154
1 183411337243944746
1 335153756261630449
1 259696359865195043
1 491156493052239681
1 820122414191019486
1 189264772857487366
1 880967345616976888
1 714715992799911006
1 21782121260538859
1 476833511724704381
1 522240853804220844
1 363119805945479329
1 441310818692754658
1 619484397965976056
1 138496538155219466
1 2314190233335652
1 665809908079224285
1 711361101352636538
