11564829883826138
33293817771701514
31647794964191644
13498753260635160
3482976244055931
257090399520945836
547725038110096
412955524108348515
20813429947090241
22582344483322743
10889450714118724
36595953416898
103446921576441308
4740568009609939
203080840344021501
50195482859026
10318373825056269
38920533355999442
56173432714051938
80810660050881921
460327531419438073
129456696490310592
1202825429801562
81982780596452512
7840952677283200
517242448197466
105545486946257910
569265193257373067
15057172238828811
584308717796701
779738911185366574
18924995943509130
7460636492416547
360905344400990176
19952420043453877
57800014010781776
66047673955083938
9142379510356923
19191065493061223
316495858079553
3978457960470580
14489868094903977
938572026945115
431008188867176644
146576325358787395
537109655240448583
124192616320049193
186312680137494906
9981537487448556
428796116840015837
