50 0 0
2777 81841
26111 63648
42751 56712
45521 61925
10014 98939
2584 48548
8317 39456
2206 2284
67947 72539
18103 23196
53330 95731
31446 72865
14847 35611
41095 69978
44436 61380
21304 36197
5092 14480
14876 27232
198 280
13321 40251
71283 83562
38324 86302
20090 32934
2469 36042
15555 58516
76199 76363
3075 35152
6385 86532
20826 30175
2818 46968
3838 91847
1366 6984
17605 52672
45908 46950
36633 50577
6564 98534
65297 76234
75 142
10225 81680
3222 44433
11440 27351
33781 75166
3000 3976
11067 50439
20868 67007
28552 50239
39036 74575
27836 95548
32922 93910
73845 78325
