8584721969337984019
8584721969337984019
8584721969337984019
8584721969337984019
8584721969337984019
8584721969337984019
8584721969337984019
8584721969337984019
8584721969337984019
8584721969337984019
8584721969337984019
8584721969337984019
8584721969337984019
8584721969337984019
8584721969337984019
8584721969337984019
8584721969337984019
8584721969337984019
8584721969337984019
8584721969337984019
8584721969337984019
8584721969337984019
8584721969337984019
8584721969337984019
8584721969337984019
8584721969337984019
8584721969337984019
8584721969337984019
8584721969337984019
8584721969337984019
8584721969337984019
8584721969337984019
8584721969337984019
8584721969337984019
8584721969337984019
8584721969337984019
8584721969337984019
8584721969337984019
8584721969337984019
8584721969337984019
8584721969337984019
8584721969337984019
8584721969337984019
8584721969337984019
8584721969337984019
8584721969337984019
8584721969337984019
8584721969337984019
8584721969337984019
8584721969337984019
