924385668813726558
522968696756896269
353990553502663963
167194413271686027
414223421972045956
517018195949569650
764136541427837764
884626808406088592
101249992407418684
596991315716616492
163526528571916285
346929694802737535
259193423313049954
848208953280755464
707733131157170878
619321322011117320
218771512314737346
728749912786154484
183125791018859827
477041765637260468
794086239467615445
146863335051671181
269631241671202114
193185419355733006
410259475857570955
14680076875684502
662530502953211594
52433232998848506
70825312338652480
394076567321419890
448367676354655301
108082644860552246
115298584905217577
178812664710117368
141472563340713401
292119051362150809
690588532839404182
116894676959047567
788006729481724336
539347351083971349
12566395940034316
279686846731243370
320511424001739500
195544012875334642
250624156825993921
421812479526670211
105331637265458230
1304128620273062
476721842888542678
534898506382372393
