50 0 0
60950 86154
1135 4323
44901 58406
19741 46810
7535 50364
38939 99857
1526 37104
15238 43751
28622 58280
66268 84861
23784 26799
9346 89992
7003 30981
17427 39313
24276 29379
39000 93719
42198 66568
1100 14254
9047 18100
11556 98641
35974 87194
5172 31054
35482 36744
36165 44045
5966 17807
58229 64951
53300 64745
37384 97254
37341 66284
11527 80238
48835 69371
75693 76518
3291 12474
54196 67451
1005 1193
20443 48263
6459 75100
67224 81302
20974 69478
94552 95311
33915 97518
194 3931
6341 59957
28632 31623
38803 93238
29424 43986
13597 89227
26574 29812
28274 45217
55281 92044
