7877
6716
5097
7435
1113
8680
969
7286
4169
8695
2681
4357
1720
9414
6529
9537
4287
9149
2603
4872
4780
4854
7425
388
5283
115
237
6680
5777
6089
6064
4231
5229
9876
2286
4933
3947
7828
8149
4467
1457
5427
4553
2362
7440
101
9892
3924
9344
6565
3594
510
4573
9225
7783
5501
5665
3764
1179
3627
8587
9156
5519
6223
9071
4805
9738
8508
1239
7950
5706
7317
3071
8423
2494
2493
5641
7353
4122
5234
2622
4313
3646
1613
8466
983
5323
8940
4086
4458
4042
6476
2168
5949
2604
6092
9283
400
7295
7309
9294
1371
10016
1575
586
4623
2590
7399
8637
8621
4654
6231
3501
9557
5887
9942
7374
7018
9637
8021
4919
5306
1312
7933
2438
7079
5062
9945
5471
3007
7380
9522
994
430
3999
6597
8251
1054
2426
5399
7280
2073
959
3549
1982
6560
7352
4254
10044
3796
4352
2832
9210
7186
6577
9537
607
4678
9475
9876
9305
9093
4219
5140
6348
4294
2083
4153
3013
9861
9118
9611
5251
8988
4249
4399
9850
8890
7129
7839
9464
4632
1485
4583
3303
4461
2250
9204
2927
695
2615
10021
413
1514
4225
7250
2773
4938
2174
4707
7921
5502
2110
3650
1897
5026
6734
6530
6727
9556
8445
3886
5552
1833
5269
4141
8456
7340
7148
1438
8775
50
9427
8758
7879
2926
2896
100
1353
8664
1440
2635
4374
594
408
8586
2153
6694
6068
5607
8122
5228
2934
1347
1234
8158
2699
6734
4931
4339
6071
6239
4917
4718
7004
7139
237
2911
2335
4942
7224
3660
2126
849
2063
4213
5395
1872
5748
1882
8827
7354
7281
5799
4981
2441
3580
5966
2959
7397
4825
3310
2875
4133
4186
8625
8370
8854
8628
6362
2644
1966
9135
4781
6106
2584
2492
3109
935
1569
6521
7397
4985
9044
2218
1166
6444
4703
9733
3832
971
5909
3956
7665
1830
6613
1510
2135
2561
6344
4258
3794
9952
5198
8470
7199
436
5368
3339
1828
3723
2733
9541
1403
7603
7887
1132
4573
1208
5236
4951
5801
4225
5322
2495
4156
3906
1415
4524
9492
9338
5120
533
2863
9078
879
7522
5255
7177
562
5194
2468
1427
6102
2419
9896
5921
1816
2306
8420
4046
8339
8156
8557
1786
615
3487
8354
7762
8052
734
7242
1961
3761
3298
970
3604
4774
5741
9886
2080
9495
2103
2961
6120
8084
7844
618
9086
1864
2144
1755
6464
4187
2008
1491
5834
1645
5819
5669
9484
3505
5574
4038
9765
4889
235
7206
5218
1053
463
4485
1856
6224
7817
6931
7866
9190
9153
4367
5562
4014
5157
8163
939
6024
7978
3590
6507
9032
530
2628
2126
2454
5760
2946
5086
9285
4837
929
4918
5838
6754
117
9150
2522
1585
6926
1647
7459
7074
1309
2057
1324
10045
8945
8865
5520
7532
3537
8352
3677
3967
3037
8642
7686
8377
3994
916
1109
9310
5030
8244
7782
6223
5815
8165
8619
8702
6802
4799
1984
1788
727
2399
6393
2463
3255
1034
120
6568
7008
7781
1466
5141
6191
5941
9169
8560
9106
8986
6973
9172
8108
3230
3869
1492
9794
7539
2891
7028
776
6435
1975
2943
1124
2052
6885
7116
2066
1114
4061
9475
5948
5419
5941
3690
3085
7137
5051
4576
5258
3689
9474
178
1832
7980
5537
6980
405
5636
6105
8653
705
2107
2991
5943
5773
4753
432
7486
6211
8710
9680
2630
9404
7478
4050
5996
1535
2144
4885
3200
205
9155
862
7026
3804
7823
7302
4784
6320
789
8169
6337
8643
5246
7458
1976
837
4494
325
9198
6354
4457
6009
756
2782
900
8739
2072
5876
934
4134
3900
1247
3584
4467
2668
1958
4978
2932
9829
5826
5893
2212
3904
3741
1882
9624
2807
1440
9167
5022
9290
7671
206
8407
5854
3640
328
1342
9712
9757
6042
1495
1316
7682
2835
4224
8453
3504
1544
9392
681
1516
6594
1759
6653
8790
4843
5566
7692
3717
9475
2787
6096
559
2109
5240
6324
9134
6324
7262
8204
897
4196
6933
4349
4797
420
762
4772
4517
6052
1200
7648
9344
3455
1817
2441
9388
7573
9775
6568
3130
7364
7909
7552
7365
5197
7131
6826
1477
9453
5437
4092
9843
3888
9197
5100
4927
1817
2902
9643
5568
2706
5686
1620
7695
3835
672
2603
1771
2140
8352
3199
9399
8149
810
8316
10083
697
1823
5065
8479
6704
9186
5255
964
5918
9274
7264
9836
4794
5962
5956
1368
3856
1575
4525
6959
4918
4216
5822
9259
357
8901
5403
2777
8747
2671
8612
53
4526
5515
1425
4380
3256
3177
7608
4691
5296
3104
3652
7034
2574
5941
9924
2167
7196
6032
3422
2186
3619
9834
1691
2878
7721
3571
4325
1621
3351
9781
4525
9670
7181
5667
1109
