1474
9692
2646
10022
1875
8880
9769
9433
7574
3392
9340
1600
7925
7604
9495
6411
7230
2247
4569
7405
7070
5949
2358
4864
5294
3722
2130
1492
5848
1111
8582
9661
7518
7806
3455
6710
4819
550
6639
2041
1245
9606
5003
5185
4887
7868
85
6353
406
2931
934
5090
5863
7739
601
3184
6821
4913
6576
7743
973
6681
4494
348
6445
7518
3616
9994
1456
7374
6432
9556
872
3511
3405
893
9393
5659
1209
2646
10073
1141
3343
5012
6022
6511
4432
8656
9262
9435
2911
2352
7140
5523
8732
7045
2741
6509
3965
7778
935
9045
8538
3960
8171
9587
8547
9303
6230
1397
5324
5368
9758
7845
686
8828
985
9883
1571
211
6432
481
2115
4805
3123
2897
9293
1507
544
5565
2700
9255
8334
9104
8589
253
6809
4044
6894
1137
780
4215
6509
1382
610
9714
6600
8775
364
6698
4007
3902
7255
6997
5046
3608
8125
9125
1335
4127
9460
3244
2101
3087
6655
4550
6110
8289
1248
1555
5986
3086
7888
6943
3000
1103
740
6269
8738
7047
8018
8213
6275
3423
9854
2443
6416
8432
7128
7958
9459
2672
3292
5934
6820
6408
9149
6041
1804
8001
9168
485
6866
53
543
5653
1512
8036
4315
9626
8242
346
5293
6833
4433
1797
8195
6307
1015
3076
6193
8934
178
5576
7500
8401
2387
9351
3870
1938
3760
3989
3771
776
9503
5227
1820
4606
2629
3086
4591
8258
9669
4018
9837
880
736
6709
957
8498
723
16
4383
6614
7829
2583
8919
8681
118
7876
8240
1664
9183
2605
2437
3294
4502
1552
4807
5489
620
3564
8139
5464
8770
6174
3481
8931
4288
2469
9549
5745
990
4204
4946
2651
9459
4385
6310
7775
852
964
7183
3223
9849
1529
4774
84
3971
6086
4319
7215
2580
7740
8822
6458
1507
7728
5883
5880
9894
75
4881
4562
5063
7576
6746
1602
5132
1643
6650
422
8584
3127
3573
6273
6320
9092
600
3398
1898
7675
9554
4051
6339
1803
2813
1374
6261
8739
4299
3618
6208
9283
8558
4299
6314
1807
3667
8790
457
2051
3960
7887
1262
6316
8277
5676
9718
3263
4143
8644
207
7958
1336
9236
9478
1472
9942
5454
4018
487
387
6650
5685
2442
7218
2135
7450
1855
8894
4771
1360
8175
7163
6702
9507
3214
5572
1135
4246
9600
4407
9696
1840
4956
1098
5112
8812
6746
7381
2583
3629
3662
4722
5859
8490
2129
1785
5538
6308
6702
7233
7802
1202
5019
8316
6795
5639
3613
9671
3064
2904
6397
543
10080
9846
311
6097
2809
5246
4133
1626
7471
7795
9923
6611
8558
4906
6175
8978
7048
9776
8567
8163
3464
9569
2126
9531
8238
6707
4251
6876
2156
6688
6747
8405
9082
909
2510
7952
793
9850
735
601
5906
591
4314
622
4422
1783
597
8368
4096
6654
9556
6627
4655
6781
9634
4634
4657
3815
6771
2513
1851
6294
5156
4631
9462
7736
4181
9781
5844
8988
8022
1961
4490
9200
1555
9557
4960
4677
5301
3873
6369
7476
6656
2700
1593
6362
165
7632
3843
3098
8822
4046
2284
9313
3165
4370
1141
2254
6312
7228
7550
3381
9207
7910
8587
4165
9930
3512
2619
3279
552
6989
5598
2514
3253
6268
4631
8110
670
9757
414
10072
4505
8785
3774
8951
708
9729
6621
1824
2805
1058
7061
3738
2599
5381
2845
1039
4387
6489
9403
6296
1184
3362
5812
2667
1631
787
3856
2000
2049
2301
5337
5587
6645
6858
4676
2496
2442
7629
3134
6127
8463
2968
2566
5538
7164
1713
5436
7613
2042
605
9634
4355
3665
5540
7737
1121
5235
1853
1202
2133
1767
9116
1705
1729
2728
9061
451
6364
5288
3450
2935
9957
1517
5785
9606
1228
9820
8410
7801
6101
2208
3095
1627
3233
9181
7503
1920
9359
1856
496
8552
6126
6973
6264
2271
1430
2190
1867
2546
7375
2764
3251
7269
7369
5973
2114
306
6671
9845
9247
2757
7512
3765
8491
3012
857
589
7521
4543
501
5820
6271
7068
2765
2202
5948
8448
1998
684
3991
5059
7534
2322
9391
8392
5078
5464
6352
804
5509
7649
875
9587
3921
1334
7453
5429
5440
4315
6021
444
4768
242
6302
830
1256
1169
3056
2912
9812
7976
4970
2395
1669
8127
8515
6435
1323
5906
1545
6144
1331
6643
608
3119
7118
5011
2653
9675
6719
6299
7848
4513
2288
7491
2491
8221
522
2288
5310
417
9832
7391
