514
69 72
73 73
52 77
92 89
54 94
82 70
100 77
63 73
94 86
50 86
53 72
92 89
56 84
61 93
62 73
71 88
75 100
84 51
50 61
59 87
52 62
93 93
95 88
63 74
50 89
68 75
71 86
83 90
58 53
63 60
86 60
51 63
62 95
70 93
89 54
82 95
53 64
66 79
88 96
98 58
57 92
78 82
75 94
58 80
82 68
52 89
58 54
78 57
71 53
79 99
52 92
94 58
80 92
94 98
67 94
66 80
78 54
56 61
60 55
90 83
57 68
57 87
72 78
55 94
81 64
74 80
56 71
72 96
74 69
98 86
76 75
65 93
88 73
75 52
54 59
72 93
83 63
72 56
87 78
54 82
57 63
56 69
69 57
72 95
78 52
68 57
91 100
54 87
53 99
71 93
95 71
97 75
56 82
88 91
87 66
85 68
54 72
73 97
62 91
50 92
63 64
69 87
97 58
53 71
98 66
74 76
60 87
70 52
98 55
74 56
82 83
83 82
83 60
73 73
97 63
53 100
93 80
71 92
52 98
84 87
74 58
75 77
91 66
87 71
83 89
51 85
88 80
92 57
92 77
92 84
100 64
98 59
60 100
73 75
87 87
85 70
63 56
86 66
54 63
81 66
74 83
77 72
53 52
94 77
66 56
96 64
76 67
96 93
63 96
66 85
73 73
56 93
92 70
59 69
67 68
90 66
53 86
58 93
70 92
53 98
98 87
75 85
97 98
87 91
79 70
85 97
55 61
74 69
64 79
89 72
96 97
80 71
94 61
53 90
88 99
67 65
53 79
61 70
98 61
92 58
60 100
87 88
88 50
100 66
86 85
92 88
88 71
72 68
63 63
91 73
76 87
88 70
89 96
53 90
96 61
53 66
57 67
73 64
75 75
62 98
87 65
55 66
62 61
100 84
87 61
85 73
95 76
68 77
84 82
51 92
82 75
57 59
56 70
75 55
87 57
80 67
64 95
73 65
60 84
90 53
72 96
73 64
95 98
51 63
68 70
89 71
67 94
74 92
69 94
62 91
54 62
89 54
55 51
68 91
73 75
62 91
56 57
81 76
76 80
50 89
89 71
100 89
93 90
91 87
55 99
92 95
81 96
100 52
71 89
88 95
70 93
94 55
54 68
91 95
68 70
89 81
84 74
85 74
87 73
57 74
52 90
80 91
98 77
77 71
71 84
66 63
76 82
71 64
90 55
73 50
64 56
72 92
95 52
92 61
76 95
84 55
72 63
77 71
82 64
53 58
84 78
90 95
100 100
78 67
79 63
93 94
99 99
64 63
64 89
59 86
69 82
93 82
85 66
89 59
64 75
86 83
98 97
73 51
68 53
77 82
53 62
90 80
91 89
81 73
100 81
59 66
51 83
58 73
59 92
78 79
69 56
86 62
95 70
95 57
81 73
79 93
76 67
65 96
90 87
60 77
54 78
98 57
69 67
90 57
75 74
66 59
98 89
91 93
59 83
86 90
94 74
88 72
73 62
60 87
94 55
96 79
90 80
76 58
83 60
82 86
75 71
78 54
75 74
96 81
58 61
78 95
56 71
92 51
80 61
66 67
71 54
87 58
95 98
85 50
53 85
84 65
99 75
72 75
84 100
85 62
80 79
62 76
77 82
92 88
86 58
83 82
59 84
66 73
78 71
56 73
88 67
75 77
94 96
73 70
68 52
65 63
73 54
92 72
57 63
72 68
93 72
70 97
57 63
51 89
76 55
62 92
79 87
64 95
78 91
71 72
74 63
74 84
95 59
91 79
53 61
73 65
73 87
55 54
95 87
75 73
70 99
68 72
52 87
80 75
99 55
52 92
90 65
77 57
68 87
70 75
78 76
100 76
60 84
75 90
96 54
60 75
67 89
85 50
86 63
55 84
83 58
56 81
73 51
65 63
91 78
85 52
80 89
53 64
80 99
99 79
91 80
67 95
83 71
51 83
50 100
52 79
67 87
82 92
58 87
61 72
72 94
79 74
73 69
84 52
98 68
76 78
51 51
57 95
81 80
100 53
66 50
59 91
58 55
96 60
67 59
91 73
95 62
80 80
68 83
52 69
64 72
53 77
77 100
83 59
71 63
69 71
58 100
52 63
76 50
65 79
75 82
94 70
56 73
100 72
89 98
69 63
78 54
81 72
62 88
94 56
57 77
51 71
87 81
84 80
86 70
57 87
88 80
67 64
95 63
91 81
50 65
96 54
72 83
53 83
58 60
84 94
56 67
87 77
97 76
74 58
67 97
93 93
57 58
74 64
61 74
63 94
100 60
64 69
77 53
60 59
69 76
64 76
92 55
72 92
