2635
1272
9424
3036
3912
2022
1880
9332
9228
7711
2193
3967
3650
5474
10003
7249
3442
3879
3164
5824
6973
3008
4494
7301
1386
5950
6388
927
4502
9258
1
4448
6886
8169
6838
4683
7691
7163
5459
6105
5262
278
2526
3564
8753
1582
5892
4936
7912
3804
8079
6466
4786
2284
838
1421
3969
6956
769
6177
2220
2157
5748
7023
8644
7007
6734
7706
8706
8487
478
7900
3865
5323
8960
3974
1578
4597
8802
2932
9512
8060
1118
9714
9023
4444
4319
288
2760
1156
1886
8010
2655
3936
6317
4734
2763
8045
774
6761
4249
5202
9586
7040
8198
8127
5793
1913
5032
5919
7438
1976
1422
8555
2632
6904
1938
1927
4132
5475
9696
3601
5730
1150
3557
5418
3125
1659
7526
5339
2814
1123
4044
2620
1743
1903
5255
3236
8639
9519
1381
4956
1827
2862
970
9904
2956
3847
7964
2139
9456
6256
8723
388
961
8079
3836
330
622
8991
715
3448
9104
8037
7021
1492
2410
8729
8470
3204
7261
4471
117
4433
563
7426
5553
3066
5956
2889
2552
4948
661
4653
6668
67
3711
2753
9499
857
9705
4912
8700
3557
9287
5118
9204
8344
3354
4306
8647
4526
7142
855
3250
4920
895
8118
489
6792
10072
925
2674
7006
2361
879
1132
966
4527
7605
6778
9630
274
9494
6660
1458
1126
9886
2596
1525
4444
3954
9442
8
9023
2894
8919
1235
4566
8531
4888
5867
2363
1816
465
8380
3768
3015
6510
4326
3332
7604
4538
9879
9350
4617
3818
2525
3337
235
2204
5863
4312
5764
7299
134
3181
9710
4048
3035
6661
92
2050
2738
1831
7318
3766
5553
3087
2386
4700
3042
2778
9909
4468
604
2883
6794
6593
7080
7304
1835
2625
3869
209
5781
6258
6410
2511
10036
9569
1928
8783
2215
6453
2029
1036
5891
8510
7785
8880
9767
3778
8435
2885
1609
6264
7895
8857
1827
9553
920
3730
894
3104
3288
7086
3975
4862
6584
4479
4237
8070
2094
4611
2991
7420
6110
7053
5724
6783
8552
597
559
9113
39
2380
5106
4199
6610
6921
2536
1124
3400
7846
3459
5373
6139
1444
3467
301
5963
8792
7232
5979
464
2048
3620
9121
3868
7136
6785
621
9864
4620
7080
1342
8437
2832
4470
8797
3715
3619
7272
167
6556
9047
5210
1133
4420
2121
456
8832
2684
2026
7060
7535
6727
3608
6845
2286
6715
4745
1614
3115
1309
932
9994
2678
4929
3193
5871
4024
8593
2577
6583
3474
326
4990
54
2695
4713
7018
8831
517
8937
1662
9340
9484
6059
1772
7882
2326
3748
1227
7849
4124
825
9074
5827
281
1994
4927
9082
967
3124
8175
1787
2826
359
3839
7271
44
1104
6996
5707
4552
4929
231
9281
3731
4422
6768
184
7093
62
2313
3590
2209
3454
7348
9895
9437
7237
1483
5248
4738
1781
9819
7306
7415
4300
1285
2150
1708
1409
347
2107
5448
7165
4753
3732
6165
8853
9024
6832
5880
9220
6412
4305
1407
2866
5229
1721
3813
2758
546
4885
7067
7035
9878
3638
1922
8323
6011
6571
2758
2750
3044
553
1230
3951
7705
2765
3488
4238
327
3550
8306
1886
3240
5708
3265
5109
6847
8565
4333
3376
6516
8693
7334
8243
4923
584
1091
2611
7363
4283
2594
8367
7325
7904
9651
8740
8804
227
2369
4707
4353
8333
1210
5888
7471
3188
6857
6627
841
2644
8432
9374
2838
9356
7439
7202
1201
8027
9641
2401
7643
6472
274
2151
6304
1907
6767
345
849
9698
7701
7786
3336
5275
8048
5356
7693
1073
6156
7577
7616
3869
7837
3731
5722
7303
1175
6336
7559
6845
8963
2931
5352
7676
6194
32
6054
1864
4049
5394
4137
6889
7532
5238
7015
2291
1128
5429
9390
6427
7949
1520
8729
7520
1572
2095
3188
6645
6991
3778
382
9017
8987
3222
2531
3134
7343
5924
4844
3949
5592
3537
5384
9042
4331
4582
7947
9388
6419
9710
8723
2927
5449
2253
2837
2120
5685
2530
4699
1123
962
419
9857
1181
4718
7885
8502
734
7016
9103
1506
1253
7948
2942
9974
6915
3525
5211
3656
480
1979
6518
5882
9442
7436
3550
10036
8745
1901
2180
4342
5602
4850
10006
9558
2213
4735
2278
1250
1987
5868
441
1302
8856
4774
9089
654
4626
2791
2426
1885
7606
1206
9340
3130
7141
4454
1404
8111
7213
9744
8264
154
5531
2511
2068
8820
2294
9430
7309
4211
9530
2497
5743
5362
5146
3847
480
6501
3959
2862
1607
9710
818
8010
9861
1834
6177
9221
4958
4035
9127
7496
9811
9544
2754
8924
8313
7646
5406
2893
102
8093
4242
8543
7697
6822
1050
4862
2893
5960
9587
367
6489
8258
1039
7344
4015
1413
1046
6893
1339
7556
8501
2835
1369
4562
6087
2843
1339
2965
2562
9376
6348
2997
7597
633
2773
1531
1238
8119
9168
8391
2970
1080
796
1385
6210
5308
4246
558
3011
9357
8140
286
4202
7797
5634
3207
408
3319
3632
2959
4410
5665
2768
5427
4017
6558
3008
5086
7943
5683
6978
1938
1069
4921
5812
9854
3568
1755
225
7365
1995
5900
7622
2618
6511
6667
6349
7148
8676
9237
5282
3664
3315
9878
7413
4296
172
3567
721
2257
6375
7038
2071
1217
1360
993
2751
6587
1591
8778
3886
5986
2522
4746
4445
362
4277
1046
5443
6193
7201
5485
10032
4653
3641
7787
2728
5481
4330
7769
9770
3598
4313
7176
755
7600
10073
5403
9517
2090
4035
6678
1447
3284
8833
3061
8250
395
856
914
4676
7689
4675
5718
3440
9133
303
1424
5748
4808
6185
7646
6724
1857
9602
3996
1893
7189
2289
9056
4481
2221
5801
2806
10024
2478
6026
2931
9296
5666
7435
4929
6015
4462
8206
492
3322
2501
8986
1687
7024
6456
2156
8720
1108
9402
4844
10016
1191
8028
9287
771
6746
9604
4611
9529
8132
5530
6300
6299
