896
8236950 8455704
9040271 9040271
8095012 5628657
7806191 8665074
9190160 9776874
9334855 7027471
5761042 6312860
5312646 7556267
6961328 8568762
8455616 8638753
6828333 6467395
8789793 7749159
5400642 6887245
8470133 7405565
6347872 5518962
9931433 8898534
9886407 7128618
9850527 5397493
5748826 7429317
7042174 7947198
6587961 7324805
5920242 8289358
5654603 5203958
6798614 8135433
5403566 7406768
8696685 6048116
9126024 8054748
8448140 6507415
7092795 6852678
9878167 8549330
5044030 5412615
9102045 8895710
7287551 9564667
9185200 6493593
8857357 8409458
5437975 8194312
7587639 7669093
5439609 8742853
8945686 7994987
6724069 6178227
5236820 9499997
8398383 8919749
7011139 8552630
9272671 5449100
8312624 8256129
8101996 6483363
6268704 5260206
6868853 6211382
9768300 8527397
5675923 9110287
8867966 6792762
6331648 6809295
6826351 6227360
9863561 8354900
9540321 5797845
8708930 5624456
7287863 9807419
7272239 5561731
8720593 9530645
8845639 7950657
9118982 7887142
6001714 7785852
7371070 8341080
5173449 5501773
7991247 9202483
8630076 5365237
9167184 7887876
8151774 8714757
9092734 6578782
7166167 5277395
7432642 5516705
6358186 5653654
6805620 8860194
9344264 5367538
7246334 9037955
6803163 9702791
5215261 9162929
8360205 9616048
9695474 5063777
6388460 7797647
5865251 5729469
6995743 5144249
9324847 8233627
6245685 7080348
6948755 5538996
9531072 5376536
9015358 7901129
7424392 8107491
7219840 6978659
9956546 6996159
5428192 9136186
8728246 7500166
5987551 5905601
5259761 9932408
6755777 8696702
9867147 5834026
6539274 6518636
8824827 9773923
8552263 5839726
5589577 5551048
9651098 5687199
9456679 7380516
8168530 6300147
5688210 7138580
9983075 9022941
8755471 5213308
9374513 8557331
7827930 7164240
8658962 9477718
7026109 5392750
7204781 5083551
6070829 6414282
8120836 9630933
5528394 5232315
8369000 7374594
5919633 6412352
7782660 6936556
8738817 5884969
6646574 8383469
6024484 9397331
6337848 5385643
6480772 5888241
5059266 5518880
5560291 6600803
8227817 9990190
8779428 8525799
5425502 8443483
9107670 7917429
8391883 9008349
8576761 5665337
6465190 5821818
9653655 6584649
5983386 6941745
5380655 7773344
9408639 9048810
8292742 8987163
9825775 7799727
7607635 9711498
7802189 5927272
5518925 6299149
6677869 9154186
6599411 5127911
7361789 5903844
7853533 7240817
8312232 5373044
7445342 8094737
9020433 7274409
5182797 9896122
8777357 6467174
6552618 7347246
7148248 9505693
9768323 7664473
6666179 7035374
9166363 8864598
7682450 5685038
6531227 7929206
7954590 5509511
5099276 7428407
9375345 6742673
8131372 7985359
7968136 6963634
5504712 9453482
8144000 7389227
8643019 9525096
5318814 8416076
6971144 9351058
9523343 9574645
6078210 7724888
8560429 9324213
5148191 8219511
7417823 5191219
5481822 9383454
7956522 9994662
5811943 9643612
8961778 6622580
7486648 5367329
8426850 9714735
8729782 9584419
9797445 8162125
8385702 7323814
7141910 9328691
9277285 5214976
6410895 6207242
9991712 9312218
8306425 6498265
5863678 6296394
8380806 8953621
5475907 9671084
5355546 5233305
9812081 9133568
9120472 6765171
5867751 8419257
9831414 6471004
5111883 8611365
6027444 7868924
7341692 6296073
7562584 9146371
7163712 7985253
9001363 9148912
8550699 5303499
6538557 7852032
6222521 9613143
6293075 7504349
9224852 8087138
7100686 8870260
9025098 6722240
6655894 6369253
5522984 8206444
9659405 8141667
7416542 5262017
7491662 8566544
5676148 8380188
5197369 5288800
5564710 5390710
6361207 5396950
9569434 8850491
7136418 9650281
8343466 8738911
8523481 5856764
6810721 6354224
6584829 6495366
8554413 9012333
8505011 7982784
5340861 7585741
7142275 8356132
8798040 7946292
9630795 5479677
7076696 5663958
9748399 8460007
7433372 8338161
7202694 5420311
7593198 7325956
8938156 9918450
7396964 8905604
9685882 8647665
8447454 9960980
5230419 7543473
8167580 6413192
9186939 9414930
9115464 7875425
5688087 5227052
6714482 5795068
7673697 8381790
6938511 6074578
5129079 5935707
9238184 6213639
8655393 7783032
8629634 7922489
7780740 5286356
9944813 5303549
9425717 5713732
5274487 9727706
6438236 5452871
6910074 9073297
9614127 5382430
5640002 6394085
7094762 5587782
8860779 9819118
8788066 9387337
7273873 5766330
5181173 5167966
6861140 8428040
6766055 6788242
5595673 8088037
8190434 7059019
9385676 8678190
6401151 6580450
6310426 8084410
6536988 6118652
5413040 5943617
8466505 7139999
9961772 6399239
7323124 9262329
9912866 5358267
9795692 5559318
6000547 5282838
8965413 5189446
8109082 5920183
7883417 6385884
6973546 8404075
7801245 6984286
7321031 5145678
5294686 8719313
6262579 9213898
7343989 8448951
6726992 5387649
6998965 6314810
9290269 7319012
9190462 5791732
7886586 6322243
8225967 5840689
7323596 9598631
7110955 5703145
7974394 8433519
6288229 5975231
5667104 7486058
8679956 9152197
5419339 6992328
5677308 9753137
8669657 7218650
5384034 9391374
9448819 5278240
9567046 6183992
5401748 8251547
5834382 8821544
9521468 8822727
6146848 9596534
5630665 9816434
8664628 9383328
6362194 7306001
6013727 8871702
7598188 7619152
9676167 6629046
9855804 7132063
6669174 5255376
5918707 8059398
7701859 9324667
9242172 5760445
6673497 6515586
6295213 8714462
5659320 6643187
7099622 8766342
5775475 9245479
5825841 6333076
5061057 8447739
7493775 8464692
5468146 5226407
8310072 5785675
8090328 9128171
5550806 6835858
8547141 8494426
9493416 6566085
7769536 5486839
6975789 6327761
6339063 7291525
6978167 9381819
9774440 7777223
6206364 6271248
7773091 8142486
9818214 7725082
6279045 8003236
5795828 5588687
9555570 5483298
9409085 8306606
7287439 9775568
9184153 8842276
5935915 5932560
6793915 6625275
6933444 7302293
5369357 9793792
5365544 5361616
9691571 9624128
8011418 8833065
9184542 6110565
5057150 8963682
5851982 9852865
9092419 9184730
5630039 6463229
7996504 6222976
9652634 9056453
5950960 8563331
7200724 7750654
5077171 7890598
8158391 5422167
7397767 7546466
5724741 8070401
9511215 8481344
5434959 5463522
5398609 5857378
7280328 8824263
6254189 8741692
9531291 6974439
7833002 7885343
5806567 5633290
5789529 5343457
7599576 6402694
5768938 8535059
7184524 7656149
5097034 9705987
8126303 9929493
9933579 7408474
5848043 5431157
7965448 6287736
8147041 8379575
8414964 9508647
9431247 6941716
8829174 8446324
6820958 5937971
6298359 6646498
5613953 7118866
6350399 8665651
8968806 5107279
8592468 8626613
9274982 5572336
7983373 9712568
6830262 9499118
5672707 9648520
5892704 8674611
5119362 8970973
9808708 6198631
5730619 8548507
9860337 9134044
6336920 6633002
6252173 9680649
9303000 5092288
8433132 8941804
9521439 5788529
6746984 5768597
8066152 5466935
7886831 8459772
5044084 8510254
7802281 9759848
7893509 7813385
9128446 7734512
6063975 6243766
8198122 7461876
5824474 6833819
6448489 6404420
7616718 6736086
8026523 8995036
8091157 6339394
6841728 8772711
9359980 7591426
9743195 6343367
9034795 6875992
6543873 6333909
6126376 5156114
8630380 8234627
9393698 8494286
5245917 5110385
9204267 5436788
9196079 9800243
6231891 6981732
6818564 9974675
6259902 8878535
7359035 5362243
9226750 9558670
8731521 9424437
9396376 8438976
6488173 5159933
7470061 6216252
5263951 7214418
8014050 6550599
7028877 5580342
8778866 7262089
5953283 6333739
6873676 8074478
7619358 7493028
9698748 8713054
7320304 6739014
5138175 5820729
7204229 7675544
5519001 7659105
9631615 7614826
6242276 5747352
5152087 7744851
8615469 8501158
7776413 9575364
5782221 7910092
6601951 8156196
6229894 5308912
5158001 6500428
9658677 7102652
7015966 5264010
6494911 5761122
6346985 5433934
5222413 6179524
7662848 5347694
8191666 6114698
9740373 7501776
9854942 7112532
8464280 5516286
6025138 7420945
5610537 6478746
6559691 8057597
8972416 8271184
9374097 9977010
5884812 9787634
7604056 7630459
9921600 9308794
6938137 6737578
5737750 5973627
7370839 9027126
6003072 9341272
8593528 6589716
8680771 7035266
6261630 8749963
5304757 5667656
5594817 8562091
7556418 6196089
6389171 7457274
6860342 6043225
8742987 5358288
7373662 9326137
5327012 7169508
7237844 6815292
8187254 8568585
9462077 9396529
7795468 5337141
9282260 8543521
6688681 5855144
7269056 6398291
8917583 5783599
9282850 8013897
9922126 7517387
5700932 9658436
6497550 8021554
6863295 5291809
8277287 7589222
9156673 9689585
9744930 9332238
5887082 6041489
7639283 7355818
9210878 6181463
5996672 7174697
6737098 5878756
9789500 5107007
5061029 7977914
7622034 8618225
8745787 9374296
8670128 5867599
7314331 7155908
6012339 7361393
8738806 9202139
5268667 6203599
9078448 8899955
5573489 8369791
8522556 9672098
5504917 5357648
5103698 6811652
5693864 8502427
5352230 8909809
5960920 9093430
5267226 5929391
9843665 9401741
9761110 7215748
7945905 8655432
8227929 5050607
7857059 5369356
8659745 8072606
7489313 6028658
8169791 7644389
5610139 9054460
9521396 7433556
5452595 9896344
9313798 9939190
9080541 7819648
9401753 5202222
6017448 7637440
6087386 6199904
6623556 7875905
6154001 6159372
7211185 5664814
7616328 7554502
9945582 5587385
7340447 7176607
6636617 7792339
8013178 7276520
6632181 6734322
6375094 9564112
5426747 7441056
8038217 6472084
8945590 8686097
7087304 8241748
8711544 8797329
9867731 7963684
9292929 6648638
5255914 9287544
8656721 8058675
5622002 7116050
8466001 5647201
6626689 8001379
9068912 8026255
8932513 5440023
5344680 5146797
5285577 6695017
5771925 6837295
7332154 8433466
6511816 5518226
7693930 7041474
5942711 7259349
8237106 7476784
6349127 9557777
6029335 9772479
9947093 8298301
5608779 7794733
9039627 7800087
6609321 6744432
7540325 9445183
9555572 8757963
7357511 7660936
7688275 6140601
8032397 6807060
6092308 7178072
8100728 7131078
8153643 8114946
7151775 5738695
6259244 8826442
6399058 8764944
7991649 6177876
5232429 9660067
7811947 8318813
9772325 5145873
8543703 5707309
7397079 8363262
7048702 9917743
5716138 5816724
7764609 7879174
8206367 5586537
7519236 9432545
6277564 9490467
7348350 7346234
5445601 7195294
7126365 7298079
9741711 8361301
8167208 8432905
8722516 5206368
7573112 9189758
6451166 7032267
6861599 7028878
9983464 8596233
9273014 7119650
7343735 5832579
5880095 5066492
7991532 8262670
7755712 7171858
7802416 8700331
9915857 9377753
6082548 9579961
5811203 8232313
9205850 6591575
8522625 7973471
9585836 5083324
6161053 9420116
5495766 7642788
6868592 6327677
5388311 8245683
7422650 5687975
7192603 5022529
8699452 6200155
5527901 7941265
6648244 9348484
6984771 8873621
5171167 7315118
9668531 5578810
6521989 8293750
6735826 7413374
6678485 6437720
6004708 6691396
5321765 6706194
9777983 8291707
6111076 5838625
9569900 7157245
6437331 6719154
7255966 9058397
5958708 5429486
7036342 7904395
5105827 7191605
7454393 7512422
5918021 7119468
6750392 6207093
7744730 6165367
8177039 9124774
8819487 8658479
5252637 7786896
5430961 6086095
5962425 6967794
5196050 8925167
5317985 8058665
9407324 9222734
8141867 8090113
8058040 8772615
5998752 6891207
6078954 7250468
9708156 9289532
7339915 6525445
5354909 9270562
9821509 7309712
7257179 7133594
5288788 6506585
6218637 6354668
7988947 7477877
7945800 5891215
7523403 5881772
7479311 7941427
6990221 8595002
6575372 7064409
7505273 8748081
6126645 8958325
9428839 5807204
7036236 9888278
5168050 7595942
9068340 5357437
9723147 7283647
8227856 9338312
5497672 9916658
8020808 8904026
9601443 5700310
9837765 5867503
9508176 5129889
5262739 5880431
6925811 6421744
7396992 5989800
7927863 7260536
7998151 7604741
9755424 5153610
7290469 8793993
9461187 8459703
5128719 9570280
7171035 6411387
7012989 9803216
7887807 8306734
6735999 9371353
5500908 5174268
9630277 9947634
9035268 8141831
7102547 9092252
9647064 6256477
6883793 7398295
5251329 9933691
9180838 7882847
8456335 6048161
8385680 8411326
5163165 5694160
5367350 5398717
9513060 6200783
9887738 7826104
6409222 8340719
8569676 6055824
8180397 9335098
7709147 6886138
5445478 5361286
9671125 5390753
8506461 8011083
8389498 6651595
7131470 7523336
8642430 6462459
5742814 9820152
6292349 7779381
6947450 7711051
5528554 8910565
5250805 8341777
8894248 9393504
5480539 8083021
7314926 7969801
8138629 9735803
8533851 7768731
9807276 9250802
8863987 9783331
7402048 9329511
8086421 7504690
7371787 7902385
8583819 7398355
7616151 6002951
6390598 5956914
6194092 5489407
8580184 5950633
5253205 6787723
5694838 7547790
5093005 5174359
5218271 7083821
6813188 6618173
5008518 8041059
8537021 6869539
8871463 8201185
7055552 9858568
6496913 9812758
8983129 8956198
6250135 7291848
9126143 9647865
8188339 5221084
7551347 6984957
9338202 6114293
8723580 7905045
8053121 5036732
8825482 6080275
8123965 9695436
6621186 9056109
8987229 6232983
7912199 8820659
8117965 8499299
6401713 7725120
9034107 7798689
5989175 7413830
5361325 7719252
5258162 8111794
5215055 7056581
6067982 6192937
7277183 7429764
9514081 5955574
9198584 7820452
6340828 5105089
9591977 7416162
8479508 8945258
6726584 8919728
9630172 7913456
8008604 9007694
9129013 9754065
9943840 8112350
9828853 9739706
5787145 7302259
7374893 7781813
5226423 7886585
7182950 8910269
5249695 7514248
9517590 7905530
9774283 7486968
8865061 9002138
5118694 6330344
6441187 9789195
8719672 9072637
7339320 6473300
6503059 6665501
8099631 6769634
6708870 9157531
6451144 6499027
6940954 7221386
9264793 7166352
5935853 9796234
6044526 9157582
9473752 6345390
8037494 6306305
6252518 6973622
8829261 6451169
8958434 8664774
7573903 9453287
5608771 6772825
9384884 5259491
8755930 6125398
8060101 6094035
9713770 5335099
5546920 6782075
9046936 9263789
8357176 6406692
8867399 6577449
5779486 9321238
9335505 7145481
7820935 5762679
9408420 9170447
7655468 8468481
8874472 6078942
5382457 9792429
6083098 7523665
6771810 9976779
6344617 5660043
5137336 6255195
5084855 9699308
8530312 6445436
6727069 5977388
8900949 6212367
6620690 8349840
8710229 9237042
9800340 8487224
6130780 5057644
8058945 9026131
6676197 9519231
5030001 9293432
6698655 5423428
6688943 5703712
7417992 5261623
5232331 7836039
7753801 5523004
7707299 8763793
9989247 8282834
7418766 5329460
6000177 9870373
8818283 7035424
9062834 9022078
6512001 7497919
6769879 9652856
6015905 9480123
7799438 5140569
6252920 6523380
6386069 5539723
6533912 8166167
8006694 8861670
9269224 5447754
8045787 8326000
8176296 5720505
6526445 5774462
5280037 5422069
8813816 8343377
7100983 8797606
6395032 7540662
9751114 9121518
9200430 9383040
7382841 6490447
5140595 5726376
9087710 9834524
8408550 8605807
5132379 5022798
8351797 7505093
5397968 5637640
9967961 6734215
5533240 9177216
9067850 9384953
