740
7400 6319
7892 7892
9011 5573
8586 8356
8855 7992
8948 5182
7612 7318
6818 8314
5217 8966
8548 9340
7266 7130
8443 7988
6803 8777
9363 9474
7247 5804
9518 5438
5186 6940
9753 5974
5312 8265
9295 7975
7122 5036
8592 5050
6041 9399
8792 8407
7736 6431
8645 8526
9232 8696
8494 9318
5146 7800
8484 7869
5268 8363
5706 9385
7383 6930
9686 9280
8322 6773
7965 8993
7934 7678
6559 5560
8588 8143
6028 9268
5458 8348
9259 6695
6897 8809
9075 9400
9406 7063
6171 9435
6161 8248
6656 6013
8505 8823
7928 7906
5109 6641
6816 6560
8439 7652
6956 5131
6821 6936
9294 7045
9139 9921
5190 7641
6330 6642
7737 5068
9964 9675
9397 8643
8792 8629
8026 8554
8584 8565
8014 6726
5375 5743
7876 7823
5403 5288
8726 7636
6270 7621
9110 5754
7087 6410
8656 9184
6782 8573
7293 6187
8135 6314
8173 6526
6911 6930
9854 6783
5862 6860
6201 9625
9781 5663
5117 7659
6331 5298
7432 5495
5853 7172
9937 7932
9954 7057
6571 5453
7163 6327
9579 8856
6147 6600
5594 6510
7947 9661
8749 7215
9299 7967
8232 6200
7495 7971
9746 8159
7509 5985
9618 8111
9232 7388
7752 7847
7818 7797
6364 8936
8213 5748
8308 6877
6786 6476
8490 8235
8763 7534
5824 7772
7677 7791
6363 9146
7141 6082
6111 6316
9234 7148
8635 7624
5249 7815
5682 9948
7739 6822
5036 5431
7392 5479
6429 6324
5298 8477
7078 5194
9101 7055
7751 6114
6244 7795
8864 5748
8991 6242
7189 6274
5125 9122
7875 7377
9631 5405
5402 7914
7232 7870
7137 6140
8994 7652
8628 6745
5499 6097
6392 5740
9716 9235
5825 9044
5383 8227
6094 5125
6851 8622
6319 6376
9810 8031
5200 7884
6739 9087
7319 6598
5413 6455
8214 9365
9246 7417
9764 6871
9396 6947
6233 7161
7480 9832
8986 6735
7434 5279
5033 9980
8091 9606
8569 5419
9801 9780
9601 5895
7270 9283
9276 6727
7118 6764
7419 7415
5518 8083
5919 7720
6573 5869
9038 5376
7338 8461
9530 8621
7781 5453
9216 8120
8875 5854
7707 7663
8954 8013
8548 9077
7975 9931
5566 9088
8614 9547
8544 7385
7355 5306
6143 5921
6244 7869
6111 9837
8423 5243
8979 6654
9360 9278
8119 8455
9807 5794
8236 8142
6012 5758
9001 9814
9315 6071
8492 8755
5480 6354
6845 6078
9429 7257
5935 5088
6181 9684
5738 6510
7816 9302
9351 5878
6847 9247
9424 7455
8050 6277
6166 7105
6489 5196
7910 8750
6930 9762
7345 5525
7832 7849
9378 7580
7128 5534
5606 7925
6036 5290
7499 8503
9211 5702
5398 7403
5918 6128
6880 8979
5803 9985
6280 9108
5626 9487
8758 6366
5544 7560
5370 6573
5581 9304
6088 8578
5347 5770
8340 9909
8428 9299
7256 5606
8975 6974
7329 7491
5155 9667
6975 9888
6258 5453
7305 6355
5002 8114
7968 8196
6270 7509
9354 6698
7484 8761
9009 9977
6585 6718
9137 8041
8534 6219
5441 9186
9078 6845
6186 7120
7570 6144
9210 7206
5027 6219
9989 5580
9603 7481
6060 5452
9557 9315
9538 5550
5382 9817
6859 8997
6866 8411
9148 5801
5640 6539
7662 9013
5366 9248
9331 7968
6924 9361
6350 6393
6756 6167
7658 8037
8972 5374
8441 8384
8665 9468
9404 7755
7163 9200
7495 8955
6894 7425
8362 5180
8535 7095
6934 8373
7375 5590
7588 6444
7774 7491
9824 7573
7011 9501
7661 8070
7578 5109
9400 8190
6823 7259
7600 9305
5568 6296
7188 8764
7360 7208
6053 8298
7117 6170
5682 7452
6534 8645
6429 5976
7491 6358
8067 8743
6581 7826
6385 5967
6760 8166
7132 8938
7942 7785
9684 6142
9490 5493
8926 7751
8642 8382
6393 9950
6555 8462
6089 5025
5607 6285
7224 5962
8358 5546
5438 6555
8039 9616
8633 6822
5158 7377
5393 6188
8508 5091
7926 9652
9162 5895
5167 5053
6065 9939
8003 8501
9217 5384
7828 7820
7911 5817
6697 5111
8113 7543
5461 9603
5509 6090
5007 6288
9562 7797
5200 8419
7027 8307
8605 7958
9347 8005
9917 9454
5974 7393
8512 8480
7277 6282
5517 8676
8939 5750
7228 8664
9597 7070
9428 5044
7678 8996
5013 5255
9384 5118
5848 7965
7951 9172
8949 8757
7713 5611
7502 7326
6807 7569
8544 7629
6187 9561
8355 8420
7023 5409
8829 5846
7366 7426
9672 6643
9929 6336
6986 7499
9889 6289
7412 5693
8655 6563
5700 7980
6435 7533
7496 7961
5910 7192
5747 8716
5148 7746
9560 6433
7706 5959
9973 7798
7295 9196
7278 7906
6025 5396
8308 7436
5072 9549
5014 8711
6574 6253
6582 9247
5803 6944
7701 6721
9165 8696
5900 8200
6928 6551
6571 5793
8034 9559
6461 7575
7211 9594
6631 8233
7306 5400
5673 7854
5155 9641
6823 9378
6007 5461
8962 7654
9020 6692
6270 8249
7073 7730
8389 5999
5919 5981
9796 6018
7931 8125
9856 6418
5517 5921
7093 9103
9667 6808
7916 5392
6836 9483
9119 6986
5033 5304
7800 7288
6483 9066
8107 8842
5353 8947
6148 8355
5190 8041
6384 8348
5300 5962
8816 8398
7266 6261
7818 6657
6685 5672
8488 7273
8820 9139
7757 5844
7859 9662
9140 9854
6595 8327
6203 6298
7853 8872
6369 5691
5795 9364
5194 5980
7125 6082
7001 7159
9270 7977
5934 6422
8466 9998
5687 8391
7903 6532
9683 5406
8371 7675
9765 7663
8628 8271
5736 9753
7854 7478
9287 7679
8508 8733
7434 7088
5989 6253
6138 7946
9956 8160
9663 8652
7288 5671
6678 8187
8472 8420
9579 6177
8674 9356
6643 9582
9017 6683
7860 6851
9134 5689
8631 9365
8552 8772
6520 9745
5140 7504
5772 7622
7166 5857
6553 7341
9622 7959
5091 5146
5237 6696
8365 9484
5703 6045
7313 6097
8368 5849
8076 9656
8219 7469
9487 9607
6044 6645
5151 7076
6462 8734
7708 9484
7644 8132
7343 8104
8675 5387
6473 5247
6555 8794
6732 9905
8869 9328
7218 5432
5452 7394
5723 7259
6885 6792
7652 5824
9634 8005
5142 6561
7820 9597
6152 6970
7843 8089
7921 9157
7250 7924
5163 6250
6763 8550
8659 7696
6809 5628
6706 7976
8411 8348
9104 5614
6779 9065
5962 9841
7063 5825
8671 6437
9004 5898
6177 9212
8698 9501
9618 5337
7691 8428
8386 9247
8257 5518
8986 5291
8694 5285
8071 5888
8714 7354
9006 5253
6438 5682
7423 6490
8185 7898
9070 8777
9906 5623
6527 8087
6351 9435
5186 7285
5167 8743
7468 5284
5962 9488
6832 8491
5067 6587
7044 5296
5455 7176
9455 9071
8504 8865
5397 6679
6771 8158
5838 7608
5760 9047
7154 6286
5499 6141
6697 8388
8527 8802
9877 5927
6100 7080
8632 7857
5095 6977
8120 8600
7583 8978
7258 7025
9604 5640
6881 5290
7507 8584
6358 6092
8448 5661
6453 8196
5165 5532
6445 7963
6800 8081
9763 6913
9952 9142
6299 9563
8374 6868
8924 8673
9502 8025
7727 9948
7727 5527
8496 6390
8632 5662
6061 9936
5844 9042
6666 9914
9366 9240
5468 9806
6055 5471
8336 5902
5239 5839
6639 7951
9986 6158
5810 8920
8855 5525
5260 5011
7244 7313
8155 9517
7284 6971
5513 9620
5519 9734
7921 9230
7221 8109
5499 8113
5260 9770
9464 5559
6476 8819
9520 7825
8257 5112
5008 5061
8482 7296
9767 5387
6422 5940
8378 7504
8247 6548
8661 6094
8312 8884
7787 7585
8118 6280
5752 6050
6617 7714
7914 9938
6457 7472
5960 9992
6331 6732
7479 6416
5073 6972
7399 7322
7510 8091
7745 7693
7962 8150
6404 6023
5575 7945
9702 8831
7410 5062
5560 7885
5915 8419
6039 6886
6135 6103
6681 6074
9611 9278
6346 9093
5995 8293
8872 9303
5532 9471
6091 7290
8081 8798
6061 7275
8003 7537
9107 5150
5864 5770
7214 8100
9940 8674
7640 9487
7398 8172
7372 9837
5069 6504
5022 8440
8886 9689
6879 7624
6134 5303
5986 7609
9857 9481
8636 5048
7044 9959
6176 7381
8175 5843
6230 7952
6343 5126
8352 7494
7897 8229
9726 8697
9296 9331
8174 9258
8930 7905
8618 8066
8922 7825
8360 5842
9229 7087
8996 9798
7076 8620
5162 7945
9024 8550
5347 5319
6857 7063
6209 7445
7436 5368
8036 8213
8574 6749
9776 7250
5514 8425
6208 5507
9413 8181
7205 6991
5731 5346
5852 8197
9898 5489
6743 8365
8495 8669
5738 6899
8494 6115
9648 5916
6208 8115
5822 6262
6632 8704
9958 7622
6127 9880
9011 7625
5823 5421
5809 6878
7735 9451
7114 8465
5297 7327
7801 9934
8299 6792
6316 7577
8094 8996
8809 8771
5811 9901
7521 9691
9066 9514
5243 9456
8655 5934
6077 8508
6047 5689
5152 5548
9524 6398
8189 8476
9625 5310
8826 9721
5781 7576
8159 5105
7906 9368
5244 8976
