916
6664 6449
7635 7635
9968 6674
5116 5257
6814 8853
7507 5329
7429 7690
6655 8672
8370 7952
7135 5220
8194 9823
7792 7423
8522 8187
5773 6141
6829 7087
8510 5996
7439 9333
9268 8696
8346 7296
5476 5043
9537 7368
6483 9582
8586 5640
7528 6992
6863 8803
6223 7370
7639 7374
6128 9819
7192 8662
5892 7175
5380 7548
7133 5876
5304 7952
8169 9897
8075 5659
6562 6212
6939 5320
9336 7331
5375 9662
8159 8778
7407 7949
6324 5136
8233 7263
7415 8250
6804 8184
9432 5175
7661 9562
6838 5998
7302 8114
6228 9184
9093 8675
7607 8995
7348 6608
7710 6963
9617 9536
7518 5361
9994 7516
6277 7256
7496 5861
9996 5681
6757 7490
6335 6666
7855 9451
7691 7001
7832 8108
5984 7611
5093 9054
6140 6315
9846 9132
6890 7273
7998 8982
8461 5037
9482 5029
8216 7053
6199 8126
5034 6065
9141 7000
9797 6747
7781 9016
7110 7832
6337 5415
7055 7306
7115 9569
6075 5876
6037 5143
5520 7398
9345 9862
5697 5003
5053 9061
6694 7187
8338 7951
7060 6446
8181 5333
8624 9404
5743 9852
6451 6784
8499 8937
5922 6337
7582 6579
6151 7028
5530 8395
7422 9814
6700 9740
7805 7442
7849 8476
9031 9512
9223 8051
9851 8935
5493 7940
6228 7666
8217 5392
7268 6898
8616 8285
7108 7857
6687 8651
9044 5530
5206 8397
6610 5937
8851 7075
5444 7920
7312 8433
6387 6945
8686 8163
6988 6777
7649 7829
6859 6418
9018 8335
9381 5022
7809 7807
8694 9735
5999 5019
5726 7356
6870 7704
9958 9172
5955 8523
8407 5059
6566 6277
5828 9098
8931 8105
9409 6708
9802 5770
5048 8193
7943 5107
6076 5812
7175 9558
7388 7205
8267 5847
8208 8327
6114 8084
6820 5596
8004 6607
9257 8524
5431 8158
5748 9153
8774 9731
6097 5001
5577 6719
9612 6882
8321 9162
5257 8189
6391 8740
9868 5184
9783 9517
6491 8478
8053 9198
5090 8042
5508 8270
8887 7190
8221 7611
9385 9142
9335 6763
5458 5212
8608 6972
5746 5395
8649 7371
8411 6391
9306 5274
8143 8005
8619 7706
6914 5351
8558 6375
7353 8811
7489 9993
9008 9907
8737 6380
7269 5124
9194 8304
5815 8104
6338 5410
7299 8563
5302 7951
9757 5909
5622 5648
5374 7263
8316 6011
7517 5749
5172 9868
9043 6403
7132 8343
6496 9898
5437 5760
8653 5158
7873 6814
6685 8673
7260 9607
6937 6405
9090 7901
7422 7424
9715 7304
9893 9993
9175 9420
7208 9382
9605 9840
9571 5177
5385 8875
7516 9780
7605 7399
8189 6495
8930 7324
9506 9727
5790 5452
6171 5323
5486 9319
5612 9210
7113 6206
9087 8942
6821 7979
6774 8683
6848 5686
9173 6466
5299 6938
6570 7205
8387 7196
5969 9950
7505 5681
7657 9968
6244 5777
6819 5044
5690 7057
7872 5289
9470 7217
8977 8963
5036 7487
7049 5070
6655 6378
7843 6564
5681 6220
8898 8435
5138 6185
6947 9906
7701 7481
5445 9401
7451 6601
7494 7309
5567 8667
8190 5286
5021 5590
6238 5024
5811 5180
5318 9553
9993 8026
8261 6165
7029 5261
5221 7926
6770 5436
9457 8042
7102 7357
8887 7785
9038 8442
7452 5571
8828 6242
6912 7876
6396 8347
9830 6222
7377 8348
8717 6365
9735 6095
7344 8143
5846 5024
8864 8436
7738 8329
6952 5210
5216 9547
5087 9713
5362 7471
8935 7705
9110 6232
7768 7332
5304 5224
7836 7110
9130 7686
8452 5022
7912 8576
9367 6080
7054 9900
7498 7793
9373 7422
6031 5003
7921 9540
7283 6845
6401 9370
6145 9478
5720 5576
6424 6793
5196 7794
8314 7344
8689 6226
5623 6550
9703 9619
5555 9974
5141 5696
7134 8261
5516 6854
7647 5375
7900 7721
9670 8860
7046 8228
9896 9840
8865 9907
5342 9598
6229 5841
7671 6528
5740 9867
5155 5473
7417 7265
7739 5147
7247 5459
9850 5321
7559 7304
5361 8444
7259 8226
5704 7069
8895 6779
7593 5765
5653 7018
8219 5876
7429 5148
6514 8251
7529 9350
9174 9402
5945 9413
5868 7055
9730 7910
6272 9238
6446 6468
5508 7844
5256 9354
6516 5931
8368 6289
5174 5179
9350 5408
8935 9364
8258 9750
5854 8950
7141 6201
6047 6152
9458 8713
6409 7508
5840 6310
9314 6684
8352 9329
5300 8264
9089 5226
8545 9823
5781 5344
9234 7093
8245 5009
8195 6714
5962 6511
5423 8996
6264 7130
6436 6664
9946 8643
6578 5271
5363 9012
6641 5824
8542 7662
6922 6730
6987 8300
9039 8444
7356 8589
7567 7277
9967 5134
6236 7380
5101 6458
9873 7237
7037 5747
5103 5387
6026 6793
5683 5493
6445 5770
9429 6895
9083 5731
8524 7583
8475 5240
7823 8481
9654 9214
9162 7554
6576 8153
6128 7923
5393 7891
9280 9664
8125 8147
7366 8727
6950 7928
7827 9645
9078 9035
6183 7271
7210 7339
8867 9255
5605 6264
6681 7175
8725 5523
7651 9049
6036 6509
8452 8161
7619 9279
6550 7145
5527 7126
5697 8767
9342 5713
6722 7669
6343 6638
6412 6254
5014 6004
8787 6846
5396 6471
6553 5035
8342 5464
6815 9996
6804 6536
7000 9986
7447 5444
5915 7269
6935 6827
7626 9701
5455 7176
8085 8014
8305 7314
7704 6989
8460 8826
8693 5133
7014 5499
5911 5877
7552 7282
9215 9899
6493 8049
6138 8719
7775 5770
5739 9694
6329 6040
9420 6324
9844 6453
8485 8770
6930 8331
7986 6156
7895 5039
5014 9885
9825 9735
7332 6526
8769 9330
6436 8328
5310 8237
7066 9173
7289 7246
8993 7621
9982 5942
8790 5404
6616 6386
6507 5042
6484 7154
5512 5234
6126 7755
8694 7621
6462 5849
5834 6185
5162 6846
6872 6261
5676 6540
9863 6746
7240 8489
9734 7423
9560 9988
5630 7106
8528 9218
5884 9964
8334 9729
9268 9960
6196 6264
7397 7053
9867 5407
7832 5640
8001 6798
9986 6412
7780 7105
6806 7695
5345 9047
6145 8875
6656 6393
7370 6548
8814 7012
7045 9917
7003 8148
9775 8841
7413 9936
6753 5141
5004 8777
6055 9992
8597 9236
8091 9527
9816 6475
9184 6557
9185 8376
9752 7510
6432 8801
7283 9603
7704 7663
6237 8520
7923 7520
9524 6086
6700 5660
9421 6107
6027 5437
6138 5205
8106 7492
8687 8926
5827 6371
9333 5107
8678 8499
5976 9480
7583 6341
7243 7823
5684 5312
7017 5872
7739 9900
9079 8377
8695 7955
7146 7422
6081 6948
5221 7416
6456 5663
8596 9503
8777 6188
6910 7783
8268 7226
5866 5223
5953 9662
7901 7557
5852 7491
8027 5000
7574 6961
8026 8207
9619 6435
8069 6953
5884 6161
8837 8724
8033 7267
6411 9766
7177 6243
6118 9920
7695 5890
5299 6588
9791 9852
9808 8610
8277 5409
5731 7725
5000 9491
6006 5818
6286 6876
8973 6247
9191 9652
8417 5653
6341 5559
5541 9333
5858 6518
9605 8355
6426 7809
7278 9687
6339 7603
7084 7173
6353 7366
6450 7735
9479 6664
7729 7157
6028 8270
6311 9853
6335 9351
8709 8647
9079 7804
7608 6051
9374 9464
9786 8815
9593 8872
6279 7037
8089 7766
9678 6069
7356 9311
7325 5104
6357 9588
8157 8515
6839 6738
6139 9301
7611 7604
7020 7667
9324 5420
6014 7450
6935 5546
6777 7237
5061 9414
6171 7765
7846 6449
6597 9340
9938 5227
7771 7142
5960 6384
5568 6477
5539 6966
6827 6966
5286 8564
9542 7180
7878 6661
8837 8176
8544 9383
7026 5816
5931 9232
8580 7715
5892 9940
5876 8387
8461 5857
9383 5501
5181 5282
6108 7031
6635 5725
8685 7191
6902 8583
8093 7133
9906 5419
9521 6091
7015 5862
7926 7416
6485 7024
9706 8098
7984 5069
7224 6862
6982 8008
6259 5377
6426 7789
5797 9349
7693 5968
8420 6312
5189 5431
6683 8153
6095 8604
9029 8403
5732 6689
6998 9332
8876 9137
8759 6484
9219 5578
6808 9673
6407 6109
9357 6852
5724 6850
7203 6849
5060 8083
8026 8292
5758 6311
5434 7208
5545 7713
5341 7164
9207 6604
6066 8736
9015 5273
6142 9575
8129 5884
5903 7173
9879 9687
5441 7993
5390 5452
6962 5488
6020 7052
6713 8663
5072 6586
8342 9061
7201 5571
5139 8383
6603 8971
9218 7539
9427 9050
8360 7891
8956 6045
5070 8073
8454 6268
5231 8788
5052 8347
8100 5337
8735 6569
5789 8837
6866 5633
9808 5188
8519 8778
7029 8308
9076 9829
7150 5741
8145 8450
5719 7811
9414 9952
9754 6905
8466 7219
5667 9126
8247 9089
7595 8459
7784 7758
5740 7723
6330 6691
5905 7097
7452 5994
9863 5202
7990 6537
6676 9726
7541 8258
9990 5042
5613 5876
7670 7889
8879 5228
8671 9454
5781 9172
5357 7150
8315 5496
8294 6946
9932 8568
6525 9174
9229 7412
5517 7815
6198 8786
5978 9830
7917 7194
5776 7159
9204 8541
5589 6403
7420 7463
8854 6702
7221 5021
9651 5902
6769 9662
6690 9052
7662 8820
6456 8088
6410 9083
5617 7751
6100 6627
9924 6739
6681 8636
6736 5424
6392 5338
8437 9290
7147 8453
9756 8378
6107 8256
7689 7617
7494 6000
6084 8007
5735 9123
5207 9569
6916 7987
6603 5102
7347 8091
9225 8109
9792 6024
6158 6003
5111 8749
9063 6635
6302 9567
6531 5416
6445 5933
9680 9713
6246 9176
5050 8966
6196 6748
9948 5533
7993 5015
6077 6943
7802 8849
7943 6776
6646 8330
5582 6488
8779 8745
5627 5667
5813 5508
8503 8776
6165 5394
6322 7705
5089 6258
9376 9840
7946 5401
8293 6705
5656 9893
9038 6495
5187 6012
5392 7876
5699 8122
6732 7360
8822 9690
9583 8018
8635 6562
6495 5057
6560 9009
6795 7069
5154 9925
7683 5049
7629 8057
5023 7726
7827 7095
8492 6156
6928 7209
9194 9165
5209 6486
7324 7042
7275 7889
7536 8952
8922 6614
5353 5754
7806 8603
8118 9330
8418 6881
6433 5522
8635 5343
9666 8173
5627 5561
7866 5095
8836 6648
5217 6903
8353 9510
6187 8013
9446 8009
7099 5373
8212 9670
10000 8221
8943 5027
7050 10000
6762 7975
9692 5058
7097 7473
8253 8642
5388 8660
7795 9375
7084 5757
9796 8604
5516 6847
9202 7903
8260 7451
6387 7587
9014 5131
6767 5959
7970 9892
5920 7423
9838 5099
6627 8641
5366 8735
9934 7811
7785 5218
7731 9142
9293 8783
5431 5436
8944 5868
6008 5836
6614 9512
7451 5090
9779 6542
5834 7601
5011 9228
9012 5914
6478 5509
5971 7689
7833 5513
8566 7585
9012 9546
6859 5811
6098 8152
6141 6486
7497 9012
7997 6581
8311 9015
8543 8704
6608 6157
5240 6980
8604 9069
9084 6480
7486 8101
7163 9711
8250 8632
6414 9758
8034 9489
6916 6870
8269 9961
8437 9049
7739 5175
6063 7722
7036 9062
9062 5564
5419 5827
9662 8449
9405 6122
5093 6048
5110 8594
6609 8341
5994 5156
7875 8676
5044 6765
5197 6037
7368 5911
6413 9396
8428 9376
5755 7702
6699 8127
6014 5677
