6791
2632
2008
405
8973
2279
8201
700
2069
4984
9113
5375
7620
5987
9617
671
1540
79
156
5319
4857
1088
683
4302
5907
8063
3830
1635
3777
6284
791
5817
9055
1220
3801
7363
6772
8661
6937
4942
8932
9816
4983
6531
3416
6172
7871
2171
3960
4373
5636
2221
9256
8765
7690
4453
7016
216
911
6461
7249
3136
569
1318
6221
68
796
6067
1693
4431
7413
8248
7351
9453
3523
8910
7979
2432
4716
3258
5261
773
2350
4276
1709
7495
426
523
8460
6209
4256
927
3796
9828
3909
9065
3383
3701
1229
3542
154
9882
2855
1750
4899
8343
8598
6097
6991
3413
1537
1333
2241
5737
8436
7690
1833
4315
441
5740
6742
331
9994
2572
1105
3709
2931
7975
7582
5320
1079
3297
7471
693
7134
1791
1651
2745
5245
2522
9855
3650
9469
1439
6438
8538
10073
1380
2688
1751
8711
4990
3036
9394
7746
7282
3081
5192
3558
2261
7796
6203
7804
7360
7711
4689
6113
8938
4013
3465
3707
931
4812
4480
8264
1104
6558
39
5063
119
6133
3610
8251
896
8256
8636
7581
2420
9341
2432
5415
6733
3983
4630
9790
1455
3965
8673
2245
884
4790
8817
6553
9825
3683
7373
1425
7232
8659
5613
6998
10055
6417
1248
4057
9003
249
9795
7462
8472
4028
2371
9936
9380
6930
2976
3356
907
4761
2304
4396
220
6855
5253
826
3061
8741
5702
230
2376
5989
1875
663
6127
4529
5293
3449
9200
6050
6301
376
3148
3411
3220
6120
7126
3643
7625
1060
71
7228
6184
7865
8508
9739
9674
1960
6828
9032
3124
3907
10070
3101
5690
3543
9399
6852
7518
3226
3106
5449
6966
4906
6857
105
9100
9113
2970
9631
8928
7101
3538
3597
3898
5228
7295
5540
5600
5379
5352
2410
9205
5944
2751
7094
6640
441
8689
8469
6177
2450
1322
9631
1575
5623
8232
911
6138
2004
1923
3003
409
8777
3002
6349
4252
4207
1137
4852
4440
5527
1550
188
1564
5878
8139
4995
2215
2125
6814
2692
251
82
8784
8443
6773
1429
8265
2318
8865
2445
1907
9794
8327
8054
5061
3330
436
6075
3348
3299
5751
2054
682
6884
1769
8481
1550
582
6080
9584
4615
9694
4364
7665
5685
6974
6253
1859
1870
3691
5470
3411
8377
1530
7538
4403
5571
6606
5783
7611
6672
10010
6758
7321
5475
1390
5259
9840
3559
7894
7930
3015
5121
8573
8201
7057
984
6113
3826
6613
7331
3020
2267
9826
4621
1561
5313
36
7645
7748
2587
2257
9875
1730
8250
1094
8313
7169
1048
523
353
2538
1266
523
6382
3257
8188
709
6492
4347
3939
1727
7143
2631
2652
1212
9169
8921
5350
2513
6058
4143
6724
2576
8180
794
4767
6455
3545
9212
81
9466
9020
5652
4506
1783
8643
8070
1383
8926
127
4398
8063
7741
8019
3148
7872
5856
2168
7078
2509
3128
6078
3282
4585
1641
2535
1862
5646
4687
7718
5393
2780
2703
489
2401
8338
6484
4570
5855
2507
6943
3484
7741
5900
2581
2032
7076
3284
4122
7752
7619
4047
7353
4754
3773
4531
7211
4530
9501
7880
1726
4075
5495
47
8370
4694
6678
562
6222
2219
6186
5496
5597
796
1684
9489
7168
9333
6373
7783
2052
3377
7947
2276
4592
2792
1252
3264
3796
9751
3796
6608
7990
6205
8690
5654
6560
1651
6982
3909
5495
7829
2170
1703
4802
8927
1313
1323
4504
4726
225
7609
3233
1946
9571
5664
9856
9068
6949
2631
3728
1174
8477
251
2889
4438
4686
4865
988
723
4099
4134
3538
6276
4423
4465
7431
9284
963
2624
9170
6780
5288
9787
505
5344
9390
5065
6668
9533
9627
6072
9221
10049
9778
6305
3985
7900
8956
7168
2832
4431
5486
616
7772
8321
287
9373
5697
4808
4054
8487
4796
563
75
110
3774
6255
9323
5242
201
697
533
300
4778
9273
5825
5369
4242
1244
4644
1432
9076
7558
10006
9013
803
6899
1669
6776
1927
2370
4012
6867
1611
4513
1508
6468
6845
3485
7409
3631
9404
3833
313
3287
9080
2472
7776
6813
449
524
2183
1370
210
4344
1770
320
8680
4273
5888
2793
5181
6415
8405
7668
5037
8113
7146
5668
7187
9864
7824
2515
729
5469
8006
1139
1347
5351
3310
2674
909
3318
1742
4844
162
9035
1410
6452
3969
2536
8245
3752
1245
2873
8671
5354
2957
1086
1950
5297
480
6928
1218
8737
4415
8060
9898
7681
638
5743
1361
2125
2508
326
3140
7257
6144
3037
3033
5856
10060
8149
5073
6026
4003
8162
7880
7780
9215
7149
313
5638
7384
9936
5146
6967
1575
4239
6404
4872
3855
5781
3448
3681
5450
2651
6738
2323
974
2096
2744
2624
8067
9617
3313
890
10012
6993
9173
1233
5023
1368
7319
2735
5110
1053
921
5397
7598
4624
1212
7599
3685
2319
6105
2511
5074
8019
1242
7238
1687
8642
2701
6431
746
2705
6810
2880
9907
667
7922
2332
2754
4183
2397
9060
8121
8468
5324
3184
5587
9451
7471
9465
412
5104
8183
5733
918
1277
7018
446
3051
9995
6348
6103
3412
2584
685
5385
9449
7076
4758
7638
7718
9347
840
5687
4601
6581
9566
4846
8728
9684
3004
7765
6759
8648
10043
7765
2415
944
8079
8373
3141
9008
2334
8393
2650
5083
816
5503
6213
4547
6083
6149
7587
7286
7361
3566
1920
5713
