4312
8708
9271
5584
5248
5376
9545
7825
4084
7566
6518
7549
4405
7240
1031
556
2706
2769
8887
482
7619
2513
3520
5007
1634
4256
1056
8237
3633
2473
6826
8700
7030
3792
4868
8549
7220
1847
7840
3043
5027
5641
6299
2524
8428
1269
7708
5009
3429
6829
8726
6501
6542
3935
5376
278
7218
3554
5054
4474
6064
7803
2225
2459
330
395
10023
6652
1259
5807
5814
4087
5235
3767
7864
4409
6664
2575
8473
5028
1463
6085
9566
2075
1029
1889
2851
9629
3326
1535
2042
3895
8304
8036
9167
8521
6421
2842
6088
8133
218
5464
7680
10050
6540
2410
6542
3267
2534
2263
211
8507
7932
6970
687
311
2558
8718
5530
624
6847
9643
722
4501
1148
8588
978
2473
7843
5765
1743
5229
3985
4019
218
3001
4261
3733
610
9695
8176
3385
4623
6355
3095
6668
5632
4087
6885
2779
9555
5974
4414
3204
2370
2612
3708
486
1656
2072
5413
5936
6548
3387
5383
7763
790
3536
8769
4879
4915
354
6650
7149
6737
8479
9308
3418
2202
4910
196
2776
5195
3961
5360
9226
2522
8184
9880
7084
3617
4073
9843
9781
3943
8872
7236
468
166
1003
1329
7197
1165
8954
7483
4227
2459
3112
5708
9052
2012
3754
3521
1281
2934
8998
5552
6518
1016
5642
2861
1693
3600
6690
7962
3637
6774
8632
3987
2505
1650
3001
5362
6829
67
7320
2398
5284
10016
3332
9571
4614
8476
5779
8316
6783
7325
9742
1784
4931
5832
5469
1559
5177
202
5572
366
4300
4566
3638
7419
8378
7653
5958
8895
3485
6649
4834
1437
9418
3140
7632
3591
551
807
5552
4141
2707
8375
5387
8623
4296
5391
5152
136
2790
8577
5439
9977
2429
1940
1282
963
7605
813
5670
8545
3509
272
2067
7235
9082
7712
9281
1073
1065
599
4472
6954
5836
4666
7406
4702
5833
8672
1096
904
5134
8837
2046
8187
2179
7215
3306
321
2902
6933
5960
7248
923
7702
4810
8001
3874
7048
3122
3717
10030
4072
167
9728
7485
8880
470
480
1892
3716
5406
5059
7113
4500
1086
3869
4071
873
4990
4694
7924
9804
7424
8735
1157
4197
8967
4068
746
383
4454
8215
6721
9408
2268
6054
2914
10064
7828
8818
3162
2681
5314
777
2349
195
2485
9045
1201
1317
474
3447
4822
641
2533
4925
5667
4952
8570
5251
5774
8712
437
5604
3611
6318
8409
5979
25
3867
3277
1618
763
8486
7537
3815
9127
4655
9062
4245
2127
2214
5317
5554
8263
4374
8958
6392
6646
6636
1842
240
9038
9491
6443
4410
3207
10064
7503
8154
8173
8698
9545
1914
3915
10062
10052
3032
2431
2870
5451
1674
3421
9594
7706
7775
3384
8049
2836
1775
3762
5937
3809
3502
2165
42
1749
9495
6396
4252
4838
9045
7577
5484
4221
6511
9691
6551
2218
677
2485
1130
7224
8560
2194
521
3129
4120
4969
5209
4118
4024
3889
4986
2369
8655
3646
3359
9368
6357
3110
8104
1180
5668
4500
8973
361
4577
6290
9190
4051
4817
6224
319
2555
2922
4158
3327
1771
4544
4882
7923
2880
200
9288
9396
3664
7359
3244
2736
9077
2976
5447
7999
2119
1158
3489
2782
5522
8275
10059
4050
3880
2852
2137
2558
10020
5266
9543
6065
3956
8615
1588
3140
8353
3363
1901
4972
4785
5230
7782
2149
1477
1208
7151
5281
774
4552
2229
9536
8082
536
8765
3558
2065
123
7987
8554
5738
8492
4014
6549
7541
547
2415
3461
4949
8215
7852
8017
825
8315
7499
1502
4161
9546
489
3229
2133
5331
8712
4503
8449
7475
363
1653
165
10070
4598
265
2647
1580
7916
400
3176
8878
2
2152
729
4584
7037
1285
7662
4613
4715
15
4138
4564
4894
3197
2205
9154
867
3037
7849
3001
3880
3917
5680
387
2486
6853
9170
8893
9383
8961
1562
2996
7681
9991
5926
3390
2767
3620
2810
4935
2947
3704
4689
3354
8811
8714
154
862
5422
2012
5242
7065
1958
4868
9263
9840
5578
358
6861
2829
7893
9321
4388
253
1820
9730
8135
9251
8167
4415
4502
285
9536
3733
9772
1967
3662
4767
1716
8222
6237
6511
1655
9569
5957
1784
2312
8322
950
7405
2783
1522
4838
738
9388
5847
7030
3743
8266
9730
2605
566
971
6870
8606
9469
2259
1981
6113
8978
9249
22
7732
8825
7710
568
791
297
2438
4594
6536
1565
5152
1069
1124
7202
6317
8905
8168
9962
21
5284
7679
1647
7204
682
313
1939
3216
3926
9875
1175
4826
2187
1576
5766
5784
4897
3842
89
5677
102
5654
4385
6493
8366
2716
5740
9098
6697
2853
7660
3871
1461
6073
6795
2255
6807
3340
5163
6153
5795
4652
3178
7578
752
6801
7114
2965
2042
1134
6631
2048
4667
5598
4813
622
3214
8524
7931
6511
4101
1800
63
9805
9194
6742
8055
1758
9650
3255
8309
9668
6174
9078
10062
5213
9518
2867
228
5495
9987
4657
5077
2570
6858
3980
8671
2885
4123
5451
9288
6087
9195
7812
3801
2105
770
5918
6021
5556
5661
7474
9943
98
3742
159
6662
8260
2639
302
4177
1260
659
8172
7342
3743
3833
2791
4436
1366
4996
7546
5491
1860
9026
908
9529
1487
1515
8418
4405
2712
7024
2768
4163
1948
7596
7742
5903
5063
6816
9983
2484
7075
3538
8429
1897
3324
2842
6164
3263
2079
6360
3951
2830
2660
4570
3517
1832
875
5723
9610
