167 113
56 54 0
137 76 0
40 64 1
6 162 1
153 93 0
70 20 0
155 13 0
146 115 0
82 33 1
55 115 0
103 129 0
64 157 1
31 29 0
27 39 1
41 109 1
63 41 1
21 88 1
164 79 0
80 105 1
85 108 1
32 142 1
89 146 1
148 140 1
85 82 0
114 104 0
148 11 1
153 65 0
59 90 0
88 77 1
92 145 1
148 46 0
125 119 0
34 104 1
121 93 1
158 162 1
53 137 1
48 88 1
24 113 1
101 77 1
132 77 1
33 24 0
94 122 1
117 45 0
27 120 0
167 66 0
122 101 0
1 7 0
144 62 0
104 60 0
132 23 0
54 151 0
86 3 0
99 120 0
166 34 0
22 107 0
19 87 1
134 138 0
119 152 1
135 107 1
13 114 1
64 43 1
156 60 1
120 95 1
40 59 0
161 126 0
158 84 0
137 151 0
153 134 1
147 16 1
137 147 0
10 102 1
139 154 1
47 24 1
161 120 1
126 129 1
163 80 0
75 167 1
100 56 0
131 57 0
167 49 1
144 167 1
37 160 0
23 8 0
2 55 1
81 100 1
64 90 1
90 107 0
81 59 1
158 167 0
150 119 1
106 121 0
110 85 1
88 132 0
44 140 1
98 34 0
123 95 1
156 66 1
73 31 0
131 19 0
110 45 1
70 74 0
9 105 1
127 67 0
69 3 0
108 93 1
113 92 1
39 6 1
158 60 0
126 114 1
87 64 1
108 105 1
49 138 1
135 28 1
