158 111
38 64 0
80 124 1
82 96 1
98 13 1
129 81 1
16 60 0
45 146 1
137 116 1
69 97 0
86 12 1
119 156 0
131 95 1
91 51 1
137 15 1
79 8 1
63 8 0
43 133 1
12 98 0
47 82 1
70 144 0
10 77 0
123 73 1
158 144 1
146 16 0
156 98 0
103 115 1
26 92 0
144 127 0
105 66 1
150 153 1
75 156 1
94 54 1
148 126 0
27 42 0
79 103 1
76 151 0
35 93 0
112 97 1
9 67 1
98 107 0
15 53 0
101 134 1
107 148 0
19 158 1
86 132 0
150 133 0
137 62 0
141 9 0
54 95 0
91 11 0
6 60 1
118 3 1
109 153 1
69 55 0
141 59 1
125 20 1
39 92 0
44 109 0
23 94 0
131 33 0
55 155 1
94 94 0
97 43 1
125 66 0
89 123 1
135 93 1
47 7 0
17 129 0
6 145 1
25 28 1
14 130 1
131 57 1
77 122 0
46 1 0
108 93 0
77 11 0
29 59 1
107 150 0
26 47 0
88 19 0
151 71 0
97 31 0
12 152 0
152 145 0
3 127 1
42 121 0
81 8 1
24 123 1
58 144 1
24 143 0
127 47 1
18 155 0
47 21 0
140 98 1
29 45 0
21 54 1
131 76 0
46 143 1
104 156 0
9 43 1
134 64 0
65 76 1
79 63 1
139 16 1
15 138 0
97 119 0
95 1 1
144 127 0
101 105 0
38 31 0
83 37 1
