230 146
91 192 0
55 55 1
66 110 0
47 65 1
134 200 1
188 86 1
63 145 1
26 228 1
122 117 0
25 42 0
180 102 1
164 51 0
60 19 1
66 20 0
77 126 0
106 182 0
186 131 0
112 203 1
119 62 1
136 49 1
158 22 1
78 40 1
163 84 1
197 114 0
76 55 1
169 79 1
168 9 1
16 146 1
228 109 1
154 3 1
113 130 1
221 142 1
161 122 1
108 214 1
110 208 1
159 126 1
38 25 0
114 43 0
95 13 1
141 194 0
138 127 0
229 181 1
84 73 0
98 4 1
73 101 1
21 220 0
1 49 1
112 113 0
45 64 1
218 100 0
225 113 1
118 47 0
23 35 0
122 78 0
212 2 1
25 205 0
118 51 1
153 179 1
42 213 1
147 132 1
18 68 0
6 18 1
136 79 1
66 100 1
227 146 1
12 213 1
6 193 0
40 203 1
152 3 1
152 33 0
124 10 1
72 105 1
54 200 1
202 152 0
10 29 1
214 70 0
5 8 0
228 28 1
157 2 0
181 216 1
22 40 1
214 114 1
153 163 0
19 193 1
58 92 1
204 175 1
129 132 1
204 215 0
163 1 1
68 174 0
97 191 0
189 188 0
156 108 1
84 135 1
23 150 0
135 102 0
149 26 0
138 96 1
5 177 0
137 215 0
27 170 0
173 224 0
34 8 0
214 73 0
149 66 0
50 62 1
153 98 0
159 137 0
9 170 0
115 188 1
128 96 0
116 172 0
16 9 0
114 51 0
192 8 1
22 184 1
131 122 1
98 195 1
188 105 0
62 164 0
124 188 1
11 6 1
214 216 1
104 209 0
135 109 0
225 54 1
113 201 0
201 54 0
5 192 0
182 163 0
209 18 0
95 167 1
202 210 0
177 146 1
62 50 0
140 191 1
142 223 0
103 62 1
227 15 1
8 139 1
30 182 1
90 88 1
189 32 1
227 67 1
60 124 1
78 41 0
