142 208
54 131 0
123 128 0
17 72 1
59 110 0
142 126 0
125 72 1
102 40 1
52 94 0
54 23 1
50 72 0
61 15 1
14 65 0
124 6 0
119 123 1
95 111 0
133 35 0
117 133 1
134 104 1
37 32 1
121 89 0
39 3 1
23 120 0
17 31 0
23 62 0
65 107 0
53 97 0
54 108 0
32 56 0
113 21 0
2 105 1
102 1 0
19 70 1
47 83 1
25 5 1
115 4 0
36 77 0
46 78 1
98 133 0
13 64 1
6 113 0
58 136 1
2 86 0
93 10 1
72 46 0
121 121 0
7 28 0
87 62 0
7 71 0
17 68 0
130 100 0
67 91 0
142 89 0
101 91 0
127 123 0
69 29 0
9 5 0
134 82 1
73 37 1
90 73 1
94 54 0
23 54 1
81 114 0
80 120 1
80 91 0
78 139 0
18 121 0
24 71 1
104 131 0
94 127 0
18 14 1
25 67 1
114 29 0
61 62 0
1 126 1
111 6 1
122 73 1
117 64 1
33 25 1
79 132 0
64 106 0
104 46 0
106 71 1
79 93 1
13 17 1
29 136 0
126 18 0
24 107 1
73 61 0
12 38 1
103 103 0
35 100 0
27 48 1
53 37 1
44 2 0
117 36 0
93 100 1
45 126 0
31 54 0
89 38 0
70 56 0
65 46 0
26 68 1
128 75 0
7 86 1
96 102 0
23 111 0
56 6 0
115 142 0
33 84 0
116 107 1
135 120 1
138 32 1
12 87 0
95 66 1
128 17 1
36 131 1
31 109 0
25 52 0
83 44 0
114 32 0
123 138 1
110 54 0
114 71 1
9 42 0
108 133 0
134 132 0
55 89 0
85 11 1
9 30 1
138 107 0
83 71 1
38 105 0
3 87 0
119 74 0
16 74 1
128 111 0
116 36 0
84 1 0
132 105 0
55 98 0
64 28 1
57 37 0
102 17 1
99 130 1
101 124 0
114 47 0
33 125 0
82 13 1
39 138 1
67 87 1
24 107 0
104 142 1
124 109 1
127 41 1
64 78 0
30 12 1
112 123 0
62 136 0
47 113 0
64 34 0
65 104 0
120 134 0
43 99 1
137 24 1
5 92 0
24 127 1
24 87 0
70 4 1
111 82 1
53 94 1
6 7 0
41 82 1
83 101 0
66 2 1
133 115 0
78 72 1
27 18 1
83 20 1
26 34 1
20 89 0
51 38 1
80 94 0
129 112 0
29 81 1
67 97 0
118 51 1
96 73 1
2 109 0
14 90 0
34 64 0
32 118 1
10 4 0
111 100 1
42 48 1
29 78 0
12 66 1
113 39 0
102 129 0
46 82 0
25 36 0
48 115 0
47 24 1
89 142 0
7 122 0
23 19 1
120 47 0
87 141 0
52 17 0
