202 316
178 48 1
88 157 1
61 128 0
168 107 0
70 23 0
130 121 1
6 64 0
187 187 0
105 47 0
145 181 0
174 154 0
110 108 1
152 147 1
27 3 1
45 28 0
88 167 1
12 129 1
84 136 0
113 175 0
76 176 1
136 187 0
122 98 1
29 135 0
65 194 0
169 57 0
160 2 0
192 178 1
16 136 1
84 177 1
169 189 1
32 185 0
82 92 1
121 193 1
147 133 1
164 81 1
23 95 0
35 77 1
70 122 0
146 141 1
38 15 1
69 142 1
5 177 1
29 60 0
57 192 0
80 190 0
37 133 0
187 44 0
184 79 0
101 50 0
77 4 1
173 151 0
35 66 0
106 112 1
188 13 1
14 10 0
169 170 1
126 89 0
42 48 0
78 132 1
97 120 1
148 32 1
201 62 0
12 165 0
144 51 1
150 47 0
69 200 0
98 165 0
121 12 1
66 40 0
112 9 1
16 72 1
13 73 1
196 201 1
19 63 1
92 123 0
29 117 1
32 126 1
170 48 1
140 201 1
129 144 1
132 21 0
61 19 0
22 78 0
149 29 1
70 65 0
136 92 1
50 172 1
37 45 0
187 107 0
115 115 0
12 73 0
99 146 1
177 68 0
12 66 0
48 133 0
167 102 0
139 182 0
66 102 1
53 116 0
122 94 0
134 50 1
108 131 0
37 30 0
62 116 1
162 122 1
113 186 0
105 118 0
142 92 1
14 59 0
158 167 0
5 190 0
197 199 0
158 4 1
94 8 0
67 136 0
121 81 0
195 25 0
70 23 0
192 35 1
105 200 0
1 13 0
131 87 1
60 85 1
102 186 0
5 120 1
113 13 0
188 17 0
194 95 0
11 155 1
136 171 0
154 18 1
186 171 0
165 146 1
107 108 1
123 191 1
76 38 1
19 58 0
98 111 0
60 97 1
149 17 0
67 23 0
72 174 1
48 130 0
35 57 0
147 67 1
172 22 0
26 3 0
6 114 0
94 170 1
177 175 1
164 4 1
181 165 0
84 76 0
136 194 1
133 101 0
31 124 0
63 86 1
93 116 0
29 175 1
67 186 1
102 4 1
198 164 0
176 166 1
135 59 0
38 196 1
201 183 1
69 152 0
149 127 1
141 96 1
33 173 0
184 52 0
186 161 0
102 12 0
168 80 1
58 189 1
74 11 1
67 78 0
118 124 0
139 167 0
32 2 1
64 96 0
105 110 0
3 100 0
24 107 0
173 89 1
64 147 1
42 187 1
159 138 0
150 42 0
125 49 1
98 53 1
122 150 0
57 177 1
17 122 1
67 44 0
108 149 1
160 196 0
191 4 1
175 136 0
11 163 1
17 54 0
48 200 1
174 136 1
120 134 1
27 28 1
107 149 1
105 114 0
115 1 1
35 111 0
52 21 1
127 81 0
142 11 1
98 32 0
83 8 1
67 128 0
95 25 0
17 195 1
180 125 1
80 14 0
122 137 0
160 25 0
58 59 1
70 119 1
192 153 1
153 92 1
84 119 0
53 189 1
106 55 1
151 150 1
114 146 0
69 110 0
178 45 0
5 38 1
30 98 0
61 8 0
111 107 0
4 55 0
41 114 1
55 81 1
129 110 0
138 24 1
49 70 1
35 152 0
2 177 1
93 117 0
108 134 0
123 1 0
138 186 0
72 190 1
93 109 0
114 184 1
15 6 0
159 46 0
199 144 0
39 74 0
72 164 1
82 84 1
45 139 0
59 108 0
93 88 1
20 25 0
63 28 0
46 118 1
94 177 1
127 44 0
40 1 0
92 178 0
21 74 0
89 149 0
39 151 1
170 187 1
172 200 0
179 61 1
30 13 1
11 141 0
86 166 1
153 30 1
107 158 0
113 161 0
87 121 1
47 122 0
90 190 1
201 153 1
59 159 1
79 51 1
82 200 1
51 112 0
144 201 1
42 34 0
119 120 0
86 187 0
185 59 0
65 66 1
190 7 1
126 98 0
193 155 0
76 169 1
201 200 1
196 161 1
84 45 1
99 201 1
177 46 1
179 119 0
175 157 1
88 112 0
199 173 0
84 42 0
77 15 1
79 3 1
96 15 1
168 44 0
104 186 1
35 45 0
89 74 0
48 72 1
188 105 1
