172 319
85 134 1
69 19 1
58 33 1
82 116 1
104 115 0
168 40 1
37 14 1
29 166 1
106 66 0
83 31 1
153 133 1
127 156 1
104 41 0
106 65 1
118 163 0
123 88 1
87 156 1
69 27 1
142 79 1
50 149 0
150 114 0
145 122 0
116 25 1
120 155 1
4 94 0
116 155 0
126 54 0
13 59 0
120 92 0
25 94 0
23 67 0
82 144 0
38 57 1
138 137 0
25 117 0
61 98 0
51 112 1
118 18 0
78 36 1
128 170 0
101 86 0
80 127 1
62 66 0
67 164 0
11 162 1
4 144 1
84 97 0
11 109 1
37 4 0
72 65 1
31 25 1
164 149 1
71 14 1
156 126 1
117 10 1
26 108 1
76 147 0
60 45 0
76 96 0
28 70 1
26 8 0
111 36 0
77 65 0
119 115 1
96 132 1
15 138 1
156 58 0
12 114 0
55 89 1
105 149 0
58 41 1
165 30 1
126 147 0
89 94 0
148 118 1
65 132 1
26 14 1
155 98 1
71 95 0
76 36 1
25 15 1
25 123 1
93 40 0
30 115 1
115 85 1
67 20 1
47 136 0
151 147 0
113 85 1
14 120 0
36 4 0
54 52 1
128 137 0
90 122 1
20 29 0
95 19 0
110 113 0
27 142 0
120 78 0
136 105 0
128 168 1
79 158 0
14 8 1
161 82 0
11 51 1
95 159 0
129 163 1
22 161 1
103 121 1
105 138 0
116 15 0
108 110 1
119 147 1
114 133 1
100 56 0
75 102 1
133 48 0
29 52 1
82 73 0
1 118 1
56 37 1
85 30 0
56 115 0
24 63 1
122 107 1
118 114 1
54 61 0
156 29 0
37 125 1
48 1 1
171 166 1
138 54 0
124 62 0
152 38 0
91 55 1
41 106 0
42 103 0
116 116 0
138 21 0
44 67 1
102 52 1
60 29 1
97 43 1
95 1 1
25 81 1
54 149 1
90 163 1
46 102 1
66 21 0
40 109 1
75 32 1
66 63 0
169 155 0
28 146 1
169 57 0
6 91 0
151 109 1
59 84 0
6 47 1
40 135 1
23 43 1
74 65 0
157 152 1
115 27 0
155 146 1
86 35 1
153 142 0
92 18 0
142 157 0
115 149 0
74 116 1
83 48 1
61 137 1
94 7 1
157 156 1
170 96 0
2 99 1
112 68 1
98 75 0
171 77 0
123 5 0
62 19 1
151 97 0
25 164 1
109 65 1
117 77 1
7 10 0
98 17 0
2 142 0
139 49 0
154 140 0
69 78 0
23 149 1
113 80 0
46 160 1
76 139 1
73 49 0
12 136 1
164 24 1
98 11 1
42 171 1
124 49 0
55 140 1
90 74 0
52 138 0
120 23 1
115 133 0
144 11 1
107 143 1
156 116 0
169 34 1
141 89 1
154 101 1
81 23 0
71 87 1
101 9 0
56 141 1
101 74 1
132 1 0
111 23 1
24 57 0
172 56 1
3 50 1
133 33 1
164 54 1
170 57 0
61 86 0
105 30 0
130 130 0
138 119 0
136 145 1
149 77 0
56 85 1
55 30 0
49 149 1
83 167 1
93 37 1
103 79 1
151 63 0
58 93 1
134 45 1
128 106 1
147 18 1
162 30 1
168 132 1
152 54 1
36 37 0
72 81 0
61 94 0
92 21 1
13 159 0
93 48 0
106 34 1
88 106 1
127 14 1
165 123 1
135 158 1
167 6 1
22 9 0
129 14 0
92 42 1
127 1 0
63 66 1
145 92 1
58 78 1
125 18 0
25 166 0
136 100 0
126 133 0
138 136 0
25 172 1
40 88 1
167 14 0
166 73 0
27 34 0
81 91 1
117 5 1
122 120 1
163 23 0
20 107 1
131 140 1
122 1 0
164 121 1
79 137 1
102 15 0
33 89 1
100 147 0
140 11 0
49 101 0
106 122 0
127 51 0
161 116 0
100 141 1
28 90 1
18 106 1
57 171 1
151 117 0
61 134 0
81 167 0
169 120 0
163 112 1
38 91 1
4 156 0
98 170 0
116 139 0
47 50 0
120 105 0
82 56 1
83 136 1
31 51 1
42 92 0
69 101 1
172 64 1
130 116 1
29 27 1
23 125 1
102 95 1
28 166 0
152 60 1
