141 209
126 77 1
72 10 1
137 75 1
44 137 0
42 20 0
24 125 1
5 54 1
114 137 0
113 22 1
28 135 0
108 76 0
50 130 0
21 23 0
60 22 0
66 109 1
26 22 0
130 68 1
132 114 0
67 60 0
87 84 0
9 99 1
84 135 1
121 113 0
43 75 0
40 102 1
54 70 0
96 67 0
21 94 0
91 106 0
20 18 1
28 141 1
62 132 1
95 133 0
122 29 1
107 96 0
53 103 0
49 103 0
72 38 1
44 10 1
80 33 0
18 30 1
91 134 0
123 7 1
96 13 0
111 138 0
56 73 0
76 12 1
137 49 1
140 140 1
51 89 0
47 79 0
61 75 1
52 106 0
77 11 1
80 31 1
71 64 0
93 41 1
16 132 1
35 101 1
4 129 0
78 95 1
55 124 0
81 115 0
58 77 0
119 6 0
129 109 0
95 48 0
116 141 0
82 139 0
96 131 1
84 112 1
115 16 0
42 94 0
80 52 0
64 95 1
6 86 0
49 97 0
112 44 0
11 111 1
133 101 1
23 107 0
48 15 1
126 136 0
27 36 1
27 36 1
71 65 0
75 40 1
65 132 1
141 89 1
22 47 1
20 54 1
51 46 1
105 13 1
132 126 1
37 28 0
47 126 0
112 137 1
65 28 1
4 135 0
5 34 1
75 96 0
130 21 0
111 71 1
65 103 1
130 46 0
94 115 1
83 61 0
75 56 0
12 44 0
134 26 0
18 56 0
68 28 1
111 19 1
13 134 0
14 33 1
122 129 1
27 3 0
138 94 0
43 12 0
102 141 0
81 126 1
94 57 0
59 1 1
57 46 0
101 106 0
114 90 1
50 60 0
95 114 0
125 34 1
88 140 1
129 36 0
111 102 1
126 22 0
93 124 1
45 136 0
50 110 0
87 117 1
97 52 1
139 14 0
136 117 0
124 118 1
133 125 0
130 76 1
82 19 1
28 46 0
60 86 1
109 94 0
99 61 1
62 51 1
95 39 1
61 127 1
69 52 0
16 43 0
43 61 1
67 141 1
66 141 1
69 127 1
53 100 1
24 43 0
80 70 0
73 43 1
3 51 1
29 130 0
24 35 1
5 78 0
106 132 1
89 35 0
82 100 0
130 9 1
103 124 1
116 47 1
137 59 1
31 25 1
43 40 0
104 134 1
36 54 1
42 8 0
15 42 0
38 51 0
141 27 1
19 137 0
54 131 0
22 34 0
58 88 1
40 31 1
133 28 1
109 16 0
94 124 0
21 37 0
138 130 1
27 72 1
35 120 1
36 1 1
55 40 1
74 65 0
58 89 0
105 23 1
8 47 1
89 141 1
67 131 0
98 23 0
109 87 1
133 85 0
64 30 0
128 99 0
34 131 1
106 32 1
74 102 1
53 46 1
