232 458
203 2 1
232 106 0
2 75 0
111 60 1
181 56 1
85 223 0
6 52 0
15 221 1
174 87 1
173 85 1
4 141 1
40 185 1
76 163 1
221 48 1
225 80 1
216 166 0
149 48 1
163 157 1
104 84 1
136 206 1
23 205 1
213 43 1
47 83 1
14 149 1
218 196 1
64 116 0
106 183 1
132 184 1
232 227 1
174 225 0
172 146 1
97 123 1
139 59 1
88 113 0
103 133 0
172 22 1
225 47 1
106 138 1
164 17 1
189 59 0
98 111 1
200 99 0
195 227 0
146 154 0
29 214 0
63 3 1
183 116 0
221 65 0
142 31 0
12 169 1
189 67 1
98 137 0
178 120 0
129 93 0
63 138 0
52 95 1
14 112 0
134 87 0
95 211 1
75 210 0
26 43 1
104 114 0
231 93 1
185 203 0
64 82 0
194 196 1
200 186 1
219 164 1
50 160 0
179 177 0
186 86 0
146 20 0
149 164 1
72 46 1
91 143 1
166 175 0
132 72 1
6 55 1
231 93 1
37 220 1
104 205 1
63 139 0
122 157 1
108 128 1
87 184 0
195 203 0
162 109 0
161 177 1
111 155 0
169 27 1
4 229 1
124 31 0
157 213 0
228 213 1
5 171 0
207 173 0
121 114 0
23 30 0
210 117 0
181 212 1
102 57 0
187 111 1
121 200 1
57 163 1
30 131 1
113 134 1
28 132 0
2 228 1
93 80 1
216 158 0
140 85 0
151 189 0
60 170 0
32 33 1
66 192 1
10 88 0
128 178 0
55 172 1
71 74 0
19 1 0
189 58 0
138 100 0
197 49 1
49 1 0
135 137 0
232 168 1
172 11 0
186 175 1
220 127 0
162 171 0
125 202 0
104 221 1
186 128 1
195 181 0
18 186 0
127 221 1
95 85 1
89 205 1
52 92 0
47 184 0
227 6 1
224 41 1
228 69 1
174 194 1
178 52 1
40 187 1
152 22 0
131 101 1
146 85 1
193 175 1
137 114 0
164 17 1
74 3 0
25 203 1
144 155 0
15 227 1
33 133 1
39 60 0
60 209 1
19 205 1
174 21 0
54 179 0
129 35 0
62 154 1
22 11 0
22 197 0
37 154 0
82 43 0
77 85 1
81 141 0
58 35 1
80 205 1
97 182 1
26 101 1
1 123 1
27 3 0
176 205 0
23 31 1
191 171 0
60 64 1
40 16 0
45 169 1
188 111 0
30 119 1
104 224 1
37 45 1
4 210 1
116 202 1
213 179 1
146 171 1
199 116 0
83 90 0
3 11 0
137 112 0
157 25 0
56 4 1
96 206 0
228 77 1
196 22 1
45 75 0
77 148 0
121 109 0
174 224 0
109 137 0
83 37 0
133 18 0
179 182 1
222 161 1
49 182 1
32 134 1
36 216 1
177 136 0
137 211 1
150 2 1
185 163 1
106 8 0
34 99 1
195 197 1
43 120 1
175 169 1
226 66 0
65 158 1
136 35 1
111 201 0
113 133 0
25 13 0
26 192 0
25 137 0
5 61 0
28 5 1
222 5 0
42 45 1
19 215 0
213 60 1
116 175 0
204 177 1
52 174 1
151 111 1
129 7 1
11 30 0
32 132 1
151 77 1
220 220 1
135 210 1
17 18 1
4 14 1
184 230 0
105 28 1
161 5 0
65 163 1
103 217 0
92 140 0
3 59 0
120 118 0
127 177 0
113 168 0
216 64 0
85 187 0
177 60 1
225 182 1
102 24 0
102 180 1
56 132 1
89 192 0
129 94 1
155 105 0
80 35 0
128 14 1
205 7 1
14 197 1
61 12 1
12 186 1
215 99 1
72 63 1
191 184 1
210 203 1
65 10 1
190 215 1
141 144 1
27 216 1
122 34 1
33 50 0
27 26 0
34 179 1
75 166 1
225 94 0
26 174 0
158 105 0
127 160 1
108 55 0
125 59 0
54 195 1
190 176 0
113 26 0
220 154 0
186 25 1
104 72 0
93 39 1
173 69 0
23 49 0
231 187 1
209 47 0
129 143 1
167 77 0
10 10 0
40 50 0
95 147 1
199 153 0
4 129 1
55 220 0
138 181 0
162 31 1
219 16 1
90 55 0
30 29 1
102 185 1
195 47 1
177 199 1
221 231 1
105 156 0
159 11 1
218 59 0
155 211 1
66 129 1
101 44 0
150 81 1
202 225 0
204 174 0
198 77 0
133 7 1
229 200 0
68 227 0
19 213 1
188 34 0
176 133 1
197 101 0
49 63 0
214 63 0
158 104 0
89 112 1
200 135 0
31 108 1
59 46 0
154 72 0
218 187 0
72 89 0
163 138 1
35 101 0
146 190 1
184 172 1
42 167 1
166 209 1
164 51 0
60 143 1
166 231 1
116 214 0
187 104 1
79 131 1
167 211 1
195 141 1
128 165 0
28 145 1
16 158 0
230 102 0
157 176 1
138 27 1
118 41 1
46 38 0
143 3 0
135 88 0
196 217 0
151 197 0
54 227 1
143 183 1
219 152 1
35 182 0
6 44 1
194 143 0
42 132 1
42 88 0
45 129 1
25 167 1
132 83 1
10 100 1
178 148 0
198 75 0
68 92 0
232 46 1
22 185 1
59 89 1
193 140 1
54 167 1
184 21 1
174 192 1
151 125 0
164 215 1
193 47 1
60 71 0
15 195 1
174 154 0
203 122 0
222 140 1
64 214 1
204 188 1
3 202 0
75 228 1
60 60 0
186 24 0
152 107 1
8 206 1
142 81 0
220 116 1
94 76 1
111 52 0
210 169 1
223 135 0
37 166 1
131 139 0
222 42 0
165 69 0
60 171 0
223 44 1
132 18 0
211 115 0
153 27 0
118 100 0
191 11 0
139 123 1
95 145 1
198 52 1
222 110 0
78 59 1
138 83 0
221 82 1
13 71 0
86 73 0
74 151 1
176 124 0
28 93 0
58 84 1
186 23 1
112 209 1
180 181 0
211 126 0
37 75 1
15 67 0
16 141 0
163 186 0
19 165 0
159 208 0
64 61 0
130 222 1
26 149 0
226 181 1
170 91 1
73 58 1
113 104 0
29 209 0
