1000
1
830 316 907
568 136 907
351 684 953
775 719 911
862 593 947
602 600 937
338 428 977
674 508 947
389 221 997
268 932 977
600 956 971
38 516 947
954 775 977
166 699 967
960 298 997
660 462 997
787 843 937
594 847 941
150 230 967
17 481 967
68 181 971
408 54 941
253 955 967
835 471 907
414 737 977
668 169 937
620 804 971
330 330 971
658 146 953
598 431 997
365 489 919
720 820 971
841 194 911
206 585 947
361 601 947
149 594 919
189 459 997
364 464 971
842 541 953
103 897 919
80 597 967
746 695 983
204 307 953
90 476 947
291 157 977
379 500 971
601 116 941
549 680 929
483 682 953
237 446 971
264 358 941
718 275 967
296 612 991
758 336 983
596 885 983
42 18 971
478 755 911
37 786 977
385 576 919
764 392 971
942 648 997
83 515 991
751 478 937
702 832 947
724 948 953
430 179 937
912 826 983
109 182 953
778 794 911
670 411 997
487 792 967
14 847 997
261 41 953
604 122 929
13 716 997
297 208 991
291 251 967
767 432 991
643 441 941
34 589 983
239 423 983
906 183 919
62 237 929
262 375 911
126 922 983
468 362 997
648 433 983
271 791 929
454 323 991
657 395 971
55 878 971
754 741 971
593 799 911
80 395 919
22 678 937
540 612 941
405 482 971
848 294 991
892 797 907
932 595 991
532 345 971
511 859 929
264 532 977
914 350 941
571 382 929
789 108 967
432 702 953
821 216 977
369 816 937
339 362 997
73 371 971
66 298 919
195 347 937
354 699 941
48 518 997
230 272 937
301 693 967
32 158 911
832 736 997
837 74 941
604 337 919
96 786 929
893 685 941
890 915 983
784 540 997
18 934 977
610 340 967
594 104 971
394 623 953
364 315 953
826 690 983
141 489 947
45 590 919
475 879 953
345 353 991
197 625 947
290 191 919
108 76 941
350 561 929
191 627 997
230 641 971
614 782 929
418 579 977
468 393 907
674 624 919
765 457 929
370 733 907
168 872 971
447 346 983
454 194 911
21 669 941
643 587 929
629 674 967
176 482 947
4 733 997
833 398 929
358 351 997
173 13 919
676 607 907
256 321 929
274 625 991
744 126 997
563 649 977
79 807 971
266 142 977
380 185 977
10 708 967
148 827 977
255 5 997
379 901 907
366 15 941
787 486 983
379 236 967
919 9 937
691 2 991
5 112 971
538 116 937
317 185 997
739 256 919
529 323 947
848 555 911
558 933 997
524 963 991
399 782 941
569 340 929
321 733 937
233 620 967
168 180 919
603 540 997
325 665 937
726 409 907
91 742 911
506 938 991
473 565 937
188 483 947
613 213 953
771 410 919
154 108 997
319 532 953
628 702 947
641 66 967
823 804 929
762 150 919
91 831 911
833 452 967
181 797 947
923 259 947
675 124 911
690 625 947
702 395 977
216 756 941
870 526 919
425 768 983
546 732 911
76 73 971
414 514 929
880 113 911
874 837 919
446 779 937
149 688 971
394 458 907
783 10 941
193 282 967
653 420 947
364 755 983
53 404 941
278 318 907
33 347 991
612 781 971
238 652 967
937 697 983
878 462 929
228 381 947
929 484 971
944 816 997
177 649 977
717 919 953
754 469 983
720 876 971
902 404 911
313 906 947
879 814 971
554 361 953
815 122 911
771 107 947
353 826 929
457 550 971
963 764 997
298 767 941
515 961 991
60 802 907
662 678 977
892 101 929
454 391 941
753 133 937
68 47 941
425 399 929
282 222 911
69 602 947
876 107 929
183 70 911
709 452 967
882 605 953
397 570 983
302 730 971
359 490 919
142 489 971
710 208 967
221 494 997
309 440 983
28 616 919
589 645 971
303 225 937
182 539 977
856 264 983
864 204 937
881 287 919
491 433 977
252 251 991
976 967 977
716 299 953
313 658 977
171 397 983
189 968 971
847 874 953
629 861 911
515 51 919
665 850 941
688 325 991
531 529 991
566 708 937
21 324 997
489 164 967
944 412 967
711 941 997
434 628 977
220 255 953
928 916 929
724 794 953
562 811 937
739 789 919
459 619 977
858 151 907
513 35 997
715 175 967
238 91 983
445 846 937
870 274 941
452 890 941
946 307 997
258 315 947
69 188 929
912 857 919
616 542 941
467 679 983
359 742 911
207 921 929
426 490 947
766 728 947
346 812 937
483 928 929
312 907 941
115 531 967
491 879 907
714 884 919
185 736 977
824 861 937
844 612 911
183 946 977
388 634 919
579 425 947
680 367 941
369 370 941
583 936 937
138 56 907
93 754 947
375 666 953
689 358 937
591 883 967
771 475 919
932 925 937
148 124 937
318 779 991
804 640 971
191 780 977
776 428 911
44 870 953
537 101 937
607 714 997
744 756 991
496 404 967
174 182 907
917 545 929
252 412 941
862 407 911
165 7 991
798 557 953
733 164 991
623 873 941
887 117 971
74 252 941
49 170 991
450 158 997
339 736 991
632 581 929
528 121 937
454 130 991
513 920 953
384 254 971
245 743 953
890 84 941
514 554 907
199 284 919
591 512 997
750 842 977
343 461 947
219 791 941
773 319 947
293 540 997
129 241 919
285 665 991
835 948 967
622 268 983
38 352 947
625 900 941
139 683 907
880 26 983
182 143 971
814 904 947
75 134 947
932 786 937
444 736 929
303 289 919
728 613 953
554 174 911
314 183 919
672 15 983
133 28 991
937 837 947
962 429 983
406 13 983
726 637 941
703 61 977
506 501 937
172 733 941
87 841 911
959 724 983
687 950 991
459 472 929
258 73 907
806 973 991
7 346 967
981 529 983
529 325 991
135 796 967
835 763 941
816 52 947
88 606 919
602 197 953
513 782 937
286 240 971
79 600 929
124 859 919
536 527 947
592 813 953
783 271 983
1 280 937
842 63 967
272 368 907
165 724 947
704 771 911
881 523 953
21 709 941
267 129 967
836 616 967
509 500 947
582 2 907
144 232 947
608 259 941
214 348 911
224 455 937
361 271 991
239 199 941
41 68 941
626 873 967
291 330 929
643 929 971
116 419 911
76 769 941
342 851 907
59 125 991
272 578 907
958 202 997
14 829 947
768 390 977
223 584 947
433 801 937
431 468 929
661 690 991
735 845 971
120 81 947
416 59 937
2 634 967
823 62 983
717 601 947
119 705 947
39 530 911
258 275 941
534 33 947
318 126 991
648 946 983
184 497 971
700 194 983
911 262 997
435 360 929
36 642 991
429 622 967
860 360 953
692 243 937
433 734 947
537 496 919
105 851 941
949 203 997
374 730 947
417 613 997
832 453 941
386 415 977
127 200 977
548 754 919
424 883 967
134 225 983
734 417 977
228 523 929
445 237 983
150 920 991
493 740 967
319 298 937
177 563 947
689 263 907
415 259 907
949 597 953
649 566 983
762 206 991
579 747 941
420 300 977
713 25 911
26 386 977
942 656 983
733 385 977
476 860 967
508 268 971
380 261 919
689 241 983
794 421 911
395 22 911
23 79 907
548 136 997
13 944 977
945 884 983
199 452 991
827 831 911
2 889 953
24 603 911
145 137 907
635 393 953
454 59 907
4 351 953
240 45 991
58 930 953
354 767 991
914 619 983
845 432 937
596 359 953
152 912 967
436 905 919
479 522 947
268 795 911
491 708 971
843 616 967
550 303 977
949 92 967
500 597 919
546 810 967
140 524 941
278 604 911
201 417 971
123 408 919
655 911 953
750 247 947
224 887 967
287 493 967
624 158 997
675 151 971
409 395 929
193 34 937
475 647 947
706 638 947
220 68 911
158 489 983
524 309 991
384 424 983
839 682 991
440 163 911
906 324 947
477 196 937
197 734 941
849 14 967
63 491 953
382 349 911
670 810 997
512 138 907
237 492 919
167 536 941
680 935 947
704 383 907
257 32 953
880 212 947
213 87 937
72 665 919
782 300 953
519 724 967
276 483 907
365 552 919
338 419 947
743 476 971
308 571 983
860 620 919
366 181 971
903 636 907
560 901 947
625 562 997
479 311 919
471 848 967
101 262 997
75 759 997
631 542 967
229 217 919
885 613 991
731 717 947
436 135 991
704 907 941
394 618 977
922 771 983
641 859 967
417 345 997
59 362 991
277 640 911
678 649 977
725 693 907
672 585 983
824 779 941
809 893 937
596 100 929
23 624 991
287 887 919
862 622 983
232 758 997
655 34 929
630 642 937
959 353 977
55 568 919
384 688 991
144 630 941
572 773 937
168 520 929
938 798 971
904 193 911
675 793 937
715 213 977
166 330 937
26 700 967
107 884 919
640 500 953
965 573 967
73 460 991
233 225 941
813 735 967
696 802 947
51 707 929
626 679 929
279 666 947
707 318 991
624 864 947
16 535 907
925 868 937
408 357 953
895 580 983
710 952 977
486 268 929
477 541 991
269 363 953
14 61 907
546 307 929
34 98 997
236 128 953
279 896 919
771 668 911
513 483 907
555 617 977
289 6 929
325 158 919
267 886 947
138 701 941
551 341 971
627 736 977
957 496 983
980 875 997
156 329 929
663 499 919
732 783 997
657 57 983
43 415 983
541 503 911
773 183 983
851 100 967
401 978 983
560 201 991
52 660 907
832 290 947
410 616 919
845 901 919
134 482 937
436 842 937
437 401 919
233 583 919
509 56 977
869 22 953
656 741 977
115 512 967
126 483 983
117 783 991
905 593 919
178 793 997
625 132 991
66 811 977
557 752 941
501 577 997
291 549 971
619 474 997
175 684 911
320 554 941
496 890 919
123 473 911
749 518 971
8 592 953
36 745 977
598 755 997
901 490 919
924 441 971
76 283 997
523 403 907
200 338 919
860 576 929
830 831 941
77 887 907
727 44 983
265 674 907
801 433 907
932 432 947
351 874 983
621 211 947
358 488 983
6 279 929
669 466 911
649 115 997
676 145 937
288 782 907
289 474 953
176 123 947
540 507 967
605 391 953
61 190 919
382 682 907
908 456 967
750 316 997
518 558 947
7 283 947
403 440 919
705 645 983
977 928 991
363 650 929
216 179 919
383 878 947
210 714 937
696 152 991
537 828 997
627 274 911
396 430 907
53 41 991
215 394 947
294 243 971
648 440 911
136 519 953
697 401 937
315 710 983
253 186 971
168 537 919
637 424 937
427 266 911
871 707 991
68 676 977
278 879 971
334 270 947
330 451 907
95 291 919
257 909 941
177 784 971
306 704 953
558 33 967
664 98 911
699 175 937
269 40 937
532 456 929
793 45 953
152 258 929
858 644 977
525 603 983
701 262 907
205 438 919
808 69 967
768 596 977
690 859 953
284 521 991
473 226 971
78 440 971
10 61 971
480 308 953
691 133 919
70 823 941
63 730 977
896 695 983
475 60 977
665 743 937
378 776 947
228 769 997
444 280 953
528 412 967
416 626 941
634 479 911
28 493 997
136 409 919
609 406 953
29 30 907
274 294 919
435 354 967
885 533 947
106 906 953
957 959 983
71 271 991
495 504 991
126 882 947
26 577 991
716 324 919
795 905 941
312 63 983
639 155 911
552 338 941
371 357 941
422 53 941
278 91 967
880 748 983
226 671 911
496 820 937
550 409 907
112 265 907
725 101 967
967 555 977
462 72 941
68 704 947
489 764 907
18 748 947
577 47 911
880 64 919
156 464 953
813 811 919
806 265 991
429 355 983
431 733 947
285 594 937
45 309 967
197 831 937
104 873 953
202 547 991
628 430 977
177 44 947
747 231 937
797 874 977
122 71 907
532 930 971
756 61 983
511 28 929
685 523 997
338 277 977
418 47 983
649 349 977
747 441 919
804 608 947
542 201 953
15 253 911
806 100 929
482 341 941
744 227 983
849 480 919
664 325 967
191 653 997
245 451 977
577 315 941
849 214 941
121 103 971
192 521 991
848 963 967
151 173 937
786 276 907
367 515 971
764 785 911
866 52 953
208 380 953
502 873 929
342 700 947
523 529 953
587 399 947
298 870 929
499 113 907
331 877 983
904 805 937
800 602 967
295 110 919
614 19 991
645 738 907
308 141 941
786 470 991
211 937 991
857 771 991
546 685 937
385 288 907
879 41 907
324 739 911
821 816 983
386 626 967
628 651 953
447 138 947
163 360 937
156 728 997
162 617 991
286 342 941
247 869 983
694 493 929
70 494 929
427 846 971
85 840 929
678 268 983
341 335 911
457 557 983
208 518 983
768 228 977
474 662 971
904 46 929
449 897 941
816 767 937
34 846 967
857 548 937
80 687 997
926 301 983
567 100 971
972 175 991
589 438 953
577 606 953
312 353 929
503 345 911
142 653 953
696 949 967
540 730 971
44 180 971
508 316 929
794 809 937
879 724 967
759 556 967
11 563 967
106 884 911
616 900 953
604 641 947
223 641 937
284 787 971
711 473 907
1 252 907
855 27 929
747 88 919
16 69 911
141 173 929
701 2 971
724 686 947
770 805 929
505 871 997
767 394 977
403 494 941
478 833 977
57 396 947
531 582 983
769 538 983
228 502 941
215 807 937
57 576 919
659 35 977
107 538 937
470 175 937
578 550 929
576 666 977
341 632 911
240 756 937
304 605 907
910 432 937
231 342 919
783 652 911
392 440 947
160 636 991
750 584 937
69 551 983
969 60 977
540 607 953
292 846 947
113 937 983
980 161 991
333 430 907
646 507 947
303 428 937
118 496 907
406 38 997
339 549 991
936 489 953
411 327 997
843 59 919
739 533 937
849 713 983
372 540 953
42 361 997
954 124 977
612 908 991
638 820 983
330 869 971
844 394 941
