1000
1
841347362 912305710 1000000787
750542177 60734466 1000000579
310278645 901236749 1000000349
582497567 156374207 1000000453
161595441 241006455 1000000271
574335385 475974724 1000000123
640155481 479717703 1000000753
986189377 314333343 1000000021
143975311 45630213 1000000531
836406328 66697665 1000000891
615567623 579024140 1000000993
458137387 482702744 1000000613
745625404 453873925 1000000009
474317194 856842995 1000000607
4609714 331575115 1000000241
976784545 924882811 1000000787
746536790 841364093 1000000711
709556096 874449854 1000000009
681867681 866341663 1000000123
673648764 685974434 1000000427
112133508 576693904 1000000871
575839572 359837586 1000000891
167034874 507096144 1000000787
624613168 362518312 1000000453
89836556 262170884 1000000427
104900874 845733822 1000000513
534272739 275682641 1000000663
819748676 973345531 1000000007
878581462 414733865 1000000861
922637420 136323774 1000000801
752466451 861174259 1000000891
78458451 432196705 1000000033
672584692 793688651 1000000403
147649303 169648467 1000000093
837261121 655428049 1000000931
471285836 112809174 1000000093
149809744 797929115 1000000453
560288796 149912209 1000000289
174081961 305607943 1000000871
52677541 40594564 1000000891
501634504 570852656 1000000271
277018245 830499034 1000000009
916936738 933743475 1000000297
586572242 790023949 1000000453
527365575 238415551 1000000663
964251117 249043966 1000000439
134342762 625651201 1000000579
607323883 11959485 1000000637
707599017 824909577 1000000871
731178035 711728616 1000000427
682993914 989061882 1000000033
426038550 482349012 1000000009
821076972 494750420 1000000097
335320608 120687596 1000000349
460104969 576979055 1000000087
994998543 63007153 1000000861
176590999 26086444 1000000801
356689100 417675245 1000000453
35920615 577436517 1000000411
365805063 10874934 1000000901
253735423 620179277 1000000787
319526469 433768744 1000000919
891230806 526440214 1000000931
856352513 339664167 1000000363
935800049 990949432 1000000579
869655440 144988967 1000000021
867471639 852780201 1000000097
952853668 663292641 1000000297
53481382 690251232 1000000087
663442854 393377172 1000000033
573296388 517041378 1000000801
507227359 615292634 1000000033
871662210 3636196 1000000087
907863280 528876890 1000000993
822550919 82339631 1000000403
345919371 587943461 1000000933
780187077 624735902 1000000409
272266024 73470588 1000000007
174517893 719913854 1000000297
719049543 646971096 1000000321
759027651 213473427 1000000433
690305009 715734706 1000000459
269051507 636741387 1000000321
476491866 17670935 1000000427
247501849 231897392 1000000439
147662949 554962771 1000000891
101200372 101559673 1000000097
895436338 553004175 1000000861
684643177 533198681 1000000919
204707655 670189363 1000000321
241991109 886270647 1000000087
913011923 417517505 1000000861
244702424 325872660 1000000271
458675997 777308192 1000000801
533089676 628786248 1000000289
502030296 623268932 1000000097
909785770 594908467 1000000241
256760553 899918523 1000000411
371440425 388275006 1000000931
602049785 967241847 1000000363
565783821 478528249 1000000033
778791086 117614890 1000000409
142310848 580378227 1000000433
440935299 150362693 1000000459
223776454 426687402 1000000007
801868338 121646989 1000000891
293568898 883650025 1000000033
271174638 428464345 1000000427
37402145 616100408 1000000919
910505228 655938968 1000000871
640951034 866150498 1000000021
3134074 994173587 1000000447
587808218 864602312 1000000097
870867383 578362363 1000000483
206744399 941413954 1000000711
761395381 742437702 1000000919
856305592 201985718 1000000871
449769960 78395567 1000000093
532965349 666131779 1000000009
58937289 433491834 1000000459
326336712 844414966 1000000349
46396850 827090645 1000000409
676292717 168495638 1000000637
64017597 640331030 1000000439
14424386 993698092 1000000007
78766273 174807043 1000000753
164296560 895166855 1000000871
328643914 810661991 1000000871
266932664 688132294 1000000093
918575715 818056096 1000000871
428366173 100278416 1000000513
643147527 358533042 1000000007
222683176 147981716 1000000861
753914872 632473751 1000000223
990626046 405540199 1000000103
396214597 253845097 1000000711
174472799 224679739 1000000349
776433788 64478470 1000000871
64823879 900064673 1000000103
675609949 69961424 1000000411
855152938 641163844 1000000933
137972655 448140612 1000000901
206389562 865395374 1000000579
796411867 220178383 1000000087
282512197 192983119 1000000787
93916533 313339113 1000000933
790728422 3974074 1000000289
667680871 974738241 1000000787
924221076 720729067 1000000891
41464129 576723721 1000000829
375873270 778776400 1000000663
893008216 937886604 1000000513
590817402 918253017 1000000871
783875213 756961513 1000000829
89068486 495168304 1000000241
124363232 5456652 1000000403
773313782 224782542 1000000801
308196355 331188207 1000000363
644304140 851252118 1000000637
260108810 794400900 1000000033
865681309 785466255 1000000513
996371960 552698430 1000000123
615857564 316936631 1000000427
581264436 70229485 1000000753
12475024 909696225 1000000933
708249516 760380836 1000000033
353792662 255220674 1000000901
195434483 411186433 1000000453
288494763 926435997 1000000097
367011344 445272152 1000000033
507708006 403032707 1000000321
235756015 86031832 1000000021
700679417 48166810 1000000241
656787950 356524025 1000000409
472570211 402753249 1000000607
917107647 831274687 1000000321
67234087 455160459 1000000931
358877550 678924719 1000000513
831250244 750941471 1000000007
722662726 558715244 1000000433
864137280 220180400 1000000007
803946316 957371780 1000000891
856892878 367207095 1000000613
530021742 892618312 1000000447
661587098 779131039 1000000403
32123898 458424366 1000000409
985366852 820070662 1000000901
426308058 48664895 1000000289
736896929 569220059 1000000087
823234039 901966400 1000000447
790021079 321171401 1000000297
791647761 652027755 1000000637
455274952 671136905 1000000483
181888361 407798270 1000000453
720866171 47346432 1000000271
115751873 4088228 1000000097
210237014 704439886 1000000829
368668656 190957528 1000000207
916646486 687418271 1000000097
499949441 486710564 1000000087
413934888 693656185 1000000711
41064075 87156444 1000000637
191471131 82993706 1000000297
301930589 308836579 1000000241
122161659 551023656 1000000459
213516134 988809243 1000000289
349142322 956294006 1000000901
267815124 301873927 1000000207
759577450 962340841 1000000933
470056958 367375981 1000000427
184328825 811318755 1000000363
101473897 793038061 1000000427
255431891 615876188 1000000439
287158954 2225206 1000000753
575006588 710364781 1000000579
937710614 165404562 1000000403
101438844 137161847 1000000207
669585174 209976253 1000000021
540090782 621174579 1000000207
297416791 949085326 1000000097
76500302 418553967 1000000861
166700842 703615330 1000000607
875565317 970543236 1000000123
415307249 574747205 1000000009
94954613 29207283 1000000901
206690769 431204129 1000000093
359505373 209097266 1000000181
709195835 132648685 1000000513
291860962 362443612 1000000891
486283547 826258966 1000000409
337678545 996373032 1000000223
122061160 746608736 1000000993
182203956 226987003 1000000097
127498894 279491740 1000000123
115306304 363153702 1000000607
796505917 489008127 1000000363
842166525 182042020 1000000321
158848638 132666366 1000000613
793706560 699917554 1000000513
823971009 633722151 1000000483
396452202 967826149 1000000403
727178996 522732917 1000000829
796253720 723732510 1000000483
501899286 450233780 1000000363
822718721 533614656 1000000801
931562555 965470668 1000000403
805485344 600170793 1000000607
267661781 920702174 1000000207
975531299 742575307 1000000711
730669600 46591948 1000000753
994580089 555309056 1000000427
275100522 353825943 1000000181
33435826 237574808 1000000207
62531030 688211938 1000000093
161383309 36064075 1000000753
396926345 352567893 1000000321
128654270 192927507 1000000409
194028500 202100718 1000000007
554091028 705675095 1000000891
752766099 322598272 1000000297
883491368 747607405 1000000181
758726534 474656597 1000000087
792586335 952400876 1000000033
940940948 910315794 1000000289
454013782 119005225 1000000919
690771404 619162067 1000000753
607533221 694562454 1000000021
559353016 818276192 1000000403
835306309 986727265 1000000901
357326370 140809045 1000000579
194023879 362480243 1000000223
655446611 807239593 1000000453
416278380 652887129 1000000607
807729516 598649928 1000000403
461527241 695322364 1000000181
282348735 737365760 1000000513
375996747 522295072 1000000411
953888634 586995135 1000000103
530591601 481933629 1000000427
672595598 776402458 1000000483
519799442 381410156 1000000409
280595811 565370013 1000000007
216054958 830714409 1000000933
164701280 741623358 1000000181
429404928 225041040 1000000871
403232578 302200756 1000000009
727100931 205674107 1000000753
942978125 975711235 1000000531
114050297 512775321 1000000207
717379352 960647789 1000000637
293435678 23967530 1000000711
366569697 360376395 1000000637
570402323 789511072 1000000753
681949431 639259840 1000000087
783222298 669837832 1000000207
943841570 692984182 1000000993
100607468 292421854 1000000871
958442425 35382357 1000000097
199975634 823800978 1000000181
197185797 531777572 1000000901
477239760 551304963 1000000123
230142395 324428835 1000000447
751806417 615306029 1000000579
770317580 425506390 1000000103
452551929 720633580 1000000289
442833217 945495974 1000000021
82012686 81274204 1000000829
563582122 571700361 1000000403
434660170 812666193 1000000363
762359611 928621622 1000000007
761257393 778697617 1000000531
116001114 761038152 1000000241
688913990 901529612 1000000607
854101309 460298044 1000000349
388562362 729023733 1000000097
544329519 769016576 1000000021
523976637 884116502 1000000753
616991634 947844653 1000000801
583257606 512501194 1000000123
763975785 365090696 1000000321
454599854 309335912 1000000459
558512166 917039417 1000000453
216180 763586809 1000000891
7203139 358043156 1000000891
968826675 968746097 1000000403
236858914 332396823 1000000007
757523421 267980716 1000000753
169599472 845373923 1000000993
292244014 381461343 1000000009
301709769 56570254 1000000483
722305846 24453179 1000000901
385434436 61676004 1000000433
6248638 865663421 1000000123
980934123 248870644 1000000861
372785058 15609459 1000000613
259171133 31599124 1000000007
654369794 743023859 1000000801
389997062 667950498 1000000531
467103290 387236510 1000000297
379290822 244943486 1000000637
416570658 67625151 1000000447
107332092 224362825 1000000427
362361532 969983487 1000000403
138085926 294342790 1000000093
865374196 647930422 1000000483
357829256 122207089 1000000801
152497554 259772403 1000000433
215234887 592054780 1000000579
631700671 137258285 1000000919
945046717 439541986 1000000933
970998732 859034456 1000000087
835182975 904815576 1000000409
536499826 647343813 1000000427
732856547 279315743 1000000891
778058451 296127703 1000000637
109530031 157976402 1000000447
319678952 644439821 1000000901
927773519 572284851 1000000363
448897395 380477538 1000000093
29208554 370715408 1000000087
125300521 545338132 1000000409
243489516 900248815 1000000009
195652377 198940292 1000000613
578599321 204595666 1000000207
847843193 691764550 1000000297
986276105 776097361 1000000403
768284271 614430144 1000000711
448202359 894889343 1000000409
770623247 816762585 1000000021
907024390 842922558 1000000453
438002484 407527856 1000000009
381558102 874249150 1000000427
233956679 395599675 1000000891
171456177 460182097 1000000447
998464388 571664618 1000000483
66105370 903179468 1000000861
760840764 307132569 1000000663
280685771 219430631 1000000403
688612824 488140968 1000000513
760144448 187860640 1000000459
134921600 647902178 1000000993
144065771 529433138 1000000933
594959523 193076896 1000000483
780219357 110219809 1000000829
72669177 528386531 1000000613
661813014 56894626 1000000427
709718815 518407602 1000000861
928858322 89867245 1000000753
34867786 767305127 1000000411
87491302 526808403 1000000919
725780963 918875005 1000000021
709963893 179684882 1000000637
148369396 667090328 1000000103
857452061 487657529 1000000801
785322425 679408020 1000000363
813053612 140547942 1000000993
48137401 731770417 1000000933
714466451 882274882 1000000123
264454074 919037298 1000000207
560350899 240510088 1000000891
964597898 82711853 1000000861
42364360 243900770 1000000181
795037651 875014470 1000000411
725136355 874061209 1000000861
801496396 897926144 1000000663
521776710 692933194 1000000033
260559065 95752581 1000000207
167967659 896442375 1000000711
326133018 233999326 1000000919
222012912 771447173 1000000349
472824154 444718913 1000000787
855453023 2193234 1000000513
313080130 280279199 1000000349
979641114 953079132 1000000711
670089997 438700172 1000000871
692093332 768403928 1000000459
270306979 538531633 1000000087
945253766 931540140 1000000321
502023988 126568354 1000000271
430522915 762351961 1000000021
824657184 744522770 1000000613
805282349 941273784 1000000007
877923527 68073098 1000000871
489108648 80028540 1000000931
289235162 320838335 1000000711
760085006 979323785 1000000207
530184900 883847480 1000000349
40048035 353969152 1000000829
697931288 517229316 1000000411
545519200 268609748 1000000901
840467456 288059856 1000000861
302194390 546405617 1000000891
47875191 224853025 1000000097
760711698 941637463 1000000483
281036323 713996375 1000000241
233367030 57987960 1000000663
753972573 885879151 1000000453
438464972 969718293 1000000297
290239837 708789504 1000000447
459377660 837201114 1000000297
884868781 87660321 1000000009
861140184 64018664 1000000033
457314904 877801216 1000000931
7547976 584502545 1000000321
993962711 74427725 1000000123
550933013 258612225 1000000919
396245907 809119775 1000000297
162403931 374498093 1000000009
493270651 232260179 1000000409
575420379 771893185 1000000531
701744170 362562940 1000000993
652000842 961334624 1000000447
108125406 235813893 1000000919
92297781 46727244 1000000223
718401320 683207373 1000000861
934983209 983032961 1000000513
605318670 936906522 1000000087
985743523 627377440 1000000663
503157217 861765869 1000000403
603891438 311518958 1000000021
274194298 93495802 1000000403
261632317 256003904 1000000207
106548073 446229191 1000000433
964535741 385314690 1000000829
867397297 947646384 1000000891
585663408 313642292 1000000093
831820297 715822941 1000000271
97448738 265803779 1000000297
469562920 156991714 1000000087
78484450 963098362 1000000453
246580382 84180796 1000000103
652067048 616981020 1000000753
138757851 805991459 1000000787
413183922 744020785 1000000403
194488793 348046985 1000000433
367675489 461204792 1000000289
291188600 308161734 1000000753
639113096 939133612 1000000919
653011826 102567811 1000000891
88642697 912533619 1000000801
492168224 288655726 1000000459
581638574 275777647 1000000403
886794720 953952696 1000000711
301227560 688275896 1000000459
894009105 597318325 1000000753
256609706 925529925 1000000289
73749448 786284193 1000000459
854385594 9713935 1000000007
461838456 204690261 1000000087
924517309 855851968 1000000453
920287192 324310946 1000000093
60992099 348364444 1000000579
136674542 147811017 1000000103
410054483 922274910 1000000801
673094707 198043300 1000000531
918205836 126196572 1000000871
907621364 514475336 1000000207
853411369 799876129 1000000447
223138656 956485901 1000000787
264100152 320712404 1000000021
960958179 539666411 1000000087
956411250 310103740 1000000403
202624809 115390536 1000000861
26835955 167969689 1000000207
121572349 617773416 1000000607
14384316 964429709 1000000181
527413340 587254160 1000000439
531765708 907989706 1000000829
359064774 33025318 1000000433
347924721 635990611 1000000007
118609246 515080898 1000000931
441695275 156934592 1000000513
476704052 373158377 1000000241
793009144 539744976 1000000009
143910057 844001660 1000000433
407772685 425188659 1000000103
863525167 954564120 1000000409
984938533 739250073 1000000787
110402606 961901467 1000000801
33074861 821694064 1000000453
399782332 49473950 1000000829
132498254 221227903 1000000321
841812717 532688448 1000000829
288517103 584057427 1000000021
393988106 92877826 1000000409
951374093 330495053 1000000753
910984670 405981017 1000000427
424407402 62438421 1000000033
440474956 897611129 1000000289
419034434 827393385 1000000123
663626539 310955692 1000000097
382157167 173615716 1000000007
655073632 214287290 1000000009
654578329 759333124 1000000931
861685998 175619050 1000000289
219725818 200097359 1000000871
189847266 303899500 1000000241
13681910 282829612 1000000297
84375851 5226063 1000000087
108720564 292653284 1000000363
475591470 792674165 1000000411
574185078 35003084 1000000403
255549885 363058817 1000000993
896002200 908070796 1000000123
957303912 979496823 1000000993
514987190 691797785 1000000271
889157500 358370305 1000000009
279265275 903144337 1000000363
864179815 797221232 1000000787
316218354 289500236 1000000663
126451611 701669959 1000000459
29577014 86022927 1000000181
288972137 313522186 1000000459
150407068 453491335 1000000663
166689680 162680720 1000000711
987617514 349198362 1000000409
703142942 46834632 1000000613
903409733 737673360 1000000007
591157113 949478345 1000000459
555172011 596427780 1000000453
551733052 848439393 1000000613
943845323 529004937 1000000637
246641029 707773727 1000000123
160916024 342764578 1000000289
600334950 665109369 1000000513
422206323 908539522 1000000453
9634285 721395936 1000000181
586889279 416033418 1000000241
876741418 100845082 1000000409
382113060 407525127 1000000637
396702297 104761696 1000000829
849622691 217679333 1000000753
959022233 651847696 1000000403
195599114 614783842 1000000787
782916367 788746323 1000000021
355315509 560586832 1000000427
889141580 732420463 1000000181
855510349 647330803 1000000829
708556984 861021820 1000000439
130191096 352265106 1000000861
478769297 371016893 1000000453
939252664 146741232 1000000453
625376657 521354921 1000000871
903661580 744686509 1000000993
72354306 958944592 1000000123
107868425 165177493 1000000009
530813421 661555566 1000000289
974378048 935929667 1000000103
160083501 444622111 1000000009
206007599 889465226 1000000321
712305880 648427037 1000000289
98001760 715535898 1000000637
738286015 986451181 1000000753
541864656 467151009 1000000753
151178480 892195173 1000000033
311275808 326827044 1000000891
823691989 992665528 1000000007
434311421 389285690 1000000321
470254472 77973510 1000000181
251244854 298814218 1000000613
95886707 993992199 1000000271
416364271 969713604 1000000349
971891396 352635224 1000000241
699622658 230660746 1000000411
107547537 912205414 1000000453
629599355 468621677 1000000321
185277107 956541838 1000000513
608149899 709949257 1000000931
761582671 936916836 1000000861
956853342 978637971 1000000321
797372634 988288417 1000000829
569186998 481422152 1000000931
963049342 944124623 1000000033
154453884 975133692 1000000861
598871034 272150752 1000000103
233845158 276984861 1000000931
673637224 881795119 1000000403
861155049 58657001 1000000349
791050667 45319167 1000000861
551630816 543552911 1000000753
7755612 771875545 1000000829
393214344 415049556 1000000829
669155026 442300084 1000000787
95440398 547941317 1000000409
971167995 219359825 1000000459
824505348 776499128 1000000181
508220623 577020696 1000000663
728796351 329768127 1000000459
786203208 552353198 1000000427
614556787 24413620 1000000433
227614727 270270594 1000000901
897339026 879111463 1000000009
52979423 899006544 1000000433
237055182 643317067 1000000871
913372871 224953393 1000000033
525365962 21178895 1000000891
267149903 895925973 1000000579
572777156 637260637 1000000871
190190072 706379602 1000000753
447512792 798826539 1000000931
541984512 422722364 1000000919
856668360 435645681 1000000453
488243169 530236488 1000000009
713822640 774938311 1000000483
444123016 328448391 1000000097
308166992 785025563 1000000829
350139707 622167418 1000000427
764634345 691101035 1000000931
852613071 201928304 1000000483
698575283 376714974 1000000613
858306381 633382516 1000000801
993709078 47597329 1000000297
645717870 750291784 1000000363
815788390 783462388 1000000663
639124997 860246110 1000000103
607043910 425686116 1000000579
559635586 357047400 1000000033
516446512 228321565 1000000123
769894661 111417404 1000000453
530773783 852893384 1000000241
89105589 391582561 1000000607
73029109 329088882 1000000207
918066377 826166331 1000000829
542111901 137252808 1000000271
39891894 641393521 1000000033
453211518 521208577 1000000933
119370110 184264957 1000000349
178563414 345547316 1000000207
81515351 847241653 1000000297
293951248 590213476 1000000447
336262962 62764692 1000000439
363420505 422685888 1000000289
40058974 89083582 1000000241
309482613 560704019 1000000087
492115597 613341819 1000000409
149565710 158086027 1000000363
896346680 982227206 1000000901
997778156 86687466 1000000321
857130107 5244978 1000000271
548072865 323281434 1000000097
798561273 475253728 1000000021
915450299 500711168 1000000207
13057008 621646024 1000000637
987271332 870026315 1000000021
784447335 804183437 1000000459
226392425 37691278 1000000993
990944690 138553050 1000000349
841697888 467232642 1000000241
170162367 527244773 1000000531
161303090 649076688 1000000453
499164443 765561907 1000000009
223820620 733432905 1000000363
370328762 748461624 1000000007
643642591 892917289 1000000931
152513767 964973897 1000000439
306806172 131217562 1000000223
893759880 491032328 1000000181
773298668 374496820 1000000531
966606821 430379725 1000000871
501904754 598178366 1000000933
749308590 269748735 1000000363
525759741 126360714 1000000513
101811079 850479753 1000000289
251841191 827926917 1000000453
364368661 188000406 1000000579
772922281 42312321 1000000427
60934300 236014950 1000000223
580225551 245937208 1000000103
658169087 35869089 1000000931
223735066 470251403 1000000613
128651630 549478123 1000000447
574024806 46273511 1000000433
362487519 494043937 1000000103
133714923 994477660 1000000637
766484078 496071600 1000000241
354091884 133363531 1000000207
175268204 375215202 1000000321
53595458 423635478 1000000753
381747966 806476142 1000000753
345774000 818410007 1000000901
251445190 888861370 1000000087
685352637 788818327 1000000433
437171160 951651249 1000000409
417649845 909448774 1000000103
173813669 443817500 1000000861
112696901 984233645 1000000297
969938150 222024705 1000000861
989777990 429025240 1000000349
223654113 180717453 1000000223
98641247 632165787 1000000483
952764819 742605906 1000000829
908054323 312466736 1000000033
905067055 215678674 1000000829
727333441 981093863 1000000607
893298335 461462170 1000000433
862089870 771158219 1000000861
290359893 127283664 1000000613
540085884 757512737 1000000753
1336673 531145836 1000000321
702065357 312546137 1000000663
127175162 907819250 1000000861
14833596 780569980 1000000453
212977638 770028242 1000000801
589264801 914205751 1000000919
94934684 877012920 1000000433
762051390 369248924 1000000087
212269732 309297582 1000000241
72287416 148574722 1000000321
992618476 354933524 1000000033
14024122 401953563 1000000901
520442206 582676248 1000000891
400807539 306192274 1000000613
395844617 653323510 1000000321
441510014 537556349 1000000993
328459392 438811119 1000000753
578902412 545837036 1000000223
196630118 294902152 1000000403
896136224 337012013 1000000181
60016367 344053307 1000000637
119955086 460231695 1000000459
818471393 963326816 1000000241
279434897 410157448 1000000009
353830764 168932043 1000000223
56169239 467930635 1000000223
696712285 242960011 1000000021
574700835 732297925 1000000613
11890950 256434437 1000000607
405033978 844049323 1000000753
940963169 960350664 1000000093
270278722 848597157 1000000453
797107248 289320010 1000000931
387172378 16718312 1000000787
995327881 474627675 1000000531
268024780 62115557 1000000289
483350150 593933039 1000000931
908550224 90037394 1000000933
737193128 520302213 1000000933
423172403 749774369 1000000321
864513099 806351644 1000000411
357355676 630775773 1000000871
417104066 889826991 1000000607
141292517 717401744 1000000289
149835833 645612537 1000000433
867985358 135461924 1000000871
664333126 822773897 1000000087
542428526 15965669 1000000123
979525895 536708737 1000000871
470666566 766665293 1000000411
599371552 47642583 1000000453
748770289 697670423 1000000607
697822373 710104135 1000000363
812108554 564424473 1000000637
192639335 785332894 1000000007
383268595 991506159 1000000933
811055022 910823252 1000000103
826522908 612732068 1000000033
244680877 964269557 1000000363
578725358 320363294 1000000753
857702796 891001888 1000000531
329914903 795507147 1000000579
958183931 50236310 1000000223
655094411 317133590 1000000829
248668424 442592748 1000000087
755418521 765475624 1000000007
658463390 632382647 1000000403
977437436 992490317 1000000403
573894485 937708963 1000000439
623848237 310938383 1000000613
791272400 509462142 1000000483
939009487 257366249 1000000363
722452615 400497053 1000000459
830077912 531200617 1000000223
666398158 393731112 1000000447
98248232 985823921 1000000637
217521497 824108974 1000000223
450070587 393967770 1000000829
409009226 93557007 1000000439
642246766 126341376 1000000483
486414582 770146309 1000000097
884339545 193516103 1000000433
439858273 375967173 1000000181
638407944 824731220 1000000711
19297974 719136832 1000000607
492610420 818781695 1000000711
771847731 654966100 1000000207
831674637 194914323 1000000637
630981254 453085834 1000000919
350339897 831190671 1000000663
251489895 882106604 1000000637
364762763 827725954 1000000181
131566655 707211758 1000000513
993996158 327054745 1000000453
268448654 993756936 1000000007
525893975 593847214 1000000453
922280740 44309357 1000000787
254745797 603682067 1000000613
127215286 540348895 1000000483
278281956 153788837 1000000271
552571281 651073112 1000000531
863403271 37190144 1000000009
6110999 806557996 1000000223
804226996 686748852 1000000363
209748407 907017390 1000000349
239170947 281704706 1000000289
4928266 332745286 1000000663
404629660 425850099 1000000439
49466325 479646004 1000000637
835490287 803300367 1000000007
969672202 668395004 1000000427
596007354 444808763 1000000447
888090078 120644193 1000000021
347121358 776536630 1000000007
781763869 882426340 1000000271
373486349 773012971 1000000993
305187228 813027521 1000000901
160613213 463924540 1000000207
834805343 404722069 1000000861
842719250 200754770 1000000007
445644634 830092624 1000000891
815925539 391570757 1000000787
283107542 678707625 1000000297
885526129 988701285 1000000613
883143480 984042739 1000000021
635090470 893731236 1000000919
61940146 162332363 1000000891
987771721 298180505 1000000403
461980382 862698000 1000000033
543614463 580063145 1000000993
491201296 117723606 1000000613
248957576 55781857 1000000297
336840827 499951357 1000000427
390519428 204105063 1000000009
115194896 467312086 1000000891
212408278 292426857 1000000009
772042424 562467745 1000000579
294462025 761161250 1000000009
664484627 95035778 1000000933
348551931 674019770 1000000861
464017068 239332262 1000000663
59471856 489747574 1000000613
493945018 452791308 1000000931
576882068 685800339 1000000663
690613228 192320977 1000000513
707012630 652354191 1000000433
561067674 427483706 1000000447
345558078 513460137 1000000363
155338708 791495638 1000000123
46048839 999344785 1000000181
444634488 781942461 1000000223
942971358 498569995 1000000801
757309939 968686293 1000000223
663286937 274495597 1000000349
692678352 887358619 1000000613
783863744 231395215 1000000787
840742784 944649460 1000000891
508084781 676387226 1000000349
954851064 880973735 1000000097
124193231 451124938 1000000861
983797744 437330709 1000000513
945880863 265547762 1000000711
343780012 398487972 1000000861
555318117 943442164 1000000637
485784900 533999234 1000000861
760676158 793327519 1000000919
494874791 386597965 1000000933
915468446 703852436 1000000411
598707123 491524017 1000000579
433231683 288274690 1000000409
56788941 701813222 1000000433
861207280 853945798 1000000453
792425428 682818169 1000000007
33847187 199678424 1000000613
186692097 572220802 1000000787
209453915 315052175 1000000181
489307909 836405350 1000000103
868116521 83688118 1000000181
46765928 579921919 1000000579
432581204 656084254 1000000321
704108300 173315442 1000000637
663045214 60706348 1000000021
775819643 58456568 1000000223
122958809 170065138 1000000607
298335437 531103429 1000000829
89465334 411146221 1000000007
322205718 219836521 1000000711
900947976 388474759 1000000363
249231312 558573061 1000000271
156626952 44041164 1000000919
347714547 597692363 1000000531
263243627 714824447 1000000933
462187261 990875999 1000000787
434629990 459742684 1000000787
629967482 637586515 1000000613
287298096 299417572 1000000607
242251273 634682801 1000000289
676683913 720583894 1000000097
969847220 679050568 1000000933
282271233 650013028 1000000321
478829330 711640229 1000000427
113053384 260902334 1000000349
485602459 89398840 1000000637
161727490 658844364 1000000931
288615007 231548557 1000000223
477764304 338972799 1000000409
805430770 39196592 1000000931
675043164 196523553 1000000297
124402668 376032586 1000000787
178190505 130171572 1000000363
864310990 931687992 1000000663
826733423 495395865 1000000933
725577701 176847863 1000000871
372324080 622755036 1000000829
952088183 995847023 1000000753
591130347 42682066 1000000021
343892448 73410993 1000000801
712429969 639785128 1000000513
404352552 882617032 1000000891
329046500 204771949 1000000411
911324074 574263530 1000000411
762329575 638929069 1000000123
706211714 870544668 1000000891
50993624 392813982 1000000483
649366468 917908247 1000000613
457547230 721759848 1000000093
975229472 265994436 1000000123
880133988 398735393 1000000411
355145531 132437694 1000000607
541607151 995996403 1000000207
147304529 106054966 1000000637
144797073 834459998 1000000901
279321226 144843377 1000000483
461948670 102912877 1000000007
426772345 246965674 1000000787
235168977 975159457 1000000439
795358874 142959229 1000000093
461232849 77103683 1000000933
795445066 296508188 1000000439
374857425 776958130 1000000993
898557588 634074720 1000000363
687512816 165702995 1000000123
353802013 870328250 1000000787
483789963 719211093 1000000093
428562324 905094253 1000000009
179916259 324706530 1000000711
630436992 218380667 1000000579
507670508 472228578 1000000411
839705996 482141863 1000000271
69902156 827835660 1000000181
487206135 92725376 1000000901
287673812 441389108 1000000223
675660278 103706552 1000000009
407389552 201296156 1000000223
280128755 144378918 1000000613
353147838 508781696 1000000753
631903492 109050849 1000000123
501836869 561926710 1000000933
513773945 81495188 1000000579
177563387 965422681 1000000009
778344694 784773773 1000000513
961214188 268439671 1000000891
