0 0
0 0
0 0
2 0
0 0
2 0
1 170549529
1 633829228
1 708513210
3 0
0 0
0 0
0 0
10 0
1 547029647
0 0
1 25360517
4 0
2 0
2 0
1 316401867
0 0
0 0
1 55829661
0 0
1 772176875
0 0
0 0
1 973432250
0 0
2 0
1 355835265
1 190118134
2 0
0 0
0 0
1 467285594
1 787810725
1 761438889
2 0
1 756426255
0 0
2 0
8 0
0 0
2 0
4 0
0 0
1 629916348
0 0
55 0
4 0
0 0
0 0
4 0
1 288979804
1 290554949
1 693326665
0 0
2 0
1 364328915
1 776277780
2 0
6 0
0 0
1 936363843
1 982804677
0 0
1 523386861
1 356260417
0 0
0 0
0 0
0 0
1 554331583
1 731080629
1 442418216
1 471034810
1 373559475
1 148093016
0 0
2 0
0 0
5 0
2 0
2 0
0 0
0 0
6 0
0 0
1 170637034
2 0
0 0
0 0
1 906695016
1 970057346
1 953460484
0 0
0 0
0 0
2 0
2 0
1 529180523
1 548977350
2 0
1 183830690
4 0
1 889903732
1 836860932
2 0
4 0
0 0
0 0
0 0
0 0
0 0
2 0
1 334400536
0 0
1 42588480
0 0
0 0
1 520219502
1 309553386
0 0
0 0
0 0
3 0
1 598089938
0 0
0 0
0 0
0 0
0 0
0 0
1 95614430
0 0
2 0
0 0
0 0
1 100108941
0 0
2 0
2 0
0 0
1 256700920
1 66959367
0 0
1 971249157
0 0
0 0
1 593439725
6 0
0 0
0 0
0 0
1 168271789
0 0
0 0
1 418853869
1 300570002
0 0
1 842106058
0 0
1 870833719
1 692876910
2 0
0 0
1 922798170
0 0
1 88907290
0 0
0 0
2 0
1 986248748
10 0
2 0
0 0
0 0
3 0
0 0
1 818342110
3 0
3 0
2 0
0 0
1 234900287
2 0
1 137161146
1 379460588
0 0
1 73354074
1 702979254
0 0
2 0
0 0
1 388357193
0 0
0 0
1 932900074
1 197359606
0 0
2 0
1 387499632
1 684293544
1 277835788
0 0
0 0
1 359117882
0 0
1 554209064
2 0
2 0
1 82294581
0 0
0 0
0 0
0 0
0 0
2 0
3 0
2 0
1 2450080
1 610238183
0 0
1 269331026
2 0
1 513723554
0 0
1 267032667
0 0
1 331930671
0 0
1 323623865
2 0
2 0
0 0
1 544006018
1 479586706
0 0
0 0
0 0
1 168557448
24 0
1 741777731
6 0
1 465535135
4 0
1 100144092
1 865281145
1 254676609
0 0
1 344520394
1 803469703
0 0
6 0
0 0
1 236498048
0 0
1 280194682
0 0
1 57660876
1 2663976
13 0
1 771469779
1 189916160
2 0
0 0
1 318257384
1 941021100
1 554716181
0 0
0 0
1 548890774
1 156199016
1 841625186
0 0
1 471919385
0 0
1 605138568
0 0
2 0
2 0
1 916054521
1 326535598
0 0
0 0
1 813519509
0 0
1 916488292
1 64890881
0 0
2 0
0 0
4 0
2 0
1 870213913
0 0
1 613183329
1 825826734
1 580784728
1 683606640
0 0
1 302458720
1 831867199
0 0
2 0
0 0
0 0
1 696596745
1 488418232
0 0
2 0
1 970786178
1 249739876
1 644750057
2 0
0 0
1 905590933
0 0
1 399710955
0 0
0 0
1 261173631
0 0
1 591275843
2 0
1 907194130
0 0
0 0
1 915921800
4 0
0 0
2 0
2 0
3 0
0 0
3 0
0 0
1 23047584
0 0
0 0
1 346329516
1 582781233
1 469332284
0 0
0 0
1 476822381
0 0
1 666732057
0 0
2 0
0 0
1 420749542
1 419981955
6 0
4 0
0 0
1 250487659
0 0
2 0
4 0
0 0
1 458391753
0 0
0 0
0 0
1 457792237
2 0
0 0
1 781448588
2 0
0 0
1 174101626
1 495241751
0 0
6 0
2 0
0 0
0 0
1 948287926
1 507962572
0 0
0 0
1 446017239
1 113232797
1 596544720
0 0
0 0
0 0
1 241465957
1 229255617
0 0
0 0
0 0
1 567980245
0 0
0 0
0 0
1 306319020
0 0
1 169468901
2 0
1 437116274
1 51663157
0 0
0 0
1 321219808
12 0
1 506224901
1 38485459
0 0
0 0
0 0
1 601189931
1 558315124
0 0
0 0
0 0
0 0
2 0
1 414744191
0 0
1 109186078
0 0
0 0
0 0
0 0
0 0
1 991426295
1 182842953
0 0
0 0
2 0
0 0
1 207700940
0 0
2 0
0 0
1 183873730
1 118300855
0 0
0 0
2 0
2 0
0 0
0 0
1 395997987
1 622899685
0 0
1 936796302
0 0
0 0
3 0
0 0
0 0
0 0
1 3836185
1 259038043
0 0
1 188266690
2 0
0 0
0 0
0 0
6 0
1 542435683
1 268983366
1 682605588
0 0
1 222153099
0 0
0 0
0 0
0 0
0 0
0 0
0 0
1 326350890
2 0
1 286109089
0 0
8 0
0 0
2 0
1 209521290
1 603194631
1 298850059
1 188638529
2 0
1 565491697
2 0
0 0
0 0
2 0
0 0
1 518752913
2 0
1 825147949
0 0
0 0
2 0
1 256674407
1 79802110
0 0
2 0
1 527909348
1 119718830
1 629957225
2 0
6 0
0 0
1 312123904
0 0
0 0
0 0
0 0
2 0
2 0
0 0
2 0
1 70756662
0 0
0 0
1 712886577
0 0
0 0
0 0
0 0
0 0
0 0
2 0
2 0
2 0
0 0
1 43328007
1 636286231
1 178413329
1 190224640
1 991454585
0 0
1 599845918
0 0
5 0
0 0
0 0
1 623561678
0 0
0 0
1 73205769
1 754775595
0 0
6 0
1 413588663
1 431185523
1 551292107
3 0
0 0
1 388440413
1 188090455
2 0
1 732433242
1 519257435
2 0
4 0
0 0
1 722276769
1 528503888
1 416126686
1 489482979
0 0
2 0
0 0
1 120359802
2 0
1 317857868
1 25886917
2 0
2 0
0 0
0 0
2 0
2 0
0 0
1 822517441
0 0
0 0
2 0
2 0
0 0
1 318703239
2 0
0 0
4 0
1 195957159
1 219270484
0 0
0 0
4 0
1 512526661
1 422374008
1 563197743
4 0
0 0
1 239623116
0 0
0 0
1 872149711
0 0
2 0
1 562266586
2 0
3 0
15 0
0 0
1 437683152
1 643205421
1 553693198
1 823140797
1 197146711
2 0
1 682772603
0 0
1 160891899
1 49267981
1 615526593
1 275556482
1 31574042
0 0
2 0
6 0
1 577446148
0 0
1 228133924
6 0
0 0
0 0
1 579981474
1 509531623
0 0
1 425108906
0 0
0 0
1 668142988
1 906340093
1 584665413
0 0
0 0
0 0
2 0
1 405373578
1 767092102
1 384103189
0 0
1 595927658
0 0
3 0
1 672684547
5 0
0 0
1 506063360
1 694817991
0 0
0 0
2 0
0 0
1 213186857
1 323411625
0 0
0 0
0 0
0 0
1 356481581
1 125722302
1 792841958
0 0
6 0
1 947087749
2 0
0 0
2 0
2 0
0 0
1 344611787
1 695887987
0 0
1 518622345
0 0
0 0
2 0
0 0
2 0
0 0
0 0
0 0
0 0
1 851055099
0 0
2 0
0 0
0 0
7 0
1 153703824
0 0
1 419248480
1 653959049
0 0
1 697360049
0 0
1 198565160
0 0
3 0
1 275560819
0 0
2 0
1 224451307
3 0
2 0
0 0
0 0
0 0
0 0
1 9925830
0 0
0 0
19 0
2 0
1 918250550
0 0
0 0
0 0
0 0
2 0
4 0
2 0
1 331006350
0 0
1 415162915
1 160220241
1 253286324
1 601184319
1 295299155
1 736093604
0 0
1 306134647
2 0
0 0
0 0
2 0
0 0
0 0
0 0
0 0
1 983002019
2 0
1 26219907
2 0
2 0
1 520696462
2 0
0 0
0 0
3 0
0 0
0 0
0 0
1 753197125
1 585597203
2 0
1 268510796
1 146583352
0 0
0 0
0 0
0 0
0 0
0 0
0 0
0 0
0 0
1 642647949
3 0
0 0
0 0
3 0
0 0
1 837810578
1 230088365
1 955471972
0 0
2 0
2 0
2 0
0 0
2 0
0 0
1 89546088
0 0
0 0
0 0
0 0
0 0
2 0
1 409772035
1 888830671
2 0
2 0
8 0
1 892125055
4 0
0 0
1 280681598
0 0
0 0
0 0
0 0
0 0
1 999907337
1 242514918
1 206624476
3 0
0 0
1 49924499
1 561680579
0 0
3 0
0 0
0 0
2 0
0 0
4 0
1 490858858
1 498919463
8 0
2 0
0 0
1 265008927
0 0
2 0
1 472672564
0 0
4 0
1 278428620
0 0
1 938479723
0 0
0 0
2 0
0 0
1 159253506
0 0
0 0
0 0
1 419648252
0 0
0 0
0 0
0 0
0 0
1 171670864
0 0
0 0
0 0
2 0
0 0
1 87616559
1 132162579
1 910415447
1 998318208
0 0
0 0
1 194713166
0 0
2 0
1 741459975
1 522806009
5 0
1 670833989
3 0
0 0
0 0
1 719437028
1 407470791
1 257630815
1 804845198
1 774453016
0 0
0 0
2 0
0 0
1 863985933
0 0
0 0
0 0
0 0
2 0
1 241747788
0 0
2 0
1 794647217
0 0
0 0
0 0
2 0
0 0
0 0
2 0
0 0
0 0
0 0
0 0
1 58702080
1 806083384
1 89922110
4 0
0 0
1 807344938
2 0
1 227589178
1 778836313
1 445112427
0 0
1 164020615
1 104860399
2 0
4 0
1 672560491
0 0
1 109504718
2 0
1 28304987
1 724649835
0 0
0 0
0 0
1 364982896
1 805029405
0 0
1 174496951
8 0
0 0
0 0
0 0
0 0
1 611093557
0 0
1 400146753
0 0
1 107088521
2 0
1 404496765
1 407370798
0 0
0 0
0 0
0 0
0 0
0 0
0 0
2 0
0 0
0 0
2 0
0 0
1 529468339
1 670656739
0 0
1 813336686
1 216328719
2 0
1 103790103
2 0
0 0
2 0
1 14927940
0 0
0 0
0 0
2 0
1 831371026
2 0
0 0
1 922004350
0 0
1 580384676
1 719566963
0 0
0 0
2 0
0 0
2 0
0 0
0 0
0 0
1 961126377
2 0
1 342490100
1 822801482
1 579224445
0 0
