1000
1
369104571 245661799 1000000297
326418692 833731437 1000000531
398129976 705418992 1000000513
306620112 639108662 1000000123
893674072 246496811 1000000579
680134160 43747356 1000000321
104111356 284241635 1000000181
948213835 518105115 1000000271
870910367 761177847 1000000607
232694240 940082573 1000000021
288621766 553699319 1000000241
392078518 865387146 1000000513
944968092 940739078 1000000241
270878343 831737368 1000000241
947935320 12675282 1000000223
590495931 952833176 1000000483
472352136 306143285 1000000409
163206424 88544350 1000000579
709363582 865433365 1000000087
287120701 501278310 1000000363
401664840 464426579 1000000919
906030499 950066498 1000000453
811002978 219458765 1000000289
839748935 785781232 1000000637
564507005 594801846 1000000891
952536146 842508251 1000000871
725455102 935994769 1000000439
768966482 309801318 1000000901
927731837 784525236 1000000637
815085330 406461353 1000000483
856652226 876518758 1000000439
519255010 779224368 1000000613
200559168 864330537 1000000613
376054728 459956096 1000000753
794781719 305514216 1000000483
950475884 2942845 1000000871
734854206 131701648 1000000861
648355801 502575559 1000000009
741284225 861886575 1000000289
378339446 284821875 1000000009
128510881 304758583 1000000241
146492995 294964937 1000000931
537798368 677137230 1000000021
707105309 703403977 1000000009
662220780 418652273 1000000033
172370720 146160859 1000000861
194913077 983873281 1000000513
38081526 132411878 1000000087
708781718 338288381 1000000829
425058776 635428683 1000000637
117587710 213581161 1000000919
630419395 780541159 1000000453
775901045 886155613 1000000513
80455641 885397180 1000000087
496849140 989418773 1000000931
307179548 785819242 1000000453
851773267 923222150 1000000607
154561944 949754071 1000000483
689232315 761112032 1000000009
798378638 14967687 1000000829
395864145 464187012 1000000901
773026656 128095080 1000000103
406530873 292218972 1000000891
229472954 446337206 1000000931
554668516 631631113 1000000753
468959651 850068805 1000000753
980491884 349996187 1000000901
46977586 716961968 1000000931
940353016 315188258 1000000663
113232929 547848190 1000000021
555249986 25331724 1000000579
230167447 610397461 1000000289
591734908 847352849 1000000861
147886636 744043269 1000000871
777458489 355510093 1000000663
612618275 401568223 1000000483
454002478 281705921 1000000439
458066322 841905558 1000000297
978614022 307568284 1000000403
227376445 185605052 1000000607
684170254 150904227 1000000613
422865721 65407185 1000000403
357723751 56231829 1000000513
601727867 457173603 1000000009
836237161 55161549 1000000363
187318110 466142470 1000000453
679358715 111718182 1000000483
211601647 4600061 1000000931
412342864 373595972 1000000087
765581241 442187517 1000000753
66347057 843693598 1000000829
217967122 477510652 1000000447
631825760 116526642 1000000439
112545929 38070193 1000000579
22941791 855153710 1000000993
124834100 188776386 1000000427
609108729 920468156 1000000861
210168115 400456213 1000000453
907084562 746054558 1000000993
447515284 215659615 1000000223
82880133 609751065 1000000891
529861724 564857570 1000000637
50477344 762830908 1000000829
610074177 789974176 1000000087
992906976 695705987 1000000241
690506104 400601003 1000000753
393921513 476243369 1000000933
287014010 753701074 1000000801
813113035 839396822 1000000181
125435259 139443817 1000000181
34250606 363041649 1000000933
42781079 79324532 1000000829
401565598 612789177 1000000123
865751335 758583333 1000000901
531827 198951441 1000000427
485940296 570560712 1000000993
800589270 310770967 1000000829
916446833 931699559 1000000289
893506924 728763125 1000000297
635173276 256440582 1000000919
468629476 395650367 1000000861
992380584 881990858 1000000459
311256854 115610607 1000000223
299773078 28905767 1000000181
918467082 929669415 1000000223
721707886 156866410 1000000097
40662903 766509930 1000000007
762146338 91166988 1000000241
433633859 140589998 1000000021
786944254 726235633 1000000919
473171833 187417047 1000000459
94736742 27835628 1000000637
887701897 273240610 1000000447
825499933 863122344 1000000411
216179486 628355443 1000000033
826783545 397685776 1000000321
108641077 584872157 1000000123
362202804 619937956 1000000363
806774314 145778955 1000000579
875774273 361726390 1000000861
255789266 23451978 1000000103
710089003 455769389 1000000241
928609511 304878268 1000000513
670630497 273952888 1000000459
96834318 688095412 1000000663
108053149 696320269 1000000447
295825454 381106082 1000000289
65136734 563002785 1000000439
836110033 429862607 1000000531
318581919 724150422 1000000427
791421106 412435798 1000000663
909823649 908914323 1000000223
509617067 286487277 1000000829
396732461 169694377 1000000453
743080687 70241440 1000000321
260815013 732849824 1000000223
892745151 175302659 1000000033
740311344 315599067 1000000787
948511043 339610068 1000000801
927227407 633960016 1000000711
765219859 110697006 1000000087
615839689 256554141 1000000007
725813259 79275196 1000000087
294896189 357813859 1000000579
530631499 19699316 1000000297
532195675 396038565 1000000513
923196785 928147827 1000000409
445359138 818428743 1000000861
349153733 456216605 1000000439
860718764 729760579 1000000459
604920435 660848522 1000000901
613963606 955620887 1000000871
351601969 669621055 1000000363
877942889 757981186 1000000241
970410002 768957739 1000000093
314829713 48698826 1000000531
451545066 688793631 1000000607
335522874 301738676 1000000411
339723263 306128399 1000000403
960004067 39400236 1000000021
678545951 757618071 1000000363
803740544 721163965 1000000007
73053911 548747687 1000000513
386185886 342264014 1000000087
70235284 874539634 1000000829
773763909 765300262 1000000711
214184932 837441488 1000000021
73649773 102097054 1000000021
283440683 619355953 1000000289
897389318 776327500 1000000349
482989632 733247879 1000000181
41103767 949735003 1000000427
215090119 960939219 1000000613
9236832 847249785 1000000207
684361973 584574786 1000000919
651726490 996061496 1000000241
248343591 152723181 1000000097
412517958 627073520 1000000433
70661451 307569675 1000000123
356314051 82716688 1000000453
923113687 646492128 1000000933
839046105 213131477 1000000933
538955928 791482351 1000000439
372517920 658991630 1000000447
202516374 403632612 1000000637
318630295 210071955 1000000931
794617167 990288708 1000000411
178894684 330130684 1000000931
28075003 821511890 1000000531
260352536 736258289 1000000241
259998777 262559915 1000000993
546088666 33484873 1000000297
719084209 198478481 1000000103
232785660 301715774 1000000207
290738981 667892365 1000000289
758451059 654295545 1000000891
251038523 530415815 1000000093
153737154 402377955 1000000993
599130644 995730271 1000000613
596454864 643053224 1000000097
127370110 474392603 1000000271
374020085 950098329 1000000241
523843870 375391219 1000000093
906433807 110529191 1000000181
588716080 514629746 1000000439
31833625 388647122 1000000483
953161734 251720778 1000000363
276318432 116783120 1000000447
510061699 106620316 1000000087
443247696 24868940 1000000241
351814440 222816466 1000000409
320435205 313602643 1000000097
946081944 633559651 1000000513
812337773 167866798 1000000531
228304592 67289712 1000000403
803519490 56930796 1000000453
198873046 821264730 1000000613
134248891 316386830 1000000753
42722516 707548036 1000000453
243974815 990312081 1000000427
416880291 580579826 1000000993
639412707 842679061 1000000931
867108391 63339990 1000000411
432909755 350160038 1000000513
242429715 10472765 1000000607
410035034 623104735 1000000439
994311790 129329137 1000000933
518643618 121542217 1000000753
852737667 983975528 1000000787
119103012 252929565 1000000787
931138431 766648092 1000000891
284272907 772816118 1000000531
741695331 709557271 1000000531
802260896 960451588 1000000033
720834078 814302460 1000000433
690345231 960849173 1000000801
412617143 633403143 1000000087
349164641 808640489 1000000321
56366803 502484404 1000000009
593217554 584531535 1000000433
773506941 154918485 1000000097
984919321 586173289 1000000637
746617378 712732107 1000000181
115291896 305412124 1000000223
747419571 479297318 1000000931
418846501 659100327 1000000223
704252362 878228167 1000000403
52994919 480934821 1000000439
453465330 302931988 1000000033
183362946 479000935 1000000513
986280353 763196155 1000000931
78867422 604326893 1000000663
694908692 293591344 1000000087
681927078 594616904 1000000403
579274213 194404658 1000000829
718585217 311913434 1000000363
354326141 152013990 1000000271
859730637 48168511 1000000439
523015442 252818545 1000000433
72009827 333297114 1000000087
789754836 785121828 1000000103
622662756 367564784 1000000271
68226722 188103758 1000000349
65734117 739333126 1000000801
970556991 569201097 1000000297
566008444 626906435 1000000207
767456933 258270124 1000000531
993349628 76466215 1000000439
589164840 115042643 1000000409
669264120 363309791 1000000007
287011609 635939742 1000000021
442489437 183913480 1000000711
788571933 729686908 1000000439
593854273 581229464 1000000433
478216727 718512412 1000000711
623127485 102886482 1000000933
315005179 264918604 1000000349
435894689 248566759 1000000607
664601565 884475463 1000000513
436835465 393188579 1000000271
487457951 210979127 1000000993
162672546 780991748 1000000453
403142296 120562099 1000000787
598438179 701409063 1000000513
830741038 550540004 1000000753
736162978 172076878 1000000861
582535232 224240734 1000000223
923422196 608006354 1000000097
27285382 157228697 1000000087
327767510 756548222 1000000433
815746366 179128067 1000000933
344127377 719971319 1000000439
178573825 877336506 1000000607
9792484 159003223 1000000009
657731226 187715651 1000000447
870239061 739914311 1000000411
726840318 859856953 1000000801
110173203 702622151 1000000933
843540583 263108076 1000000711
913709536 585776685 1000000271
561467357 424186381 1000000021
462721177 943073351 1000000409
627450177 808205900 1000000097
150076292 773559733 1000000513
772232105 520487306 1000000097
985217019 656831093 1000000711
524717339 24369096 1000000513
80016114 43382853 1000000871
907436705 237324149 1000000289
320309882 578597786 1000000403
735084089 387971166 1000000483
747287656 963560711 1000000349
827893693 327695664 1000000711
793709415 415266898 1000000363
478001263 848613482 1000000447
435812155 912217719 1000000433
501261070 40011838 1000000433
612858802 508945919 1000000871
653030845 445325295 1000000829
825520830 258217019 1000000007
572317094 222870901 1000000103
730869136 30784371 1000000901
943076267 637667465 1000000087
106963026 792580694 1000000447
979580648 575020342 1000000433
476419231 141683669 1000000403
740461947 626682153 1000000087
513319250 325545576 1000000033
794026753 879555322 1000000241
362826312 692619029 1000000637
737791004 720631170 1000000901
109355454 953215911 1000000207
224344251 156727303 1000000021
373196711 876567692 1000000753
270617975 109575678 1000000459
943324432 638229701 1000000439
175884966 311064011 1000000123
869675425 253440543 1000000891
767014006 544251279 1000000901
169890064 234523016 1000000607
893412624 671536995 1000000483
40009897 188344923 1000000093
423425980 653638384 1000000123
696291811 962221402 1000000349
669070681 886178292 1000000433
281797302 930878817 1000000901
824365516 155563443 1000000613
165728723 610312897 1000000021
151205621 640649527 1000000321
21563573 116091762 1000000663
390599325 686296365 1000000919
421222308 196336039 1000000801
812871977 123839477 1000000349
502092223 77715260 1000000321
996276995 910521672 1000000531
613213776 850410256 1000000093
990832387 328373236 1000000033
270795320 323656301 1000000241
41716112 135618983 1000000021
871730404 722320017 1000000427
467546217 367038892 1000000711
992364975 784387166 1000000613
432797408 85793884 1000000349
799525532 557042822 1000000637
343435212 862842638 1000000181
277063115 728192616 1000000613
300110671 470701320 1000000271
459593394 953740509 1000000513
122305977 258404401 1000000223
217757798 800544338 1000000007
629432368 69507824 1000000207
732562988 177508249 1000000513
729965058 362379082 1000000453
81409504 693464355 1000000403
76961027 355431527 1000000861
997627447 775133036 1000000931
731403427 664036501 1000000087
801135106 817113169 1000000103
612617969 703339370 1000000007
987810458 242981678 1000000663
86460418 163965477 1000000271
258019 898586343 1000000861
281882157 42226740 1000000427
441349993 761319112 1000000007
613762716 129259224 1000000123
426054422 301150133 1000000931
789166707 635029590 1000000933
882965532 874124825 1000000453
513475843 74197738 1000000787
580637923 184125735 1000000607
37409437 414124656 1000000447
901527367 887710004 1000000207
453551293 66566512 1000000901
446082435 262674515 1000000123
686539489 27086915 1000000607
503673683 354561722 1000000829
712285568 948097780 1000000363
781056286 544213708 1000000919
723681847 686280029 1000000607
32797517 26012023 1000000711
666348388 302465974 1000000093
349513427 793942791 1000000321
219775712 686660395 1000000613
745422667 76355211 1000000483
344565990 74362092 1000000711
647433258 616160045 1000000801
647871659 77532264 1000000087
989006688 673777146 1000000891
475805610 262276815 1000000021
286357159 462059549 1000000427
480466485 141885940 1000000753
954242484 522986515 1000000007
842253258 532377157 1000000007
975151762 526714054 1000000271
877650427 697812940 1000000181
994722766 92491435 1000000579
710724655 147232162 1000000321
528725172 942255334 1000000901
842918986 474606967 1000000531
614759856 440630741 1000000829
463417745 1133776 1000000453
283496099 339501048 1000000787
698680274 861541171 1000000097
158029232 505287428 1000000579
44253605 932752279 1000000439
276940047 69510580 1000000007
434274629 343352253 1000000207
891528544 886094303 1000000607
750644223 877419479 1000000093
786617043 911803779 1000000483
419301361 412151405 1000000531
360700321 129488060 1000000933
936065158 101885924 1000000459
92171186 801097779 1000000033
210033752 872850160 1000000433
480004473 423299152 1000000427
204895867 914576912 1000000403
532813489 385394577 1000000021
410661933 451939601 1000000607
808042177 122401583 1000000289
417929718 632075242 1000000271
878956403 458136446 1000000007
265149711 970287056 1000000009
336408885 700682312 1000000459
176013673 455656086 1000000123
393650830 983424186 1000000411
977887774 356643871 1000000483
370391973 676783592 1000000289
997964312 337314198 1000000093
916855940 446175889 1000000321
954045578 647669658 1000000409
926161166 42724261 1000000663
366432159 171963101 1000000289
859377813 144225907 1000000223
980194142 514235833 1000000861
9601169 305918454 1000000459
20128188 626553423 1000000513
826547286 813467985 1000000871
97204889 980605631 1000000009
997997551 368980336 1000000093
529552625 605694184 1000000349
345147525 389926078 1000000123
547653741 810450767 1000000891
39792401 205292158 1000000433
288822804 379446317 1000000711
571733274 887194962 1000000021
247072690 684409268 1000000459
781532388 314776380 1000000009
639398987 36350856 1000000087
398339579 15286286 1000000871
501388582 476458153 1000000891
622556686 992018744 1000000093
927441175 134607646 1000000123
707370173 950835394 1000000459
691928676 766208442 1000000409
518128755 123645105 1000000439
305353550 200078950 1000000033
293862930 262169506 1000000919
223128192 46079458 1000000483
558304267 507372826 1000000513
803908999 367791449 1000000271
959548526 538706877 1000000223
678544692 247240813 1000000087
324322503 391629511 1000000993
752624669 409151546 1000000093
538168223 537546489 1000000097
950400499 468391637 1000000103
203472004 555001692 1000000363
856322947 824506087 1000000637
349164110 415963352 1000000891
147547046 131035205 1000000007
778214241 574489211 1000000613
707966307 988877106 1000000931
66408919 570471319 1000000433
170088899 933598604 1000000453
969232591 326712895 1000000891
390885591 378581242 1000000097
139668604 506494869 1000000433
343297028 828388102 1000000459
954124021 312847403 1000000349
790772013 314703855 1000000363
900852494 891052118 1000000271
592057439 44830597 1000000427
248911228 46728041 1000000801
936717420 927164481 1000000021
269283827 409079833 1000000271
13982824 97878198 1000000427
244126384 844685397 1000000919
651230177 485035177 1000000021
441293195 304824499 1000000459
482236977 773359212 1000000861
61328226 531560892 1000000607
527334508 176673012 1000000801
635114529 290948113 1000000297
473271677 167758503 1000000409
394534275 516939021 1000000531
461808884 218787027 1000000993
673721387 561721952 1000000513
46163477 179753778 1000000321
648071635 330562139 1000000483
58062052 228987104 1000000411
451749967 480722682 1000000097
689751928 499788104 1000000021
699823895 8641010 1000000663
836804576 513282226 1000000403
660784678 105406306 1000000349
141359551 326642417 1000000801
451978035 442890558 1000000123
789816157 312552071 1000000123
884502937 53281570 1000000207
991287051 368270528 1000000753
266134242 955727189 1000000447
127534299 599258713 1000000801
93263353 165290977 1000000409
35077039 477091914 1000000033
345669394 567510279 1000000607
531616311 425591884 1000000223
871418606 759887521 1000000097
948558854 225950243 1000000663
164154156 269379772 1000000829
188781558 912387644 1000000087
969143958 566638953 1000000637
851847594 174610407 1000000123
184328976 650404768 1000000663
326631858 80684993 1000000459
887828452 354876474 1000000363
574440361 444831101 1000000093
250254067 54547644 1000000801
960639705 287610663 1000000409
176335033 790317331 1000000931
867429498 291989431 1000000513
346152204 356572086 1000000459
549732724 209675819 1000000271
767822011 317415800 1000000787
783948221 522807662 1000000289
102433607 125184858 1000000861
90544546 80276436 1000000271
650252167 408345269 1000000931
133411343 303774319 1000000613
188343363 932725215 1000000097
651945781 413494336 1000000297
283451542 575558049 1000000289
838312049 544170693 1000000123
518247087 219227748 1000000993
525373435 518987652 1000000103
287014776 309640723 1000000447
437121862 629442081 1000000021
573422341 891506037 1000000409
626810679 657318916 1000000933
995851454 380443490 1000000207
292092483 348229720 1000000021
600415590 727279819 1000000753
783562714 896273923 1000000321
192279562 323021883 1000000087
551026830 603383627 1000000459
985598911 875671920 1000000433
48848503 477349149 1000000933
87384736 728221195 1000000207
671200148 116214666 1000000829
781977932 827513638 1000000241
89476294 791681924 1000000007
572542671 921147635 1000000411
36795694 678640842 1000000093
598072116 599260178 1000000087
996371562 631620164 1000000447
300021499 624643634 1000000241
905384634 701160692 1000000241
159209432 69764592 1000000447
260132563 837640827 1000000933
772350688 123467274 1000000093
818474834 451690542 1000000919
230054824 188670421 1000000579
457220701 238316343 1000000453
581995223 885439125 1000000181
708663252 891157779 1000000349
49324497 12641333 1000000349
599005947 941350127 1000000297
342266716 881117568 1000000093
683795787 816542344 1000000321
232275932 702120259 1000000453
369512558 706511747 1000000993
280941928 648239418 1000000861
648433123 513869743 1000000411
377490227 386461344 1000000427
701155459 158412853 1000000637
691250081 963815533 1000000103
84647702 785750930 1000000123
225835829 302928242 1000000607
892497880 527858423 1000000861
909107883 152297762 1000000433
283028258 137703221 1000000459
847901528 811989881 1000000919
601915695 862219105 1000000103
209574947 424898418 1000000097
894584092 428695596 1000000447
593014171 759089595 1000000363
922174270 481893293 1000000271
554776968 89151341 1000000613
771737772 459244201 1000000103
799603189 604577048 1000000931
774167672 437100123 1000000207
349015682 685363102 1000000901
686706373 43454999 1000000637
424635879 577661348 1000000513
185407374 905936758 1000000711
584794702 288856296 1000000321
607098627 137962140 1000000531
792377575 103385526 1000000409
752016412 369407085 1000000181
663882043 716658423 1000000711
460776507 361009939 1000000901
380894955 871233371 1000000349
152191866 640303828 1000000181
443242169 4100824 1000000829
818190377 373822261 1000000427
286928984 905859525 1000000223
896333756 853753049 1000000447
838035165 965009362 1000000207
370904447 759318013 1000000321
248092842 405648873 1000000513
154143808 543053538 1000000861
376327853 182617722 1000000933
954197243 905345807 1000000241
269707996 290718847 1000000087
954326691 359062158 1000000433
224166441 244717893 1000000093
403547129 638393083 1000000861
454562594 203905474 1000000753
767643226 463056546 1000000021
177095023 582526985 1000000087
467544984 871775116 1000000871
414670369 434094906 1000000433
453894024 440251023 1000000403
167922897 618572212 1000000403
792001323 378340174 1000000223
642785019 357284502 1000000093
982992664 429120048 1000000439
227780415 487297458 1000000349
35673929 145222377 1000000513
475701642 750048617 1000000871
995020641 901994966 1000000103
969723469 844656304 1000000087
504771669 498777866 1000000607
26651928 836417369 1000000093
809241749 59156981 1000000093
821926127 281958477 1000000241
45960814 157357712 1000000891
807953325 722225804 1000000459
539289736 731764032 1000000801
96680518 472400995 1000000711
15861250 682403308 1000000861
381103290 88819038 1000000093
89556278 116466701 1000000993
737627905 974219499 1000000453
173470561 486453592 1000000123
641875503 528034221 1000000933
130841350 102422858 1000000007
291235303 78052861 1000000181
148900157 246636566 1000000297
679357175 636336818 1000000459
97451730 986102125 1000000919
294746809 92212939 1000000753
389435599 421393424 1000000321
621113532 594266561 1000000103
637943434 504311952 1000000663
908733583 578122858 1000000919
179587433 130724059 1000000931
975915337 962906902 1000000891
667339899 940020114 1000000447
854521601 685878292 1000000033
326433680 558324222 1000000289
31734247 323252322 1000000021
775259434 174355262 1000000363
505688972 629435702 1000000919
457041151 353210244 1000000321
206925410 982675523 1000000297
905264196 723924402 1000000801
915127907 593628354 1000000931
746583861 983930707 1000000931
958578878 714464964 1000000531
826582022 100906207 1000000093
877590937 455851150 1000000613
272975935 669557823 1000000801
290435272 711946534 1000000787
975199103 909812377 1000000349
71570828 682747598 1000000513
529103508 434315095 1000000447
681791507 646863476 1000000297
467942368 731563059 1000000427
865891995 149011011 1000000613
501167050 550094953 1000000459
62664074 115201786 1000000433
792399759 510336160 1000000411
217756705 328567308 1000000349
775593696 486447849 1000000483
912715815 111681591 1000000087
601369752 283092365 1000000801
931177671 492124400 1000000919
278562905 946920917 1000000321
331407452 777857358 1000000901
187999042 576895082 1000000207
866769927 902719074 1000000439
708396695 833550353 1000000439
19355240 852486638 1000000427
245617048 226064310 1000000531
478476132 400534323 1000000093
519165219 799603125 1000000009
664628965 64830075 1000000531
509431032 570754188 1000000753
944326844 401774247 1000000871
62728662 370378373 1000000637
531663819 898639719 1000000349
236191781 737649855 1000000637
624429061 994947546 1000000097
270686493 535009283 1000000123
576094512 399364172 1000000459
877661847 977019626 1000000033
206629353 589309419 1000000861
56164934 585447129 1000000787
377951104 565357580 1000000439
640417357 795703621 1000000241
272488616 173598031 1000000403
92521014 545605069 1000000663
25159968 164094960 1000000411
584854368 423038779 1000000433
8167743 7657501 1000000349
802323821 400874982 1000000349
852070089 168337411 1000000579
351673710 655012000 1000000321
93934529 90112292 1000000891
693497770 325577441 1000000289
839821845 546420627 1000000007
9026897 745461956 1000000349
97256242 454002457 1000000663
801555676 373518465 1000000411
571026824 639460693 1000000711
564660955 892896767 1000000097
774837248 93698556 1000000459
24662041 984819913 1000000613
555722685 629855383 1000000513
81094988 74761567 1000000007
880227738 301503448 1000000289
47920045 795252518 1000000411
400638626 88381095 1000000753
945539010 372846744 1000000411
874205725 386474622 1000000453
688386108 46882373 1000000033
372779243 618532936 1000000207
393179981 6771266 1000000513
254135126 393055239 1000000447
286697804 325687255 1000000453
794072295 687812459 1000000861
277464743 888409405 1000000933
588841691 116179626 1000000087
953629299 301454103 1000000087
241366008 150621332 1000000447
705006613 307527041 1000000403
394535777 70488848 1000000207
262509784 564720303 1000000363
313367686 497632202 1000000613
569952317 597373102 1000000433
897902354 101249760 1000000321
610492209 638811890 1000000181
296858876 881533950 1000000753
871476983 112394256 1000000531
873247696 433733282 1000000933
169891266 973728463 1000000009
548809467 493558679 1000000607
318003801 817749490 1000000321
600041847 376094885 1000000829
363202283 450325947 1000000871
751123859 816084169 1000000637
926500933 681924763 1000000613
257898491 93586980 1000000021
121136529 872949516 1000000271
424700871 264042775 1000000289
730713329 928033647 1000000363
823664219 535474516 1000000321
825683650 324031943 1000000097
400208167 686526617 1000000007
692755656 68395143 1000000439
545598506 510546007 1000000403
371617316 775532948 1000000531
249067921 668658057 1000000829
173786272 993348275 1000000223
7984547 503587576 1000000933
176065831 47438842 1000000439
465184268 484653996 1000000753
813368451 536957173 1000000009
364440905 972229700 1000000453
603953964 648735893 1000000021
26481146 60644027 1000000447
971696549 337034613 1000000123
592897050 483425991 1000000223
736452865 985806634 1000000901
386570956 630393098 1000000409
675183722 468163344 1000000607
258668580 424518035 1000000711
835636551 386512601 1000000933
624590166 309003343 1000000427
691664196 230270226 1000000321
182946359 749085856 1000000087
896586659 410982331 1000000363
361681287 167659421 1000000871
636117502 390800300 1000000801
127791169 617534361 1000000513
711952232 12557986 1000000427
966122325 684820444 1000000531
787182046 721684173 1000000579
401608134 618455298 1000000433
702174066 784764856 1000000459
611473427 523173445 1000000097
146713517 344409101 1000000103
162279408 35654651 1000000993
861498557 717872115 1000000871
799048488 347040934 1000000637
253171170 617052526 1000000087
189593128 323223644 1000000753
872512859 727903970 1000000439
547769395 576566280 1000000223
832830729 200308186 1000000483
35015330 539078738 1000000403
997206472 160131968 1000000483
117233800 546757008 1000000753
463148922 34161751 1000000403
896149515 345088490 1000000753
175179547 323129939 1000000637
444019249 931350611 1000000933
562309843 996498693 1000000901
337318330 162369702 1000000637
410475618 753522611 1000000439
477354533 766966132 1000000933
730296040 556277610 1000000579
785382988 561307551 1000000411
405440718 192132598 1000000403
973438942 989805710 1000000933
117873 840927505 1000000513
783426521 854055246 1000000093
46335554 70255668 1000000829
647714889 856478792 1000000433
82223835 936919070 1000000439
229655116 657694494 1000000297
891783718 555008130 1000000349
54626426 41313280 1000000409
509284301 477099984 1000000579
544665075 377183314 1000000007
968662061 588353392 1000000087
52577235 505944251 1000000607
142825395 584245364 1000000711
513063554 99490288 1000000207
706322273 606401415 1000000861
61615158 788570512 1000000829
50725569 989930059 1000000787
171740532 515176359 1000000363
388323286 540317422 1000000513
517275087 359649345 1000000447
226106815 281974289 1000000363
345121358 986873130 1000000103
204956821 213757664 1000000993
420039188 61230756 1000000663
536196882 898292485 1000000411
44677328 489677375 1000000297
441485645 876178812 1000000207
596972104 226487387 1000000411
632054750 885053095 1000000993
376345094 729151357 1000000093
226544336 696423509 1000000403
715061525 669222768 1000000009
472278683 842145051 1000000349
265923741 985856330 1000000433
801797957 397099940 1000000409
613679519 282234158 1000000787
341745661 436322653 1000000753
229634966 20316592 1000000663
726467958 328308761 1000000613
49858521 284204730 1000000087
404761400 919839413 1000000483
281564442 961951483 1000000607
226873969 182190985 1000000097
989443309 931391049 1000000321
784243425 313975895 1000000103
54247272 971038643 1000000321
409870860 759545401 1000000901
303833305 929622069 1000000531
365618448 202255244 1000000297
796715458 735818987 1000000901
21710190 201906078 1000000207
626749312 912157331 1000000103
743377741 805162244 1000000433
664516154 867335475 1000000427
913784235 96290772 1000000753
455466479 777535127 1000000513
64819441 529437237 1000000363
409975177 256067662 1000000007
957775145 895739612 1000000427
383931870 842293598 1000000447
588316823 651234747 1000000861
541980054 180724793 1000000447
238192245 97491096 1000000459
240641310 37376214 1000000459
170380023 544404977 1000000663
774157738 462253343 1000000453
459119469 29030740 1000000009
316785923 68170439 1000000513
833028335 430236245 1000000087
834943732 542628057 1000000271
744180043 813599664 1000000207
211812599 411256578 1000000321
349336382 975101544 1000000223
634708511 595717393 1000000711
962407324 212777826 1000000093
555221373 700151584 1000000093
771347335 556114442 1000000861
442888807 82056635 1000000207
296015209 930207963 1000000829
266092769 841231431 1000000993
245516827 978440673 1000000297
531961414 269375322 1000000901
251699902 519460619 1000000009
893424447 564538743 1000000607
16171150 207682995 1000000009
767887934 303932023 1000000439
644319004 525694758 1000000861
829891544 409469460 1000000871
490696570 244321522 1000000801
723579711 393444361 1000000829
817062061 342295473 1000000021
255006324 577547419 1000000009
166559271 454107742 1000000181
28801923 839890791 1000000801
2990403 310987670 1000000411
579510483 963424257 1000000901
49696317 232122916 1000000801
914659459 930825092 1000000123
301115205 285205796 1000000289
266801908 288362742 1000000453
203142840 80760741 1000000483
907039560 475743989 1000000829
221569249 195982506 1000000097
738090773 251990375 1000000753
510851366 245901458 1000000207
817389723 259340462 1000000087
666930810 849276069 1000000711
625478255 77653974 1000000787
637229142 328245343 1000000871
942832018 591652731 1000000289
450658754 111540273 1000000993
861314532 421101777 1000000637
745939173 992984933 1000000297
797395579 480312083 1000000411
165446445 202852447 1000000453
239375089 667636162 1000000241
275445359 833650327 1000000993
769929351 347026576 1000000453
768481729 261160582 1000000033
838654137 171128380 1000000009
499771458 319600090 1000000607
605032610 410790568 1000000801
728196515 263420538 1000000403
886168096 678263528 1000000453
