1000
0
401136748 498689569 1000000787
426294559 724638800 1000000891
345577306 65451097 1000000409
873192401 646704226 1000000403
131303875 113272589 1000000637
809379760 691307784 1000000297
155488379 481987195 1000000637
752690634 359127135 1000000009
380735300 608260222 1000000871
739719095 110768532 1000000021
563271056 785506747 1000000861
969057008 379142347 1000000579
508501394 653538245 1000000297
689294117 116556433 1000000801
229125425 189580548 1000000607
400184545 404805995 1000000433
73419249 863666648 1000000289
376849240 660029746 1000000901
126011882 914076286 1000000009
850567597 466294965 1000000891
438311763 911360694 1000000439
36552765 123547160 1000000891
657219507 119800736 1000000531
622427587 416937332 1000000663
582255249 994870483 1000000207
754447134 307197353 1000000181
66160094 537230339 1000000483
813417398 690036490 1000000447
598226497 791771474 1000000919
980917913 899220131 1000000097
139178984 247184975 1000000483
714958004 581695472 1000000453
884600980 403222310 1000000241
760063971 937007808 1000000321
298951980 308042280 1000000513
933793308 482856605 1000000931
386383002 703484611 1000000033
156528410 307471719 1000000349
13511732 127288229 1000000403
779402298 623749120 1000000753
227249719 316363147 1000000123
94748805 176600139 1000000531
676155640 812962693 1000000097
935062909 940610631 1000000483
487371772 244655147 1000000607
35268719 835940261 1000000349
180400106 293833605 1000000033
536748891 776826974 1000000711
441325036 600900500 1000000093
419826713 61245124 1000000663
294043196 143715031 1000000637
734592866 105213849 1000000223
380560904 14469961 1000000753
653293781 470539806 1000000427
526495856 79263726 1000000513
169833487 300813875 1000000933
67991943 15144988 1000000891
750591060 310695019 1000000531
782559806 44480364 1000000009
278917610 630489112 1000000207
401414418 895768726 1000000033
87194426 988301048 1000000009
16627641 335322518 1000000861
195815426 936806341 1000000453
649116325 126392069 1000000181
913765235 214818895 1000000409
637329906 231539423 1000000861
406420978 638154504 1000000411
540199846 676637842 1000000087
664762917 40560190 1000000403
442887324 92994624 1000000753
437378039 846630630 1000000931
143686798 994808502 1000000297
390522234 81363344 1000000097
993724631 595883744 1000000363
677928334 709129362 1000000223
60280761 694138093 1000000123
551226561 331312945 1000000607
828789321 138775377 1000000021
590756536 460112902 1000000787
400963540 306133988 1000000931
495991003 655516040 1000000271
151281965 534229388 1000000787
658476570 284058720 1000000409
532672950 827434184 1000000933
457984367 543180919 1000000993
17520262 53641153 1000000483
133657053 540033666 1000000891
930718838 703918918 1000000993
113765038 87002667 1000000289
853253135 160315848 1000000637
234735954 547194878 1000000439
854755109 306743548 1000000021
354050 507657075 1000000829
65638602 579334278 1000000033
444512083 118683013 1000000241
2733157 802130579 1000000021
142272241 668418159 1000000861
7773531 300929063 1000000223
827551340 456244243 1000000513
604998921 395810285 1000000801
447443445 364262773 1000000289
257736636 423309861 1000000181
559768188 278109350 1000000801
87058259 436238299 1000000663
498647139 713047412 1000000613
913557876 777649403 1000000207
255884869 811404685 1000000033
1176277 411675915 1000000087
194035680 832221329 1000000433
637001785 63783947 1000000829
690684219 901960168 1000000433
232808392 654097333 1000000459
570136306 704878748 1000000207
612708110 49181727 1000000289
89899344 667364164 1000000891
624749824 407777101 1000000093
382840251 496396083 1000000103
81727107 592352776 1000000753
414985235 637273054 1000000103
170698836 439330224 1000000097
277295175 940267840 1000000223
414124220 779891330 1000000033
83559066 103000176 1000000829
854314786 401194608 1000000447
548701149 621705007 1000000223
279510218 537923380 1000000427
870982561 203381354 1000000871
785972839 328461255 1000000531
460075811 885492216 1000000009
981231098 690753779 1000000349
912015098 623344242 1000000349
298953251 682910909 1000000021
404116518 38493174 1000000033
427041917 680491757 1000000447
767363431 13004467 1000000321
672283499 526285712 1000000123
233400154 206767808 1000000531
415095050 473030144 1000000607
105185785 155679485 1000000433
74842503 982231781 1000000289
999202323 802171180 1000000453
850890578 522665964 1000000801
648190154 142003009 1000000409
685879527 331592353 1000000093
49753161 587720539 1000000861
27085358 901150697 1000000009
130849361 590708040 1000000711
745371393 689882724 1000000531
40302128 63419552 1000000613
234675366 536405508 1000000033
932656937 16938585 1000000829
294485355 257019991 1000000891
892885139 409346448 1000000637
704265666 649764488 1000000579
113989034 703368474 1000000087
596347464 245867382 1000000787
810930368 314391481 1000000513
686264808 754672173 1000000579
411392991 371484074 1000000433
593688759 30749302 1000000439
895506091 920883346 1000000711
603862606 874869131 1000000531
934814873 725583845 1000000459
87059607 549578062 1000000363
777244429 972855634 1000000871
788839017 494470071 1000000409
227193274 717015008 1000000579
226678157 127789309 1000000297
167907780 767899734 1000000097
615599810 518555622 1000000607
242560730 498307014 1000000579
640523440 952182348 1000000579
545154178 817696879 1000000513
912049606 789418847 1000000637
163263174 204247394 1000000931
553702326 587598128 1000000933
501804368 389983523 1000000613
578259651 36171482 1000000459
201040564 711677043 1000000453
935039501 643246115 1000000181
431110282 211386132 1000000483
564573752 59710407 1000000123
798336460 625082615 1000000103
189987823 767628097 1000000787
667726916 207735435 1000000223
935855557 980727481 1000000411
518581154 445627640 1000000993
787695584 972525198 1000000753
129689249 357652251 1000000123
576116645 227097513 1000000483
343858348 783870569 1000000861
640218715 536261075 1000000433
153897841 674944361 1000000409
487034121 898149872 1000000891
292219859 259388125 1000000363
775067311 13525682 1000000801
77035599 322850679 1000000871
34781037 354812601 1000000613
68305704 708420769 1000000993
613017325 953420943 1000000021
878453706 112979253 1000000439
207346715 796503228 1000000931
560319090 13353250 1000000607
943248615 639080653 1000000613
560012859 531700534 1000000009
640829898 3143319 1000000093
767364636 400650164 1000000241
259080239 420879808 1000000433
709769020 721422644 1000000861
771189496 948101139 1000000663
330106068 970794808 1000000607
645434007 127960907 1000000829
891570411 116209568 1000000223
239287952 460280653 1000000007
521469508 842088226 1000000009
325201013 496729437 1000000433
336081710 742770507 1000000711
812337849 979188465 1000000409
461651999 363721451 1000000901
738973664 928205265 1000000271
491375919 254404883 1000000123
885263219 356156726 1000000271
687554848 943514870 1000000613
712722536 873156666 1000000579
535936551 407217886 1000000459
623660106 544399534 1000000411
210454377 370839427 1000000241
82925933 692451534 1000000901
63294524 90233992 1000000829
792994695 9631101 1000000297
102268948 278999159 1000000933
4238813 83135885 1000000579
479148661 184900289 1000000531
840219999 258358804 1000000753
762053723 788001968 1000000801
633767456 417443509 1000000663
859008237 91174996 1000000411
699193112 396643636 1000000087
750727091 997344263 1000000033
481937704 17958249 1000000919
482205262 357910805 1000000181
693930110 542872924 1000000801
48380275 298677994 1000000181
276077096 147978082 1000000919
606965144 545723020 1000000891
766966751 539073503 1000000403
385816769 965006035 1000000007
902972134 268411789 1000000427
284916157 7180053 1000000433
340856798 329342998 1000000103
371166402 557991278 1000000787
390427723 417754528 1000000933
626805540 910958238 1000000801
780572686 309012598 1000000223
338727491 137531029 1000000363
252984203 901354718 1000000021
551779056 877098247 1000000123
570815714 266901912 1000000829
97583894 993918345 1000000181
165883044 758668996 1000000861
446674026 999465911 1000000433
809412399 670163100 1000000613
133726159 684591643 1000000787
316560561 506833218 1000000931
601170038 957951918 1000000403
805795863 989392683 1000000033
983766826 41294214 1000000901
986092214 829010817 1000000891
382874602 670044010 1000000483
397091236 318054595 1000000711
6148084 690725535 1000000753
660534699 990944748 1000000007
229195816 464816491 1000000321
837684872 940556899 1000000207
759412281 692345577 1000000271
715429804 304271654 1000000513
175785003 202161532 1000000241
217238782 525246109 1000000453
184897419 316011107 1000000123
251024286 604438742 1000000787
225439732 961523928 1000000411
439517535 301896503 1000000427
926578302 702940067 1000000093
247651639 432233229 1000000459
133286069 643735272 1000000637
87580282 251713921 1000000891
821412984 908085821 1000000439
502996075 835428057 1000000663
194188411 190635703 1000000861
385672416 890851018 1000000223
227118538 448266231 1000000447
152283037 657874911 1000000931
343611204 706127447 1000000123
697174300 236249752 1000000097
684403442 992248964 1000000363
95453200 467697512 1000000787
895137894 571943390 1000000787
412901098 666880856 1000000607
469214180 184344615 1000000223
226087790 619709182 1000000513
75917548 633655283 1000000801
336958853 875344980 1000000097
33214839 845140626 1000000453
646206121 136620858 1000000409
576662219 726811851 1000000181
613867756 420453056 1000000801
910324667 772305968 1000000513
678279086 92038625 1000000271
581209408 122036261 1000000363
142823918 917763299 1000000711
188988390 443083631 1000000579
575575970 331009197 1000000103
473544885 822489074 1000000901
871946221 291485941 1000000483
841943950 487042220 1000000009
173710792 445551154 1000000891
663619119 421678570 1000000459
624003682 947043361 1000000993
608004760 243651409 1000000097
752341270 970987734 1000000663
892541122 970033864 1000000513
809638478 360459779 1000000007
774752668 507917423 1000000447
832535513 181556751 1000000289
746982950 568835568 1000000439
33009947 668516713 1000000861
773898168 932060411 1000000033
470410632 228821955 1000000411
413783709 318124482 1000000207
817007724 79560393 1000000097
168479373 565282938 1000000363
652355858 900000575 1000000349
548132180 153226322 1000000579
902341435 608588114 1000000409
178866818 60870646 1000000097
91082804 966563959 1000000289
317801485 690464743 1000000349
163855557 287833681 1000000829
33370433 38217110 1000000297
442526728 272314566 1000000787
737811137 515392009 1000000409
260323340 313350966 1000000321
254510518 742594553 1000000271
593577470 944197451 1000000787
392733801 328785583 1000000297
696627508 935200719 1000000093
870001809 416704795 1000000637
339510199 485117726 1000000931
703515798 979896342 1000000087
207113888 426417755 1000000427
153373452 19891849 1000000459
335844825 53825002 1000000349
298186839 284466070 1000000181
778521066 652876174 1000000447
578362137 599553377 1000000103
318635803 144138649 1000000097
263742142 796936053 1000000087
405718742 102484912 1000000207
283756539 231220075 1000000403
509669831 49579025 1000000321
279122445 960790768 1000000321
403010039 54677782 1000000321
523746214 740671304 1000000933
82114380 970699594 1000000409
943529363 425878556 1000000093
132361764 815783446 1000000007
35972327 645109929 1000000427
980491365 335599179 1000000409
740905050 154628812 1000000919
232869979 928453766 1000000007
405475859 713139198 1000000021
618175244 512956866 1000000033
645849172 347383129 1000000409
573568140 575845418 1000000207
861528585 850736086 1000000241
209629059 654113103 1000000711
181820933 976551455 1000000447
576908691 952693205 1000000919
320173519 612243308 1000000427
322792875 181455223 1000000097
180023938 432999224 1000000531
73190189 880099394 1000000801
931499727 325773736 1000000861
209113501 610995332 1000000891
883587667 241380522 1000000321
958233258 993246694 1000000297
634270977 796382377 1000000931
975343274 34659274 1000000271
188879193 343757067 1000000579
529399978 546978799 1000000483
221031990 41221323 1000000009
344547767 786432445 1000000931
151172961 210461408 1000000459
197494851 998092050 1000000919
476590743 911862721 1000000901
281382794 240588708 1000000787
337958841 745338341 1000000919
505942672 902431253 1000000711
401082032 37306640 1000000993
234839322 375081775 1000000753
896681642 779076529 1000000787
679035845 644362232 1000000861
64506407 153959013 1000000919
836458644 575626039 1000000207
833415066 553876538 1000000363
120647360 100381482 1000000579
652508278 193024443 1000000579
755699183 937666564 1000000871
495266346 267868423 1000000349
49319994 422452967 1000000007
579145255 433744636 1000000411
157996876 473068679 1000000829
342515174 341222355 1000000787
806295940 90047252 1000000933
538912526 389426179 1000000241
420369230 308447182 1000000513
783587687 949588934 1000000637
712526233 603629982 1000000439
876362896 821553404 1000000123
750544917 728285599 1000000007
925541369 937050186 1000000093
805477019 421082224 1000000933
158855408 724786682 1000000223
123703725 523828536 1000000613
573501116 590458922 1000000901
532075726 844097956 1000000787
927413813 486030057 1000000801
852987429 847447526 1000000093
594586995 271768567 1000000093
311968940 375153557 1000000181
356166095 747344343 1000000363
470673272 606840694 1000000931
5558728 112147648 1000000607
594668442 42480596 1000000933
169424076 5902532 1000000033
285261916 799251682 1000000801
637984784 163110658 1000000829
249005971 870787478 1000000009
418925620 462181781 1000000871
239072282 688743970 1000000103
501684245 217879932 1000000919
528789653 526594572 1000000007
215897180 604318575 1000000093
760679933 558705135 1000000931
87881687 679739221 1000000901
23030831 908883184 1000000289
410633527 239630513 1000000579
504774156 127774477 1000000663
569194355 585534421 1000000321
599112503 445914294 1000000409
416533043 343870139 1000000409
921772999 921176314 1000000613
553622452 772385299 1000000801
494425799 188672606 1000000453
372748487 769090310 1000000403
244598568 67784302 1000000787
39962051 684244118 1000000891
510965004 758900140 1000000087
392653868 289436231 1000000411
205763584 770672438 1000000861
738244394 709032314 1000000579
914099451 240956821 1000000637
882743104 631553616 1000000409
979093969 476973011 1000000933
212635774 517331758 1000000349
863331455 349847365 1000000829
604928425 435758724 1000000579
126684914 392500812 1000000103
487040372 357272835 1000000637
135389797 916581122 1000000021
757534868 647952141 1000000363
617533553 59189477 1000000871
340942572 281061475 1000000297
293468094 458666832 1000000663
257743533 771159024 1000000919
573439435 895945870 1000000801
617039331 960284865 1000000993
818336229 250844515 1000000207
363419132 880235407 1000000919
857377740 388960510 1000000753
48800567 973745447 1000000427
463185983 259255618 1000000513
45443811 687501253 1000000009
178124792 811948183 1000000297
501996673 997052376 1000000223
605167423 847084445 1000000871
499698775 693888775 1000000297
818018688 806985968 1000000433
914031952 317389595 1000000483
85179731 769781116 1000000087
784053934 879120005 1000000829
870664807 386620059 1000000007
917265782 369747181 1000000933
933803709 978459660 1000000289
923150133 798921090 1000000093
301691401 197660144 1000000933
737206108 594455795 1000000427
396098174 515754137 1000000483
605373040 691797767 1000000093
434978274 815074314 1000000531
157349219 845741304 1000000711
938818822 216430962 1000000411
433506012 749452009 1000000871
210303965 785666002 1000000403
710846392 905787187 1000000223
180236059 561478499 1000000447
777708390 514803989 1000000271
392626408 427075651 1000000513
442371556 339924065 1000000439
382464580 702172901 1000000271
347001263 599086083 1000000009
939217825 482760699 1000000087
473390312 566002093 1000000607
197272738 547447334 1000000033
623768837 1584956 1000000607
740248855 567890580 1000000007
761451978 202920301 1000000801
953566827 281149918 1000000861
542662148 273921220 1000000103
649846143 780970796 1000000871
804340594 938453114 1000000513
931365535 302525573 1000000453
538217968 445204742 1000000321
546258371 210997599 1000000009
906854533 962745150 1000000483
719892757 456430119 1000000363
464401200 900764845 1000000801
823552619 197161511 1000000483
751065194 357054312 1000000271
485135361 976816827 1000000241
579302654 244633616 1000000613
170227848 838925163 1000000753
173926714 759680477 1000000861
195748652 85648491 1000000891
69298809 709060860 1000000087
198097996 348328816 1000000483
631846694 9642826 1000000447
766016661 870593408 1000000711
131527436 955787569 1000000007
254853497 572878171 1000000801
746150717 870243506 1000000993
805817112 655621241 1000000663
23422668 676457085 1000000123
973055762 357760416 1000000447
918949692 28525605 1000000447
319132292 572927599 1000000931
861299274 492800624 1000000033
707805449 988340242 1000000403
890086279 654859956 1000000933
773574268 903113885 1000000993
764954817 257089487 1000000483
270610686 862532014 1000000433
880787012 456517965 1000000433
271004271 790200544 1000000427
22051785 333662058 1000000403
194359528 47213318 1000000579
393603494 428193019 1000000637
267587904 875621144 1000000901
294845947 848999982 1000000787
693024477 408442221 1000000289
606302934 355717729 1000000891
644314220 366604728 1000000439
664031390 492363770 1000000829
727109225 261991947 1000000271
799137294 794047136 1000000829
651658761 842865501 1000000637
777659042 707029209 1000000403
372082845 788306682 1000000021
238666338 229424797 1000000349
245047488 116472291 1000000531
260259141 154762220 1000000871
429672101 933833295 1000000993
295877242 1447170 1000000483
762892905 481648048 1000000931
488185821 188911800 1000000289
746575267 92403355 1000000459
345981201 296422155 1000000711
277302726 546236636 1000000579
10638321 568492273 1000000787
282906860 322307454 1000000097
485184083 696344693 1000000453
48745184 125243035 1000000021
751701929 773070129 1000000297
658422534 606424802 1000000363
865435528 49479882 1000000009
885589745 359905378 1000000181
560044571 282782264 1000000097
136651052 442773461 1000000009
795585604 976469154 1000000447
753548807 272873975 1000000459
25054354 206689126 1000000613
950276392 659168684 1000000663
786066828 988734886 1000000103
600507443 947507769 1000000403
493326009 662782640 1000000363
510398517 757622209 1000000123
553374198 727889832 1000000891
142101002 301663733 1000000433
266943671 130307084 1000000613
911041395 941917889 1000000607
78348793 504156836 1000000919
754505904 565972652 1000000871
867527654 870971626 1000000447
742162124 2444230 1000000207
224105177 244923299 1000000613
118896496 397203377 1000000663
688768185 132458076 1000000613
493662070 488399948 1000000007
401290090 44279810 1000000007
553887541 443326791 1000000403
172989522 385894469 1000000321
244763225 880407279 1000000363
793540360 259331597 1000000993
466459662 956525485 1000000123
114458065 600960325 1000000103
782306985 762756940 1000000459
119691658 937482807 1000000483
165852879 151093032 1000000933
870471415 742061432 1000000271
194671577 75645487 1000000439
411539623 362291315 1000000579
27056428 824427884 1000000093
104464088 885615165 1000000447
717683560 869471735 1000000483
640519061 234161872 1000000439
485531091 723972004 1000000181
650339426 847085105 1000000409
464913747 88718157 1000000349
889222808 387675285 1000000483
75712770 750162704 1000000321
483415820 922969332 1000000223
659179964 279998974 1000000931
447346098 53156069 1000000787
532705016 827162935 1000000223
158927390 522208821 1000000427
697213918 211945380 1000000801
882390122 322421357 1000000801
309574381 358768994 1000000447
519256677 381801463 1000000103
706820164 246191043 1000000009
142507816 181443206 1000000993
684386578 186296563 1000000753
920581470 111422267 1000000289
390426000 276961976 1000000321
529691302 91855943 1000000891
65486867 419743927 1000000009
585551364 167010555 1000000483
91350317 371394007 1000000931
552598181 194155983 1000000787
261660212 484686966 1000000531
991436404 293447902 1000000181
161387736 777796912 1000000349
820808323 829282319 1000000363
745693977 853912466 1000000097
301847145 657687311 1000000021
442350029 58581677 1000000021
942879614 570003516 1000000349
498111137 947802858 1000000663
679494229 823849180 1000000123
995680827 794780761 1000000787
837334968 435304794 1000000447
956680628 503402823 1000000033
521969557 485448078 1000000433
679259886 88099961 1000000787
794073244 361292771 1000000007
310686061 650865653 1000000579
337555369 961550725 1000000123
403496276 685509652 1000000403
18464315 163714329 1000000271
527811463 859506814 1000000829
145182933 270826518 1000000433
849979018 989185987 1000000483
936467881 689396178 1000000007
638901865 263474362 1000000933
848996372 387076516 1000000453
774400309 524690865 1000000123
321137482 13755718 1000000223
888044632 349917387 1000000403
564838624 363967117 1000000753
635975591 522181175 1000000513
748932916 26349953 1000000009
45922898 953312485 1000000427
256899123 243848673 1000000123
145183341 362380464 1000000579
690816724 212732879 1000000453
859003152 698763025 1000000087
325652314 831492633 1000000861
309113416 67728135 1000000433
403573108 388999527 1000000207
366212714 407939172 1000000289
906175086 452979177 1000000207
864226334 240275336 1000000223
183141423 526165553 1000000181
804969301 167987372 1000000711
545488090 291432980 1000000271
882313666 200167179 1000000933
416448473 856589335 1000000403
154412992 216803218 1000000349
299159274 819337385 1000000103
880727613 880509394 1000000093
471160871 125366900 1000000447
999186903 667773071 1000000931
316604148 643431885 1000000483
162384102 949125526 1000000009
310691238 47611464 1000000321
171750996 512498926 1000000271
111595150 632717361 1000000021
356320243 475297937 1000000993
444422007 240419508 1000000453
961851306 223666536 1000000007
265560288 860018672 1000000453
75840121 785351315 1000000409
12475633 274790440 1000000033
932392133 136322227 1000000459
378325227 29377914 1000000993
153386192 623183714 1000000753
190102205 174453433 1000000403
838739572 217329098 1000000993
281782084 852259270 1000000933
105636613 14298966 1000000919
576354388 780212002 1000000297
420810151 823254029 1000000919
344331403 443634237 1000000891
897463475 188124128 1000000891
565066245 187375933 1000000411
758915539 777464620 1000000181
620882883 594704764 1000000181
847695251 275604465 1000000933
737320841 228039191 1000000531
728818699 550156184 1000000711
512518176 852156648 1000000871
204354085 930476753 1000000427
484540873 640574726 1000000033
465328038 387555850 1000000123
873060649 921319485 1000000829
531135231 603755649 1000000223
796861904 362127806 1000000447
162442221 456856366 1000000531
911437093 451824691 1000000103
53559858 384586675 1000000787
569933123 685656586 1000000349
412285087 638959001 1000000753
767344433 682740846 1000000663
294844285 662196169 1000000829
116452325 732767509 1000000663
345836004 162926514 1000000289
723038809 782405220 1000000453
539818224 23821429 1000000093
804848022 606653551 1000000223
381988440 765732997 1000000711
712968961 599660226 1000000871
754756875 455457555 1000000931
301704425 697849851 1000000097
831094312 312683434 1000000931
996365642 971851063 1000000483
708757450 697091409 1000000297
252577384 612062327 1000000933
443636167 773275322 1000000033
96774107 64582918 1000000711
207970184 28405377 1000000513
56944866 123424832 1000000753
197334100 807032204 1000000483
451648059 628616830 1000000531
599747823 770090012 1000000861
479739572 939004932 1000000087
236261111 912636183 1000000271
636025789 667919216 1000000861
70873953 606725985 1000000993
23821887 541013364 1000000409
972258013 310253092 1000000349
235574909 739327541 1000000439
470265713 169033379 1000000531
702885175 601731360 1000000711
70005230 178833374 1000000097
710905437 923556785 1000000103
895692342 966357567 1000000321
772485250 25766370 1000000033
132390274 347468591 1000000891
937727545 425423842 1000000007
433059265 528761656 1000000427
348018062 898139787 1000000123
103872436 634205533 1000000753
898593972 267572875 1000000931
994722928 595546398 1000000829
797043135 898588518 1000000007
892965710 332711138 1000000919
388026817 428440077 1000000919
855959084 321710706 1000000087
978464744 1078551 1000000181
332980285 289935906 1000000097
345106412 661319050 1000000483
654663388 533953421 1000000427
282922559 559846387 1000000409
811010396 767139638 1000000513
216216467 865582894 1000000007
152124905 799798198 1000000613
608883578 493344681 1000000861
58839639 979061412 1000000993
596018235 581097420 1000000513
343653994 7729632 1000000871
488300283 791686419 1000000009
922043896 508839928 1000000297
196280981 916324554 1000000531
141823919 653725217 1000000087
260909416 902773788 1000000289
287400999 451758963 1000000531
855398440 988211997 1000000433
552478362 78831246 1000000409
647709156 7360294 1000000637
267573877 110101863 1000000289
360830013 565472513 1000000409
895904938 230723401 1000000711
293468483 322451949 1000000829
91317265 955741641 1000000097
411842457 705127656 1000000483
789029068 228294731 1000000787
402317007 850149013 1000000123
519286664 92010426 1000000579
104938941 908730298 1000000033
992472142 32255151 1000000093
719108185 502078198 1000000919
780164067 200299798 1000000663
481022200 571433932 1000000861
586300117 332790907 1000000271
443473099 850186293 1000000891
482062351 289867435 1000000711
932380864 643504543 1000000613
593807432 517501576 1000000241
280894345 630777504 1000000447
678703664 306173828 1000000009
187644344 741374486 1000000993
492237725 846153461 1000000409
466795162 885914590 1000000009
466330181 824574438 1000000931
668275428 710519554 1000000271
153904218 981860687 1000000861
420145562 178943505 1000000297
548166105 520719476 1000000289
283311327 37350308 1000000579
642149851 864130476 1000000613
876136532 985275725 1000000711
524397347 19178692 1000000007
419190729 604044660 1000000207
61586731 910305431 1000000093
739149251 585865628 1000000531
84448568 484867422 1000000241
206219761 172766799 1000000349
155789117 133733627 1000000439
417323576 190912618 1000000241
613562583 389349098 1000000097
240804642 404702902 1000000801
387824080 726964194 1000000607
974678416 871934503 1000000181
227598691 680584592 1000000009
643713469 205268819 1000000433
609425693 610567186 1000000349
393017248 235859305 1000000663
843343582 478990728 1000000241
746781998 938255542 1000000241
776054613 619194571 1000000297
265174284 959615649 1000000427
806922572 953920380 1000000439
819439952 605784140 1000000021
524250758 837039247 1000000933
728453499 504844075 1000000297
846696604 289983195 1000000801
117769877 93917361 1000000433
71819090 104929052 1000000433
283823978 131497857 1000000321
490555846 183465885 1000000459
98856310 327794098 1000000241
633032552 407474844 1000000009
317228847 795438814 1000000321
537502449 879081804 1000000637
195277060 489211024 1000000613
999921156 100006914 1000000241
771036628 670229594 1000000223
163395989 64187682 1000000241
750680988 855508763 1000000513
844589915 467696310 1000000453
946815611 465064597 1000000459
624886421 484518706 1000000931
979236389 874729646 1000000531
456059019 455149260 1000000241
185940252 100408202 1000000711
714207666 899271077 1000000447
387929127 926605350 1000000297
465940545 293100060 1000000453
771160474 893028812 1000000891
664745743 831220684 1000000919
942632232 841371119 1000000993
92376621 176399484 1000000427
684405872 56703959 1000000181
353122434 279306168 1000000901
978248164 560316267 1000000459
649841784 237601211 1000000297
102124711 122941732 1000000223
288694729 404112988 1000000403
353166197 89292456 1000000901
44340376 640810443 1000000801
867370946 551811670 1000000801
451506271 878031033 1000000021
632148613 332487203 1000000439
557384057 373442402 1000000801
395766437 420292344 1000000607
146212142 283294040 1000000613
726168099 92897877 1000000403
393845258 312021558 1000000607
624750487 665733665 1000000931
485832119 301116431 1000000289
528700765 724479301 1000000933
491278301 841762647 1000000613
983457035 960070599 1000000483
594164104 138394116 1000000861
92814327 868716575 1000000427
93047494 551296931 1000000459
157841880 440020132 1000000007
756333561 926620482 1000000531
460439336 246049457 1000000607
768821844 254539984 1000000409
634157868 44119591 1000000349
854896754 548229020 1000000459
62267358 770625025 1000000891
228752061 745792007 1000000021
218350992 926725202 1000000433
195092176 226236019 1000000093
105563077 15714404 1000000007
58973561 606814138 1000000613
748797368 182821605 1000000439
865653758 593545580 1000000097
219441178 551458349 1000000427
357202302 54833590 1000000433
183925700 212806634 1000000993
373853763 777431777 1000000433
234001700 82311964 1000000223
884601839 234948719 1000000637
511504773 468825762 1000000663
63810988 100659203 1000000427
88396807 318702227 1000000637
914712151 510684613 1000000181
420252768 572056811 1000000181
759716790 165100151 1000000009
189488013 396856075 1000000207
723426422 680191666 1000000439
283066368 70759263 1000000123
933243960 796336024 1000000933
356626681 998975723 1000000123
391041161 874841591 1000000123
853001712 49632922 1000000321
287341456 613905436 1000000801
719738779 73783212 1000000753
480708712 630946758 1000000271
648832307 757159299 1000000297
670597886 463395357 1000000993
392019255 932076119 1000000349
30185159 544717457 1000000271
921658070 671865535 1000000663
692869335 982224613 1000000321
537221490 859825728 1000000271
283433015 113098445 1000000993
647750093 706791182 1000000297
268905610 718996614 1000000901
875368944 954640750 1000000181
947942192 447521359 1000000453
871746187 713099618 1000000871
473105002 769242214 1000000087
852816640 713156524 1000000439
751779472 172215147 1000000181
958353681 346106532 1000000411
753503904 831095609 1000000223
952043043 500622468 1000000861
758838196 131121282 1000000829
543633543 944776375 1000000181
652504279 939164830 1000000993
545872623 911117626 1000000787
964879101 603958440 1000000933
260537689 205902770 1000000087
865525785 845085150 1000000459
34624840 776000430 1000000459
353708015 691923701 1000000207
388746581 817918498 1000000891
589577408 567301599 1000000711
936253742 757525415 1000000447
113696703 316009931 1000000297
657396882 235692280 1000000933
435867947 34564069 1000000637
136191228 656000571 1000000891
273780698 490481069 1000000787
694098511 21347550 1000000427
722674528 131024430 1000000427
484400596 24644560 1000000513
566813074 825180420 1000000433
26211565 956819414 1000000349
714585783 434808204 1000000409
691730338 529782769 1000000103
380907994 570149440 1000000207
735958018 331882384 1000000223
150479689 29270025 1000000513
31773010 473603523 1000000103
