0 0
0 0
0 0
0 0
2 0
0 0
0 0
0 0
1 166071120
0 0
0 0
0 0
0 0
1 224989968
2 0
0 0
8 0
2 0
0 0
1 889285411
0 0
0 0
0 0
1 907539098
0 0
0 0
2 0
0 0
1 791488578
0 0
0 0
2 0
0 0
0 0
1 733665847
2 0
0 0
1 813371152
1 753246755
2 0
1 560682579
0 0
0 0
1 29942948
0 0
0 0
1 690596049
0 0
2 0
0 0
2 0
1 482340544
1 590099075
3 0
0 0
4 0
1 512192835
0 0
3 0
0 0
5 0
0 0
0 0
2 0
0 0
1 333358546
0 0
0 0
0 0
1 345606082
2 0
1 286090042
4 0
0 0
1 762723873
1 847955117
0 0
0 0
2 0
1 526065412
2 0
1 126571238
0 0
1 914918970
1 899632616
0 0
3 0
1 462530293
2 0
0 0
1 994022608
2 0
0 0
1 272261733
1 405244178
2 0
0 0
1 861378391
2 0
2 0
0 0
0 0
0 0
3 0
0 0
0 0
3 0
0 0
0 0
1 21166466
0 0
1 165826484
0 0
5 0
1 617210043
0 0
2 0
1 429253433
0 0
2 0
0 0
6 0
2 0
0 0
0 0
2 0
1 814512892
2 0
1 842030975
0 0
1 761562579
2 0
1 752484380
1 359214118
0 0
0 0
1 903338836
0 0
2 0
1 223352882
0 0
1 787071780
1 831114534
0 0
0 0
1 594336418
2 0
2 0
1 589865479
1 266709288
2 0
1 686165067
1 610355780
1 719555480
1 362761024
1 349209669
0 0
0 0
1 19173603
1 53883891
0 0
1 78958512
0 0
1 95897755
1 537504189
1 164841742
1 258961301
0 0
1 831071961
0 0
5 0
2 0
1 87875917
1 974247134
2 0
1 367051024
2 0
0 0
1 546029324
1 243149456
1 13170760
2 0
0 0
0 0
0 0
3 0
0 0
1 342348877
1 706151035
0 0
4 0
1 211406507
1 923018462
0 0
1 887242084
0 0
1 70360665
0 0
3 0
1 634938246
1 890822641
3 0
0 0
6 0
0 0
0 0
0 0
2 0
1 804419899
0 0
0 0
0 0
1 175793806
6 0
1 841581363
1 50557935
1 754386855
0 0
0 0
0 0
10 0
0 0
0 0
1 165583040
0 0
1 719696486
0 0
6 0
1 902455609
0 0
0 0
1 16387506
0 0
1 111257267
2 0
0 0
2 0
1 102002547
0 0
1 442754324
0 0
1 259806437
1 207324453
1 863092451
0 0
0 0
2 0
0 0
1 311236588
2 0
3 0
1 325781522
0 0
0 0
2 0
0 0
1 84377129
1 554274338
1 664884087
2 0
1 283353974
0 0
2 0
0 0
1 974237898
1 881105208
2 0
1 241062844
0 0
0 0
1 440844655
0 0
2 0
2 0
1 652927182
1 892206712
1 384742404
1 451493352
2 0
1 91209748
2 0
2 0
2 0
1 386268650
0 0
2 0
1 934431827
2 0
0 0
2 0
1 752209028
0 0
1 229823172
1 825250117
1 604955323
1 246280664
1 198305209
1 988063647
0 0
0 0
1 378822273
0 0
0 0
0 0
0 0
2 0
2 0
0 0
0 0
2 0
2 0
1 703401175
1 290413177
0 0
0 0
3 0
0 0
0 0
1 287252965
0 0
1 299426072
1 887450755
1 623923728
0 0
0 0
0 0
1 448392025
0 0
0 0
0 0
0 0
4 0
1 972793145
3 0
1 870567918
1 247597911
2 0
2 0
1 992595609
2 0
2 0
0 0
1 669312444
0 0
0 0
1 328164019
0 0
2 0
1 847337357
4 0
0 0
18 0
0 0
1 655432676
1 756526445
2 0
0 0
0 0
0 0
2 0
0 0
1 257835031
0 0
23 0
1 227694035
0 0
0 0
1 229590774
1 677606338
1 161185357
1 765245993
0 0
1 9916133
1 499216074
0 0
0 0
1 546764922
0 0
4 0
2 0
3 0
1 332082637
4 0
0 0
0 0
1 471672041
1 757206858
6 0
1 855846605
0 0
0 0
4 0
0 0
2 0
1 478414471
1 757568763
1 588275297
2 0
1 167293705
0 0
2 0
1 647878093
1 263626192
1 272709949
6 0
0 0
0 0
12 0
1 551049372
1 411355623
1 711601530
1 86098267
1 944773380
3 0
1 371218421
1 750905883
2 0
2 0
1 460501127
1 329178015
4 0
1 764947748
0 0
1 424258395
0 0
0 0
1 268276807
0 0
0 0
1 446525518
0 0
0 0
2 0
2 0
1 546365133
2 0
0 0
0 0
2 0
0 0
1 678254085
1 770112934
0 0
0 0
1 912618624
1 375882837
1 63429860
0 0
0 0
3 0
1 455699094
0 0
0 0
0 0
8 0
1 91951806
1 965448493
1 437921940
0 0
1 56374249
0 0
1 617565836
9 0
0 0
0 0
0 0
0 0
7 0
0 0
0 0
0 0
2 0
1 458385832
1 128101087
0 0
1 190423428
0 0
0 0
1 741585569
1 683079251
1 523726870
0 0
0 0
1 811237686
0 0
0 0
0 0
0 0
1 466289478
0 0
2 0
2 0
1 302356478
1 8355611
0 0
1 878106911
0 0
0 0
0 0
1 834890587
1 589498062
2 0
0 0
0 0
1 809154500
1 752622420
1 452072723
2 0
1 569689344
0 0
0 0
1 320262497
1 246777901
1 292455441
1 923303677
1 77926630
1 259936851
0 0
0 0
1 446806018
0 0
2 0
1 179812133
0 0
60 0
1 71975248
2 0
0 0
1 877120105
1 890902240
0 0
2 0
0 0
0 0
1 195384462
0 0
4 0
1 388513623
1 63755113
1 757700603
0 0
1 87508551
0 0
1 679177123
2 0
2 0
1 785558341
0 0
1 510673465
1 429722852
0 0
0 0
3 0
1 667320771
1 104896238
2 0
1 182000430
0 0
0 0
4 0
6 0
2 0
0 0
0 0
0 0
0 0
1 143925685
1 827272701
1 329648438
1 786399487
0 0
0 0
2 0
1 680220432
0 0
1 755282234
0 0
1 148701265
0 0
1 768450763
1 541629656
0 0
1 470792565
0 0
1 732890153
0 0
0 0
1 293982193
0 0
2 0
3 0
0 0
0 0
2 0
6 0
1 890433785
1 362046075
2 0
4 0
0 0
2 0
0 0
0 0
0 0
0 0
1 113388644
0 0
2 0
1 992723082
0 0
0 0
0 0
1 725533136
1 875385941
0 0
1 266341231
3 0
4 0
3 0
0 0
0 0
0 0
1 984013229
1 999833005
0 0
1 702914521
0 0
1 177007706
0 0
1 720901898
2 0
2 0
1 314296781
1 910970855
2 0
1 978260706
0 0
0 0
0 0
1 584338813
0 0
0 0
1 386089610
0 0
0 0
2 0
0 0
0 0
0 0
1 137362243
1 92320977
1 348554292
0 0
1 140366625
1 879143181
2 0
2 0
0 0
1 29511802
0 0
0 0
1 512373190
1 168404542
0 0
1 155606129
0 0
1 193609159
0 0
2 0
1 636260431
2 0
1 575523861
0 0
1 405813711
1 889509861
0 0
0 0
1 547693817
1 905222216
0 0
1 901564589
0 0
1 368988365
0 0
1 277676680
1 264600333
2 0
0 0
0 0
2 0
0 0
0 0
2 0
1 711722478
0 0
3 0
2 0
1 785828885
1 557187713
0 0
0 0
1 167820628
1 839048003
2 0
2 0
1 506037630
1 209600243
1 584445222
3 0
1 502914786
0 0
1 129874107
2 0
0 0
1 762608108
2 0
0 0
1 976495926
1 416425613
0 0
14 0
1 324890
0 0
2 0
23 0
0 0
0 0
1 501052128
0 0
1 526930759
2 0
0 0
3 0
1 323077693
0 0
3 0
0 0
1 503474128
0 0
0 0
2 0
1 674809652
1 578488592
0 0
2 0
0 0
3 0
0 0
0 0
2 0
0 0
1 726419990
1 288916067
1 911761746
0 0
0 0
0 0
0 0
2 0
2 0
1 482420164
2 0
0 0
6 0
0 0
1 106342052
1 404339675
0 0
0 0
1 109038582
0 0
1 225875270
1 7189815
0 0
0 0
2 0
1 672871745
0 0
1 942227516
0 0
0 0
0 0
0 0
2 0
0 0
1 862473199
0 0
1 911834191
1 268674286
2 0
4 0
0 0
1 942464364
1 477492010
0 0
0 0
1 771030339
1 130421182
2 0
2 0
1 926612454
0 0
1 391119943
0 0
1 749500483
0 0
6 0
1 764559333
3 0
1 8156228
1 194536583
1 879371781
1 598078555
1 703290386
1 241062888
0 0
1 964413190
1 447917330
0 0
1 534311306
0 0
2 0
2 0
1 752213329
0 0
1 734763511
1 988382022
0 0
0 0
1 872646781
0 0
2 0
1 174908265
0 0
0 0
0 0
0 0
0 0
0 0
2 0
12 0
1 134639115
1 452103653
0 0
2 0
1 385411685
0 0
0 0
2 0
0 0
0 0
1 197186664
1 527506405
0 0
1 734119788
4 0
0 0
0 0
1 718080259
1 57692569
0 0
2 0
2 0
0 0
2 0
0 0
1 975912520
1 533485282
1 633817740
2 0
0 0
1 906886956
0 0
0 0
2 0
0 0
0 0
1 324070408
2 0
1 141273178
1 190815049
4 0
2 0
0 0
1 610608390
1 758213800
1 682006614
1 167005932
0 0
0 0
0 0
2 0
1 289463572
0 0
0 0
3 0
1 643588808
0 0
1 273032066
0 0
0 0
0 0
1 660999927
2 0
0 0
2 0
0 0
1 801063997
1 902947684
1 989028511
1 959456988
1 600600533
1 928943223
0 0
2 0
0 0
2 0
2 0
1 720803644
1 338657260
1 665092610
0 0
0 0
5 0
0 0
0 0
0 0
2 0
1 25708462
0 0
3 0
1 613221271
1 408661770
1 29941423
1 962627536
0 0
1 694160880
0 0
0 0
0 0
0 0
0 0
0 0
1 614236530
1 439337449
2 0
1 38434356
1 69824131
0 0
1 640613620
0 0
0 0
0 0
1 226645231
1 641837646
1 379478691
1 842253871
2 0
0 0
1 74999760
2 0
2 0
4 0
0 0
0 0
1 174384701
1 874912932
0 0
1 52279902
0 0
0 0
1 84524933
0 0
1 715248640
1 707483619
0 0
0 0
4 0
1 518351358
1 960135918
0 0
0 0
0 0
1 973606
0 0
2 0
0 0
0 0
3 0
1 946539123
3 0
1 200416840
1 846763313
0 0
1 434337207
0 0
2 0
0 0
1 309293036
0 0
