0 0
1 381000184
1 19477134
1 319214494
0 0
0 0
0 0
0 0
1 39314627
1 871143726
0 0
0 0
1 680611714
0 0
2 0
0 0
55 0
1 220627952
1 444763725
1 549875634
1 122693481
0 0
0 0
1 609402112
1 161789505
1 998488705
1 519566022
0 0
0 0
1 734850804
0 0
1 268770456
2 0
2 0
0 0
0 0
0 0
1 73352896
0 0
1 833125093
4 0
2 0
2 0
0 0
4 0
2 0
1 238385167
1 916221584
1 330299583
4 0
1 826529965
0 0
0 0
0 0
0 0
3 0
2 0
4 0
1 438070424
1 339233719
0 0
1 856604491
0 0
1 725128664
1 445737278
0 0
1 101873543
1 108819038
1 649555673
1 457920073
1 639984993
0 0
0 0
2 0
2 0
2 0
0 0
1 650314944
0 0
4 0
1 987938989
0 0
2 0
1 253072980
1 622322550
0 0
2 0
1 387432069
0 0
0 0
2 0
9 0
3 0
0 0
1 903242498
2 0
1 9395557
1 985710230
2 0
0 0
1 223790570
0 0
0 0
1 276892918
1 27477514
1 658427827
0 0
2 0
1 882978048
0 0
1 551210107
1 255556614
1 845349123
1 821647142
1 374177115
1 788263331
1 10475180
1 875833822
0 0
1 964668437
0 0
1 671804408
1 283061590
0 0
1 732195334
1 98779838
1 763846735
2 0
1 556357577
2 0
1 478137121
1 78599364
1 165395172
1 90381619
0 0
1 354635993
1 892914101
1 763985480
0 0
0 0
2 0
1 838233667
0 0
1 581496302
0 0
0 0
2 0
2 0
2 0
0 0
1 244491
1 141462181
1 391071349
0 0
1 491697710
0 0
0 0
0 0
0 0
1 649719738
0 0
1 996904713
0 0
0 0
0 0
0 0
0 0
0 0
0 0
1 712264622
2 0
0 0
1 75071459
0 0
2 0
2 0
0 0
1 392731253
0 0
0 0
2 0
1 165076462
1 726315158
1 275190710
0 0
2 0
0 0
6 0
1 437215095
1 724832072
1 159164074
0 0
0 0
1 342875214
0 0
0 0
2 0
0 0
0 0
0 0
1 767064692
0 0
1 669976704
2 0
0 0
1 795572038
2 0
1 533052915
2 0
4 0
0 0
3 0
1 790422871
6 0
0 0
0 0
1 307902572
0 0
2 0
1 165403023
1 630276989
0 0
1 357192132
0 0
14 0
1 904022990
2 0
0 0
1 679600152
5 0
0 0
0 0
0 0
0 0
0 0
0 0
3 0
11 0
2 0
0 0
1 651254210
0 0
1 107488342
2 0
0 0
1 138715822
1 778158262
1 895094943
0 0
0 0
1 281661745
1 105317980
0 0
2 0
1 809435976
0 0
0 0
0 0
0 0
0 0
2 0
0 0
0 0
1 396381964
1 947650178
0 0
0 0
0 0
1 865511443
0 0
1 565375866
0 0
1 877043245
0 0
0 0
0 0
0 0
1 621118989
1 224841448
1 361033304
0 0
0 0
0 0
0 0
0 0
0 0
1 629772361
2 0
1 466430690
2 0
1 642209789
1 55017421
1 360953315
0 0
14 0
0 0
0 0
1 616960538
0 0
6 0
1 688819981
0 0
0 0
1 993041051
2 0
1 383294153
0 0
0 0
0 0
0 0
4 0
1 781262666
1 691424277
1 460944843
2 0
0 0
1 302742749
0 0
1 528407210
1 874899010
0 0
1 246790858
1 148170468
1 672457416
0 0
0 0
1 902779856
1 236707979
2 0
1 415129283
1 861511596
0 0
4 0
1 1374162
0 0
0 0
1 810172499
0 0
0 0
1 643744955
0 0
1 691429921
2 0
1 662482980
0 0
0 0
1 708607419
1 437908869
0 0
1 315475571
0 0
0 0
1 355362601
1 593291740
2 0
1 637926002
1 649038012
0 0
0 0
0 0
0 0
0 0
2 0
1 911169713
0 0
5 0
3 0
0 0
2 0
1 22453817
2 0
2 0
1 460698299
0 0
2 0
0 0
1 40256635
1 342307844
1 984395395
1 603970935
2 0
1 988660639
2 0
1 868745465
1 558733741
0 0
1 278256911
1 387400551
2 0
0 0
0 0
0 0
1 294534949
0 0
0 0
0 0
0 0
0 0
0 0
0 0
1 482180604
2 0
0 0
1 842964941
1 233289873
2 0
1 762542106
5 0
0 0
1 722400810
1 599560372
1 483399541
1 539324393
0 0
1 409233864
1 847294233
1 433729445
1 584725401
1 570363199
2 0
2 0
1 621532543
1 52672196
1 719985035
0 0
2 0
6 0
0 0
0 0
0 0
2 0
0 0
2 0
0 0
0 0
0 0
2 0
0 0
1 43546228
0 0
0 0
0 0
5 0
0 0
0 0
0 0
0 0
0 0
0 0
2 0
1 448982029
0 0
2 0
2 0
2 0
0 0
0 0
0 0
1 8020720
1 260734669
0 0
1 29352652
0 0
1 693080727
2 0
0 0
2 0
3 0
1 148050614
1 862069498
1 76327208
0 0
3 0
0 0
1 803228685
0 0
4 0
0 0
4 0
1 537903099
0 0
0 0
0 0
1 961724575
2 0
0 0
0 0
0 0
1 977689973
10 0
2 0
0 0
1 794088222
0 0
1 806564134
2 0
0 0
0 0
1 106442787
1 936171330
2 0
0 0
0 0
4 0
1 704252628
1 395297222
1 204838139
1 247455043
0 0
0 0
0 0
0 0
1 700436032
2 0
0 0
1 906767630
0 0
2 0
0 0
0 0
1 982343816
1 362855120
0 0
2 0
2 0
1 305327283
1 18483249
0 0
1 492528009
0 0
1 102004747
0 0
0 0
0 0
2 0
0 0
1 911523825
0 0
0 0
1 801112250
1 869138294
0 0
1 558553960
1 545074997
0 0
0 0
1 859398370
1 5908580
1 667174702
1 796045899
0 0
2 0
0 0
1 412068614
0 0
0 0
2 0
0 0
1 244405503
1 920924802
1 614679913
1 790771787
1 634327235
1 89811322
0 0
1 969410844
1 880138485
2 0
4 0
1 821949546
0 0
1 544222283
1 1843161
1 145895291
0 0
1 300839379
1 673819625
0 0
3 0
0 0
2 0
2 0
1 202717888
1 32999138
2 0
1 469504415
1 653085779
0 0
0 0
2 0
1 323315323
1 482607533
0 0
1 378860650
2 0
1 953244683
0 0
3 0
1 463647463
2 0
1 589648082
0 0
0 0
1 127065497
1 962285267
1 599319631
0 0
1 587764700
0 0
0 0
0 0
0 0
1 759662800
1 191068426
2 0
1 562432175
2 0
0 0
1 96270328
1 265723444
1 801543824
1 191228024
1 501610686
1 664241664
2 0
0 0
1 914949538
1 305089869
2 0
1 545892270
0 0
1 923445673
1 591397200
2 0
1 463801247
0 0
1 79751579
0 0
1 950348060
0 0
1 224348906
0 0
1 137363803
1 722743670
1 405088160
1 395119883
1 711593158
0 0
2 0
0 0
1 615845365
0 0
1 345237462
1 398855753
0 0
2 0
0 0
2 0
2 0
2 0
0 0
1 851727037
1 54477330
0 0
2 0
2 0
1 568112503
2 0
1 590525176
0 0
1 989416229
0 0
0 0
0 0
0 0
1 386976658
1 289195890
42 0
0 0
0 0
1 361597164
1 697620251
1 27041483
0 0
1 195983466
0 0
1 133790311
1 405335947
0 0
1 303045650
4 0
9 0
0 0
0 0
1 79679029
0 0
4 0
1 483426199
2 0
0 0
2 0
1 652382003
1 819274731
0 0
0 0
0 0
0 0
1 792510477
0 0
0 0
2 0
2 0
0 0
0 0
0 0
2 0
0 0
0 0
2 0
0 0
0 0
2 0
0 0
0 0
0 0
5 0
2 0
2 0
1 6791750
0 0
0 0
0 0
1 865941900
2 0
0 0
0 0
0 0
0 0
1 895261371
0 0
1 171207845
2 0
0 0
0 0
5 0
0 0
0 0
3 0
0 0
1 12147162
0 0
1 490704440
1 369718298
0 0
1 208151219
3 0
1 367279531
63 0
4 0
1 469333637
1 263946
0 0
0 0
1 379790622
0 0
0 0
0 0
0 0
0 0
0 0
2 0
1 298900416
0 0
1 654019614
1 461054662
1 208211480
1 689447108
4 0
0 0
0 0
0 0
0 0
0 0
4 0
1 734921353
0 0
1 451558769
0 0
1 57479814
1 144646988
0 0
0 0
1 648430451
0 0
1 879163388
1 416930053
0 0
0 0
0 0
1 952110614
0 0
2 0
1 247428483
1 836812166
0 0
2 0
1 135352183
1 800052600
0 0
1 43055456
0 0
2 0
1 434099769
1 256982595
1 783357223
1 305598393
0 0
1 869088659
1 966288231
1 516853113
1 39549840
1 221515754
1 654575457
0 0
1 401656092
0 0
1 424521314
1 13242962
0 0
0 0
1 96029582
4 0
1 57841603
2 0
1 218887556
1 684766190
0 0
1 67534968
0 0
0 0
0 0
1 293650560
0 0
1 895106925
2 0
1 87487585
0 0
0 0
0 0
2 0
1 470351211
0 0
0 0
1 711690061
2 0
0 0
2 0
0 0
1 397030555
0 0
1 13067678
1 33998634
0 0
1 167587459
1 580447098
1 287117340
1 541539277
4 0
0 0
1 539370402
0 0
0 0
1 834858386
1 695790021
1 185903464
2 0
2 0
0 0
0 0
2 0
1 686097215
0 0
0 0
1 818031177
0 0
1 438998473
1 240404071
1 305902461
0 0
0 0
0 0
1 628430708
2 0
3 0
0 0
0 0
1 687346852
1 614249996
1 742781649
0 0
0 0
0 0
0 0
1 923535981
0 0
0 0
0 0
0 0
1 507297764
3 0
1 203167808
1 861697932
1 751401846
0 0
2 0
0 0
1 5889618
0 0
4 0
0 0
0 0
0 0
2 0
2 0
1 845894674
4 0
2 0
0 0
2 0
1 794170814
0 0
1 246864462
0 0
0 0
3 0
0 0
0 0
0 0
0 0
1 469719959
0 0
0 0
1 370778589
2 0
0 0
2 0
0 0
10 0
1 119203533
1 193067969
2 0
0 0
0 0
1 751770966
1 217135002
0 0
0 0
0 0
2 0
0 0
1 486147057
0 0
0 0
1 416222552
2 0
13 0
0 0
0 0
2 0
0 0
2 0
0 0
2 0
0 0
1 575742033
0 0
2 0
1 78046199
1 779839299
1 443151719
2 0
2 0
1 21206651
1 895067085
0 0
1 779685876
0 0
1 301910077
2 0
0 0
2 0
0 0
2 0
0 0
0 0
0 0
0 0
1 571246598
0 0
0 0
