1000
1
823 884 967
114 70 997
535 809 947
441 598 911
409 460 937
316 261 953
848 174 947
648 326 971
866 30 911
106 272 937
576 164 937
799 600 991
295 872 919
954 72 967
350 911 977
559 499 967
108 101 911
109 28 937
517 13 911
779 501 929
322 16 907
442 30 911
384 407 911
439 329 929
718 837 919
59 914 997
503 553 907
759 560 997
587 590 983
99 300 919
208 773 991
459 179 953
812 479 911
724 532 991
128 151 937
842 917 947
292 872 929
368 28 937
940 830 971
43 352 941
874 41 991
749 619 941
340 180 977
769 503 991
788 199 953
46 590 983
905 674 967
540 608 997
153 800 947
169 820 977
463 818 977
642 319 907
500 879 907
315 168 991
140 498 911
268 165 929
343 278 983
369 202 911
416 715 947
794 600 929
603 566 967
671 953 983
266 616 997
673 203 937
453 922 991
940 305 947
585 386 967
728 451 941
874 186 907
887 29 983
171 854 941
836 567 929
261 13 937
120 153 967
899 493 907
364 98 941
345 883 907
669 85 983
444 755 997
477 856 937
707 859 953
647 484 947
479 251 997
316 379 941
807 900 919
163 139 919
532 722 997
740 611 991
241 342 971
550 313 911
905 117 991
566 771 911
676 567 947
168 158 991
217 968 971
726 179 937
618 530 977
135 618 911
5 525 983
206 41 907
428 390 919
751 352 941
943 498 983
857 138 947
61 524 907
457 598 971
807 702 907
731 366 919
298 474 929
972 368 977
139 122 941
204 203 947
628 817 947
182 1 967
896 44 997
184 524 977
516 711 919
98 232 941
856 508 991
914 854 977
108 965 991
713 885 991
340 667 911
773 881 967
922 655 953
354 140 911
352 9 941
61 774 991
495 75 977
168 212 977
805 940 971
502 465 971
29 792 997
917 253 941
364 788 997
200 886 911
103 288 929
227 697 911
689 375 967
52 733 929
870 461 947
569 779 991
776 637 941
567 185 991
871 925 977
869 43 953
761 475 937
554 632 967
321 918 919
263 356 911
439 373 971
755 586 941
617 935 941
787 592 967
326 396 997
653 353 983
82 839 967
191 254 977
752 386 983
530 345 911
588 165 947
764 396 977
818 290 947
368 885 967
744 944 971
225 268 971
483 558 967
519 266 947
872 115 967
750 212 911
801 688 941
688 878 941
425 470 953
263 317 983
452 804 929
188 473 967
814 959 997
353 556 919
934 926 953
107 689 971
560 659 907
408 912 947
691 137 983
587 541 947
38 798 947
587 709 991
306 683 983
408 140 907
283 524 929
104 277 977
682 276 911
753 518 911
944 398 967
783 817 971
444 458 937
885 0 971
545 38 937
703 591 907
677 871 919
209 211 971
713 529 907
207 144 947
227 604 911
62 173 937
725 878 983
72 642 967
442 275 947
748 541 911
18 49 997
895 374 983
404 360 991
981 946 997
14 712 983
743 644 911
726 926 947
154 419 991
7 361 941
686 704 937
27 296 953
99 139 971
947 897 967
769 917 977
635 740 991
735 459 991
649 378 967
103 284 937
600 246 911
20 426 953
437 353 983
850 239 983
219 309 977
853 810 967
86 94 997
894 942 967
208 253 977
318 653 953
537 781 947
215 619 967
619 680 941
175 267 977
824 494 919
820 207 911
432 605 991
210 281 997
415 158 971
568 830 977
718 501 929
530 486 967
64 227 929
357 274 911
481 98 983
474 948 977
35 697 983
127 713 953
45 299 953
379 880 977
582 395 971
559 608 947
738 267 919
340 938 941
297 331 997
824 214 971
753 306 971
455 465 941
457 529 971
65 649 919
536 659 953
32 360 947
804 500 971
608 678 971
625 116 929
852 543 953
57 683 967
711 491 911
291 330 911
527 8 911
177 646 907
776 766 983
455 181 947
724 934 991
338 496 991
257 601 937
543 402 919
35 574 971
750 222 907
793 284 919
532 55 991
162 601 991
868 23 983
445 812 907
612 190 953
264 649 911
650 876 997
400 714 907
77 504 911
827 266 911
526 221 967
805 916 919
113 279 953
120 715 919
565 328 997
591 721 977
648 390 937
184 877 977
811 873 971
7 600 953
117 170 929
199 34 997
661 365 953
357 594 947
4 116 911
137 314 929
61 632 919
709 869 911
350 736 967
188 701 941
749 818 937
766 398 977
471 278 967
637 450 983
229 48 991
250 127 947
434 405 919
166 561 907
880 440 929
75 110 929
437 925 997
464 387 911
499 875 937
153 831 997
63 632 997
880 796 983
626 260 919
84 421 929
746 833 911
748 577 919
754 620 941
502 364 911
835 286 937
629 395 941
374 463 911
362 593 971
202 381 983
532 487 983
137 279 977
687 938 997
318 797 907
818 362 929
739 809 971
244 102 977
450 357 967
65 87 971
202 11 947
906 104 919
343 679 907
371 178 967
686 23 971
308 355 967
732 791 907
939 143 941
375 743 941
475 764 997
172 35 937
538 532 967
334 387 971
320 437 977
516 548 971
482 93 937
139 419 997
190 213 947
204 34 911
877 313 919
724 844 991
384 900 929
57 256 929
452 377 929
305 886 953
628 423 967
368 615 991
695 237 967
819 141 977
50 600 911
355 153 941
228 643 977
820 765 941
523 445 983
574 240 983
701 750 947
728 446 997
719 231 997
153 837 947
67 724 911
474 136 967
835 352 911
255 130 937
42 261 971
254 113 919
34 713 967
187 844 991
312 155 947
811 338 911
68 538 937
102 169 971
366 468 991
833 957 997
739 157 929
307 71 947
817 399 953
248 413 911
798 526 919
876 643 911
305 760 911
345 843 953
886 563 967
947 61 997
863 499 947
884 293 947
568 24 929
700 230 919
482 707 919
652 645 967
240 69 947
241 269 967
154 34 907
217 559 967
607 568 907
853 239 941
324 157 911
480 54 983
725 338 983
751 231 947
975 793 991
238 730 947
589 590 953
901 409 929
577 112 977
159 904 941
307 251 997
733 925 983
458 122 937
594 476 941
447 265 929
657 528 937
10 881 977
718 375 947
574 687 941
520 353 929
612 934 967
848 509 919
417 57 911
708 662 977
212 126 947
908 800 991
397 217 953
23 512 919
73 316 977
684 849 971
697 871 991
418 241 907
8 249 907
29 863 983
945 436 983
849 470 967
149 704 929
231 160 967
770 813 929
381 853 937
344 530 929
129 531 911
9 608 977
679 276 967
325 415 997
882 911 919
11 232 919
560 478 997
334 490 929
572 209 911
842 398 953
317 342 907
570 835 907
923 130 937
625 675 941
634 305 953
637 481 977
477 386 953
186 70 941
601 856 929
227 583 937
346 81 941
64 448 991
905 631 977
83 236 967
126 247 919
898 856 947
660 315 919
39 716 937
312 853 937
894 50 911
300 665 953
908 668 937
945 929 947
330 291 977
604 463 907
379 404 937
770 924 937
583 786 911
933 498 983
37 465 953
578 369 947
630 205 991
540 872 953
327 745 929
318 215 977
715 639 941
741 6 919
951 588 991
7 647 947
71 332 953
206 78 997
691 57 997
64 290 911
145 808 983
502 83 919
5 17 911
700 519 997
500 357 937
45 167 941
15 131 929
9 807 937
795 695 941
319 300 929
706 845 937
259 367 907
468 363 929
685 685 947
798 237 911
594 304 991
727 459 907
506 462 911
492 444 983
517 414 947
612 958 977
668 813 953
869 243 941
486 237 911
671 7 977
613 261 971
394 893 991
378 662 947
883 75 911
932 74 967
121 490 953
84 177 929
858 53 941
244 46 971
337 166 919
630 552 907
389 81 971
775 331 967
370 610 929
499 241 929
823 0 983
644 843 937
26 546 983
884 476 907
484 669 991
578 225 929
608 53 983
198 459 929
622 701 919
826 361 929
790 989 991
329 102 953
709 212 929
288 412 911
899 441 907
83 358 947
775 234 977
893 484 947
584 305 911
182 749 907
382 43 947
231 278 971
510 140 941
661 485 997
193 222 911
615 745 967
731 83 967
586 700 967
441 147 977
45 323 983
39 95 953
668 779 977
189 479 907
266 115 953
260 488 911
633 770 919
370 441 983
495 742 953
981 915 997
321 789 919
497 353 937
42 77 911
489 192 977
896 367 953
925 523 983
926 905 971
593 549 937
205 278 941
718 266 941
133 826 937
585 451 983
355 452 937
227 809 991
441 931 983
371 6 919
171 609 967
237 295 977
726 737 919
15 159 911
23 875 953
337 175 997
245 230 919
377 330 911
307 4 967
590 752 991
551 613 947
429 339 953
723 422 907
376 772 941
335 819 983
293 317 947
785 673 991
511 330 967
846 635 953
180 67 907
90 239 937
942 759 977
745 310 907
170 522 937
390 559 967
514 255 967
407 21 967
188 418 971
767 145 929
622 394 971
768 80 937
847 933 997
797 842 967
459 578 967
345 872 967
725 98 911
84 88 919
549 486 919
518 466 983
231 197 911
85 221 991
452 820 911
163 548 941
35 83 977
30 21 937
747 523 971
653 116 983
221 620 937
722 767 967
95 204 971
888 173 983
515 318 997
944 909 991
135 232 977
289 843 937
386 445 971
781 204 937
109 913 971
556 581 971
641 258 953
412 849 991
601 92 907
30 288 977
813 848 947
508 602 937
929 635 991
335 373 947
617 499 953
451 298 953
421 70 977
882 68 997
479 431 967
278 111 911
159 214 983
112 785 997
358 588 971
930 553 937
892 689 997
157 403 941
351 114 953
904 668 953
58 390 919
670 427 937
497 318 971
340 421 991
626 709 911
592 605 991
523 518 947
156 603 971
747 656 953
164 419 971
752 4 941
704 652 911
657 746 929
349 514 941
486 445 907
684 273 907
672 165 937
341 422 947
82 195 967
617 423 919
400 439 997
219 724 977
496 444 919
196 407 919
593 358 919
298 824 953
376 201 937
789 214 983
667 205 977
497 476 937
631 866 997
269 898 971
704 243 907
419 212 919
43 570 937
896 711 997
548 485 967
774 433 907
8 508 929
748 628 937
499 934 953
370 549 953
779 157 947
503 436 971
425 931 983
158 861 997
552 746 907
272 581 953
794 250 937
94 27 907
882 447 983
469 914 947
352 281 947
157 281 907
405 177 919
605 627 997
103 183 937
748 681 991
137 39 953
702 616 907
974 364 983
469 168 907
211 857 953
766 125 937
289 3 997
841 328 977
861 777 941
132 515 977
330 468 947
781 162 971
496 667 907
713 845 967
30 147 953
708 396 937
850 536 991
381 814 929
895 661 967
545 773 929
757 458 929
884 162 991
773 651 997
391 832 967
519 396 941
583 590 941
25 746 919
824 217 907
330 93 953
534 894 967
517 912 937
150 300 929
749 556 941
266 139 907
810 746 919
243 660 937
563 221 991
213 326 971
183 321 919
820 365 953
555 322 997
485 19 953
699 85 941
9 258 907
274 850 919
708 738 971
491 58 977
103 557 907
465 445 937
587 223 953
120 183 907
326 306 929
84 475 991
391 462 907
890 207 953
67 817 937
335 336 919
404 974 991
643 60 967
292 561 983
165 528 991
373 462 907
385 402 983
781 814 947
62 209 929
248 224 991
838 546 977
510 709 929
886 282 941
759 301 977
782 53 953
145 73 991
647 440 929
249 851 971
782 618 983
211 647 977
442 74 967
564 873 937
557 726 967
191 71 947
513 486 919
339 461 947
883 803 919
383 294 991
614 552 947
412 492 947
56 694 919
411 643 953
324 702 929
475 783 941
866 244 947
7 497 997
596 720 929
831 706 937
42 845 919
818 221 919
30 722 929
824 556 971
51 635 911
493 838 937
503 133 941
109 282 971
689 480 947
584 607 977
88 401 983
670 830 977
462 630 983
234 556 919
878 320 919
571 138 991
915 461 941
794 280 967
776 29 911
698 438 941
44 83 907
688 130 953
411 797 937
562 798 977
169 567 919
90 125 941
118 246 991
194 775 919
364 347 937
474 22 907
806 288 941
349 403 941
858 397 911
376 643 971
703 762 907
76 694 937
538 421 977
398 137 967
794 716 911
984 394 997
97 57 947
471 270 977
648 171 971
846 761 911
309 572 937
422 220 907
673 521 997
266 180 977
254 727 967
43 817 997
810 430 977
112 818 971
231 589 947
80 614 911
555 574 991
647 391 983
879 195 911
136 593 929
688 736 991
752 847 983
917 926 929
338 433 997
186 839 947
125 614 991
457 494 967
830 543 947
286 189 941
331 59 953
461 779 907
876 67 911
176 535 967
595 345 907
100 39 967
525 284 937
416 464 911
806 198 967
461 59 937
509 686 947
514 890 953
764 11 941
824 57 907
207 839 937
926 579 937
228 282 947
171 125 953
186 484 991
103 798 937
387 513 971
655 477 983
567 870 947
799 760 991
474 717 991
461 161 941
342 573 907
814 639 997
748 738 997
909 126 977
384 99 977
580 472 907
508 271 947
479 338 967
513 571 937
154 671 907
266 734 907
793 185 977
139 416 967
394 131 991
141 669 907
268 158 967
497 866 997
579 401 971
36 749 991
620 630 997
764 778 907
489 904 971
791 202 907
546 281 907
558 666 911
883 189 919
503 115 937
307 601 971
444 913 919
669 543 967
656 60 911
649 701 941
208 213 971
896 495 941
257 514 967
219 886 997
874 800 977
830 864 919
275 507 929
130 396 967
168 37 929
45 472 919
764 874 977
866 15 953
886 90 907
830 32 929
430 159 947
750 725 937
499 708 937
118 863 929
875 534 983
794 377 983
572 29 997
345 790 997
872 55 971
97 829 967
831 820 983
233 581 911
