1000
0
188 26 991
857 178 929
814 233 911
289 401 983
204 958 983
589 952 971
550 728 907
691 939 953
453 302 947
229 715 907
792 950 991
834 754 937
457 497 937
676 655 941
789 686 971
454 484 907
279 447 967
531 729 977
627 890 977
643 503 983
878 339 971
159 202 967
60 45 919
797 773 919
495 775 937
823 104 977
32 13 967
466 257 971
26 118 947
583 169 947
192 866 983
485 967 991
709 131 977
153 912 947
906 553 937
895 784 947
119 621 947
64 208 919
626 771 971
116 626 997
811 849 929
253 298 941
496 305 941
435 289 911
154 702 947
750 724 907
750 25 953
263 574 941
316 343 911
118 678 941
355 403 977
621 505 953
344 127 983
889 525 977
30 681 991
428 628 967
874 693 907
143 541 937
326 493 941
516 227 947
891 391 997
279 496 971
260 263 997
6 698 937
166 362 919
26 184 991
511 50 977
867 189 941
508 282 929
365 187 977
257 622 967
594 794 983
795 746 911
757 152 983
539 524 947
911 738 919
923 528 977
797 81 947
287 568 907
376 153 907
190 735 937
527 64 929
56 127 937
318 105 997
240 81 971
391 175 937
69 893 971
533 880 941
106 206 947
177 448 941
28 893 911
743 32 983
375 582 977
429 210 983
14 432 911
315 185 929
742 643 967
382 921 977
808 389 991
7 312 991
456 407 991
138 420 911
78 146 907
549 425 937
912 394 919
621 32 977
846 698 971
345 226 937
877 488 929
674 81 977
947 244 967
66 683 997
687 628 991
842 698 991
758 880 971
955 783 977
510 176 983
526 746 967
33 666 983
209 470 947
710 989 991
153 170 953
646 388 929
834 262 997
466 741 947
95 425 907
56 473 997
172 558 941
667 708 991
412 567 953
117 486 997
221 593 977
246 919 997
616 436 967
426 226 967
762 374 907
536 228 983
453 733 937
895 870 967
426 258 919
193 316 941
613 47 941
464 169 907
53 531 967
962 863 971
469 828 991
872 543 997
824 651 977
87 198 919
597 415 947
667 599 971
832 503 941
776 589 911
722 190 983
833 195 997
399 290 953
809 64 967
834 850 971
837 698 977
706 817 911
656 586 919
928 309 967
766 147 977
859 622 947
305 274 919
363 7 967
496 311 947
371 302 991
214 585 983
559 736 953
901 116 937
722 115 911
173 479 967
340 765 983
676 361 967
192 888 997
231 302 967
33 845 997
33 244 983
688 735 941
661 912 947
812 645 919
668 366 971
278 311 947
168 216 997
52 801 929
85 919 967
89 180 937
567 331 937
206 764 907
47 190 953
930 636 947
430 161 947
853 478 937
671 364 967
128 54 997
316 483 983
271 760 941
888 516 911
559 460 971
123 326 947
521 209 971
248 425 929
741 305 941
845 333 907
855 660 997
727 492 983
435 426 919
571 669 947
215 846 953
646 673 971
109 349 919
482 61 929
867 408 937
925 122 929
714 624 953
653 460 953
606 466 971
171 897 937
572 256 977
884 871 967
240 405 991
274 625 967
447 823 967
858 488 911
602 885 919
366 782 919
589 544 929
508 301 971
231 97 947
627 275 977
224 294 983
59 90 919
893 790 967
607 519 997
882 742 953
159 169 937
237 373 911
330 186 947
635 536 983
540 819 907
601 849 929
665 857 937
675 486 929
376 517 907
702 121 997
228 532 997
72 48 967
142 232 953
544 836 911
30 181 947
698 529 983
509 211 953
256 461 929
93 915 941
169 300 919
60 414 967
249 280 907
767 617 941
450 183 967
444 92 953
348 455 977
633 866 971
339 786 947
237 659 937
189 309 947
262 194 941
566 142 997
816 329 929
929 292 991
349 905 937
660 587 941
2 740 997
769 737 929
149 415 967
279 125 947
870 486 941
585 693 991
604 99 941
309 626 907
691 982 991
774 873 911
244 604 907
336 304 967
95 245 983
908 159 983
595 789 967
157 626 937
202 563 947
137 448 977
518 94 911
61 704 937
647 467 907
615 956 997
747 553 991
571 93 941
625 927 991
761 912 919
207 215 983
56 861 941
916 649 929
253 693 997
460 282 967
382 216 919
384 627 967
552 426 937
165 752 919
858 333 911
739 650 911
371 495 947
856 434 911
432 829 941
557 826 953
669 811 953
828 142 937
592 926 953
426 764 953
183 857 983
407 824 911
602 382 947
829 115 967
802 762 937
852 776 971
493 344 997
67 693 941
156 499 991
268 110 953
163 696 991
193 778 953
585 819 997
160 249 967
397 325 953
678 750 929
256 428 997
857 412 941
850 740 953
379 214 911
336 901 967
499 60 911
295 156 937
930 723 997
685 962 997
211 818 941
277 489 941
676 275 937
557 200 997
847 566 991
636 380 997
98 533 971
362 56 907
179 659 929
482 89 997
700 483 911
16 763 991
836 351 947
899 557 937
299 740 911
866 735 971
173 315 907
476 580 977
121 495 953
757 666 937
432 749 911
291 228 991
347 170 983
112 250 971
223 8 947
718 748 971
290 821 983
577 521 919
191 187 947
844 172 977
34 666 911
298 82 971
300 514 929
897 598 919
523 537 983
681 896 937
187 625 947
362 34 997
128 158 937
331 150 929
844 640 907
325 252 991
941 300 953
441 188 971
3 62 911
845 347 947
414 344 977
279 48 947
475 254 929
263 785 947
496 531 991
503 507 929
10 205 967
592 959 991
970 109 971
761 532 983
552 965 977
317 199 929
521 851 977
637 393 997
809 589 977
178 746 937
17 639 919
708 843 919
555 212 967
888 927 953
78 130 929
705 724 941
657 494 929
230 35 967
193 882 941
108 791 919
190 473 907
913 775 997
447 734 911
168 636 997
262 622 919
371 365 911
708 766 929
101 318 977
347 618 941
132 32 953
698 685 971
663 783 937
580 629 997
704 642 919
722 489 977
880 500 907
656 166 907
848 11 907
297 554 953
645 630 929
789 284 977
369 549 953
913 238 941
779 248 991
461 202 953
414 382 983
61 461 947
659 104 977
186 553 991
227 174 911
770 912 919
719 729 941
725 897 929
258 68 941
342 96 947
687 513 997
656 357 977
32 368 937
232 277 937
16 356 941
751 674 971
576 239 977
103 318 967
759 451 941
730 535 929
424 849 929
731 346 929
345 593 929
468 464 971
93 171 907
916 843 971
426 474 997
439 195 971
894 666 919
730 534 991
6 570 967
514 326 911
839 505 907
69 605 971
943 266 947
107 670 983
615 678 983
57 712 919
391 675 983
486 404 937
636 901 997
737 794 997
356 276 929
572 154 953
230 701 967
121 369 941
918 190 941
837 134 997
439 398 991
939 191 971
828 300 967
692 740 911
769 538 937
81 654 967
473 297 907
756 51 929
135 432 991
706 451 971
11 829 953
848 752 991
819 78 907
780 877 967
172 144 907
557 766 971
248 849 953
49 397 977
569 94 983
750 619 907
331 332 911
382 350 919
871 56 907
427 254 911
606 266 983
564 388 977
15 83 947
770 473 983
556 872 977
103 542 911
883 561 947
789 922 977
889 445 907
928 536 997
90 413 967
157 748 967
626 832 911
426 695 919
462 125 937
816 896 997
896 487 953
28 567 997
726 106 929
724 35 907
853 17 907
426 242 971
24 683 997
242 905 991
186 847 997
733 630 983
633 203 947
474 320 929
929 802 977
157 528 947
468 410 907
611 905 953
359 275 947
537 857 991
471 807 907
769 898 911
588 522 983
701 350 997
517 866 941
275 374 929
225 84 929
191 13 997
570 90 911
617 137 953
794 342 953
549 244 929
474 80 983
272 853 941
202 526 971
716 908 919
274 885 967
216 605 953
228 14 997
343 204 941
864 371 929
974 255 983
635 664 929
376 833 971
589 566 947
566 854 977
688 369 929
167 581 971
596 388 971
467 879 947
488 182 911
48 238 997
74 618 971
876 617 953
754 840 947
569 401 983
881 243 911
813 912 991
668 205 907
687 148 919
227 159 997
222 125 937
87 21 907
588 455 911
695 159 907
481 841 967
428 890 941
244 566 911
435 792 977
613 83 971
392 460 983
121 452 937
186 90 953
837 41 977
565 237 911
219 483 941
67 512 997
559 564 911
726 813 907
716 124 941
93 575 941
638 269 967
593 407 953
467 399 919
736 12 967
630 952 977
620 726 967
817 104 971
907 445 991
611 744 919
84 131 991
393 700 929
913 537 991
644 213 919
339 552 967
47 247 919
588 823 937
765 653 991
124 661 971
294 431 919
766 405 997
375 808 907
853 235 929
962 435 997
179 627 991
280 322 997
146 802 911
830 687 983
802 486 937
221 589 937
538 623 919
722 370 937
629 695 997
102 569 983
37 122 911
448 905 977
699 746 911
225 220 947
41 553 911
400 877 941
931 908 941
407 261 991
593 139 947
560 687 937
801 667 919
771 394 977
19 251 907
625 373 967
577 748 929
591 944 971
338 121 937
346 161 907
326 784 919
840 408 983
149 106 983
331 553 929
89 184 911
801 240 953
834 898 977
659 778 941
593 660 911
791 395 971
943 625 983
680 509 947
318 890 919
123 931 941
678 821 907
791 219 937
419 423 967
140 117 937
651 746 971
952 94 991
723 751 907
969 433 971
572 743 937
572 741 983
892 65 967
290 458 967
781 275 907
21 433 919
434 452 971
658 504 911
150 353 997
913 244 941
925 784 997
198 240 997
420 607 937
934 311 937
186 573 991
834 607 997
817 462 941
14 517 977
719 410 991
510 621 919
272 334 947
297 880 941
414 82 907
276 572 937
42 859 991
182 945 971
462 343 911
679 621 907
836 477 929
662 730 919
737 641 911
282 870 907
906 322 941
807 757 919
920 253 947
5 928 977
402 100 977
443 184 967
811 728 937
85 614 953
776 362 911
7 715 907
414 497 911
72 568 907
843 473 983
52 304 997
364 273 937
500 520 907
638 846 983
482 247 997
831 12 971
211 739 983
686 244 919
60 177 929
341 57 937
739 840 919
119 305 971
932 325 971
373 740 971
106 129 991
177 324 991
788 448 991
773 40 937
548 785 953
817 443 997
140 521 983
379 454 941
810 367 929
65 899 997
208 399 907
458 60 937
146 378 919
713 822 907
402 441 919
902 327 971
905 603 907
445 131 971
678 157 991
663 28 941
546 473 991
561 786 911
405 9 977
431 619 941
90 266 991
830 535 977
354 641 937
696 225 983
227 187 971
259 72 953
723 919 983
319 45 929
154 638 947
778 831 967
254 452 937
43 607 971
348 367 971
673 133 919
542 307 947
570 488 991
133 365 947
76 934 983
408 64 919
640 943 997
32 878 967
254 913 997
637 246 907
191 86 983
242 678 919
246 159 929
56 492 991
877 112 907
772 157 937
320 266 919
91 109 971
87 269 907
462 613 947
184 342 991
137 263 937
755 120 971
569 440 991
190 184 941
395 728 911
466 398 947
247 113 991
222 2 983
613 654 967
536 954 977
63 185 971
533 360 967
682 74 929
218 582 991
276 766 907
903 298 977
109 717 937
835 426 911
217 588 919
515 725 967
64 742 967
494 501 947
303 418 937
912 114 947
539 980 983
766 859 907
197 298 929
921 767 977
609 257 971
38 730 919
879 596 967
543 344 997
38 892 937
735 409 919
71 26 947
327 283 967
359 82 937
273 329 947
113 244 971
258 334 991
373 657 929
450 136 919
110 638 983
20 595 907
317 756 929
94 816 919
29 186 911
749 307 919
409 194 997
675 190 929
110 278 971
443 264 997
138 832 953
382 141 983
115 995 997
410 36 929
510 667 953
762 554 953
868 51 983
649 522 991
187 390 977
136 760 911
791 948 977
976 284 977
22 891 991
621 987 997
66 202 991
448 63 911
562 677 971
299 896 977
336 639 919
367 382 919
108 771 947
292 917 947
895 226 967
27 43 953
210 342 967
750 11 907
555 266 997
721 749 937
728 164 947
9 527 919
521 348 937
453 702 953
384 549 947
234 755 953
468 195 929
394 455 983
88 889 919
557 158 919
255 176 977
469 183 941
336 58 997
463 784 919
628 495 991
771 79 907
226 464 953
312 662 919
695 39 997
647 887 907
188 427 983
688 922 991
223 571 919
208 550 991
920 677 929
26 810 947
119 419 967
296 695 971
289 483 911
529 278 907
189 16 971
911 270 971
813 269 947
210 33 919
603 836 929
419 174 919
90 841 947
854 783 941
82 372 991
580 214 997
450 40 977
729 784 941
564 417 997
5 603 919
135 583 983
169 500 919
89 206 911
514 429 907
30 203 953
724 77 937
476 410 937
646 66 947
405 5 983
173 503 977
215 685 997
607 307 983
572 369 911
851 58 953
197 419 937
760 661 983
492 826 997
790 157 983
706 879 941
935 921 967
104 163 953
407 114 997
660 497 991
696 15 991
827 352 929
282 857 971
530 395 991
865 40 967
641 732 983
385 144 919
160 39 991
96 904 911
329 671 919
949 961 977
240 142 971
444 328 911
849 407 983
306 439 907
792 772 937
572 762 911
185 566 977
353 312 977
233 826 953
407 660 977
77 247 953
898 618 977
884 821 967
217 653 953
473 553 929
788 560 929
915 596 997
296 328 971
592 717 919
467 883 977
809 829 953
415 688 947
208 180 983
843 124 977
863 744 997
223 365 929
254 46 947
274 712 947
227 451 947
191 433 937
24 274 907
534 561 919
776 246 947
669 241 997
15 856 941
346 264 967
553 121 919
526 365 937
509 440 929
390 503 977
389 361 991
505 863 983
373 486 953
545 632 947
817 53 941
471 805 911
