1 6
11 0
2 0
1 0
1 11
0 0
1 13
0 0
2 0
0 0
0 0
1 21
2 0
1 7
0 0
2 0
0 0
1 3
2 0
2 0
1 7
2 0
2 0
2 0
1 22
2 0
1 22
1 9
1 12
1 22
2 0
0 0
2 0
1 14
1 22
1 13
1 18
1 12
2 0
1 6
1 5
1 0
1 20
1 0
2 0
1 21
1 19
0 0
1 6
2 0
1 11
1 4
1 6
1 18
0 0
1 14
1 11
1 18
1 9
0 0
1 16
1 12
1 9
1 1
0 0
1 15
1 20
0 0
0 0
2 0
0 0
1 0
1 1
2 0
1 10
0 0
1 1
0 0
2 0
1 0
1 9
2 0
2 0
1 4
2 0
1 3
0 0
1 12
2 0
1 10
2 0
0 0
1 11
2 0
2 0
0 0
2 0
1 16
2 0
0 0
1 20
2 0
1 9
2 0
0 0
0 0
0 0
1 4
0 0
1 2
0 0
1 11
2 0
1 7
1 19
0 0
0 0
0 0
0 0
2 0
1 6
1 0
0 0
1 4
1 3
1 17
1 17
1 8
0 0
0 0
1 11
0 0
0 0
0 0
1 0
0 0
2 0
1 0
1 11
2 0
0 0
1 21
2 0
0 0
1 21
2 0
0 0
0 0
1 8
2 0
2 0
1 16
0 0
0 0
0 0
1 17
2 0
2 0
0 0
0 0
0 0
1 14
0 0
0 0
1 5
0 0
2 0
2 0
1 0
1 11
2 0
1 13
2 0
1 0
1 18
0 0
1 18
2 0
2 0
1 14
2 0
1 10
2 0
2 0
0 0
1 14
0 0
0 0
2 0
1 15
1 19
1 2
2 0
2 0
1 2
1 21
2 0
0 0
0 0
2 0
0 0
1 7
1 18
0 0
1 22
2 0
2 0
2 0
2 0
1 5
2 0
1 16
1 11
0 0
2 0
1 8
0 0
1 15
1 18
2 0
1 15
0 0
0 0
0 0
1 16
1 4
2 0
1 11
0 0
0 0
1 10
1 14
1 18
2 0
2 0
2 0
2 0
1 0
1 13
1 18
1 16
1 14
2 0
0 0
1 10
0 0
1 18
2 0
0 0
0 0
1 21
0 0
2 0
1 0
2 0
2 0
1 18
0 0
0 0
0 0
1 3
1 0
2 0
1 16
2 0
0 0
2 0
2 0
1 2
0 0
2 0
1 16
1 0
1 1
2 0
0 0
1 2
1 0
1 14
1 19
0 0
2 0
2 0
0 0
1 21
2 0
1 20
1 16
1 21
2 0
1 15
2 0
0 0
1 9
0 0
0 0
0 0
1 8
1 11
0 0
0 0
1 12
0 0
1 16
1 9
1 4
1 2
1 16
1 12
2 0
1 18
2 0
2 0
2 0
0 0
2 0
1 2
2 0
0 0
2 0
0 0
2 0
1 15
1 13
0 0
1 9
2 0
2 0
0 0
0 0
1 22
2 0
1 11
0 0
2 0
0 0
1 18
1 1
1 18
0 0
1 4
2 0
1 0
1 15
1 6
0 0
1 19
1 18
1 21
1 0
1 5
1 3
1 13
2 0
11 0
0 0
2 0
2 0
1 21
2 0
2 0
2 0
1 14
1 14
1 14
2 0
1 11
1 12
2 0
1 5
1 15
0 0
2 0
0 0
2 0
1 6
2 0
0 0
0 0
0 0
0 0
0 0
2 0
1 0
1 5
0 0
1 11
1 12
0 0
1 14
2 0
0 0
1 14
2 0
1 1
1 20
0 0
1 14
2 0
2 0
2 0
0 0
2 0
0 0
0 0
0 0
0 0
1 15
0 0
1 8
2 0
1 8
0 0
0 0
2 0
1 12
0 0
2 0
2 0
1 4
1 22
0 0
1 6
0 0
0 0
0 0
1 4
1 19
1 11
0 0
2 0
0 0
1 10
2 0
1 0
0 0
0 0
1 0
2 0
0 0
2 0
1 3
0 0
1 9
1 14
1 6
0 0
2 0
0 0
1 7
1 9
1 7
2 0
2 0
0 0
0 0
1 3
0 0
1 16
1 20
0 0
1 14
2 0
0 0
1 16
1 21
1 0
1 2
1 16
0 0
1 1
0 0
0 0
2 0
1 17
1 5
1 22
2 0
2 0
2 0
1 4
1 6
1 19
0 0
1 18
0 0
1 13
2 0
1 2
1 17
2 0
1 13
2 0
1 22
1 12
2 0
2 0
0 0
2 0
0 0
2 0
0 0
0 0
2 0
1 0
0 0
2 0
0 0
1 9
1 19
0 0
1 14
1 18
2 0
0 0
2 0
2 0
1 20
1 0
1 21
1 11
2 0
0 0
0 0
1 18
2 0
1 4
1 18
1 6
0 0
2 0
2 0
2 0
1 13
1 0
2 0
1 22
2 0
1 0
1 8
1 18
0 0
1 10
0 0
0 0
2 0
1 21
0 0
2 0
2 0
1 20
0 0
1 9
1 14
1 16
1 8
0 0
2 0
2 0
2 0
1 2
2 0
2 0
1 6
2 0
0 0
1 17
0 0
0 0
1 0
2 0
1 1
1 8
1 9
2 0
1 3
0 0
1 12
0 0
2 0
2 0
0 0
0 0
1 20
1 4
2 0
0 0
2 0
2 0
1 18
2 0
2 0
1 12
1 1
1 11
1 21
1 21
1 16
2 0
2 0
2 0
1 8
1 13
0 0
0 0
2 0
0 0
1 17
1 10
0 0
0 0
0 0
1 8
0 0
1 17
0 0
1 7
1 4
1 3
2 0
0 0
2 0
0 0
2 0
1 19
2 0
0 0
1 2
0 0
2 0
1 1
1 0
1 9
1 6
2 0
1 22
2 0
1 14
1 15
2 0
0 0
1 0
1 19
2 0
0 0
0 0
1 21
0 0
1 17
0 0
1 17
1 20
11 0
1 2
1 12
2 0
1 14
2 0
2 0
0 0
0 0
1 12
0 0
1 15
1 3
0 0
2 0
1 0
1 10
1 16
2 0
1 19
2 0
0 0
2 0
1 0
1 4
1 2
1 13
1 18
1 20
0 0
1 15
2 0
1 2
0 0
2 0
1 17
2 0
1 1
0 0
0 0
2 0
2 0
0 0
1 10
1 16
1 16
2 0
1 8
1 22
1 2
1 19
1 20
0 0
1 17
1 11
1 17
2 0
0 0
0 0
1 16
2 0
0 0
2 0
1 11
2 0
1 8
2 0
1 17
0 0
2 0
2 0
1 15
1 1
1 5
1 10
0 0
0 0
0 0
1 13
1 20
1 2
2 0
1 18
0 0
1 13
0 0
2 0
0 0
1 9
2 0
1 8
0 0
0 0
0 0
1 12
2 0
2 0
2 0
0 0
1 8
0 0
0 0
1 7
0 0
0 0
1 9
1 11
1 8
1 3
1 8
1 18
0 0
0 0
1 13
0 0
1 21
0 0
1 17
0 0
1 15
1 2
0 0
0 0
1 20
2 0
0 0
0 0
0 0
1 5
1 15
1 8
0 0
0 0
0 0
1 6
0 0
2 0
1 2
1 7
1 10
1 21
2 0
2 0
0 0
1 17
1 0
1 19
2 0
2 0
0 0
1 4
2 0
1 12
0 0
2 0
1 0
2 0
1 10
1 3
0 0
0 0
2 0
1 13
0 0
2 0
0 0
1 1
0 0
1 16
0 0
0 0
1 17
1 20
2 0
0 0
1 3
1 4
0 0
1 19
1 14
2 0
2 0
0 0
0 0
1 0
1 4
2 0
2 0
0 0
0 0
0 0
2 0
1 17
1 15
2 0
0 0
1 18
2 0
1 22
1 21
1 10
0 0
2 0
1 9
1 1
2 0
2 0
2 0
1 11
0 0
0 0
1 3
1 0
1 7
2 0
0 0
1 15
2 0
2 0
2 0
1 11
1 4
1 12
1 10
1 4
1 21
1 1
2 0
1 21
2 0
2 0
0 0
1 7
2 0
2 0
1 8
1 14
1 22
1 10
1 9
1 10
0 0
1 3
1 19
2 0
1 20
2 0
2 0
0 0
1 12
0 0
1 19
1 2
1 14
0 0
1 11
1 10
2 0
1 10
2 0
0 0
2 0
1 14
1 18
1 9
2 0
1 17
0 0
0 0
0 0
2 0
0 0
1 12
2 0
0 0
0 0
1 19
0 0
1 6
2 0
1 11
0 0
0 0
0 0
2 0
2 0
1 4
0 0
0 0
1 10
2 0
2 0
1 5
1 17
1 5
0 0
1 17
0 0
1 13
1 19
2 0
1 7
0 0
1 1
1 3
1 13
2 0
0 0
2 0
1 4
0 0
1 1
2 0
0 0
0 0
2 0
2 0
1 8
1 0
2 0
0 0
0 0
0 0
1 18
2 0
2 0
1 7
0 0
2 0
1 8
0 0
1 22
1 22
2 0
1 19
1 7
0 0
1 16
0 0
0 0
1 20
1 16
1 3
0 0
2 0
1 2
1 6
2 0
