1 343300003
0 0
3 0
1 604741143
1 345764241
1 963369441
1 119050013
0 0
0 0
1 365307838
0 0
0 0
0 0
3 0
2 0
0 0
0 0
0 0
0 0
0 0
1 197204829
0 0
2 0
0 0
2 0
1 725029678
1 574713740
0 0
0 0
0 0
0 0
0 0
0 0
0 0
0 0
0 0
0 0
0 0
0 0
2 0
0 0
1 321788362
1 10334971
0 0
0 0
1 37825214
0 0
3 0
0 0
2 0
14 0
1 496752441
0 0
1 419050028
1 459661962
1 63773293
0 0
0 0
0 0
0 0
1 893236070
2 0
1 917607094
0 0
0 0
0 0
0 0
0 0
1 975685853
0 0
0 0
0 0
2 0
1 132646214
0 0
0 0
0 0
0 0
6 0
1 239203003
0 0
1 752449842
0 0
1 301606461
0 0
6 0
1 402299855
0 0
1 12773184
1 377534590
1 862574152
0 0
1 52940914
1 72917943
1 50730252
1 282790830
0 0
1 524980807
1 950074144
2 0
0 0
1 448470577
0 0
2 0
0 0
1 232129371
0 0
1 216326609
1 876637705
0 0
2 0
0 0
1 668155523
0 0
2 0
2 0
0 0
0 0
0 0
3 0
0 0
1 390203794
0 0
2 0
2 0
0 0
1 100214758
0 0
1 954360189
0 0
0 0
0 0
1 736619412
1 580259777
3 0
1 188523930
0 0
0 0
2 0
0 0
4 0
0 0
3 0
1 914885416
0 0
1 495549188
1 272079936
1 483175016
2 0
0 0
0 0
1 653743517
1 16585429
0 0
1 308124677
1 727617795
0 0
0 0
2 0
1 864567064
1 705723941
2 0
0 0
2 0
0 0
2 0
1 581454296
1 641632797
1 165287824
1 201825675
1 304602627
1 665878553
0 0
10 0
1 868440224
0 0
2 0
0 0
1 103931137
1 311642886
0 0
1 183837836
1 461922331
4 0
1 424049036
2 0
0 0
1 876483462
2 0
0 0
1 105793181
0 0
1 299589094
1 76770841
1 865609592
2 0
0 0
1 572359406
1 445139342
0 0
1 960747393
0 0
0 0
0 0
1 908916152
2 0
1 778885245
2 0
1 446932239
1 649895426
3 0
1 740197802
12 0
1 424054478
1 797266833
0 0
0 0
0 0
2 0
6 0
0 0
0 0
1 230210876
6 0
0 0
0 0
1 787565237
0 0
0 0
3 0
0 0
0 0
0 0
0 0
1 245244842
0 0
1 578761159
0 0
0 0
0 0
0 0
1 7335347
57 0
2 0
2 0
2 0
1 622189286
2 0
2 0
1 128842226
0 0
0 0
0 0
0 0
2 0
8 0
0 0
1 741568366
0 0
2 0
1 596528333
1 503214416
1 478844241
0 0
0 0
1 500951869
2 0
0 0
1 101520068
1 691322637
3 0
1 808233411
0 0
0 0
0 0
2 0
1 411298038
6 0
2 0
0 0
1 235959336
1 116832888
0 0
0 0
0 0
1 385140330
0 0
1 275713285
0 0
0 0
0 0
0 0
2 0
0 0
0 0
0 0
2 0
1 39538443
2 0
2 0
2 0
1 685286339
0 0
1 850379841
2 0
1 531720202
0 0
1 66127814
0 0
6 0
0 0
2 0
0 0
0 0
1 650123612
2 0
1 903816620
0 0
1 344408912
0 0
1 587957406
1 208300608
2 0
1 257834493
2 0
0 0
0 0
1 196862164
1 62505039
0 0
0 0
1 539265751
4 0
0 0
0 0
0 0
1 201486972
1 601760577
1 794275829
1 345494301
4 0
0 0
1 911511174
1 419240535
0 0
1 806186250
0 0
1 273123923
0 0
0 0
1 25976680
0 0
0 0
1 947480307
0 0
1 748299260
1 366273356
1 137166249
1 688414449
0 0
0 0
0 0
1 513381709
0 0
1 442232363
0 0
2 0
0 0
12 0
0 0
0 0
2 0
2 0
0 0
1 492203053
1 845170489
0 0
0 0
1 507659047
0 0
0 0
3 0
5 0
2 0
0 0
0 0
1 13478382
0 0
0 0
1 943228365
1 28368411
1 272181148
0 0
1 839259737
0 0
1 997636309
1 201472605
0 0
0 0
2 0
0 0
10 0
1 699797190
2 0
2 0
1 564187212
14 0
1 684827883
0 0
0 0
2 0
0 0
1 687800226
0 0
1 172029995
0 0
1 430671620
0 0
0 0
1 716136207
1 328992199
0 0
0 0
2 0
6 0
0 0
2 0
1 603899886
0 0
2 0
1 404794982
2 0
1 49184538
0 0
2 0
1 849664979
0 0
1 659390832
2 0
1 422187910
0 0
0 0
2 0
1 853369749
1 855666120
0 0
0 0
1 51461868
2 0
2 0
0 0
1 443792052
1 60907724
0 0
1 151680021
1 573475334
1 893114525
0 0
1 303919995
1 169899367
0 0
1 724241531
1 299631282
2 0
0 0
0 0
1 5043850
0 0
0 0
2 0
2 0
1 618210484
1 438214519
0 0
0 0
0 0
1 654808789
0 0
0 0
0 0
0 0
1 357152943
0 0
1 248366948
1 757458795
0 0
1 800407995
0 0
1 724530992
0 0
0 0
2 0
0 0
0 0
0 0
1 110291545
1 825490636
1 241935201
1 600104364
1 667368163
2 0
0 0
0 0
0 0
1 686375494
0 0
1 2219180
1 252896852
0 0
2 0
1 490150391
0 0
1 676881407
1 667310779
3 0
2 0
0 0
1 951386654
1 689453719
0 0
1 720929083
0 0
0 0
1 127808237
4 0
0 0
4 0
1 495962383
1 345332356
1 184079859
0 0
0 0
2 0
0 0
0 0
0 0
1 117048989
0 0
1 150427264
1 988879831
0 0
1 220166711
1 743907655
1 294107335
0 0
0 0
1 973881695
2 0
0 0
0 0
1 580258966
3 0
1 761628609
0 0
0 0
0 0
1 527402624
1 314391545
1 640206755
0 0
1 609391651
0 0
0 0
0 0
18 0
0 0
0 0
3 0
1 356231668
2 0
0 0
1 654929886
1 631690186
2 0
0 0
3 0
0 0
2 0
2 0
1 952616638
0 0
0 0
0 0
3 0
1 108077882
0 0
1 32971006
1 842535559
1 263655735
1 696703340
1 167832968
2 0
1 639072737
2 0
6 0
0 0
4 0
2 0
1 260417880
0 0
1 923233480
0 0
3 0
0 0
2 0
1 469989791
2 0
0 0
0 0
0 0
1 80313974
5 0
1 343368367
0 0
0 0
0 0
0 0
1 857831643
2 0
0 0
0 0
0 0
0 0
0 0
1 905279697
1 805389953
0 0
0 0
1 917876004
0 0
1 250829690
0 0
0 0
2 0
0 0
0 0
0 0
0 0
3 0
0 0
1 680335867
1 779287510
1 468259632
1 704306817
1 814661099
0 0
3 0
0 0
1 522753342
1 720838579
2 0
0 0
1 671145761
1 580978109
0 0
1 966603782
4 0
0 0
0 0
1 36786948
0 0
0 0
1 223773191
1 93888547
0 0
1 161167634
1 653125742
2 0
0 0
0 0
0 0
0 0
1 572903505
2 0
1 758855686
0 0
1 391573958
0 0
1 581660784
1 602641653
0 0
1 753561706
1 628975085
2 0
0 0
0 0
1 295179928
0 0
0 0
2 0
4 0
3 0
1 220856084
0 0
0 0
1 153091057
0 0
3 0
2 0
0 0
1 257819389
1 599984140
1 188027273
2 0
1 708133970
6 0
0 0
1 292443270
0 0
1 289180880
0 0
1 536101263
2 0
0 0
0 0
0 0
1 100210835
1 208381561
1 701468235
0 0
1 491530333
0 0
0 0
1 863582084
4 0
1 954225795
0 0
0 0
1 258743916
1 290145612
1 878283443
2 0
0 0
0 0
1 519309795
1 621046888
0 0
0 0
0 0
1 335876233
1 645568642
3 0
2 0
2 0
3 0
2 0
0 0
2 0
0 0
0 0
0 0
6 0
2 0
1 54920817
0 0
0 0
0 0
0 0
2 0
1 927495520
1 876907370
1 621865663
1 912959196
3 0
1 403030739
0 0
1 992160850
0 0
0 0
0 0
4 0
1 597646605
0 0
0 0
0 0
1 749218027
2 0
1 735915056
0 0
0 0
0 0
2 0
1 637035537
0 0
0 0
1 267807192
0 0
0 0
0 0
1 589905666
1 238017976
0 0
0 0
2 0
0 0
0 0
1 255932297
2 0
1 115770855
1 672527257
2 0
1 680461671
1 32097505
2 0
1 219317234
2 0
0 0
4 0
0 0
3 0
3 0
1 915910730
1 833282451
0 0
2 0
2 0
1 994098553
3 0
1 572466300
1 407847932
1 459276823
0 0
0 0
0 0
1 253283476
0 0
2 0
0 0
0 0
1 512336444
1 494056485
0 0
1 255044890
0 0
2 0
0 0
0 0
1 480883778
0 0
1 613841573
1 930594058
0 0
2 0
1 207931822
0 0
0 0
0 0
0 0
1 472187376
1 236427561
0 0
2 0
1 320502519
1 133603906
4 0
0 0
2 0
4 0
2 0
2 0
1 882922743
1 315081222
1 950859500
2 0
0 0
0 0
1 881396814
0 0
2 0
2 0
0 0
2 0
2 0
0 0
0 0
1 59642199
1 212139444
0 0
0 0
0 0
2 0
1 806915780
0 0
1 47069146
1 368020121
1 125674432
1 576066451
2 0
3 0
2 0
1 597330550
1 487821367
0 0
2 0
0 0
0 0
1 188583178
0 0
0 0
0 0
0 0
2 0
1 7443245
1 843414645
1 987758515
0 0
0 0
1 410921133
0 0
1 417946445
0 0
2 0
1 209421645
0 0
2 0
0 0
0 0
1 451551349
1 557488332
0 0
1 338815485
1 134608865
1 232077686
0 0
12 0
0 0
0 0
1 896921795
2 0
4 0
1 317981137
0 0
0 0
1 825926888
2 0
0 0
0 0
1 394776090
0 0
2 0
0 0
1 391262088
0 0
1 10988983
2 0
1 533243391
2 0
2 0
0 0
1 503141511
0 0
0 0
1 477551378
0 0
0 0
2 0
1 871177000
2 0
0 0
2 0
1 566479337
0 0
1 947191218
2 0
5 0
1 186511963
1 17752878
0 0
1 968873488
2 0
1 288219603
0 0
0 0
3 0
0 0
2 0
1 436161413
0 0
1 562777467
0 0
0 0
2 0
1 225961806
0 0
1 812527915
0 0
0 0
4 0
1 505177649
1 109695169
1 360445828
1 495855768
1 359631592
0 0
1 576340239
3 0
1 221529506
0 0
1 130603529
0 0
