1000
1
986940397 921260782 1000000103
160394325 151277471 1000000531
477391425 753157368 1000000459
532913831 510326054 1000000021
691733105 194584505 1000000409
701974737 130340279 1000000871
766642333 322572181 1000000271
164490020 395352339 1000000241
639839016 762516245 1000000483
210895267 90742051 1000000433
196613940 706713071 1000000579
404056328 863337983 1000000403
468881060 53081660 1000000097
370344753 255241946 1000000123
975098102 483880663 1000000513
162131572 46236387 1000000289
28571529 884867551 1000000531
184535973 728466866 1000000297
728285579 679326305 1000000093
683693337 197512221 1000000033
767253631 582790751 1000000753
140640364 108556577 1000000363
291263038 317571731 1000000297
575767236 55554620 1000000801
976785130 562798404 1000000433
558386145 340931336 1000000103
910114693 159474722 1000000933
808925349 599558744 1000000321
665735305 166751482 1000000901
259571103 72649908 1000000363
401011051 39051560 1000000933
91642328 120184935 1000000871
874027904 645860196 1000000891
977502651 865375521 1000000861
852854100 340039319 1000000637
457860444 765279103 1000000411
515888931 671134386 1000000531
87231234 811645906 1000000607
488694794 33722946 1000000097
422972366 696123639 1000000459
976712856 357728675 1000000321
320449769 350777514 1000000241
670474339 701442037 1000000223
508826034 244423146 1000000891
491254504 16885072 1000000321
290750693 993447275 1000000411
826434045 680234540 1000000021
543495819 180267787 1000000297
359754952 839507648 1000000663
741130038 717192688 1000000271
700793884 424630418 1000000891
992375131 642444398 1000000513
469824690 806816804 1000000711
237560023 434579103 1000000613
514428613 735059243 1000000411
735447413 157050587 1000000663
47700289 422511271 1000000009
475062436 415130543 1000000613
197226656 496632862 1000000513
27564452 295452754 1000000097
956576693 966972510 1000000637
473731136 911333969 1000000931
674388113 971620947 1000000753
533743728 284944280 1000000349
661606884 706570803 1000000349
308717140 493638144 1000000459
953067552 912280553 1000000087
676082744 398189791 1000000087
633234341 316389049 1000000103
56369170 893296273 1000000579
800810800 343813694 1000000663
284693700 649404982 1000000753
97772746 47204917 1000000663
183364699 374268093 1000000097
135813556 409155035 1000000513
160268842 51886535 1000000637
551023032 795817896 1000000181
668605266 711011044 1000000289
773408688 860425525 1000000891
356172889 947668537 1000000409
383467276 839621473 1000000933
503576099 544716493 1000000087
483681876 8519426 1000000289
345787561 20083595 1000000411
276262600 152587413 1000000403
524314236 197591929 1000000363
981166469 584105113 1000000459
803482856 367312681 1000000093
565468577 115357479 1000000663
764444995 269605717 1000000753
660390041 350322734 1000000531
815880172 30874831 1000000711
868114427 954695749 1000000403
505586909 545193460 1000000531
576350629 211381430 1000000007
191902289 844957702 1000000223
834035103 655532347 1000000009
395484691 382615410 1000000459
378598619 160316964 1000000787
250131286 988237923 1000000871
818281738 45718537 1000000289
654967397 159461963 1000000613
407661292 963107651 1000000663
553479206 754744305 1000000097
520862640 245393095 1000000439
162989561 900908014 1000000613
344378246 820226301 1000000009
700383401 651215534 1000000363
29261569 869183518 1000000093
495467808 64614910 1000000271
334382516 956005768 1000000459
494201525 252376142 1000000241
977222873 986539128 1000000459
743083269 894997421 1000000993
29083942 622764885 1000000009
229661578 99566197 1000000787
676426040 554009299 1000000453
906707370 517468448 1000000007
557812384 951761917 1000000513
60409347 731038601 1000000531
196041160 98067422 1000000093
831054311 545776622 1000000753
887192667 363095535 1000000459
940409308 5302956 1000000919
668691294 341798714 1000000241
825741492 547570772 1000000021
810874643 329644793 1000000439
805132654 531251614 1000000531
750452849 386980665 1000000403
927021446 332345571 1000000271
874063431 100184860 1000000711
4984418 632321836 1000000007
634421587 7342929 1000000459
235216709 328107591 1000000829
801183873 390094285 1000000459
89963585 623205272 1000000363
392990479 118544328 1000000009
368865087 579420730 1000000861
755488226 367622460 1000000829
312030210 9030684 1000000459
158095424 660224422 1000000933
266393499 895174598 1000000891
350717163 106256962 1000000753
630440683 632159290 1000000297
527284471 969171014 1000000289
269575699 667531842 1000000513
429307711 40839667 1000000033
721485275 268646125 1000000123
873462020 575676873 1000000439
927178312 627866823 1000000021
324396527 528055814 1000000009
246271089 968495492 1000000931
561318309 197275500 1000000097
912653285 345269238 1000000801
716593285 712908483 1000000349
91350211 193754067 1000000901
635346158 631519255 1000000919
165300896 8971253 1000000447
374311058 856181688 1000000447
338609119 2678553 1000000021
953583881 662008292 1000000103
557341578 956506261 1000000439
815716532 971686426 1000000931
41118022 576917710 1000000411
259811574 935820025 1000000607
246921394 898075369 1000000829
213012257 747877452 1000000289
917920103 39907000 1000000271
969370957 173389168 1000000207
562295581 107529443 1000000207
116364805 270499780 1000000439
815322759 896972943 1000000871
882645807 91099032 1000000891
356517350 813509803 1000000861
126231571 881567399 1000000901
784685103 170982487 1000000297
710667112 38941563 1000000123
489940020 512902487 1000000861
590224057 199707489 1000000459
827452769 626445674 1000000787
963860894 576442409 1000000271
535563167 100814058 1000000613
609942101 969297026 1000000861
235986644 2308400 1000000349
354628461 497014278 1000000787
352234158 686450244 1000000919
943313552 569735260 1000000607
662044075 891185182 1000000447
960767908 822393316 1000000087
295289415 660589507 1000000093
865769203 516408011 1000000891
210143625 283551587 1000000297
351329111 189043736 1000000433
627942803 11632285 1000000753
144499991 118482639 1000000919
649810882 566859275 1000000297
572605306 389633197 1000000181
520571119 509362471 1000000483
987105997 388422973 1000000349
174616671 564701605 1000000753
565040143 398834999 1000000993
92142704 78862241 1000000993
138702265 951835656 1000000223
208214841 463024676 1000000087
718224407 737872771 1000000931
181122762 150463497 1000000931
419484913 912837310 1000000033
820264154 860703415 1000000663
858604961 243138091 1000000901
977912141 955568069 1000000411
127233567 531915781 1000000483
157323539 941339521 1000000579
4312932 290592039 1000000513
412078201 616290071 1000000891
659630329 897453472 1000000613
988900394 701357582 1000000787
182168002 853282151 1000000637
953680839 89201385 1000000711
696222218 712684522 1000000403
428850966 343601523 1000000483
801058830 128707391 1000000103
587711295 894885107 1000000181
217595799 951999476 1000000871
408477726 628643526 1000000093
113750708 776649624 1000000289
845459654 314088073 1000000363
954493501 901244758 1000000433
207912302 955614761 1000000711
651873578 394105837 1000000607
310556115 528303428 1000000093
213525180 585503173 1000000087
673543404 539433042 1000000613
799295378 542126233 1000000871
736639212 175671287 1000000459
146672147 283560406 1000000087
54010914 403339175 1000000093
842194007 486749919 1000000223
136012086 511992638 1000000427
595408324 137822430 1000000433
12606944 840064025 1000000931
110499012 620122584 1000000321
60822977 27895566 1000000459
93387603 829203897 1000000021
161026174 841743974 1000000439
626007538 841742190 1000000363
113922026 943722958 1000000901
635132837 700524783 1000000007
423214318 238912390 1000000787
583853722 31214535 1000000289
153819699 320607809 1000000613
632248240 287718155 1000000931
391250762 931898507 1000000871
361327122 332436007 1000000123
550917756 742478682 1000000613
672109976 10656219 1000000871
640712616 501884669 1000000289
171466632 28292364 1000000787
897547787 612104316 1000000439
553496284 367506645 1000000321
516818656 735669307 1000000123
584081711 982340247 1000000753
751725663 901312720 1000000007
92020091 69357535 1000000271
694750548 725361613 1000000513
118870454 40238217 1000000241
931317489 995339250 1000000607
941487404 552527346 1000000403
448863195 172776721 1000000711
874684849 576038903 1000000787
94167043 274879245 1000000453
177353679 839787848 1000000123
990966535 906492591 1000000363
997978152 5553151 1000000289
427932447 866013037 1000000009
379378816 360827848 1000000097
160038240 850937708 1000000427
293654105 956394889 1000000103
692110710 794156817 1000000123
32632314 421473442 1000000007
692737476 229285674 1000000033
65393547 647633244 1000000427
782196005 523807001 1000000579
577315660 662509722 1000000579
820896570 721176229 1000000021
390265176 968702587 1000000919
39609791 183869946 1000000411
75097863 761493994 1000000459
150626095 113945113 1000000433
742726006 549720357 1000000409
635556976 820485620 1000000801
656469664 202634407 1000000103
419342190 686302167 1000000021
424048708 855428430 1000000103
706158782 454664467 1000000289
822046226 730070672 1000000931
999721617 225251144 1000000663
402135964 7825388 1000000103
462401457 846937954 1000000439
296402110 154512286 1000000787
933561354 813915250 1000000439
323904920 930177773 1000000459
4473109 698711556 1000000033
298265451 327920072 1000000483
889256013 498969668 1000000223
724618292 687483902 1000000531
396576121 532755160 1000000321
667604848 713443515 1000000007
573060053 226612822 1000000093
329524160 884678979 1000000513
220455810 80232835 1000000447
470351919 884202755 1000000093
457203986 56395205 1000000207
744767044 782966479 1000000891
713554782 903863804 1000000363
45784867 114962076 1000000427
800048228 294229531 1000000007
305318083 107633431 1000000097
13764286 90486792 1000000871
778726019 892921755 1000000033
148202320 174501286 1000000207
260470627 508276190 1000000829
855330203 560031280 1000000901
737856546 796350133 1000000427
792037767 190088677 1000000349
55684906 219358392 1000000861
353216280 538369481 1000000097
575884348 654430210 1000000409
452144247 827478098 1000000241
397857125 705490448 1000000103
235639028 966610367 1000000097
609051428 802067206 1000000093
838222091 185502729 1000000103
180278428 732624201 1000000033
797324049 102705581 1000000021
929107195 992992046 1000000993
857682282 874680753 1000000711
688331879 825248114 1000000033
570654283 261281245 1000000933
683391001 406781914 1000000993
241452127 242322119 1000000439
580989124 627262960 1000000241
615366480 94080018 1000000009
946625153 711303879 1000000579
380032669 471745485 1000000513
580909284 763494681 1000000891
413274711 396566253 1000000919
117868908 542495946 1000000321
372706831 504656030 1000000103
892965258 696544959 1000000901
543550015 18012344 1000000241
697382579 948529838 1000000181
577951116 890602957 1000000663
458500353 715623486 1000000753
61431621 748331356 1000000787
966687060 668165400 1000000009
546336805 554645848 1000000103
720663441 625453830 1000000097
599054173 395703657 1000000093
602975607 778240578 1000000607
949661772 498314910 1000000439
261769116 937089726 1000000439
639168766 302274002 1000000007
75383213 679000464 1000000103
894262497 694266562 1000000453
17426081 305640869 1000000637
683589084 379296905 1000000289
171477586 149734210 1000000433
234721840 49578575 1000000829
575078520 816358368 1000000933
153142881 806641174 1000000453
396980526 844137854 1000000613
780675946 24249465 1000000861
91579256 152591084 1000000459
933346576 315439018 1000000933
962347307 320021418 1000000531
386204737 483507320 1000000289
431098698 94917021 1000000321
657231051 82666460 1000000459
395485111 372963172 1000000207
677927331 563887459 1000000033
917750244 231437366 1000000403
574569129 785423734 1000000207
829574795 327986297 1000000861
142730246 708894919 1000000349
586400616 794472114 1000000637
505008384 800796164 1000000483
985288607 669708767 1000000801
850931691 129644631 1000000411
887825775 323672474 1000000513
156690021 792141077 1000000829
942484773 438189321 1000000097
796861649 815204839 1000000087
690001728 420840797 1000000349
155612363 337852029 1000000753
224806198 475699557 1000000087
964529011 788590995 1000000439
647939309 740063982 1000000021
482987016 359642885 1000000787
339083024 389068880 1000000097
840018990 676483358 1000000103
639243752 821094725 1000000033
688570000 85020473 1000000531
199412003 833704436 1000000181
903235962 639833227 1000000271
163964638 999201203 1000000637
971687477 778460627 1000000363
366727214 652163310 1000000093
522650853 694310343 1000000241
612576975 808119378 1000000321
805416627 680766753 1000000531
282274066 92827238 1000000933
18776322 616282892 1000000021
379255195 635568288 1000000403
716203854 879424764 1000000891
913898821 749493363 1000000271
937914736 888000049 1000000871
760415443 791598591 1000000033
666123028 222438016 1000000103
98310776 676863552 1000000613
982330945 301665601 1000000459
760716679 44527018 1000000637
556052750 811498816 1000000349
662479974 22244444 1000000711
305574294 469147445 1000000241
445239954 912875367 1000000411
789082105 361684796 1000000871
903417528 240827904 1000000787
936161875 118478916 1000000513
728846451 220906589 1000000933
85810622 773864640 1000000663
353302793 78218087 1000000097
29648854 415273560 1000000483
22927427 491849062 1000000753
107811460 252348405 1000000433
666265724 470101855 1000000891
625368921 210698184 1000000607
47660415 331605746 1000000711
981980075 25075636 1000000103
458229328 190910838 1000000579
672019777 369939751 1000000801
652583877 415825017 1000000093
781580115 922402363 1000000531
617802858 769560627 1000000871
613916359 282863106 1000000637
68989373 528649589 1000000453
503328471 129588436 1000000009
575000038 617045598 1000000271
289153607 398243687 1000000933
544057210 523504205 1000000829
431934724 656534825 1000000103
895670512 932006424 1000000123
36266995 648343249 1000000453
920579561 746622957 1000000931
589796518 511866281 1000000349
773697239 29983179 1000000097
551185201 109253356 1000000753
743605119 449600522 1000000103
260943704 780151545 1000000009
421135325 860353198 1000000513
259767049 326544531 1000000033
263522498 70126780 1000000297
500151737 137038875 1000000123
571829953 274016468 1000000093
954870922 388769040 1000000207
16887002 821553290 1000000513
99837352 404501477 1000000483
824321409 91155005 1000000871
248807240 533349307 1000000579
14036032 507528874 1000000123
623418696 679533774 1000000007
983075458 631855291 1000000861
815098927 509162836 1000000363
164996151 53774288 1000000007
400691502 347445367 1000000613
175408514 161871823 1000000223
580597536 404702039 1000000009
854535529 643714145 1000000097
964581039 738525815 1000000207
762351958 582842558 1000000427
161793496 758294014 1000000033
400284416 52987985 1000000711
828338255 526608124 1000000579
328496298 987819091 1000000613
1440817 983737662 1000000349
626169815 267959198 1000000919
648347397 331045681 1000000933
380804977 527232968 1000000447
111230170 32440270 1000000753
976400023 417552363 1000000207
117593150 739098166 1000000829
345904976 85855878 1000000123
564620346 798804348 1000000349
112567485 991919158 1000000241
266509444 746544319 1000000919
148240354 290337105 1000000711
280003971 128641370 1000000919
875307619 199783145 1000000207
866067601 430406744 1000000663
862599085 642150567 1000000607
836202871 629183853 1000000021
423593030 404538720 1000000453
332889560 60049037 1000000181
310445522 556350330 1000000097
282351562 749570124 1000000753
390876165 783260069 1000000427
283270782 821432744 1000000123
463307327 450150974 1000000637
989396071 741470443 1000000483
602377386 239594879 1000000363
558955802 701494282 1000000403
620412301 454365389 1000000861
503494132 897810358 1000000289
959901841 419209275 1000000411
122985081 338784599 1000000427
677504451 507783783 1000000891
516578842 364849158 1000000579
740466374 194767846 1000000033
137515163 619087426 1000000411
937153083 771364225 1000000613
414738372 58398586 1000000801
867421633 293395163 1000000271
682833943 96332590 1000000123
69970452 8100708 1000000663
256168313 515305484 1000000871
648546972 384731711 1000000637
891627441 978756842 1000000087
571664128 974351729 1000000453
892739289 825130334 1000000241
183148421 283157426 1000000223
226425901 421529777 1000000427
787918086 425264309 1000000801
78468082 883854884 1000000663
307097194 196209974 1000000531
579588834 449634446 1000000223
125138118 50467531 1000000411
790553661 667943518 1000000483
357697169 544720549 1000000241
672640283 83742599 1000000093
712533287 608199226 1000000181
204551783 876329289 1000000241
123805045 632115290 1000000891
212408053 606160198 1000000891
106895997 423350984 1000000433
565812503 208037027 1000000531
517763742 941509486 1000000753
555914385 836974484 1000000223
242796797 846002692 1000000427
37871322 106585182 1000000931
671224445 841513092 1000000531
118420084 772631912 1000000123
712162247 546062938 1000000427
987632919 834945468 1000000363
810980871 747088473 1000000403
976217472 983478340 1000000403
694152032 476639896 1000000007
731194583 221010474 1000000891
376357655 927414931 1000000447
842958189 494742505 1000000223
951864437 250513467 1000000829
354633484 16691441 1000000993
246879571 700207045 1000000579
787364110 721283800 1000000021
20247482 118136661 1000000427
505828797 685106497 1000000513
14396922 987807508 1000000801
638947310 755806276 1000000711
458951136 93095622 1000000021
279289461 356193523 1000000891
894157627 323051963 1000000411
131052898 745505886 1000000103
746270228 514044761 1000000271
299997761 450036457 1000000637
473056593 639152644 1000000427
872337944 833060509 1000000403
311717325 722367954 1000000513
11632863 886975432 1000000363
231204442 736313192 1000000993
145089838 451911924 1000000241
605163006 261949793 1000000613
123224359 768399511 1000000271
893787644 93230936 1000000349
908570940 610109337 1000000459
461330090 876492758 1000000513
408315117 508266161 1000000087
992930009 540799651 1000000459
92648022 473717558 1000000033
21841269 523612518 1000000787
39065533 746885512 1000000459
516051887 735469515 1000000123
103735861 623685871 1000000871
712336561 69182877 1000000919
148067018 603677121 1000000033
631270999 230621403 1000000433
335628562 729901998 1000000711
882034638 986891900 1000000531
41578467 60699705 1000000531
92441336 707187337 1000000861
723203834 477979876 1000000289
106379235 192268312 1000000007
767304138 208838969 1000000207
224900065 743018692 1000000919
112029477 862691464 1000000009
985799985 906138640 1000000513
268872754 444791562 1000000933
260237894 962660808 1000000181
654702065 321269188 1000000207
562926634 534740560 1000000931
386615637 348088721 1000000411
402603925 776172705 1000000531
39758346 72504842 1000000223
28676653 684261436 1000000289
276748625 602284441 1000000531
596204871 553173439 1000000007
744378943 393688938 1000000009
800808172 752367314 1000000801
987748420 359292941 1000000241
968040894 500693987 1000000459
275596871 149571952 1000000181
552932662 46334062 1000000901
884313600 582388490 1000000009
550367523 706511243 1000000453
897279558 702389751 1000000021
71241333 510485382 1000000093
922155565 702182208 1000000021
27488709 549220762 1000000613
893804365 273325625 1000000349
509833056 64317386 1000000513
656296355 544354733 1000000103
182217083 415752098 1000000009
277790372 333927711 1000000289
561734181 338452032 1000000613
246764014 883292198 1000000433
325305750 716064654 1000000891
362840920 610338046 1000000007
961265094 650343404 1000000613
942531200 839498027 1000000207
591189652 189014928 1000000009
373245516 433218141 1000000087
428707425 318946185 1000000993
132892305 596400379 1000000447
140325883 81318211 1000000579
690915287 586642598 1000000753
224090323 579632422 1000000531
560918203 181208262 1000000513
367902727 756801145 1000000453
230905146 923146962 1000000871
87966747 312935131 1000000663
708750798 271483376 1000000801
2681609 733166310 1000000753
518948103 226803875 1000000919
313852054 848747750 1000000363
801467259 735181147 1000000459
517220265 743622890 1000000007
977385515 360431410 1000000363
109364165 313536769 1000000891
717499211 629652909 1000000289
590153468 593896804 1000000753
317265995 186116929 1000000931
581968662 695062822 1000000531
212606665 687311575 1000000579
647444568 643938621 1000000753
855702594 691418200 1000000531
356241449 868302882 1000000613
282023891 699182889 1000000007
545176462 451708780 1000000637
678441439 200927206 1000000207
878842255 7555203 1000000009
412726478 396384200 1000000637
87357474 728878944 1000000579
519953338 363212238 1000000663
335273565 228437827 1000000447
399102102 753983640 1000000483
368600545 691648295 1000000787
382304378 444778209 1000000993
580999749 350833596 1000000637
348347527 476835609 1000000607
884340963 686702195 1000000181
249208432 797241818 1000000801
810923531 614343190 1000000753
56192297 957683920 1000000207
556678580 262402897 1000000871
3824609 777288997 1000000087
689017939 772863158 1000000363
955541950 650873149 1000000933
864166660 614772872 1000000513
279174310 713880145 1000000861
571661351 748440836 1000000093
942144806 906267379 1000000093
491199926 427127060 1000000087
382548498 265002929 1000000919
346974988 485069331 1000000453
241299297 797878972 1000000093
711564835 361395490 1000000409
411607287 494877975 1000000223
715356792 749234430 1000000891
806194721 878578492 1000000711
475565744 214229924 1000000403
771447195 305355600 1000000123
741116468 337160008 1000000123
353950728 555623961 1000000297
485844157 479451083 1000000007
176570753 340822848 1000000033
238444949 994522305 1000000637
819662848 247309632 1000000579
353787667 104976058 1000000123
198873606 685139918 1000000711
533344814 380191128 1000000123
26574769 473613683 1000000861
675843115 349191827 1000000931
13904191 169329272 1000000427
842264606 571882147 1000000513
718237039 655470288 1000000103
109168646 144782292 1000000103
467284525 489849360 1000000181
171878764 243368746 1000000861
691895821 84359296 1000000993
904323045 777063658 1000000829
2739407 584118031 1000000901
807751759 429539584 1000000787
540373066 561262431 1000000207
355229975 699747831 1000000349
733303095 863810606 1000000513
601172116 86395021 1000000207
851119469 465320654 1000000403
535767092 659714328 1000000409
756213691 905937172 1000000453
467223664 229086103 1000000033
830639159 13754852 1000000093
142232631 193747323 1000000427
62078885 524137978 1000000007
995941481 357965603 1000000439
178871348 460860476 1000000711
4551944 713279434 1000000103
897580792 628014610 1000000297
599781793 718839539 1000000403
199743829 932058793 1000000093
656173548 425755694 1000000933
584942931 218230005 1000000321
5015074 850375157 1000000093
79214037 73141655 1000000829
314232501 100897843 1000000289
70558641 669161592 1000000123
193441860 789019304 1000000607
323912786 277569288 1000000711
539892573 17759798 1000000021
492438484 503416514 1000000711
65518401 17115027 1000000033
574616582 403253253 1000000919
838792430 154450495 1000000993
360960824 78882713 1000000931
968681106 571653330 1000000993
249153810 597037847 1000000753
8056504 569840898 1000000711
432917971 821856346 1000000801
415623905 224025425 1000000531
999509120 462170890 1000000531
712550212 934675422 1000000297
87308914 677870769 1000000613
395966896 380509859 1000000403
190778549 119527655 1000000289
353368241 629367771 1000000579
125746395 968543407 1000000919
49806919 118890922 1000000207
271238061 392319538 1000000483
783353605 289817990 1000000123
808975593 685283211 1000000459
781853107 559176947 1000000753
720786654 530155628 1000000297
871924220 882187118 1000000033
10705192 25753514 1000000009
426005104 25048289 1000000613
30606273 327365719 1000000433
613603413 844229398 1000000297
65835315 170485100 1000000891
746641977 822237007 1000000033
208560379 8776504 1000000933
745519442 861271725 1000000433
730493751 824980948 1000000409
386960910 637247729 1000000637
484814470 910308199 1000000993
774357430 803958394 1000000453
398871514 205908521 1000000007
124285087 783493575 1000000919
43969710 154901101 1000000447
300277371 399224514 1000000993
911207461 332593499 1000000787
77777376 760488921 1000000427
194914053 786506674 1000000009
154069442 757213098 1000000753
883758533 977650221 1000000007
589991391 704085028 1000000289
317328796 496986442 1000000439
424111878 658888453 1000000021
795640526 592439517 1000000433
102883706 639787554 1000000607
699921620 28284690 1000000409
728112069 597529369 1000000931
451422362 535462642 1000000613
483418873 114795190 1000000531
202050189 882855831 1000000613
415372182 528787577 1000000637
846333703 645527640 1000000871
589903593 839906519 1000000271
171828272 980781848 1000000931
247893959 455884336 1000000403
981000956 435973076 1000000891
132882352 705494969 1000000009
858860760 17560738 1000000829
893127126 609311961 1000000483
811828917 771790201 1000000363
437279241 48825926 1000000033
216689611 164243419 1000000901
237363977 5704615 1000000123
696117034 847714297 1000000439
295321812 471726741 1000000007
535324986 437793932 1000000637
762387031 875990071 1000000447
337210017 568881950 1000000087
99260605 983409794 1000000087
369512301 976092396 1000000871
414395721 379447341 1000000613
749017251 49116347 1000000123
557088362 483519735 1000000123
210207998 732765319 1000000459
929648087 548855076 1000000427
870573196 11412673 1000000753
708842866 391366248 1000000753
852454678 64087945 1000000447
135735922 719414620 1000000033
375438577 177354791 1000000103
536965523 934777297 1000000439
806583294 479553475 1000000363
615901113 381755363 1000000829
536258864 311268782 1000000207
582689488 927765069 1000000087
180449858 779424148 1000000427
848461676 62467542 1000000453
17842709 942178489 1000000801
738371888 183833608 1000000433
183740117 11872580 1000000459
580972345 416378178 1000000363
453535160 10470723 1000000297
683861210 883507610 1000000123
130622627 825163452 1000000663
128043792 108173979 1000000207
747492991 289251894 1000000513
378953845 461268745 1000000871
320908776 778597426 1000000933
784584021 920200681 1000000271
406404775 516455513 1000000607
330891846 966526819 1000000411
232183574 594182661 1000000801
115192487 865829695 1000000087
675211799 53790579 1000000901
698346596 797018889 1000000993
955006764 767487402 1000000453
325640014 733631662 1000000871
360226732 546170785 1000000933
536111076 803517704 1000000427
108954320 555119704 1000000607
988650311 812640797 1000000439
421772747 482903065 1000000289
20198453 81831692 1000000787
84824770 267451646 1000000663
224623420 680727952 1000000919
713113990 771873089 1000000861
779458783 485118988 1000000223
389641305 71221824 1000000801
772116566 228319148 1000000753
666529954 378563310 1000000483
353824107 197781364 1000000321
701403466 464666831 1000000453
443345118 782302481 1000000103
940317880 911474629 1000000007
942848907 313432449 1000000411
933213161 820232339 1000000613
974494741 206719346 1000000579
723474824 644239209 1000000579
479577362 67469943 1000000223
61397972 46845224 1000000513
456584220 461826319 1000000919
931216739 499027762 1000000871
676915914 59327863 1000000007
828282531 435861740 1000000271
31472833 106901604 1000000411
397218737 262246841 1000000223
414809193 333899665 1000000289
521538286 578038171 1000000931
89763267 234316650 1000000711
205493990 733559197 1000000663
911231179 397560213 1000000933
570498679 155277925 1000000993
948336378 657812282 1000000433
116943388 867182497 1000000271
565656003 347503695 1000000021
510359375 402019245 1000000931
768819199 917266857 1000000433
605294115 599467004 1000000009
757549924 267589739 1000000363
967973206 806884422 1000000993
15112306 397975221 1000000993
129741742 516733045 1000000579
176219195 437741098 1000000579
11620065 76450833 1000000097
638246737 7552819 1000000097
786766880 146212369 1000000453
81862254 151337799 1000000087
362361947 952374384 1000000033
745493580 752137043 1000000891
203892891 246080621 1000000241
268762412 812852402 1000000433
22378162 451684130 1000000427
550645621 377390144 1000000021
42327028 370957416 1000000207
647035894 779145791 1000000483
181777418 427994494 1000000579
835656189 819160230 1000000093
237425471 645042210 1000000613
366967423 122176456 1000000097
249297032 971778969 1000000891
508623525 674083979 1000000289
160054441 38436094 1000000531
620603297 643455371 1000000289
134217698 15526661 1000000871
832561392 633073102 1000000861
213686925 223910587 1000000637
308703213 958280001 1000000933
33154591 224605852 1000000103
87608766 13678084 1000000007
218807932 302535 1000000861
880251079 672316913 1000000663
101870865 419791392 1000000579
155500416 746233066 1000000223
107616359 398517753 1000000483
31981272 889548504 1000000787
824869164 602104752 1000000297
131653251 378625204 1000000087
532712941 300703871 1000000403
428350330 777883971 1000000801
779434094 402964237 1000000483
703364746 841783453 1000000033
508809601 810074818 1000000009
967049000 193460133 1000000009
361698697 80684319 1000000787
264061936 865731102 1000000123
713682137 747496099 1000000787
342438724 469218334 1000000207
175959888 866300604 1000000919
816681208 832299044 1000000919
322530225 127436142 1000000607
87228330 668987211 1000000033
746323622 819073741 1000000207
115561061 499942038 1000000931
548620521 32972883 1000000459
526919832 883856981 1000000321
41701954 894946324 1000000433
247069147 672546900 1000000513
912637234 321649286 1000000637
117624938 275931432 1000000033
384791258 483280551 1000000021
714512155 412836943 1000000103
173196082 574701722 1000000087
840377717 623090485 1000000919
618957310 501339043 1000000087
445794825 925130417 1000000931
432072403 227001898 1000000453
967099185 954195615 1000000439
471161328 464612834 1000000289
543809533 266772553 1000000753
36294826 647165050 1000000513
521237197 172503913 1000000321
889058514 179027595 1000000919
524503952 805404377 1000000531
598222395 792744862 1000000033
669733557 64207341 1000000093
572677536 326536579 1000000931
341250505 620146992 1000000427
730762512 440240604 1000000241
932978243 827610752 1000000787
111379128 170387380 1000000207
890340482 624397690 1000000021
417520160 605578031 1000000207
746745501 31828215 1000000403
37027490 934698698 1000000009
44345523 442864983 1000000607
31524731 918893030 1000000933
139161844 647791134 1000000901
637626740 571013495 1000000009
743398723 862163175 1000000531
798483829 901094716 1000000531
606616875 953897322 1000000787
234568591 39746086 1000000483
300738817 503244988 1000000787
882908230 941279252 1000000403
616292041 474450854 1000000271
794515719 251662693 1000000297
450421249 899384183 1000000349
507232958 816230459 1000000411
372016537 684921049 1000000289
574340038 632720585 1000000861
