1000
1
947759571 415895819 1000000321
232897083 333848567 1000000439
591277587 694415696 1000000103
371336763 598220181 1000000637
592153118 588978180 1000000613
391847180 868449537 1000000363
254010740 270945499 1000000007
355453284 99525181 1000000453
163186729 688431905 1000000087
757825665 232143825 1000000613
168685738 682081910 1000000613
391195768 759389152 1000000321
8096511 93119362 1000000409
331963140 85406023 1000000861
117378310 949769084 1000000433
100781211 517480459 1000000459
73463225 774240097 1000000321
313639681 412721108 1000000009
761351463 960460700 1000000787
389422883 577474038 1000000993
548478271 649593898 1000000663
69074184 108930539 1000000861
146716206 603841673 1000000207
411975587 708863995 1000000447
805011419 892426976 1000000427
259006213 516105355 1000000453
741751163 612362275 1000000271
831079753 297623742 1000000289
673485456 830251852 1000000433
669171427 395378901 1000000087
674556502 50206849 1000000087
365123153 636664054 1000000033
571648134 962332771 1000000637
750408492 957062233 1000000007
453372418 127627277 1000000513
807447366 686082514 1000000223
975377502 718670519 1000000033
646291729 976858979 1000000363
62277520 482736744 1000000711
519618397 622636125 1000000513
906991268 935445248 1000000933
662628566 239917540 1000000093
516444206 895441912 1000000637
795577632 850045134 1000000411
31710292 671207903 1000000241
634471806 839072140 1000000787
48867541 220363424 1000000637
779939333 237441594 1000000891
101522281 708142003 1000000439
952722212 651028238 1000000289
203990681 44088745 1000000753
359636130 782476302 1000000097
896378522 332183202 1000000103
567903250 387343085 1000000801
780775586 361519667 1000000181
983976015 43800241 1000000033
832761748 101755735 1000000579
371258928 442972541 1000000349
880075507 998887794 1000000531
977602167 5805701 1000000289
787054652 349476395 1000000933
411841185 581342693 1000000439
276730704 342807803 1000000531
7820377 403257887 1000000409
583624111 593427703 1000000993
908355780 178250479 1000000409
327498511 663473173 1000000103
308036711 149405616 1000000289
53070119 401650254 1000000033
596062147 85494963 1000000009
156996227 3744739 1000000931
494411212 404471498 1000000613
340892193 505104464 1000000009
756481478 160114807 1000000637
323640654 790190663 1000000607
686607226 759588110 1000000861
854884384 896136944 1000000097
975202743 8848052 1000000403
337007583 6875948 1000000891
659388840 683217452 1000000613
134445187 574250900 1000000103
288316050 946821029 1000000607
356333158 522686485 1000000223
904953013 140802318 1000000711
617581791 491344746 1000000931
610902768 915144550 1000000321
715030906 45235093 1000000009
827822831 909039338 1000000289
241896964 705335702 1000000711
655985526 486324710 1000000901
325283842 88279041 1000000711
844350183 706565835 1000000207
764360283 663371076 1000000579
924968718 57443672 1000000297
234695347 555497099 1000000919
614918050 524823038 1000000087
420534451 874192473 1000000919
694840461 198890753 1000000829
851578784 639202745 1000000607
864253222 462298835 1000000531
431521073 801905024 1000000453
515313188 707004560 1000000787
377918070 250168620 1000000103
13913917 795456625 1000000349
252918167 754838811 1000000613
197359405 380715918 1000000103
674983038 634862573 1000000271
424842556 88087620 1000000579
859877145 761922560 1000000403
508910098 455950295 1000000801
330973147 503661927 1000000363
658443895 240136622 1000000403
150587737 266566395 1000000579
173831351 146747308 1000000181
60634225 283459034 1000000103
628922589 686978505 1000000829
979652215 32327747 1000000427
218877233 827465782 1000000009
879558032 228424891 1000000409
374545201 477902096 1000000453
783074546 860342960 1000000613
930970499 154895138 1000000607
363125561 602490999 1000000021
154686510 873628375 1000000181
526555243 513467952 1000000021
375626425 800575691 1000000829
841522163 941281375 1000000901
466143154 162821796 1000000181
239544253 992972800 1000000087
950263252 265060729 1000000459
253631765 3181233 1000000613
160894349 372024622 1000000207
256969187 382544353 1000000453
214954991 448675434 1000000241
458540426 589760160 1000000403
288850475 614834820 1000000093
426546911 645476189 1000000801
201894199 28569166 1000000433
796390706 9493610 1000000009
270225300 774044242 1000000411
331919422 333807993 1000000409
11268705 302833032 1000000439
519292590 404893168 1000000891
98036991 275098282 1000000607
921764266 430485725 1000000901
552772464 203836775 1000000411
888191024 172390089 1000000447
111407714 312287929 1000000801
918998622 765841491 1000000223
802689368 758140086 1000000901
573948483 190398950 1000000181
995118493 785803372 1000000103
194642263 540270611 1000000801
266113299 962819901 1000000663
875342995 547591727 1000000483
170891746 285804824 1000000433
229365692 78047635 1000000123
672129975 602249146 1000000901
708639708 443461997 1000000531
179194165 697907670 1000000459
501764573 969713803 1000000349
150984983 749003510 1000000271
825728660 397816145 1000000349
189136490 973391104 1000000753
319406826 432789109 1000000801
731878115 484007438 1000000871
226095284 459828476 1000000933
277728158 271290300 1000000409
272618874 389116044 1000000087
134168611 206987054 1000000321
478251638 731039813 1000000607
845806605 572021101 1000000411
526715837 719438193 1000000829
968337204 55722440 1000000009
507540208 402449113 1000000363
648558030 849287855 1000000103
248522520 752258328 1000000427
323790433 275768689 1000000271
515833756 644384253 1000000447
985901092 639356085 1000000829
286455298 643363983 1000000223
823376021 490302969 1000000871
119510815 126972807 1000000349
998164077 23757254 1000000919
690099118 13037913 1000000453
111328624 841444573 1000000663
615721362 203693874 1000000459
795518922 84596938 1000000297
273523127 112885550 1000000033
721451663 71802762 1000000433
990659561 988894990 1000000613
780957588 766181986 1000000409
469578501 872117294 1000000513
810526445 237768399 1000000097
426809244 967650302 1000000447
233857211 482809034 1000000919
862322234 335157509 1000000613
61663770 838208701 1000000321
550721550 617895685 1000000021
902437376 678645082 1000000439
477729659 892966574 1000000403
512529044 447162912 1000000453
853020431 3095583 1000000181
818575738 271615154 1000000531
606584601 682742938 1000000579
54368407 699141486 1000000513
46150884 773287013 1000000103
176946301 340090408 1000000427
646829236 730386907 1000000531
660283276 768186705 1000000613
562301698 742527677 1000000007
153584325 814762717 1000000993
641596159 555312791 1000000021
425363766 384657669 1000000297
798808935 202200975 1000000871
278972832 129907483 1000000021
367003831 260050525 1000000007
228908798 258913814 1000000753
620705174 385839804 1000000579
290856025 710183915 1000000207
196838189 469737868 1000000403
506005995 104140680 1000000483
398980167 937453841 1000000931
296153130 75291919 1000000271
331626106 465961741 1000000513
863627777 136234289 1000000801
948310798 118352201 1000000007
815749383 369016457 1000000411
382460881 630173797 1000000459
76100085 793129888 1000000901
937800786 738191714 1000000579
957143248 575041186 1000000363
37479098 485105588 1000000349
361367409 990552418 1000000207
521582258 472474543 1000000289
797175000 677615398 1000000711
879032343 251779574 1000000753
407454091 58764651 1000000453
260106592 760709573 1000000271
111968691 885349455 1000000021
753162695 606042247 1000000349
306144445 796906739 1000000411
261745779 71292583 1000000787
377057126 188673538 1000000483
473894686 166650258 1000000439
379144753 855306631 1000000919
241683109 17277766 1000000409
183378185 336820673 1000000097
685037475 277133301 1000000297
861285415 721491750 1000000181
789698009 958012555 1000000087
768818693 462717607 1000000447
571401897 237086178 1000000513
615942904 469191477 1000000459
926596325 955057110 1000000097
896814573 580256947 1000000033
249888402 255670675 1000000033
787479350 146664230 1000000271
484254686 401325865 1000000103
672875938 509931986 1000000663
367372484 16453836 1000000447
634527094 317117523 1000000483
679051660 686046099 1000000861
152899133 910569194 1000000901
68713633 765115374 1000000123
386174862 131291994 1000000009
529426324 243579297 1000000801
480397505 27371695 1000000241
377711947 678308428 1000000349
228878425 116938929 1000000021
244705585 15054469 1000000033
309736854 242511505 1000000861
799615805 506274992 1000000223
460110945 50682199 1000000933
285401998 362471317 1000000663
849303297 921384241 1000000711
262724254 847216487 1000000453
503831257 476054686 1000000933
876518137 685371153 1000000861
784849985 130409783 1000000349
101779146 617341977 1000000103
198282096 209872985 1000000787
211710793 650356546 1000000919
588342330 926107238 1000000103
386049936 837084604 1000000433
177583060 424808411 1000000021
12387779 260183164 1000000021
740104558 660188383 1000000861
865814045 70478033 1000000403
891216134 558474100 1000000097
314953219 31409544 1000000637
612035495 683738329 1000000483
819439199 171702481 1000000433
494324220 10920858 1000000349
222599286 2213941 1000000289
853667672 653250401 1000000297
950210758 398624534 1000000411
496502665 29973755 1000000829
192483692 998292232 1000000427
765433950 36909382 1000000933
219390733 661977905 1000000349
786528105 180282509 1000000453
101250758 877024951 1000000289
932477061 374957799 1000000919
298915496 248047222 1000000459
429483739 765430803 1000000459
97706496 755314574 1000000009
411393616 886780708 1000000409
245697069 288875015 1000000411
446192744 190016204 1000000861
498307020 259337109 1000000829
432496595 963719029 1000000637
160329527 47823478 1000000871
246030065 742293293 1000000829
69002506 63247875 1000000753
368634424 202006221 1000000993
265087127 931538838 1000000531
465563876 864455162 1000000447
363217067 658039292 1000000103
669063139 852862436 1000000433
215277592 231642054 1000000829
512064121 748902249 1000000613
14334349 477626620 1000000459
353421737 948983196 1000000123
961214550 95835889 1000000363
705147715 820613678 1000000891
760995877 862293873 1000000861
296154611 936719246 1000000531
556541702 351889101 1000000009
640980835 859655539 1000000033
615268987 960500358 1000000993
608345088 161126572 1000000223
495686636 295124887 1000000289
736679597 897653296 1000000919
898629844 755125860 1000000123
557851936 541196922 1000000321
610701035 204513598 1000000033
851416965 214243377 1000000321
319691634 56266889 1000000439
146590699 276901235 1000000447
612760895 96125282 1000000901
779896013 723891661 1000000513
541309066 141098722 1000000271
311320153 569356987 1000000321
681071577 794791060 1000000411
219955244 447597196 1000000349
219308381 155596711 1000000459
405480507 113717507 1000000613
883070814 830536879 1000000531
801750115 928739367 1000000097
537579756 326076495 1000000433
450295208 257565804 1000000531
327177031 691053032 1000000447
210827763 206401479 1000000919
996141086 82388281 1000000093
38068331 627070227 1000000901
42018895 3582378 1000000483
611905006 252269101 1000000409
56551030 131309053 1000000447
350073886 432698884 1000000297
269258312 565890507 1000000271
563622810 319511277 1000000919
744154186 356121638 1000000901
919485577 449567843 1000000891
32480594 258336130 1000000861
990189415 246085793 1000000021
674647629 1326249 1000000453
20240980 665518694 1000000033
71157638 448298090 1000000613
534786319 242151827 1000000861
226555190 656727877 1000000607
342389354 295154371 1000000289
313464719 146962181 1000000097
739259626 513538259 1000000861
253344554 633576942 1000000403
115183064 789392456 1000000207
726583695 584735184 1000000829
779481209 277877726 1000000433
586403037 741108175 1000000289
910156291 774268419 1000000513
465916654 783547643 1000000447
796060861 656134320 1000000271
393284110 956517561 1000000033
326879749 579754803 1000000871
815555221 794045815 1000000271
12245429 462264006 1000000919
213709945 200201139 1000000223
913435743 553225046 1000000241
111567468 55623616 1000000403
476068418 41839498 1000000891
359760546 719779483 1000000531
650763300 157677032 1000000409
815155753 537698496 1000000409
92107830 586648508 1000000513
973711251 361450657 1000000411
966365835 84315002 1000000901
500962059 865032835 1000000207
716830857 453494437 1000000297
259033112 753130594 1000000439
848715313 759180524 1000000933
661672787 251538108 1000000483
258419944 306077508 1000000363
452490374 466040567 1000000871
833719911 139598887 1000000901
213448829 851976726 1000000207
796380254 4555118 1000000901
354891485 894773936 1000000297
54743505 879722448 1000000241
626199964 582458075 1000000103
555904615 684682160 1000000103
278056867 462603205 1000000919
837733583 220905491 1000000579
664854511 276962622 1000000409
251999631 106022599 1000000123
590674381 733320523 1000000103
442507233 362460217 1000000271
670138473 968074915 1000000901
974466289 492776462 1000000427
121452931 399244098 1000000271
125034332 882362911 1000000531
227342794 321734461 1000000459
930441835 538122028 1000000093
858339161 906436894 1000000861
915254377 644758944 1000000223
785762128 694901181 1000000433
728692278 373049625 1000000439
241057224 449828041 1000000087
205364072 958695228 1000000513
246690798 196288771 1000000891
10518945 737765951 1000000459
704338080 970795171 1000000607
496987750 903070108 1000000891
981102636 998921264 1000000919
25008889 911935 1000000901
906872973 136487871 1000000933
243278572 125232074 1000000993
763674992 799471703 1000000411
85541792 484659459 1000000181
304012447 640710672 1000000093
626813796 565671070 1000000207
363944712 269276981 1000000033
590731436 107936120 1000000093
319853285 321981247 1000000181
973807326 211581946 1000000103
217912422 294277345 1000000801
417360777 788912323 1000000087
486237584 735810307 1000000009
360259726 589058136 1000000829
770387134 722905269 1000000459
808718266 44037579 1000000271
403204519 889559873 1000000021
78964500 101305908 1000000349
820343834 107902585 1000000901
313704526 38625966 1000000321
715573796 21451051 1000000007
164270865 946728956 1000000993
888188622 235752271 1000000531
220178918 153738378 1000000919
170851489 167996769 1000000711
323646943 463874947 1000000607
693419622 263929385 1000000033
454758749 383103945 1000000433
223862412 326063075 1000000613
998574025 433815457 1000000033
374373986 429645647 1000000433
604552344 931199227 1000000531
181928450 260871014 1000000349
956173641 452279421 1000000483
670620891 924588723 1000000787
746492821 39502782 1000000459
661965461 9805200 1000000321
322885672 409965248 1000000483
171723111 776013348 1000000663
291335198 759208383 1000000289
323600805 205921923 1000000097
240463622 691599569 1000000223
83857028 756886622 1000000933
928513251 854380227 1000000087
419407356 654711418 1000000409
913342961 421410852 1000000579
364113655 615518671 1000000931
173712634 876635731 1000000207
54030160 833306857 1000000033
451209589 789309324 1000000427
848842222 267487419 1000000861
549784168 992115082 1000000033
284198176 991440298 1000000363
585970128 140411048 1000000363
313214543 427688680 1000000033
711094040 26593627 1000000711
59595466 437332447 1000000123
907171466 782067824 1000000663
390485315 95334539 1000000993
804095422 438218332 1000000711
389921265 819278649 1000000349
284758264 670889942 1000000103
275375670 509680209 1000000033
57303038 192972975 1000000409
562220441 901445024 1000000103
218711981 130986473 1000000241
360528320 43073174 1000000607
388966965 917263117 1000000753
759919544 678709580 1000000223
145987780 713011710 1000000093
346595759 105062091 1000000447
298623899 161358012 1000000021
904342533 952548949 1000000289
271980925 834244607 1000000483
18872024 172538770 1000000579
536462319 8094719 1000000801
283644836 456303584 1000000409
814558602 500400699 1000000931
788889809 10415993 1000000433
479900522 84650356 1000000411
154426226 102627687 1000000579
815304995 389458423 1000000103
709219020 411550403 1000000411
534014102 264759813 1000000427
262403755 519493642 1000000711
18316906 979927223 1000000801
381571639 603961394 1000000637
969244197 2574011 1000000919
772978131 518348997 1000000933
530220260 323826631 1000000207
460921882 504703707 1000000087
65824657 704268165 1000000207
133468747 552234634 1000000271
600167094 265776940 1000000409
472801603 608272616 1000000087
365562561 651050598 1000000363
482268209 670824916 1000000787
70493478 456116988 1000000021
463042118 43372172 1000000753
768907674 948906656 1000000033
106556050 901600677 1000000123
540763132 594081369 1000000411
294994459 851972104 1000000459
653624660 122083122 1000000637
1108124 133931893 1000000993
769186533 697393450 1000000829
558484769 387128336 1000000933
869029658 299759642 1000000663
566017025 364629211 1000000613
454833707 490710606 1000000861
781391660 197442163 1000000021
66783414 335186267 1000000297
564644929 843954321 1000000931
458191271 501181552 1000000207
327714461 440825636 1000000871
772057595 838426255 1000000103
502933062 889815188 1000000087
425642028 397900891 1000000607
910589242 385244225 1000000433
799810277 691083938 1000000123
798132936 61747418 1000000297
436080255 333960291 1000000871
623299926 437626321 1000000871
426355606 303280653 1000000459
761481795 584396270 1000000919
352988623 191629994 1000000433
447791615 406709600 1000000433
228058327 994350503 1000000007
340716657 485278960 1000000223
620105267 256537800 1000000787
227874082 780800457 1000000411
396011479 961095128 1000000871
766982713 60379432 1000000663
90297146 701836084 1000000349
330960364 374468478 1000000993
796691471 715795062 1000000901
397883372 812655575 1000000033
913132839 589538924 1000000607
689372717 528652116 1000000787
762554443 916464667 1000000007
579288618 813865996 1000000297
367368189 366462756 1000000787
598027449 149979001 1000000181
518510476 465004412 1000000919
75002547 290671065 1000000297
38430300 269794340 1000000321
79785856 774915267 1000000711
24842666 564174763 1000000363
136334383 131219485 1000000103
827128151 177089753 1000000711
556882594 416113108 1000000459
282940127 1264463 1000000753
889881187 409113060 1000000123
302834240 984353898 1000000123
178534829 27736285 1000000409
994142192 631878320 1000000207
492104651 810530827 1000000363
397918751 738092029 1000000453
617008434 250468595 1000000009
251334581 691429635 1000000427
139795790 678266727 1000000447
999758363 246528017 1000000531
657196308 417896705 1000000753
705688179 278851438 1000000033
697319443 848172493 1000000637
459296240 90966250 1000000007
405209445 774649940 1000000103
147975580 430522182 1000000711
665977212 263666144 1000000993
454120925 737724227 1000000349
980839559 480814784 1000000861
414212289 154015806 1000000931
195484566 248942439 1000000321
58570479 626874931 1000000007
695319292 203206449 1000000459
120951782 17285948 1000000033
442848384 337532992 1000000607
714272874 351099890 1000000801
290881311 239571396 1000000223
939836843 202139661 1000000829
668141818 813948016 1000000033
940240829 332693186 1000000993
987516870 678806288 1000000829
525230619 964973961 1000000453
524401555 641487555 1000000829
462168477 425685193 1000000901
368112259 200155557 1000000801
362604301 56300124 1000000919
730326761 207319186 1000000103
490155227 452042529 1000000931
568988668 896285842 1000000271
866220574 186092240 1000000097
851175211 990919375 1000000931
753976805 980932942 1000000663
812914436 883639903 1000000579
263794005 3705379 1000000613
438502812 609674353 1000000637
644209675 889733048 1000000223
751227401 569218093 1000000787
906123878 813644165 1000000411
424106243 228750935 1000000787
401720648 678574041 1000000513
370265389 787820730 1000000607
416959868 104689860 1000000181
723727703 104175230 1000000427
489304736 888617643 1000000993
801953587 57182196 1000000321
740062737 885798138 1000000087
104209593 19011356 1000000607
192850345 85646519 1000000663
791367629 260606997 1000000607
737131999 126171203 1000000181
865845971 978197377 1000000931
974580531 328589205 1000000711
530664846 143590198 1000000103
666931778 384601490 1000000439
236349839 576899904 1000000711
289251927 982467129 1000000459
805089421 129683597 1000000103
812561429 375947887 1000000871
733349660 518319148 1000000891
793163722 256940936 1000000007
455554540 184252678 1000000223
813583310 489727527 1000000403
503532744 746899244 1000000931
980797874 347746723 1000000993
526811966 86490427 1000000933
736835465 983271685 1000000289
313619149 529476162 1000000513
957831243 413456574 1000000459
127494336 935734602 1000000931
222208928 669263765 1000000483
970311349 4559444 1000000349
666116458 644077489 1000000223
857947975 137030242 1000000919
419452266 974415419 1000000271
730147827 651466301 1000000433
905066406 642403246 1000000097
702093729 862238916 1000000447
673370232 306058598 1000000427
769833338 234368286 1000000009
797017885 404216303 1000000787
12568991 740871922 1000000459
964964658 999644584 1000000513
924039614 50274485 1000000093
473213972 894098604 1000000459
882064195 651123626 1000000663
265812273 302319950 1000000901
432146443 196233800 1000000007
439956310 401981331 1000000787
169339777 796122520 1000000403
614227719 897369173 1000000579
930274289 9463397 1000000363
809848927 499249111 1000000829
945424092 959199141 1000000753
870103699 709154108 1000000579
475134836 516444521 1000000901
777415797 504164061 1000000711
401363882 997545595 1000000933
862462656 253287837 1000000093
70322019 401755112 1000000919
370271728 810865586 1000000123
637714708 487438449 1000000241
716216207 116847934 1000000411
428651086 741078333 1000000871
554356930 28356036 1000000363
50422348 640699348 1000000931
54668253 731922155 1000000103
645863863 331741923 1000000123
318352992 622578779 1000000871
573493560 439770796 1000000871
787022880 33907250 1000000009
751816509 245107764 1000000021
101206649 331792549 1000000021
213699033 518195004 1000000447
444758058 693690941 1000000513
812399492 881230212 1000000207
153568658 662636688 1000000483
702142778 58128764 1000000207
35576004 711950566 1000000613
530377421 744860084 1000000933
357964922 866112409 1000000021
384375541 275462462 1000000453
104818262 721333820 1000000613
641336764 589747508 1000000531
894632648 318588489 1000000663
499078214 495836904 1000000439
596523814 758879463 1000000453
59082896 698143704 1000000801
427701567 558850002 1000000513
875419708 962926749 1000000931
793461315 371119768 1000000241
368616242 598912619 1000000103
959674228 884457727 1000000207
366233195 724620527 1000000409
679224024 884561473 1000000297
313450023 41061012 1000000993
748410244 607693913 1000000933
843561399 866201903 1000000433
560277902 472796166 1000000093
87502178 25624750 1000000411
720927338 730158922 1000000123
878173754 237443292 1000000829
217080910 158447391 1000000931
457989959 593479459 1000000531
948188862 534320882 1000000613
603651491 606905715 1000000531
400200328 375054792 1000000363
198636328 917767726 1000000453
768759522 157375938 1000000637
880297115 963205544 1000000321
635454723 50744540 1000000123
566683599 27276761 1000000021
758851749 323584165 1000000093
15406944 424016628 1000000459
553201903 817014300 1000000033
26024898 300645301 1000000363
952637071 200201848 1000000289
751623369 961735321 1000000181
619229870 580595098 1000000033
840551917 64349031 1000000349
724500699 178089461 1000000579
557113391 864547716 1000000207
113927373 306123512 1000000513
811770228 549159242 1000000289
188252103 704959023 1000000931
395130763 873996581 1000000181
691567144 499997218 1000000753
254445485 944487665 1000000931
480065959 487783643 1000000861
3901885 50199055 1000000931
122910051 256423138 1000000663
885534219 968514689 1000000321
239212258 685321209 1000000787
641423925 940395608 1000000483
303014064 161093984 1000000483
555428882 839279426 1000000871
222912501 71697705 1000000637
958924702 849771948 1000000123
809400889 175435640 1000000711
37379449 996227763 1000000453
678341111 210961711 1000000103
455161661 617181156 1000000411
930237528 948349266 1000000829
508334715 413671620 1000000933
839694213 908855274 1000000411
432253624 310438237 1000000321
670240011 267804583 1000000919
202806192 900295806 1000000483
959250284 586512047 1000000297
392342333 769785300 1000000411
979848572 69008270 1000000801
817677467 429481925 1000000241
290725570 390351616 1000000363
901697441 142830190 1000000711
692881661 51324587 1000000453
519232608 388441279 1000000439
415150443 925788193 1000000861
980653255 118929533 1000000613
510134684 268753046 1000000297
519590015 653967981 1000000993
66661475 389154737 1000000829
117811127 746946011 1000000009
559663622 802914117 1000000861
248170020 996565254 1000000891
885025065 829124399 1000000919
927135327 125254195 1000000207
73880284 300944125 1000000103
234871697 888816723 1000000097
442201853 828003759 1000000271
56085360 279717928 1000000663
602667994 876772112 1000000241
702414141 949620396 1000000181
232853231 875798477 1000000007
613245394 174041017 1000000427
627661981 515653019 1000000297
818075370 147064453 1000000579
249998052 355231264 1000000403
569405971 500050564 1000000271
369007869 138106282 1000000223
272910437 90722887 1000000289
732195335 840814283 1000000637
45437753 73503095 1000000861
783639597 237167642 1000000607
21526625 662638175 1000000223
559759031 663570494 1000000901
712539197 313546483 1000000871
485481929 713374039 1000000241
280642443 106329427 1000000103
309238425 91143644 1000000513
692626723 258698324 1000000861
431710740 839213144 1000000363
787315083 295625613 1000000427
823538281 39772320 1000000447
682373936 880801464 1000000753
659016792 800094886 1000000087
495586617 307727321 1000000289
460855552 100068110 1000000637
247744733 922577935 1000000787
657834794 671331464 1000000453
562909971 783626318 1000000439
286523185 131053899 1000000097
516952390 399717224 1000000933
839006257 430083582 1000000103
301093970 734730032 1000000663
604601260 878138382 1000000931
919726518 776529118 1000000007
928512437 43568631 1000000613
787479602 200876931 1000000241
660246689 186147949 1000000453
167613698 377697462 1000000123
664507829 969363168 1000000289
815376450 857330953 1000000753
720991382 175443443 1000000123
560111812 924133820 1000000931
382327906 654667134 1000000531
82837771 727900698 1000000427
504117424 329700596 1000000871
761723270 362847771 1000000093
921899221 779282361 1000000531
398522156 674333574 1000000439
816760956 387589692 1000000901
159393698 682635424 1000000349
565841972 820120213 1000000993
266855419 355983555 1000000933
406116219 846056766 1000000207
219604191 405242896 1000000919
106058195 265883049 1000000933
821485398 931153722 1000000433
986691855 102507316 1000000919
427674817 522833176 1000000453
326308639 436911654 1000000289
987143425 399557913 1000000007
46130812 462724837 1000000993
716542755 435480189 1000000891
515117765 469760731 1000000637
331076853 688618268 1000000531
215844938 358093866 1000000097
257244239 740270868 1000000663
500157803 497512983 1000000933
616130051 471153008 1000000271
475815194 904977739 1000000483
145713608 496645909 1000000087
875169939 771519015 1000000513
435071032 302105377 1000000007
277001166 576251245 1000000403
401796711 195172304 1000000613
243691898 981873511 1000000861
559428625 341077079 1000000531
714976519 103941473 1000000787
27460 943856404 1000000459
991839651 523278233 1000000931
105292529 278831330 1000000607
926849981 363143242 1000000891
734434565 722262956 1000000861
683180960 527369732 1000000901
844615754 935158120 1000000427
443534953 981675321 1000000349
395468038 356879873 1000000433
206310225 587034739 1000000513
240364870 95370562 1000000021
701004940 952444271 1000000891
883764755 522035269 1000000223
286592021 668079249 1000000607
570510373 352856341 1000000531
708903836 823145191 1000000007
959629286 821366777 1000000607
133233453 370148580 1000000447
568393173 72894848 1000000009
86215267 719508304 1000000093
365019291 284449112 1000000033
673206081 776820142 1000000033
860148175 640292215 1000000871
739085216 325649205 1000000637
306036089 476025247 1000000861
814832181 967752022 1000000579
394636217 567629867 1000000871
436934441 357837195 1000000271
550195553 163894480 1000000439
532964776 380739538 1000000363
117717862 854868102 1000000021
65498388 788187897 1000000901
853989987 109462902 1000000289
926572520 830549379 1000000711
954468492 351784142 1000000409
958595136 724988046 1000000009
272945208 532203373 1000000531
184533655 800108562 1000000901
562791904 975601597 1000000007
254851610 587766954 1000000829
456256247 909572067 1000000993
875144436 545837225 1000000637
284987742 728612293 1000000403
54971917 44539960 1000000409
951758998 241547557 1000000513
182259805 802246104 1000000829
665293924 993985212 1000000993
707368553 648557433 1000000447
453266775 513577056 1000000297
619789401 315542979 1000000993
884056665 409958242 1000000123
354620288 364037803 1000000531
32125398 377503803 1000000801
671759540 787287362 1000000103
675007392 190179292 1000000933
857792149 168070218 1000000753
561542374 259925471 1000000453
652206846 43475103 1000000103
215510629 612513658 1000000007
594144968 178944442 1000000447
967253488 523337303 1000000009
544393914 277860664 1000000427
283647558 820283694 1000000021
807853840 190447487 1000000411
558701013 178694958 1000000289
892443309 113573206 1000000103
894855070 338694125 1000000009
313831952 280342333 1000000093
725054536 599581367 1000000021
528340107 746847966 1000000637
731789131 197304053 1000000093
366123690 471357294 1000000993
851916350 495857043 1000000801
213516964 242945068 1000000453
505846912 54490559 1000000403
746632654 135530524 1000000289
783219971 997090273 1000000931
881247920 699085786 1000000181
109844127 197299269 1000000483
696153109 501054251 1000000439
217738562 19125428 1000000891
351999401 32045264 1000000483
38679902 338491267 1000000271
147090634 356603481 1000000021
64498804 244027258 1000000363
808682020 317493118 1000000513
732318982 81835135 1000000349
546754722 157643241 1000000447
16224676 810472282 1000000439
638954880 35993514 1000000021
528275777 444139054 1000000453
899131125 776203204 1000000711
352203778 601644631 1000000993
152363479 204383244 1000000829
804667061 407495762 1000000439
132383947 180656264 1000000901
775940092 22491291 1000000919
149163266 505645907 1000000409
651799413 551070610 1000000637
319073541 28453668 1000000439
203350036 606526233 1000000933
248803099 666530778 1000000181
453332818 376386481 1000000871
588149231 345792544 1000000919
2145434 664151401 1000000349
166077940 140245461 1000000513
638020638 143995225 1000000241
978681695 530441892 1000000411
844808720 136581320 1000000663
428376250 2683377 1000000447
539876540 592656237 1000000411
480697380 554748299 1000000613
596231416 89044973 1000000103
141477 353914796 1000000439
712565972 461146489 1000000711
536565189 891003363 1000000033
