1 942
0 0
1 531
0 0
1 221
0 0
2 0
2 0
2 0
2 0
0 0
1 75
1 124
6 0
0 0
1 444
0 0
1 317
1 563
1 466
2 0
0 0
2 0
1 293
2 0
1 972
1 795
0 0
1 659
0 0
2 0
0 0
0 0
0 0
0 0
0 0
0 0
0 0
0 0
1 527
0 0
1 880
0 0
1 183
4 0
0 0
1 631
0 0
1 474
1 842
1 246
0 0
2 0
0 0
0 0
0 0
1 881
1 805
0 0
0 0
0 0
1 944
0 0
1 369
0 0
2 0
3 0
0 0
0 0
1 960
1 19
0 0
0 0
6 0
1 346
0 0
0 0
1 573
0 0
0 0
0 0
1 22
1 736
0 0
0 0
1 145
0 0
0 0
1 435
0 0
0 0
2 0
0 0
0 0
1 166
0 0
2 0
0 0
1 164
2 0
0 0
1 525
1 275
1 192
1 260
1 541
3 0
17 0
2 0
0 0
1 504
2 0
2 0
14 0
0 0
0 0
0 0
0 0
2 0
2 0
0 0
1 656
0 0
1 127
0 0
0 0
0 0
1 796
1 618
0 0
0 0
0 0
1 409
1 121
0 0
0 0
1 131
1 574
1 404
0 0
2 0
1 131
0 0
0 0
1 357
1 11
1 192
0 0
3 0
1 193
1 398
0 0
1 69
1 394
0 0
1 224
0 0
1 568
2 0
0 0
2 0
4 0
0 0
0 0
0 0
0 0
0 0
1 525
2 0
0 0
1 297
0 0
0 0
1 980
4 0
0 0
0 0
1 881
0 0
1 751
0 0
0 0
1 824
1 609
0 0
1 735
0 0
6 0
1 173
0 0
2 0
1 124
2 0
1 660
0 0
1 0
1 863
1 860
1 434
1 273
1 325
1 422
1 173
0 0
1 334
6 0
0 0
2 0
0 0
1 564
2 0
0 0
2 0
1 315
0 0
0 0
1 130
0 0
1 610
1 446
1 453
1 539
0 0
0 0
1 121
1 761
0 0
0 0
1 561
0 0
1 362
1 780
2 0
0 0
0 0
0 0
1 903
1 537
1 163
1 258
0 0
10 0
18 0
0 0
5 0
0 0
0 0
0 0
0 0
0 0
1 672
2 0
1 634
1 625
1 205
1 505
0 0
0 0
0 0
0 0
3 0
0 0
1 743
0 0
1 687
1 107
0 0
2 0
2 0
2 0
1 749
0 0
0 0
1 897
1 497
1 463
3 0
0 0
1 469
2 0
2 0
1 567
3 0
0 0
0 0
1 305
0 0
0 0
2 0
1 834
0 0
2 0
2 0
2 0
0 0
1 652
0 0
1 125
1 756
6 0
1 672
1 481
0 0
0 0
1 789
0 0
1 197
1 762
1 545
1 326
0 0
1 573
1 624
1 738
0 0
0 0
1 15
0 0
3 0
1 868
1 819
2 0
2 0
0 0
0 0
1 53
1 611
2 0
1 772
3 0
0 0
0 0
2 0
0 0
0 0
0 0
0 0
0 0
1 740
1 900
2 0
2 0
0 0
0 0
1 144
0 0
6 0
0 0
1 670
0 0
0 0
0 0
0 0
6 0
1 827
0 0
2 0
0 0
6 0
1 204
5 0
1 118
4 0
2 0
0 0
16 0
0 0
2 0
1 448
0 0
0 0
1 839
2 0
0 0
1 577
0 0
1 825
0 0
2 0
1 535
1 182
0 0
5 0
0 0
0 0
1 897
0 0
1 504
0 0
1 259
1 759
1 191
6 0
5 0
0 0
0 0
2 0
0 0
0 0
0 0
1 576
0 0
2 0
0 0
1 916
1 846
1 373
1 17
2 0
0 0
2 0
0 0
1 795
0 0
1 278
1 316
2 0
0 0
2 0
2 0
0 0
0 0
1 171
2 0
0 0
1 695
1 468
2 0
2 0
1 932
1 902
0 0
2 0
1 684
1 191
1 508
1 660
1 732
1 600
2 0
2 0
1 219
0 0
0 0
0 0
0 0
0 0
6 0
2 0
1 207
0 0
2 0
2 0
1 532
1 535
1 48
2 0
1 943
0 0
2 0
1 54
1 140
0 0
1 381
0 0
2 0
3 0
0 0
1 435
1 195
0 0
1 749
0 0
1 295
0 0
2 0
0 0
2 0
1 405
0 0
0 0
0 0
2 0
1 503
1 386
2 0
1 135
1 523
2 0
0 0
1 622
1 168
0 0
0 0
0 0
0 0
0 0
2 0
4 0
0 0
1 263
2 0
0 0
1 419
2 0
1 751
1 160
1 530
2 0
0 0
4 0
1 225
0 0
5 0
3 0
3 0
1 176
1 406
0 0
1 182
0 0
1 283
2 0
0 0
4 0
0 0
5 0
1 459
0 0
0 0
0 0
0 0
1 521
0 0
1 181
0 0
0 0
1 663
2 0
2 0
0 0
0 0
0 0
1 454
0 0
0 0
1 172
0 0
0 0
1 723
0 0
1 618
0 0
2 0
0 0
1 606
0 0
1 410
1 944
2 0
1 895
1 0
0 0
0 0
2 0
0 0
2 0
2 0
2 0
2 0
2 0
0 0
0 0
1 575
2 0
1 203
1 292
1 245
1 315
2 0
0 0
0 0
1 52
0 0
1 623
1 33
3 0
1 657
0 0
1 885
1 245
1 537
0 0
0 0
0 0
0 0
0 0
2 0
1 261
0 0
0 0
1 475
0 0
1 785
0 0
1 706
0 0
1 797
5 0
0 0
1 726
1 760
1 896
1 264
1 563
1 669
0 0
1 222
0 0
0 0
1 911
1 986
1 884
0 0
1 182
0 0
1 417
1 245
3 0
0 0
1 51
1 576
5 0
0 0
0 0
0 0
18 0
2 0
1 749
2 0
6 0
2 0
1 885
2 0
1 253
2 0
0 0
1 521
1 359
0 0
0 0
5 0
0 0
0 0
2 0
0 0
0 0
2 0
1 647
1 740
0 0
1 802
1 348
0 0
0 0
0 0
2 0
1 141
2 0
1 175
1 213
2 0
1 635
1 690
2 0
1 254
0 0
1 625
2 0
1 629
0 0
1 568
1 628
1 863
1 755
1 886
0 0
1 648
0 0
1 401
0 0
2 0
6 0
0 0
1 513
1 871
0 0
0 0
0 0
1 743
0 0
2 0
2 0
1 70
0 0
1 642
2 0
0 0
0 0
1 531
1 215
0 0
0 0
0 0
0 0
0 0
1 472
0 0
1 472
2 0
0 0
1 262
2 0
0 0
1 753
1 659
1 932
1 940
1 252
0 0
1 768
1 917
4 0
0 0
6 0
0 0
0 0
1 930
0 0
1 690
1 716
1 729
2 0
0 0
0 0
0 0
0 0
0 0
1 347
0 0
1 558
0 0
1 113
1 856
0 0
1 39
0 0
0 0
1 213
1 402
0 0
1 329
1 20
1 409
0 0
0 0
1 889
0 0
0 0
0 0
0 0
0 0
1 414
1 356
1 137
1 79
2 0
1 813
0 0
1 27
1 921
1 297
2 0
2 0
0 0
1 670
0 0
1 745
2 0
0 0
0 0
1 34
1 118
0 0
0 0
3 0
1 85
1 512
0 0
2 0
2 0
1 839
1 28
0 0
1 376
0 0
0 0
0 0
1 581
0 0
1 724
1 186
2 0
1 465
2 0
0 0
1 501
1 943
0 0
2 0
0 0
2 0
2 0
2 0
1 591
0 0
0 0
1 744
1 272
0 0
1 374
0 0
12 0
1 443
1 713
0 0
1 476
1 595
1 174
2 0
2 0
0 0
1 540
0 0
0 0
0 0
1 872
0 0
3 0
0 0
2 0
2 0
0 0
1 749
1 167
1 870
1 964
1 363
0 0
2 0
0 0
0 0
0 0
2 0
1 654
5 0
2 0
0 0
2 0
0 0
0 0
0 0
2 0
1 805
0 0
2 0
0 0
0 0
0 0
0 0
1 528
0 0
0 0
1 421
4 0
2 0
2 0
0 0
0 0
1 322
1 465
2 0
0 0
3 0
2 0
1 388
0 0
0 0
1 558
0 0
0 0
0 0
0 0
0 0
1 280
1 40
0 0
0 0
2 0
1 264
0 0
0 0
0 0
1 756
2 0
2 0
1 898
1 407
0 0
2 0
1 896
2 0
3 0
0 0
2 0
1 382
1 138
2 0
0 0
0 0
0 0
2 0
2 0
1 670
0 0
1 445
1 53
1 269
1 826
1 345
0 0
1 723
0 0
2 0
0 0
1 379
0 0
2 0
0 0
1 412
0 0
2 0
2 0
0 0
1 217
0 0
0 0
0 0
1 860
1 229
0 0
0 0
0 0
1 311
1 614
0 0
0 0
1 912
1 641
1 842
6 0
0 0
2 0
1 867
0 0
0 0
1 955
3 0
2 0
0 0
1 634
2 0
0 0
0 0
0 0
2 0
2 0
2 0
0 0
0 0
1 927
0 0
1 177
2 0
0 0
0 0
0 0
1 447
1 421
1 196
