-20211
119463
-24722
-37406
-64031
4182
-170604
28196
-96586
-512969
-91291
6210
2819
21945
-116438
-28629
-5668
-530047
-61031
-88906
-50909
-14772
105965
81055
-4353
93814
-303039
257446
-124118
-127228
80050
-24232
-97451
160039
-14772
95011
-91291
257446
170212
138753
-14601
-56187
65937
-43908
-200629
-84641
-11794
-13268
20520
84867
-22458
-147596
-154857
-79966
81280
81055
-62912
48978
-102486
24513
-24222
-102331
-1808
115183
-62413
44099
-37731
318835
-55122
-118987
-59047
40366
-233653
61629
-5617
-110903
109016
73505
349700
-14461
119463
-455493
20931
-112844
67091
45230
-68625
-37381
-65672
-13950
10534
34360
18022
-157742
82808
-43651
-56720
-39744
-66647
-4476
-156219
21252
82939
137467
247916
162480
192960
-79265
9844
23437
82102
76472
-64522
-38710
-19574
-3161
-28725
-50198
-71988
-76742
80553
-77382
90390
-57986
167656
18022
-142129
-6657
-16993
12392
-56195
-5201
-5201
119463
61629
-13950
170140
-90643
-62165
-57524
-48233
166170
68399
-43908
106575
96555
160690
14371
83086
-109029
-65211
181279
-98358
-56720
48799
58139
121776
293150
24812
114071
87698
10534
-87882
81280
-30165
-26755
-146423
-9341
-18698
33451
64092
182289
-132717
122765
113056
-48629
-40139
99530
46310
-108250
9844
148002
-35605
-80106
-69336
-71574
-16187
-53461
-81379
-154992
33254
-10105
-176865
148002
21389
35701
37617
27820
-9742
-11018
-4031
5061
-71574
87681
1404
73179
-253777
76472
14075
28786
-27904
1404
1375
20158
-78649
-58144
-12465
80050
55688
-84713
-51960
-19770
-72249
-51960
24513
15873
-39744
-56195
-34576
-67089
25972
73014
-27911
4439
90777
452496
-253777
-17644
62071
-50481
-39706
-382951
170140
13710
76472
-28770
53661
80553
-44612
10062
12311
9966
-175647
69430
-24753
8676
-6852
-18698
65937
-34494
-2987
-5319
-82545
-28475
-28711
13969
-120954
24292
16432
-50293
33584
297465
-11528
30469
5377
88988
8385
95573
152594
69437
-110147
90777
20149
95892
-19770
-87882
112403
-92020
61061
-56719
-29367
-20170
61515
-75863
-74771
-1144
-12142
-69335
-560973
-78897
-153214
20575
13910
-39744
-229057
-69103
95710
-33189
48799
-14483
9966
153235
47962
-132717
35396
-58169
-351974
192960
-37406
675
513951
-19269
-98932
19557
-3183
-97129
-146423
79900
-46332
98343
81055
-90417
-65283
118804
63191
-206064
-78310
20034
459852
1698
22617
-126699
151864
61638
-146807
41041
394686
-8519
-49606
82961
85768
-81379
-29958
-10026
-51508
-11870
-90643
51631
-64522
-255120
200
61515
65324
39407
2099
115187
-27611
-113097
-18905
10714
94106
-174713
13969
83049
-120954
-90710
-6819
-60572
-46981
181248
13766
-38416
-14461
-34349
-71574
-3837
-36999
-69335
-68039
-82555
-61031
-46626
-159158
-46332
-41744
432969
-6226
-175695
-46945
127699
121776
-69335
-35037
666
115500
-51960
329308
3220
-40252
52158
-21691
36068
-97970
141408
13263
-68039
-82848
60092
10626
-220736
-95806
53750
-146423
-57045
152594
67291
94106
45394
-7679
-1101222
-83778
-67089
67091
24591
-8037
25612
-68699
-56803
-29500
95710
2756
-102486
-53461
-81767
-468606
71592
-81141
61384
16432
246902
-22101
33254
5377
-200683
88361
87698
131697
-159158
-12465
54475
-34365
-98932
-61460
-33431
-200683
-29367
-24722
-74771
-159158
-4889
-17506
-194343
5678
205191
-376473
-20187
-118586
31092
-72113
42943
-30165
61648
-6657
61061
80087
108784
325643
-100620
-68838
166223
81623
10714
-757
271300
-77618
62321
119444
88740
-16116
-103224
-109004
-60331
-106692
-3183
-96065
-48629
172301
7641
-90710
