100
131 798
608 787
809 299
542 879
310 841
137 446
66 953
3 86
918 689
829 636
573 589
511 831
827 865
122 133
463 736
829 124
345 148
335 859
127 948
582 745
827 549
648 397
657 62
49 50
530 581
879 299
403 433
139 336
11 147
279 409
461 515
707 159
555 721
790 877
562 987
209 697
379 161
604 233
198 349
427 431
545 761
11 169
133 376
349 671
932 665
862 971
945 58
892 1
905 266
578 763
959 253
824 487
515 472
698 301
138 539
569 598
694 759
347 908
793 27
641 51
503 90
643 106
458 463
761 121
307 952
350 967
161 34
343 753
305 431
723 952
645 746
93 442
391 366
33 277
51 89
112 139
851 560
881 371
847 284
583 51
97 336
218 877
476 141
584 933
35 68
569 160
949 14
397 811
571 612
957 364
824 697
88 859
28 65
703 823
478 911
425 76
584 67
518 447
43 656
790 997
