15163884
184120250
108440076
73036488
5170308
39218076
6014190
589158
447581420
265352236
18260
1259646
214830
13346256
120698
5424849
17129520
57239326
1305480
3652800
2110368
283530984
6097260
299624
292626118
266976
67001760
16162124
1137002
3310800
3157896
26498070
916500
12727008
128880
65765
238188
16469520
3925020
1628760
193809116
74187888
243178224
137944670
48815798
4296864
14353434
52224336
121244730
176889052
42900
901512
107264446
21952590
72129708
516780
417270
13456980
8635290
3778000
340740
188912100
108972684
223331484
300427824
1303204320
31387804
223970670
42696528
17058042
5033688
31094470
12838980
48972000
11449320
14613060
42008
60594070
463536
5017851
41022696
1339800
83089448
103426030
3997774
276210
37301220
6427164
35376
450660
186188910
153041700
209836652
717706029
4221
459720
3600
606404002
202844240
21408
