100
1900272484 1848263129
86419468 920601251
744316345 1752051836
995097821 1373385818
1772007107 1042218504
1934708331 1098106142
498020368 1482267711
718375967 1226127256
1468441447 1835085503
381429091 1592113422
1787193103 1604876075
473691007 262245932
404351951 111686942
1851442675 270466294
702376151 25783885
548417764 1021325839
617969898 617805229
1564096621 171717979
1667094280 35782087
786496505 87699867
56886893 1530988611
772251076 1323744373
1414591113 1239776261
1160844217 315803713
1559882575 292626119
1990806302 1086357999
1123724993 589615532
289904873 896997993
1106908046 859573521
1965482666 1914864423
1371709425 633688678
875935435 978316233
1105290200 1007796189
1970338143 1438152017
1636256873 1470076436
1339670011 1533265041
1251065703 1201117816
1677554723 988418553
1573678582 812481417
926593417 205364839
1143280380 1259759267
1095564311 148375778
1978383373 486402143
1279235661 1104698932
1005729764 498770345
888131264 1230397385
1422185144 545430549
1891605880 633220171
811105020 991571173
17091671 1061334314
929975427 713230565
1307572809 1034035411
1503633392 1394437811
1943221238 241478501
1225425940 1223313613
868965633 227385400
1129011151 1172258948
884907667 1059364787
944829887 324273237
1839146425 1843664122
796057399 258087837
224096127 1512079628
1843895169 654084751
1352118374 967769777
1899660711 638409143
1321066014 1303204321
1918553927 1098573145
933808014 1404906953
1592390974 1460429863
338344360 221754559
29634657 171331729
648262565 1001242187
570316387 770340600
1600488031 494406875
1077992023 1971574052
264570533 198605667
1656252727 222810438
493596858 424158497
59678493 1125330170
887331217 361285299
633960458 1969673451
576753700 1666161331
1697446068 1016247917
1758518025 827408248
1239971531 1753206018
935415658 219391513
262092718 561215465
1599392728 289555215
639492949 595679558
1943345763 1815118
642878979 1489511288
374159217 1785487375
1329344966 1678794517
350254131 1435412059
30161989 1546299676
152730187 1160095299
358237657 122288256
12477089 606404003
1875621141 862088054
1097177752 20633245
