13500611
777308
37972928
2849322
19415640
2741478
1218504
12867180
11407200
30748026
421544
174441384
179520
7165728
11445720
25401432
54349932
423660
392700
45540
437580
56992416
668537238
14322
34581550
23564
15815508
12187780
222246002
8068170
25292927
137228340
203490
419047508
12646686
229338838
50972074
459313816
20666560
113760
332753190
1552316
3267420
149090972
99806400
322670110
77854368
1548180
420072
28401616
923982
333265450
454893882
13939000
62248092
140597860
33369628
420028
13625114
9259164
1161468
2578114
67353242
61596
69085632
418140
1584
1817552
2785552
7623000
93802100
151214470
4792
487957103
325318493
80912064
460049742
1502550
852237768
50005650
850153908
193640
736440
6353208
88940390
343383048
399910812
103152
5101140
308017348
209140312
248007630
49536270
1414270
29339792
220251782
38436612
1733940
15691302
2373012
