100
675 94
334 805
82 947
403 639
201 547
205 958
802 69
922 273
12 175
337 523
95 389
852 793
541 779
578 767
978 35
66 25
89 102
987 404
245 488
704 695
289 913
295 846
948 997
736 87
542 793
393 613
357 167
529 704
584 247
969 871
248 483
283 499
368 335
729 974
849 449
827 378
333 80
633 782
547 711
397 16
325 958
797 138
467 144
297 931
779 316
893 558
466 575
450 547
558 749
413 272
499 528
503 110
218 859
697 702
802 363
95 274
958 981
433 556
381 812
529 819
983 441
731 97
448 975
894 457
461 42
339 718
413 366
831 251
523 472
8 405
631 105
688 273
35 367
467 704
387 667
780 853
825 701
169 911
119 694
686 145
407 49
493 481
71 779
215 827
504 209
893 211
478 697
325 259
602 75
116 419
15 821
94 911
893 592
458 383
772 867
452 997
823 877
40 843
549 200
733 152
