100
663547683 1856266484
1631507903 572972009
1062734779 440235781
1996717824 511187779
32235064 582326803
1278105404 117894803
1196418134 808940145
66528419 1787951851
1800324465 1544567542
581965223 1699411940
556385287 244179683
1353394860 1398845419
181775108 871294035
475542045 658126861
301148634 1787412439
849545737 967089195
1506934972 145880647
1228692473 1071141837
1863214823 1136388280
142984266 340957669
1708220415 67316467
525655366 1375866593
74157423 310261249
1231468511 1246777078
1820092197 245013688
1811464009 645987085
339095078 657935865
1165483894 1296593981
249199186 399114623
920862814 1563754587
500059614 1744388729
263418277 93654994
1655073179 708621635
1728380243 1547606391
1052343835 612642736
754107034 34972847
1547245244 1315588621
612680276 483841913
991192840 522659723
326925644 743224861
595747917 1900203890
269497089 1473953180
176530775 475185586
569381658 1582102367
123293560 1593403233
370438673 349116571
577305002 1128825309
1631178121 1021861046
1488084995 1615184782
1436890679 1968167791
1803641745 371302934
428731953 1947246910
517465179 1312129004
1037464573 1838274301
1687886587 1302373586
1118984041 759246850
352071784 1994947109
657437587 1248626465
61441779 1535379631
1469843653 506166478
1440244327 542713686
679725484 1554214041
227128767 1512604520
270197896 666952643
1145282615 1967746237
184027937 624112173
842959714 590341991
664973973 1799034533
475021818 1507219619
1706379909 1577837995
1872422429 1479820465
342637275 1317140353
1265189665 84624621
72973139 920799816
1580674159 127333003
1056326125 1534871324
832985635 225053567
321904714 639723781
1719631195 1986345998
1960427818 830213733
1305090751 59604378
860508535 179731676
1935637702 1334380165
599590239 1499196040
1373060765 1456744583
769834789 1459924854
504788393 1273207066
603311279 1748520312
765372552 1582616015
394762312 459236937
1822010982 848535703
169659553 839473960
294973822 868053705
602124153 1873777388
803296672 816529147
379425709 482099106
553970393 613464793
1024351771 1518443398
986228564 594195433
1010292577 1103748213
