100
32188058 1499452231
1589071823 1375019143
1046256767 1333442238
1838357222 835283489
429999920 1819054789
487211053 1038824089
837916714 887501079
1847087059 260409944
1655057059 206714637
1624621147 1383354322
1236467891 754896826
1532926696 1486247031
1119335178 1163965757
1343435173 1106878940
76303726 1760408009
438983577 596152513
907303119 6995725
107606930 913310983
665801567 156427848
558703659 400173272
711762448 172875201
289075490 1650738059
1734437588 1839153423
1207605579 350003689
428512157 1537592490
1128549751 508736066
430393443 374285066
1260096796 109516805
392650565 524405222
1984947543 1924759318
1637655853 404867129
1559514977 1816637546
803300587 1181385050
1221030794 569305703
247378385 327024163
320681490 244769237
1992245721 774967490
725555061 1708446475
978801916 47730439
612129775 1649184368
378157547 1828567053
94841941 971321632
760656193 1446540503
451138837 1116643450
1326271279 1966150380
1436481369 1878941239
1079211637 154296277
1165995463 1989667272
1081529006 1573944963
1280462736 807461485
1206922514 103552433
1067290765 1122056352
854095229 1576008308
473590423 67682642
1568528470 1720373403
367651046 1632990421
1132002135 800793751
1355672246 36460335
719101235 1891362962
1844895837 1824607502
291748999 1855664374
1736825070 1326739933
799197813 709085171
228188787 581761967
527322336 1733495855
1090810694 1835292791
805555477 677379931
192837701 926635112
1915283570 811795821
1578891739 1221447190
755081002 749835209
1203579665 256605527
1098401001 1978114559
1986698363 575871884
1279976521 912805715
1129959541 863098690
897849891 1497595097
901101055 1236880073
1713600707 1608433219
145892122 1503712801
149030776 1369198259
712082865 328576198
238203293 1370309200
98059409 1363401740
243542557 1759155310
1800334812 945340267
1518344807 1976165822
15102858 1469774995
747900237 1004346772
1250308553 1671678209
575333219 1980688712
811060503 736893703
105387471 1481160412
1040403181 1268259863
271709128 1695933121
1614526797 1233469598
423040402 1782884331
434785423 66850087
1678162406 77543409
1652337337 18970295
