100
324518992 1444971975
537287227 624069239
543593716 1430054459
1217803509 1646510272
995443923 580575968
917939243 58302119
1685683003 801406318
693786852 868974811
1457301595 330598923
16178795 1704902028
1859110116 1831507339
674941491 1222429526
642977883 1626684422
55614568 728315715
1604051295 236687981
675331112 269653145
559143321 1060631521
561505958 169724859
75407708 1808459557
838118449 1647514899
1964471629 54396647
1302327509 1128236904
790867643 1885304774
909494153 1195796249
1728770119 1651055165
1454397800 967935209
593043127 370328362
1606424534 1538450737
1481431457 684640496
820808808 1406292017
1363829420 184436061
902378375 1285611579
506449934 1292310817
1078963734 94087445
313895972 743543883
598168436 1097554459
1949524190 1153259179
1994168730 978372779
1351485287 1288243370
436780451 1410960765
1978448089 917070240
56355881 1442748787
520745846 975808183
170986029 904983083
1013384703 378265496
1566754546 1773327517
1500001151 734476271
1000172626 1494229805
1156103738 1655300531
1408736393 996096707
1157334491 931723875
1872582445 1033972491
1723891329 356062286
760611887 232950139
1445560267 451654818
90483311 1019153005
1107878514 227967049
948689584 1922708373
1469372139 1379211821
1102044203 1100230533
1341242214 238754345
1203002753 955245056
1507116987 1648747213
770642456 623629579
962861366 1042870459
1428730909 937838935
1322417787 850538564
876141327 364589765
828472122 1236221909
237660032 482483103
881872679 126478127
1975011320 1313261961
1952148529 1712881405
1199388864 1227589351
1653583967 1653881255
1165318457 1342245532
232994598 1783180343
287699338 1190277757
771682045 513442499
1005862624 190466779
1687937353 51806510
166959407 796547246
217663771 1533259385
1246686349 1127367103
1013961694 1661322913
65040210 244011883
232840077 1621030388
1638075830 1559956197
1338153208 1227922905
1044765670 729253763
1145504156 1275374681
1276745164 163264981
203960609 1474517977
92857004 1806676819
372182331 1012137941
1307859256 894477965
479418955 1085607302
1504732338 1339773815
1940155609 150925300
122461822 116981671
