100
568152721 489549187
338847595 1703102452
381952415 1726371578
898370987 900858747
1627454215 189823089
64914719 1229364248
884845732 667264821
1852807181 1614207298
1036395577 1562268314
1306472267 1896539482
1262987678 1631919713
1771634347 1705175868
1047350539 474231169
1840855015 1764914392
378359381 1298787091
772772087 793417743
198539458 350978373
1872965530 105554463
595246743 1681805672
334124631 973376282
1730159959 1175325669
1801218278 1596935233
43902779 1099808239
82085122 1704962027
1859679584 92117591
740789477 796882131
1884005959 1808251305
450157097 1820586324
1714500196 844147137
71091431 1007636616
1184721781 1597525110
712629433 1516049327
453304025 854554041
1897602551 1330255543
1721551186 533392295
1021683355 28326371
218965589 1452328665
981891149 1138514353
194101904 584721071
1857950824 84479231
1617429728 1522547511
822835515 666042683
1915784635 480857263
1856533338 1654343611
314378692 601653255
652263940 501126049
1662214951 323741298
1881527504 1683222661
1594842499 674433137
522843678 940531115
1980401843 1816009556
1742065102 1095185059
478419986 889182297
188520800 537506973
1066396862 1162320165
660878402 147614393
346094242 762837147
1868441563 421572241
1423496429 225425752
383370261 1744866199
1437968385 1358640352
1265882025 947779274
938402068 879196775
1233572533 1894788769
867823430 555489237
480960687 692037632
593796421 861467168
257996147 1095854073
925098730 1602252013
1701074897 389056383
1042942251 108447652
814551732 1205023025
581408039 809372559
1805136261 1547479333
356020579 262111447
1843799205 1210219132
889558999 1506216822
835391226 944898541
31994696 297582333
1424127710 943908473
594437745 1851045688
1699389915 519050402
526758574 325006331
1719456383 698138756
1445639662 1999311947
1582451531 388121960
982035987 638814475
1460289957 1451947106
1948888951 183882371
410957523 1562308556
1575801444 950214479
1456040478 1007629879
1892655477 958926106
26870987 258288741
1091275557 958468486
589665273 714186965
1854412971 402575237
191360009 1391524832
943072280 1793734181
1072787485 446610484
