100
1619431330 1820319481
1946715634 339128753
805734633 467309561
762442930 224119353
1195686471 1266356051
1826608186 1463100595
1647506725 432426983
982109017 619118960
479660645 921341817
763540209 1802009660
545975914 1072046249
1089172443 735310646
846599563 379432346
1274101663 225124405
1579587524 1623095627
158980049 1023315842
405347848 1795647995
537313193 170541400
1251145727 971067802
1555711013 710361234
1969733415 1191576089
1354333981 1595572562
261130017 566909998
770794029 446800879
16303215 628718854
811189707 540975103
1346476804 73732271
242535383 316814631
16667065 1444686561
153607310 517360829
909836652 1447048003
1745609297 1972191191
1686848971 152535929
745711086 539987005
1101424154 1747915071
1373624907 1882974601
961956007 440340505
342022575 746152801
137666053 233266178
69437319 479940649
465469382 1170404917
536477662 1384827071
1117542631 338651054
652766019 1994230177
1773601399 1578658588
46693923 636962114
754277006 1030993209
836939254 1050716501
1165595121 1078659163
1108454889 1098344360
79055042 523684027
1527069451 588748230
1680927790 961762343
1185081413 1741660179
80645286 1140391913
793298489 821900606
431694272 1071124959
1847441801 534058622
623919495 1450746592
539892481 838182508
1375353440 465230009
1725038031 1648294543
1662291113 672199520
167201492 1334448397
1525952703 717728020
1122081399 90166333
443268508 1213295057
1398319921 976798952
1061613668 1617473713
837455016 1606617179
1258830432 1621356643
1263232709 827501255
1154336602 930030197
553344444 1950895247
1672528243 313823105
1953799745 1832232918
1292021944 73100619
1663013812 1186545479
189398861 247623310
409283285 1599751644
1817692538 1318005105
1288716207 865384571
13725314 729636973
857017439 782775540
1932112361 1207276217
1142542795 719810863
712621516 1522448421
1203373769 1899030962
1493202549 340820111
981042697 435295941
10484109 1232295496
1966171093 1446961488
319783590 1714253309
360082621 331144400
582179321 1214871249
651649285 1829599174
1903257586 386256261
125560288 507549531
1876681373 513271601
1064570348 201075583
