1820319480
2754780
111747933
37353225
126582840
22140570
432426982
5159324
7623810
2925340
89153703
38430840
45793552
8186340
2417070
3553180
7383392
422388
29744260
10763016
5701320
99691808
23604578
2392872
3880720
67603466
7354800
15086410
2182830
3434980
698574884
493000578
164868
107997400
20593968
26985504
3996692
31089700
196352
119985162
2159220
44671840
4515735
314878446
729960
318481056
2726346
212976
253802152
27458608
4846482
560700
160237220
248808594
29808828
33999474
87013080
44154432
7544292
104772813
19369584
19566300
8402492
148272044
4484088
90166332
32909316
40699956
808666034
267718096
18010152
5722860
76431936
418048980
62764620
19082688
61908
254259744
2251120
66656318
58578004
3980880
14031480
3528
258702045
239936954
9635730
7139214
170410055
72549323
77005890
12919296
11095254
1028040
1770216
800814
2653616
9325050
127632580
100537791
