230376080
34522344
8173296
17621520
31591700
7748088
111210803
2654890
260378052
74374096
326040
12917998
14663775
18376778
2649556
14672916
2096640
15079206
1105600
16222938
621108
1596935232
2472660
852481013
15294512
44241624
8610720
37770124
7687746
187080
26625417
93240
21495040
1330255542
4432809
14163185
857280
4122060
33137140
7679930
253757918
166497672
9280350
1654343610
3820020
501126048
53956882
40076730
57808554
376212444
304416
182507436
2905824
151008
4301892
3074456
686340
2353758
574632
1744866198
7053592
1411384
17108676
236622680
866502
44160
17932824
10137682
127674932
43228486
27111912
4820092
22250784
64402680
9890972
16794180
3780216
157483090
1082380
461912634
115462812
19963476
75001458
1038294
99328866
9703048
14685060
1408704
1886852
390577138
454450392
82016382
56407416
43048122
357840
47297100
402575236
1191372
89686709
37217540
