100
575 726
19 333
137 606
568 783
674 947
919 701
373 504
345 557
579 803
560 897
571 585
196 985
860 397
715 222
797 448
104 521
998 859
92 555
473 355
819 751
116 167
684 919
866 297
789 209
861 785
437 6
989 176
397 356
464 83
901 108
789 544
67 580
193 377
839 234
955 482
421 175
645 523
881 566
925 159
243 149
671 216
537 403
531 83
651 418
749 6
382 897
406 397
891 929
669 545
827 123
49 605
316 163
569 62
871 145
590 999
234 919
685 558
907 796
97 939
941 683
183 14
845 284
73 421
270 979
988 987
283 294
874 815
737 41
137 851
122 957
438 529
179 763
523 39
613 111
623 225
115 811
841 772
433 936
191 621
1 229
568 283
908 985
25 643
950 763
15 836
288 43
834 181
666 193
929 649
367 161
976 933
395 652
494 159
333 22
277 381
745 552
103 763
369 896
105 424
42 67
