355
1 1
1 3
1 5
1 7
1 9
1 13
1 15
1 19
1 23
1 25
1 27
1 29
2 2
2 4
2 6
2 8
2 10
2 12
2 14
2 16
2 18
2 20
2 22
2 26
2 28
2 30
3 1
3 3
3 5
3 7
3 11
3 17
3 19
3 21
3 25
3 29
4 2
4 4
4 6
4 8
4 10
4 14
4 16
4 18
4 20
4 22
4 24
4 26
4 28
4 30
5 1
5 3
5 5
5 7
5 9
5 11
5 19
5 21
5 23
5 29
6 2
6 4
6 8
6 10
6 12
6 14
6 18
6 20
6 24
6 26
6 28
6 30
7 1
7 5
7 9
7 11
7 13
7 17
7 19
7 21
7 25
7 27
8 2
8 4
8 6
8 8
8 10
8 12
8 16
8 18
8 22
8 24
8 26
8 28
8 30
9 1
9 3
9 5
9 7
9 9
9 11
9 13
9 15
9 17
9 19
9 21
9 23
9 29
10 2
10 4
10 8
10 10
10 14
10 16
10 18
10 20
10 22
10 24
10 26
10 28
10 30
11 1
11 7
11 15
11 19
11 21
11 23
11 25
11 27
11 29
12 2
12 4
12 6
12 10
12 12
12 14
12 16
12 18
12 22
12 24
12 28
12 30
13 1
13 3
13 5
13 7
13 13
13 15
13 17
13 19
13 21
13 25
13 27
13 29
14 6
14 10
14 16
14 18
14 20
14 22
14 24
14 26
14 28
14 30
15 1
15 5
15 9
15 13
15 15
15 17
15 19
15 23
15 25
15 27
15 29
16 1
16 2
16 4
16 10
16 12
16 16
16 18
16 20
16 24
16 26
16 28
16 30
17 1
17 5
17 7
17 9
17 11
17 13
17 15
17 17
17 19
17 21
17 23
17 27
17 29
18 8
18 10
18 12
18 14
18 16
18 20
18 22
18 24
18 26
18 28
19 1
19 3
19 5
19 7
19 11
19 15
19 17
19 19
19 21
19 23
19 25
19 27
19 29
20 2
20 4
20 8
20 10
20 12
20 14
20 16
20 18
20 20
20 22
20 24
20 28
20 30
21 1
21 3
21 5
21 7
21 9
21 11
21 15
21 19
21 23
21 27
21 29
22 4
22 6
22 8
22 10
22 12
22 14
22 16
22 18
22 24
22 26
22 28
23 3
23 5
23 7
23 9
23 13
23 15
23 17
23 19
23 21
23 23
23 27
24 4
24 6
24 8
24 10
24 14
24 18
24 20
24 22
24 24
24 26
24 28
24 30
25 3
25 5
25 7
25 9
25 11
25 15
25 21
25 23
25 25
25 27
25 29
26 2
26 4
26 6
26 8
26 10
26 12
26 14
26 16
26 18
26 20
26 22
26 24
26 26
26 28
27 3
27 5
27 7
27 9
27 11
27 15
27 17
27 19
27 21
27 23
27 27
27 29
28 2
28 4
28 6
28 8
28 10
28 12
28 14
28 18
28 22
28 26
28 30
29 1
29 3
29 5
29 7
29 9
29 11
29 13
29 15
29 17
29 21
29 23
29 25
29 27
29 29
30 2
30 6
30 8
30 10
30 14
30 16
30 18
30 22
30 24
30 26
30 28
30 30
