30 30 200 1
8 20
26 19
27 13
1 21
26 27
11 10
19 2
12 11
23 24
5 25
6 13
5 15
22 21
20 6
27 22
21 25
21 6
3 8
28 16
22 2
10 17
18 4
15 7
8 14
23 16
11 13
7 3
18 30
30 27
11 14
19 6
10 6
4 13
5 17
13 23
9 27
15 20
23 1
3 27
11 17
17 28
16 22
25 17
3 6
13 24
27 28
23 25
20 29
2 24
18 18
10 23
6 15
24 12
28 24
15 11
6 19
17 25
11 3
28 9
22 22
12 20
21 17
7 24
30 4
12 15
15 21
14 13
14 8
21 12
16 3
7 15
29 4
16 27
14 15
2 17
21 30
25 19
27 2
23 20
8 1
7 29
1 22
17 18
28 29
18 1
18 13
25 18
6 3
25 1
21 21
11 9
4 19
24 2
3 15
17 3
6 6
3 13
22 11
29 16
9 25
16 11
3 23
20 26
25 6
7 16
4 7
4 12
22 30
1 11
16 3
3 9
30 3
24 29
21 10
6 16
28 13
11 11
1 17
10 13
9 24
16 5
30 4
14 19
1 20
12 7
22 7
7 7
18 15
16 8
26 15
10 5
25 30
3 12
5 13
27 25
5 2
13 11
19 16
19 9
28 28
28 20
11 5
22 20
16 7
20 17
7 20
28 23
24 16
11 30
18 2
22 11
16 14
25 26
14 14
12 8
12 27
19 24
29 20
2 21
25 10
24 21
23 11
9 2
24 27
24 7
11 20
10 21
15 3
14 4
14 12
22 5
4 11
23 6
26 30
27 1
6 22
12 26
10 15
18 6
22 15
7 23
29 19
8 21
28 5
12 1
19 13
5 27
17 24
4 15
23 29
16 6
30 20
15 8
28 3
29 24
21 13
25 13
13 9
10 12
30 12
