306
1 2
1 6
1 8
1 10
1 12
1 18
1 22
1 24
2 1
2 3
2 7
2 13
2 15
2 19
2 21
2 23
2 25
3 2
3 6
3 8
3 10
3 14
3 16
3 18
3 22
3 24
3 26
3 30
4 3
4 5
4 11
4 13
4 15
4 17
4 19
4 23
4 27
4 29
5 2
5 8
5 12
5 16
5 18
5 20
5 24
5 26
5 28
5 30
6 1
6 5
6 7
6 9
6 13
6 15
6 17
6 19
6 21
6 23
6 29
7 4
7 6
7 8
7 10
7 14
7 18
7 20
7 22
7 28
7 30
8 3
8 9
8 13
8 17
8 19
8 21
8 25
9 2
9 4
9 6
9 8
9 12
9 14
9 16
9 18
9 20
9 22
9 24
9 30
10 1
10 7
10 11
10 15
10 17
10 23
10 25
10 27
10 29
11 2
11 4
11 6
11 8
11 10
11 12
11 14
11 16
11 20
11 24
11 26
11 28
12 1
12 3
12 5
12 7
12 9
12 11
12 15
12 17
12 19
12 21
12 23
12 25
12 27
12 29
13 2
13 4
13 6
13 10
13 12
13 14
13 16
13 20
13 24
13 26
14 5
14 9
14 11
14 13
14 15
14 17
14 19
14 25
14 27
14 29
15 6
15 8
15 12
15 20
15 22
15 24
15 26
15 30
16 5
16 9
16 11
16 13
16 21
16 23
16 27
16 29
17 2
17 12
17 14
17 16
17 18
17 20
17 22
17 28
17 30
18 3
18 7
18 11
18 13
18 17
18 19
18 21
18 23
18 25
18 27
18 29
19 2
19 6
19 8
19 10
19 16
19 22
19 26
19 30
20 1
20 3
20 7
20 9
20 11
20 13
20 19
20 27
21 2
21 4
21 8
21 10
21 12
21 14
21 16
21 22
21 24
21 26
21 28
22 3
22 5
22 7
22 9
22 11
22 13
22 15
22 17
22 19
22 21
22 23
22 25
22 27
22 29
23 2
23 6
23 8
23 12
23 14
23 16
23 18
23 22
23 24
23 26
23 28
24 3
24 5
24 7
24 11
24 13
24 15
24 17
24 25
24 27
25 4
25 10
25 12
25 14
25 16
25 18
25 22
25 26
25 30
26 1
26 5
26 7
26 9
26 11
26 13
26 17
26 19
26 21
26 23
26 27
27 2
27 4
27 6
27 10
27 14
27 16
27 18
27 20
27 22
27 26
27 28
27 30
28 1
28 3
28 5
28 7
28 11
28 15
28 17
28 23
28 25
28 27
28 29
29 2
29 6
29 10
29 12
29 14
29 16
29 18
29 20
29 22
29 24
29 28
30 1
30 3
30 5
30 7
30 9
30 13
30 15
30 17
30 21
30 23
30 27
30 29
