30 30 400 1
11 16
17 23
27 11
2 29
21 22
11 5
14 9
18 16
24 7
17 19
14 30
26 6
7 8
21 29
13 13
2 25
20 4
27 17
2 30
20 17
8 11
8 15
6 21
22 4
18 21
26 2
5 15
2 12
7 18
28 13
8 29
1 3
13 16
29 18
25 6
19 30
25 5
8 9
16 18
12 14
23 20
12 25
26 3
21 3
11 2
11 25
5 5
16 30
30 3
24 11
23 24
3 6
20 14
1 18
29 20
13 3
15 17
7 11
16 22
4 3
14 27
21 17
4 6
18 12
1 30
26 10
4 8
26 19
22 28
23 26
12 26
5 25
17 29
15 14
29 2
2 6
9 28
23 19
20 21
16 9
13 30
1 16
24 9
14 18
13 10
25 29
21 17
11 7
16 17
20 9
19 2
6 9
16 10
2 16
10 6
13 18
28 27
12 12
2 23
28 14
10 10
20 16
29 30
13 26
2 9
4 1
22 21
30 10
10 8
25 27
9 18
29 17
15 2
8 20
15 22
30 30
17 16
16 16
10 13
29 4
18 19
19 9
9 24
23 29
29 13
12 1
27 23
6 15
4 25
5 8
27 15
28 3
26 22
18 3
19 16
24 5
25 11
11 13
24 18
12 23
10 28
10 29
27 7
19 19
25 3
12 21
16 26
23 26
27 24
1 14
16 1
23 12
23 14
23 27
10 9
23 23
13 28
23 18
5 4
4 30
19 11
14 14
5 9
22 26
11 14
12 15
17 24
16 14
19 23
9 23
10 1
2 27
24 1
3 30
27 1
22 18
10 26
20 20
5 5
28 16
4 24
10 22
10 7
19 18
26 15
21 21
22 15
6 4
5 22
13 29
3 22
14 13
17 6
2 7
8 28
3 23
17 10
14 21
7 23
29 1
20 18
6 18
7 7
26 3
28 6
26 10
26 8
27 5
16 25
23 6
10 14
16 13
11 22
26 4
18 15
14 24
6 23
29 7
11 19
18 13
8 30
16 21
23 25
12 6
21 29
13 4
26 30
5 10
24 10
5 14
4 2
4 4
8 12
27 27
24 11
24 14
14 22
29 24
3 4
16 27
13 19
5 20
10 12
7 27
9 13
24 6
7 6
22 24
20 19
11 30
24 12
11 18
28 22
3 3
28 9
20 6
6 29
15 23
15 20
14 29
7 26
28 2
17 25
20 8
11 9
12 13
14 6
12 20
9 26
20 24
12 16
26 13
7 5
25 9
12 2
3 21
15 6
29 25
16 6
27 30
8 8
18 7
3 17
9 29
8 21
27 13
8 27
17 9
29 3
26 25
15 18
27 28
2 15
17 26
15 30
15 25
9 20
4 19
20 28
14 6
2 7
3 30
5 3
30 13
13 13
2 11
6 5
19 18
15 27
17 26
7 12
27 18
23 30
27 8
23 11
11 4
21 7
30 11
19 6
12 29
21 10
9 9
11 8
4 17
22 29
26 23
8 24
23 21
10 5
30 6
17 4
1 1
23 1
28 5
4 16
24 20
22 3
15 21
14 11
11 15
28 5
7 9
19 13
29 8
30 27
26 1
9 22
20 1
21 14
28 17
10 16
16 24
11 3
13 23
3 20
25 12
27 16
12 7
8 15
10 28
17 7
21 20
19 15
25 22
21 18
14 10
6 17
13 2
22 11
25 26
25 24
16 7
6 26
24 28
20 3
22 23
3 24
8 14
26 21
27 29
28 10
1 21
12 20
9 1
25 14
9 17
5 30
22 17
26 28
10 27
24 3
20 13
14 23
21 15
17 2
14 16
23 6
8 1
17 27
26 12
