234
1 1
1 6
1 10
1 11
1 12
1 14
1 15
1 17
1 21
1 23
1 26
1 27
1 28
1 29
1 30
2 2
2 6
2 11
2 18
2 20
2 22
3 1
3 3
3 17
3 19
3 21
4 2
4 4
4 6
4 8
4 11
4 13
4 14
4 16
4 20
4 26
4 28
4 29
5 1
5 3
5 5
5 17
5 19
5 23
5 25
5 29
6 6
6 18
6 22
6 24
6 26
7 1
7 3
7 9
7 10
7 11
7 12
7 13
7 15
7 19
7 25
7 27
8 16
8 18
8 22
8 30
9 3
9 5
9 7
9 15
9 17
9 19
9 23
9 25
9 29
10 2
10 4
10 6
10 8
10 10
10 14
10 16
10 18
10 20
10 22
10 28
10 30
11 3
11 9
11 11
11 15
11 17
11 19
11 21
11 23
11 29
12 4
12 6
12 8
12 10
12 12
12 20
12 24
12 26
13 11
13 17
13 21
13 25
13 27
14 2
14 8
14 10
14 12
14 16
14 24
14 26
14 28
14 30
15 5
15 7
15 9
15 13
15 15
15 17
15 21
15 23
15 25
16 2
16 6
16 14
16 16
16 18
16 22
17 1
17 7
17 9
17 11
17 21
17 29
18 2
18 4
18 6
18 8
18 14
18 16
18 22
18 25
18 26
18 29
18 30
19 7
19 9
19 13
19 17
19 25
20 2
20 4
20 10
20 12
20 18
20 22
21 3
21 7
21 11
21 15
21 17
21 23
21 27
21 30
22 2
22 4
22 6
22 7
22 8
22 10
22 16
22 20
22 24
22 26
22 27
22 30
23 13
23 19
24 2
24 24
25 2
25 8
25 11
25 17
25 19
25 21
25 24
25 28
26 2
26 5
26 12
26 14
26 16
26 20
26 27
26 28
27 2
27 6
27 11
27 15
27 19
27 21
27 24
28 5
28 16
28 20
29 2
29 4
29 6
29 8
29 15
29 17
30 1
30 5
30 7
30 9
30 12
30 14
30 16
30 20
30 22
30 23
30 24
30 25
30 26
30 27
30 28
30 29
30 30
