268
1 5
1 7
1 9
1 11
1 13
1 15
1 17
1 19
1 23
1 25
1 27
1 29
2 1
2 2
2 4
2 8
2 10
2 14
2 18
2 20
2 22
2 24
2 26
2 28
3 1
3 5
3 7
3 9
3 11
3 13
3 15
3 19
3 25
3 27
3 29
4 10
4 12
4 14
4 18
4 20
4 22
4 26
4 28
5 1
5 7
5 11
5 13
5 17
5 19
5 21
5 23
5 27
5 29
6 2
6 6
6 7
6 8
6 10
6 12
6 14
6 16
6 20
6 22
6 24
6 28
6 30
7 1
7 3
7 15
7 17
7 19
7 21
7 25
7 29
8 2
8 4
8 16
8 18
8 22
8 26
9 3
9 5
9 7
9 8
9 10
9 11
9 12
9 15
9 19
9 21
9 25
9 27
10 2
10 4
10 11
10 18
10 20
10 24
10 30
11 1
11 17
11 21
11 23
11 27
11 29
12 4
12 8
12 18
12 22
12 24
12 28
12 30
13 1
13 5
13 7
13 9
13 11
13 15
13 17
13 21
13 25
13 27
14 2
14 4
14 8
14 12
14 20
14 26
14 28
15 1
15 3
15 5
15 7
15 9
15 11
15 13
15 15
15 19
15 29
16 2
16 4
16 8
16 12
16 20
17 1
17 3
17 5
17 11
17 13
17 17
17 21
18 2
18 4
18 6
18 8
18 10
18 14
18 17
18 18
18 20
18 22
18 24
18 25
18 26
18 27
18 28
18 29
18 30
19 1
19 3
19 5
19 7
19 17
19 21
20 2
20 10
20 12
20 22
21 5
21 9
21 11
21 13
21 19
21 23
21 25
21 26
21 27
21 28
21 30
22 2
22 5
22 6
22 8
22 10
22 12
22 14
22 16
22 19
22 20
22 22
23 2
23 5
23 13
23 15
24 2
24 16
24 22
24 24
24 26
24 29
24 30
25 2
25 8
25 10
25 15
25 17
25 19
25 21
25 23
25 25
25 30
26 5
26 7
26 9
26 11
26 18
26 20
26 24
26 26
27 2
27 4
27 6
27 10
27 12
27 19
27 21
27 25
28 1
28 7
28 11
28 15
28 18
28 20
28 24
28 26
28 28
28 30
29 6
29 10
29 12
29 14
29 15
29 19
29 21
29 23
29 27
29 29
30 1
30 5
30 7
30 9
30 15
30 18
30 20
30 22
30 24
30 26
30 28
