30 30 300 1
16 12
12 28
25 2
3 17
10 21
10 24
7 24
1 5
25 6
23 9
17 26
7 7
13 25
16 19
4 9
13 8
14 28
20 17
22 1
26 15
30 19
13 28
21 15
11 22
2 27
15 3
26 16
11 19
9 1
15 10
10 19
4 7
18 9
9 27
3 20
22 14
7 12
20 26
9 25
29 27
9 10
29 30
3 28
2 16
24 19
25 27
22 4
8 15
2 6
14 7
15 5
21 3
24 23
21 9
9 28
24 2
9 3
25 8
30 22
1 26
26 30
28 16
24 1
5 6
8 5
8 23
21 30
2 17
9 15
27 12
11 7
2 9
22 12
28 21
20 6
19 20
25 28
14 6
11 30
7 19
9 26
26 2
23 4
25 5
27 7
20 29
10 9
19 4
11 23
15 23
2 29
8 8
5 14
27 11
24 14
18 6
5 13
7 16
15 16
23 20
19 14
25 21
18 15
11 23
19 12
11 29
25 7
20 30
28 26
17 6
21 6
28 9
17 17
16 7
29 8
17 29
24 9
13 22
3 15
18 2
22 2
17 8
17 4
10 3
30 25
26 28
2 20
17 23
16 22
23 10
17 10
28 13
5 11
20 25
16 14
20 2
8 11
5 15
21 11
22 26
11 18
8 1
6 27
6 3
15 2
4 21
26 3
19 18
1 16
15 4
24 28
8 12
6 25
21 7
13 21
1 9
30 18
19 24
15 1
1 14
6 4
13 18
4 22
4 24
6 16
27 5
27 24
13 9
20 21
19 1
5 22
10 4
26 25
18 28
27 3
24 10
18 18
14 22
12 14
2 5
14 30
22 18
16 15
17 24
18 22
26 29
24 21
24 18
2 10
5 10
21 20
17 21
1 30
1 20
14 23
24 29
5 19
29 30
3 12
3 15
28 14
16 1
12 16
28 19
28 20
25 9
25 24
1 28
9 7
8 2
6 25
4 30
14 10
29 4
24 30
25 25
15 14
4 1
19 28
7 27
6 6
29 26
22 28
24 16
2 14
5 25
26 8
23 30
11 7
14 3
3 4
9 5
5 9
7 2
17 27
16 3
12 13
8 29
20 15
13 30
17 11
15 28
8 7
16 17
16 18
9 23
29 5
29 17
29 1
15 11
25 3
15 27
19 27
12 26
14 1
17 15
20 23
29 9
12 18
27 8
16 25
21 18
25 20
17 3
1 4
15 7
4 25
30 12
20 26
3 19
17 13
10 13
1 26
7 26
10 8
20 5
6 11
14 21
5 21
1 13
1 3
25 15
8 7
18 1
10 5
8 27
20 28
26 24
30 11
15 18
18 26
4 20
12 4
21 6
18 5
16 24
12 10
27 19
2 11
5 4
