30 30 500 1
23 30
20 14
26 25
19 1
19 29
26 11
25 13
9 2
15 3
6 9
26 4
19 12
16 10
21 26
23 18
26 29
20 6
28 7
26 13
20 3
23 11
23 24
30 3
29 10
24 12
4 30
12 16
20 9
17 18
5 14
2 29
25 27
11 27
19 11
28 21
24 26
16 29
28 9
23 17
28 23
8 20
5 11
9 6
17 27
13 14
11 26
27 8
8 28
23 2
20 30
27 1
13 18
23 6
26 18
18 13
24 9
23 3
27 28
9 27
5 9
28 28
3 5
13 5
26 21
6 21
22 23
24 22
12 2
11 8
27 26
5 2
20 16
29 9
16 4
28 19
18 20
11 24
21 1
29 16
12 9
14 15
1 4
25 15
15 27
22 11
4 18
19 5
26 8
21 20
23 20
13 23
13 8
4 30
2 4
2 25
22 5
14 20
2 19
18 28
25 30
13 19
28 4
14 19
12 21
29 27
8 2
18 7
17 5
17 22
7 4
15 18
27 17
26 17
27 22
18 9
8 26
29 20
7 26
30 4
5 16
8 6
2 8
1 5
13 22
30 17
2 26
24 27
1 7
3 8
10 19
3 11
28 12
17 19
12 22
27 16
12 3
24 4
8 4
7 20
9 14
16 7
28 25
23 28
20 17
13 1
9 28
17 30
7 29
29 25
11 7
19 21
8 5
13 3
24 7
11 13
2 21
30 21
20 20
24 3
2 12
21 25
18 10
6 30
19 16
17 13
16 12
17 3
3 20
14 22
23 23
25 7
16 9
6 2
25 1
7 23
11 16
3 28
2 10
1 22
15 19
2 26
24 10
19 18
28 15
11 26
3 6
16 5
29 7
21 26
26 30
4 17
23 11
6 14
22 12
24 25
16 30
15 6
25 9
19 3
15 24
29 13
18 12
11 1
5 6
11 2
8 8
16 27
5 21
6 7
28 3
4 12
11 25
16 28
22 14
6 20
30 19
12 25
9 21
26 8
14 6
2 1
29 19
10 26
7 22
5 18
10 5
11 2
30 10
17 15
20 15
26 7
6 11
21 28
28 6
26 3
16 15
8 10
21 16
19 15
24 30
8 27
27 23
30 11
4 15
9 11
5 10
24 23
27 7
1 20
8 9
11 5
11 6
15 30
5 8
3 15
24 18
24 28
5 28
2 21
9 10
27 30
27 1
22 14
26 24
6 17
7 7
21 6
7 30
19 2
17 6
8 25
10 13
4 9
4 15
23 20
22 19
6 16
8 19
13 7
20 6
4 22
30 13
19 30
8 11
20 16
25 23
3 29
3 25
24 20
26 11
29 11
23 27
4 5
14 4
27 29
6 29
9 9
20 7
16 13
2 9
1 24
23 21
21 9
1 3
24 21
6 4
7 6
30 18
14 27
6 21
28 30
24 5
4 10
26 10
13 13
28 9
20 24
1 19
12 18
7 21
12 28
23 15
6 8
18 17
26 22
14 14
12 29
3 27
8 13
16 11
2 19
24 26
23 9
22 28
13 15
8 12
24 16
22 18
13 29
3 13
4 24
24 18
30 15
28 22
27 13
9 22
16 3
3 23
13 4
6 23
20 27
8 21
28 14
9 1
10 24
18 9
22 22
13 2
9 8
2 13
20 26
28 25
12 15
13 12
8 24
29 16
20 8
7 17
12 7
10 12
10 13
28 1
16 26
29 30
25 6
8 14
28 29
24 14
27 25
12 30
2 14
26 26
21 24
4 23
1 9
18 24
23 21
6 9
2 5
11 7
25 20
24 15
29 24
19 8
23 26
16 20
13 9
24 11
27 27
15 2
21 21
17 17
1 20
16 8
7 14
9 21
19 19
9 30
25 4
5 7
11 28
7 5
12 17
15 29
19 28
25 25
29 5
13 10
14 17
24 28
3 10
10 29
7 5
5 27
5 13
28 12
30 10
27 4
24 20
14 13
1 2
17 2
5 26
14 18
1 25
26 6
13 8
5 30
25 18
15 20
28 4
14 11
21 22
29 1
25 14
21 13
10 24
21 5
27 12
25 10
12 25
21 24
5 20
16 24
3 12
17 26
24 8
28 4
15 1
21 4
13 30
1 8
17 24
10 3
18 18
28 18
24 12
22 29
30 8
23 8
17 10
21 8
16 17
15 14
14 29
25 29
20 30
20 16
20 28
19 26
26 1
11 18
25 3
10 25
3 14
25 9
17 14
17 23
13 29
12 14
4 19
13 19
15 11
17 25
8 14
21 19
24 26
15 22
4 17
14 1
