1000 1000
849.86 4.31
124.51 3.91
997.15 31.54
896.52 34.62
179.31 7.06
746.26 38.10
581.82 32.59
809.48 59.40
529.47 44.54
598.26 53.78
781.44 74.09
477.39 52.66
713.45 80.71
760.47 91.84
29.75 3.64
761.79 101.73
378.34 51.68
395.02 56.02
759.68 109.11
501.05 74.78
721.63 112.42
636.22 99.93
0.97 0.17
457.65 85.72
52.50 10.22
754.05 159.72
545.63 120.91
213.80 47.47
369.93 85.43
626.60 146.87
336.43 80.03
355.80 87.94
560.41 139.91
65.13 16.49
588.44 149.07
737.91 191.24
506.23 133.63
15.40 4.08
891.51 236.30
194.13 53.41
44.74 12.36
396.76 112.48
473.65 136.79
527.07 152.99
320.27 98.79
769.09 243.33
555.25 182.91
403.46 135.39
313.01 106.46
731.29 251.11
420.44 147.54
629.93 226.46
430.20 155.26
645.66 242.85
492.02 189.20
253.00 99.48
566.59 225.27
26.79 10.79
447.03 185.35
240.32 104.44
666.86 304.40
127.93 58.42
282.51 129.78
547.00 251.47
203.84 94.74
68.79 32.06
60.56 28.35
129.44 61.03
76.40 37.33
227.53 115.05
191.41 98.73
296.41 153.97
209.17 109.85
379.10 199.86
877.63 464.18
176.10 93.76
771.29 411.05
842.40 455.54
613.22 332.40
571.59 310.32
422.79 229.81
587.57 329.09
378.43 214.09
564.77 323.57
313.64 181.07
32.27 18.82
496.74 289.85
833.23 493.39
190.77 114.76
106.65 64.28
281.41 170.61
707.18 432.55
843.66 517.11
540.40 332.46
308.30 191.23
695.73 431.88
594.17 374.15
791.84 499.28
325.20 218.65
133.62 92.98
669.42 471.28
14.80 10.51
593.97 422.39
670.28 479.73
721.63 518.17
107.32 77.78
270.89 198.66
132.71 97.85
707.65 525.56
405.44 301.66
276.71 206.92
587.27 442.28
628.36 476.50
358.49 272.37
670.30 535.15
570.95 457.06
676.48 541.55
690.93 564.03
548.21 457.11
576.01 483.39
143.52 121.28
378.75 321.63
591.25 503.48
330.19 281.23
365.91 312.71
625.87 542.76
625.55 553.65
8.78 7.88
222.45 204.54
483.56 450.66
158.39 149.77
392.18 371.78
462.53 440.02
500.07 490.93
574.63 566.69
593.63 585.54
124.23 124.31
181.13 185.72
8.82 9.06
455.78 474.11
355.89 370.81
107.69 115.30
56.88 61.15
329.01 360.73
291.70 322.24
339.25 374.86
652.73 724.47
259.41 291.74
119.49 138.97
294.68 346.32
220.62 262.65
240.18 288.74
192.47 231.43
290.34 351.89
447.95 554.46
471.09 591.35
86.65 109.17
309.37 394.85
59.02 78.04
33.52 44.97
529.15 711.09
245.51 331.61
213.22 289.99
14.00 19.13
19.04 26.49
365.15 508.65
392.95 553.68
143.10 202.40
485.75 691.64
195.87 285.30
169.68 251.30
72.39 108.08
467.53 711.14
62.34 94.90
36.76 56.39
344.46 532.44
213.30 331.32
87.17 137.61
511.67 822.86
347.66 560.77
510.11 832.52
123.03 201.67
243.08 399.26
203.48 352.35
299.17 525.28
429.75 761.52
372.57 677.01
196.08 357.32
171.50 322.07
423.52 796.07
113.98 215.68
119.54 228.74
36.22 70.83
43.51 85.25
20.53 42.00
105.85 217.22
159.23 327.14
379.65 787.20
349.16 730.11
332.10 717.99
259.67 584.93
235.40 537.11
386.25 921.85
134.12 328.40
246.50 606.59
221.63 563.14
319.32 835.65
117.88 314.74
29.87 80.34
12.15 33.09
40.74 115.20
18.42 52.45
317.31 907.55
59.39 169.90
129.80 373.97
273.06 788.13
302.38 926.91
302.82 939.40
278.42 880.23
204.74 653.84
35.55 115.44
250.00 835.91
170.82 578.78
81.39 277.28
184.42 650.46
182.72 667.85
245.94 923.16
215.87 815.92
47.80 191.90
135.82 553.23
64.57 268.19
79.93 344.64
49.15 220.93
144.68 652.74
40.91 186.22
161.25 741.25
83.99 392.62
132.89 625.67
93.57 471.91
110.01 578.92
116.68 703.25
105.82 685.40
82.06 537.47
44.10 291.89
102.19 761.99
101.59 761.46
16.61 125.64
13.69 105.29
7.40 67.06
70.95 675.68
6.38 61.13
40.31 394.27
93.09 913.56
13.24 148.27
41.29 503.81
71.55 878.77
19.31 343.23
29.68 556.64
0.32 7.47
0.61 16.38
22.34 607.44
29.33 918.96
5.40 231.63
15.48 883.41
10.51 677.19
7.95 590.49
1.31 194.70
1.27 487.41
-6.65 624.62
-1.87 102.46
-12.82 574.90
-24.39 996.96
-15.35 555.93
-37.02 924.25
-17.65 339.13
-34.04 580.05
-28.55 449.40
-32.84 471.70
-14.67 197.15
-74.02 947.25
-24.62 291.57
-33.79 342.19
-39.39 358.21
-63.78 558.37
-39.55 345.95
-59.20 488.14
-34.85 282.67
-117.48 945.12
-11.93 95.21
-3.49 27.67
-60.09 429.71
-34.62 247.31
-92.20 611.62
-118.06 780.41
-12.72 83.67
-117.54 730.00
-145.74 904.59
-8.97 54.67
-3.90 22.77
-36.55 206.02
-153.78 850.04
-4.36 23.89
-36.29 196.74
-100.34 518.41
-74.21 383.37
-105.06 513.39
-132.06 562.70
-89.10 351.84
-233.85 923.16
-174.44 594.29
-21.61 73.15
-270.12 890.68
-107.50 331.30
-190.70 587.17
-71.18 218.30
-103.34 315.24
-95.64 288.57
-160.28 460.37
-321.55 911.88
-244.68 686.87
-160.08 449.09
-215.00 601.41
-102.22 281.85
-16.97 45.44
-314.81 828.98
-76.29 199.94
-226.05 576.21
-280.35 689.08
-352.96 866.72
-236.53 571.38
-75.03 178.72
-60.48 142.73
-133.92 312.32
-208.23 455.37
-308.73 670.84
-118.89 253.13
-42.70 89.45
-399.77 819.99
-268.82 543.84
-378.43 751.53
-83.01 164.51
-66.33 128.47
-351.48 667.49
-178.67 336.52
-243.58 450.99
-421.00 761.85
-59.02 104.83
-258.06 456.49
-303.70 536.81
-415.97 720.84
-13.91 23.07
-368.89 593.40
-328.41 515.52
-283.76 439.38
-196.41 294.22
-453.56 676.21
-263.77 392.90
-296.76 439.68
-230.05 339.93
-451.53 661.66
-149.91 214.37
-99.50 140.96
-550.04 747.33
-295.83 396.81
-263.88 350.69
-350.34 453.02
-318.87 381.23
-453.25 539.24
-481.90 564.16
-288.68 330.27
-619.96 705.70
-664.19 740.13
-574.86 638.69
-572.01 634.86
-81.99 88.72
-5.16 5.52
-347.94 357.85
-438.66 441.51
-482.55 484.78
-682.70 676.57
-383.91 368.67
-602.97 575.31
-73.48 69.12
-342.91 322.32
-720.97 677.26
-508.10 473.65
-545.96 490.15
-583.93 512.59
-161.44 141.18
-636.51 545.48
-145.50 121.02
-55.16 45.75
-640.86 530.01
-172.63 142.48
-202.00 163.07
-673.61 538.81
-399.69 317.40
-227.09 177.97
-636.19 498.00
-329.13 257.34
-348.47 272.12
-354.43 276.16
-18.66 14.40
-625.20 475.43
-500.39 380.18
-760.34 573.94
-655.41 490.67
-163.62 121.11
-743.32 543.08
-592.62 426.47
-150.53 107.58
-809.30 563.61
-146.73 101.71
-419.72 288.41
-242.61 166.15
-377.10 255.58
-731.27 491.88
-318.30 213.34
-354.43 236.95
-604.37 400.15
-195.96 129.51
-753.60 496.67
-252.85 165.29
-774.78 502.04
-122.29 78.81
-440.53 283.18
-429.29 262.56
-161.90 98.76
-261.73 157.59
-469.47 280.39
-775.04 462.20
-599.68 356.85
-487.75 279.89
-818.26 467.41
-709.09 400.66
-475.86 267.77
-430.96 236.26
-493.09 267.75
-285.01 153.93
-694.71 368.57
-667.81 350.18
-266.86 138.72
-58.07 30.11
-305.58 157.09
-113.60 57.62
-212.90 107.45
-383.97 192.47
-193.05 96.17
-90.11 44.39
-77.57 37.27
-573.10 265.43
-133.25 61.05
-97.66 44.27
-122.84 55.61
-244.64 108.22
-789.98 343.34
-261.24 104.48
-213.90 83.58
-96.13 36.19
-555.09 208.19
-918.88 340.94
-353.06 130.82
-273.83 100.98
-571.23 206.77
-369.06 131.81
-170.17 57.81
-139.86 45.02
-557.42 174.19
-111.63 33.52
-30.92 9.13
-821.37 235.08
-533.39 150.18
-473.87 128.90
-270.55 72.62
-381.10 91.71
-134.05 31.53
-232.89 51.92
-373.87 75.79
-372.39 74.78
-14.87 2.96
-796.09 140.33
-439.73 71.60
-442.41 67.39
-857.97 116.82
-790.02 105.87
-882.41 97.24
-825.13 85.63
-858.94 75.44
-234.08 19.79
-427.69 34.74
-659.23 52.41
-143.81 10.99
-696.94 43.35
-901.27 43.77
-502.82 18.08
-642.93 22.42
-213.40 6.55
-177.93 4.37
-325.12 5.31
-587.63 4.79
-255.00 -0.39
-501.69 -7.50
-726.31 -13.93
-5.57 -0.12
-376.49 -8.56
-643.23 -17.47
-313.79 -10.37
-473.06 -16.37
-179.23 -7.90
-334.28 -16.57
-301.43 -19.53
-254.34 -16.78
-187.41 -12.61
-99.29 -7.27
-854.49 -65.35
-816.74 -65.41
-848.62 -69.64
-416.03 -37.23
-165.91 -15.82
-285.98 -27.72
-420.98 -41.69
-245.51 -24.46
-283.73 -28.96
-919.55 -97.15
-238.72 -26.05
-12.81 -1.40
-381.67 -44.03
-487.81 -60.36
-500.59 -64.31
-584.92 -75.86
-733.94 -97.57
-914.75 -125.84
-211.34 -29.13
-976.04 -136.79
-360.03 -56.63
-697.42 -113.44
-638.09 -106.44
-801.74 -134.11
-383.39 -65.91
-957.10 -173.85
-703.02 -128.92
-419.63 -78.27
-381.32 -71.16
-149.03 -28.82
-65.56 -12.70
-750.39 -158.42
-97.70 -21.17
-333.52 -80.49
-442.96 -108.50
-740.16 -182.65
-890.91 -220.39
-843.77 -215.75
-274.56 -73.83
-55.00 -16.21
-929.20 -281.09
-305.62 -95.11
-607.23 -194.17
-515.63 -167.84
-125.71 -42.53
-920.38 -311.94
-678.77 -230.62
-135.98 -47.89
-236.03 -85.22
-79.67 -30.08
-925.81 -368.31
-583.17 -239.95
-129.80 -54.07
-771.03 -327.98
-381.16 -168.87
-74.21 -32.93
-150.73 -68.12
-176.50 -80.26
-597.51 -272.37
-448.03 -204.54
-822.95 -398.57
-211.46 -106.80
-21.23 -10.83
-868.88 -446.83
-686.84 -357.21
-599.11 -318.28
-718.82 -382.93
-583.90 -318.64
-497.60 -273.13
-65.26 -36.09
-9.04 -5.04
-587.17 -330.09
-224.12 -129.16
-329.87 -191.68
-103.82 -64.91
-846.16 -532.42
-282.38 -178.56
-504.18 -320.09
-468.64 -299.29
-586.66 -386.54
-177.79 -117.73
-281.10 -188.39
-181.68 -123.56
-399.70 -272.47
-142.70 -98.00
-194.16 -134.07
-557.17 -406.89
-137.59 -100.63
-540.44 -395.54
-542.07 -411.73
-784.77 -603.13
-497.18 -392.92
-49.16 -38.89
-155.68 -125.34
-85.39 -69.48
-417.63 -350.49
-202.13 -171.02
-23.34 -20.45
-56.49 -49.69
-411.15 -363.14
-146.53 -131.62
-530.47 -487.35
-25.36 -23.39
-121.32 -112.98
-204.55 -192.61
-530.90 -511.71
-508.19 -490.17
-156.87 -152.92
-49.71 -48.52
-601.18 -586.74
-213.60 -209.66
-665.61 -654.16
-278.87 -283.02
-697.93 -711.55
-26.83 -27.93
-86.41 -93.17
-351.25 -409.94
-35.41 -42.20
-518.31 -633.34
-392.38 -482.10
-167.15 -212.26
-53.55 -68.01
-317.06 -406.34
-175.28 -236.37
-405.79 -555.74
-547.53 -760.50
-215.51 -304.37
-250.21 -355.41
-307.71 -447.98
-190.11 -282.48
-518.03 -795.41
-408.48 -647.85
-497.66 -793.88
-186.83 -302.04
-437.06 -714.38
-333.01 -557.07
-361.13 -618.37
-424.49 -727.56
-374.48 -642.44
-148.47 -254.84
-470.53 -821.27
-101.93 -180.82
-434.28 -788.38
-307.14 -563.31
-21.85 -40.16
-69.69 -129.50
-409.64 -768.23
-247.64 -465.62
-332.65 -633.91
-21.70 -42.06
-66.76 -129.54
-257.43 -501.62
-406.70 -799.53
-399.91 -793.14
-289.48 -588.42
-362.23 -736.44
-36.56 -76.88
-204.98 -434.18
-281.69 -629.21
-133.12 -299.70
-174.52 -395.71
-109.89 -250.72
-122.95 -283.72
-108.91 -255.82
-233.97 -551.45
-130.68 -312.86
-288.49 -715.12
-300.55 -765.44
-272.05 -722.83
-133.34 -396.42
-117.73 -351.19
-109.23 -328.17
-170.42 -512.34
-30.67 -95.21
-66.03 -208.90
-103.56 -355.77
-32.31 -111.41
-66.13 -231.60
-265.80 -934.34
-149.99 -529.30
-199.62 -714.59
-173.80 -650.17
-64.58 -247.68
-132.93 -520.10
-237.19 -936.03
-122.07 -484.80
-112.81 -455.42
-4.47 -18.67
-179.58 -758.67
-181.96 -771.55
-44.39 -191.58
-90.35 -394.70
-210.55 -919.92
-38.57 -172.93
-10.49 -48.01
-54.39 -262.27
-3.27 -15.78
-73.12 -359.72
-32.57 -166.59
-53.30 -274.66
-110.46 -570.03
-84.19 -469.46
-16.21 -93.54
-98.11 -589.24
-109.96 -779.26
-127.20 -920.15
-16.66 -138.84
-30.69 -261.65
-36.48 -357.39
-40.64 -416.73
-56.50 -612.43
-1.87 -21.64
-57.77 -683.49
-48.14 -577.56
-34.34 -422.75
-25.17 -334.72
-43.79 -744.81
-32.86 -674.61
-47.13 -990.73
-31.33 -718.58
-17.83 -430.28
-17.81 -435.79
-3.87 -176.38
-1.91 -106.90
-0.74 -76.63
-8.52 -914.65
-3.50 -735.42
0.14 -140.32
6.66 -341.74
16.14 -822.85
3.06 -138.25
18.88 -637.32
15.30 -448.60
27.30 -687.95
4.17 -86.20
21.04 -398.81
1.82 -34.50
11.07 -190.20
12.40 -170.64
42.49 -575.16
41.20 -543.22
66.64 -528.51
112.61 -836.99
121.60 -865.27
4.19 -27.38
44.94 -290.41
46.16 -297.37
116.59 -732.70
148.94 -916.85
16.95 -104.18
67.58 -401.48
143.19 -804.12
172.38 -952.99
151.69 -832.26
56.52 -296.45
56.11 -288.28
51.83 -261.63
9.55 -47.18
187.77 -903.38
186.13 -759.51
48.73 -191.78
51.52 -199.03
121.89 -425.05
209.45 -729.25
50.62 -169.14
140.64 -460.74
253.90 -759.17
277.90 -829.21
212.90 -605.05
54.49 -154.12
246.85 -696.44
196.29 -546.20
188.89 -524.37
202.86 -552.36
72.95 -194.55
111.14 -295.82
102.10 -268.54
129.85 -341.20
47.67 -123.12
62.13 -158.36
24.74 -61.22
378.32 -904.50
367.15 -873.90
203.82 -470.55
153.80 -353.71
11.71 -26.67
57.75 -127.43
153.55 -334.65
432.79 -891.72
338.79 -697.11
44.77 -91.85
265.52 -543.35
342.26 -687.15
80.74 -161.94
98.02 -189.44
379.19 -731.55
220.42 -419.69
172.83 -322.82
294.29 -545.52
236.53 -434.22
93.00 -170.70
219.35 -401.77
292.40 -509.40
108.16 -181.76
274.57 -445.23
111.99 -177.77
74.10 -117.11
160.21 -252.52
304.40 -467.76
302.41 -464.56
251.50 -384.18
524.08 -798.20
152.33 -225.78
267.02 -392.35
459.54 -663.71
39.63 -57.22
552.51 -795.93
462.10 -655.98
77.33 -105.95
364.53 -495.41
97.78 -132.70
439.54 -590.11
295.89 -393.62
351.61 -465.56
308.41 -407.63
41.77 -54.70
423.47 -551.65
464.84 -597.76
167.89 -215.37
473.47 -603.17
258.58 -326.37
520.84 -655.76
307.51 -386.21
296.47 -370.85
133.64 -160.49
560.52 -669.59
462.07 -546.24
327.30 -386.21
361.01 -413.43
106.23 -121.47
655.70 -738.94
277.47 -308.36
423.79 -464.40
282.84 -308.57
636.87 -691.49
359.36 -385.21
250.06 -267.49
651.88 -697.19
17.33 -18.16
206.94 -214.63
97.70 -100.19
216.58 -217.62
28.50 -28.22
159.05 -155.49
543.49 -529.17
619.50 -600.38
613.23 -580.92
440.01 -415.20
711.35 -639.65
411.02 -368.67
526.91 -470.03
250.74 -221.92
625.77 -549.77
737.43 -642.64
581.70 -504.31
128.65 -109.49
437.23 -364.53
488.23 -402.06
46.30 -38.03
75.58 -61.59
595.28 -475.05
284.59 -222.90
738.24 -573.17
362.62 -279.23
148.70 -114.43
269.81 -207.17
601.29 -460.17
362.93 -274.06
86.23 -64.38
127.07 -93.31
685.89 -501.55
396.28 -286.94
307.42 -220.00
129.88 -92.45
539.50 -383.85
469.77 -329.79
20.63 -14.20
264.09 -181.09
32.35 -21.46
472.65 -309.28
3.05 -1.99
631.65 -411.04
90.06 -58.47
143.41 -92.85
647.22 -413.13
428.09 -271.81
720.43 -450.75
711.51 -442.90
490.20 -304.61
449.17 -272.50
119.93 -72.13
548.94 -325.64
671.61 -394.39
67.14 -39.17
502.42 -293.08
249.61 -133.58
98.61 -52.66
606.36 -319.76
470.11 -245.46
350.32 -180.57
859.35 -423.43
357.14 -175.90
897.38 -441.12
559.71 -270.55
358.00 -169.62
700.79 -329.42
179.08 -82.33
80.40 -36.95
174.62 -78.86
167.60 -73.76
558.11 -241.07
854.81 -347.26
674.11 -271.60
345.02 -135.47
667.35 -260.30
510.69 -195.36
918.82 -344.30
820.64 -304.60
412.71 -151.91
913.69 -324.38
578.19 -204.05
157.24 -54.07
472.71 -159.12
584.74 -196.50
847.31 -284.47
727.67 -242.86
137.34 -44.23
580.33 -186.27
144.22 -46.03
137.27 -43.45
477.13 -149.24
746.55 -231.41
681.11 -206.15
489.72 -147.47
196.48 -58.01
931.69 -269.16
550.82 -158.88
161.39 -46.52
51.38 -14.35
571.21 -155.61
392.59 -99.70
367.19 -82.22
229.27 -49.89
54.45 -11.73
497.20 -105.75
534.19 -101.55
357.63 -67.44
455.20 -85.23
604.13 -111.12
527.26 -96.85
9.41 -1.73
747.67 -131.68
952.87 -159.76
3.43 -0.57
326.18 -53.79
47.10 -7.59
134.12 -21.17
719.33 -113.43
158.71 -24.82
483.95 -74.77
816.12 -122.79
650.25 -97.61
12.87 -1.75
313.45 -31.77
406.07 -33.19
73.23 -5.21
927.02 -61.42
108.88 -4.68
115.08 -4.68
843.11 -30.95
887.67 -25.58
251.20 -6.73
441.76 -9.01
178.01 -3.49
366.04 -3.48
791.15 -5.78
-671.99 587.34
-806.24 479.94
-987.36 435.80
316.62 728.09
888.92 864.25
-264.85 56.71
-944.66 577.76
-143.75 899.25
-551.37 678.64
-257.99 28.42
909.98 -686.58
-540.69 43.81
-451.22 -190.54
330.34 -347.37
-184.59 953.68
779.85 47.93
-352.67 -582.11
571.34 -948.81
-359.71 -242.87
-207.07 718.65
9.56 -442.42
657.09 -23.63
-811.33 -587.66
2.70 -617.86
23.29 870.00
-935.56 -446.26
740.72 -201.14
642.10 -145.22
889.89 -937.90
-388.65 255.19
731.25 52.81
-415.49 -293.47
-714.02 81.45
530.19 510.66
410.58 587.93
106.53 -433.73
-620.62 226.13
-921.14 517.42
700.69 208.93
458.47 -779.84
-347.18 -581.22
-299.23 934.86
-689.36 -152.53
988.76 85.38
-473.16 -38.57
-677.84 -378.50
84.60 -436.30
-6.16 -51.04
69.21 860.81
260.73 713.11
504.66 -80.11
-397.04 -208.22
942.28 -779.58
684.00 -652.23
-509.38 436.01
606.27 -172.35
472.36 -818.05
742.57 -207.24
519.71 -673.37
-619.37 906.48
-245.55 -340.09
407.71 678.74
970.31 395.77
-565.28 -22.08
421.94 -430.09
735.88 -116.51
997.04 -762.13
-566.92 -66.19
-799.51 -9.56
374.62 -572.43
-433.66 683.64
621.82 41.77
292.65 -925.03
-713.21 306.34
553.00 997.44
240.58 -173.36
-181.94 763.44
81.81 898.32
587.48 -689.68
682.38 -501.50
-469.06 791.40
-817.48 53.81
-756.25 -292.51
861.61 292.28
55.62 -739.44
797.15 -70.58
-4.29 -132.98
-238.31 -144.92
-526.73 270.78
-286.06 -556.58
395.29 916.96
420.70 -124.50
401.05 -779.85
-151.35 -107.53
-997.55 -729.99
-302.87 -467.77
625.96 -688.96
-315.35 -831.13
976.70 229.41
-698.61 783.14
-688.64 -425.41
436.96 -314.58
793.94 263.79
-176.07 -802.84
237.95 112.10
892.56 -234.37
-206.28 -780.84
-339.67 246.33
-827.60 210.26
-407.06 614.67
598.23 -541.49
331.70 806.81
450.50 -952.50
7.94 -124.28
161.62 -393.10
794.30 -744.37
92.52 -934.54
-473.24 -917.09
-918.13 677.41
773.34 -785.80
-672.72 -119.06
-858.98 239.04
913.22 557.76
-373.59 263.61
-488.36 51.06
-660.58 590.03
-318.33 -316.56
-707.91 -908.43
-971.54 -884.44
-217.41 -192.76
-80.34 346.50
829.42 -253.87
278.94 74.40
199.84 -731.27
-525.27 214.83
-30.64 86.97
845.08 -496.85
455.71 388.78
305.96 762.34
-197.37 -224.38
-627.80 556.39
-677.04 939.41
-751.58 42.32
51.89 -738.69
-890.07 -241.59
393.57 -360.01
-943.55 457.22
653.74 -905.84
-216.98 23.50
-482.06 759.07
-340.54 941.14
-62.28 139.66
529.59 -786.82
137.93 559.93
-389.53 455.71
833.60 -765.21
-75.04 -95.72
-815.12 -480.57
-227.05 -800.30
-844.63 -821.88
-909.74 -478.56
991.61 -459.13
-461.27 688.79
401.30 -22.91
633.25 629.36
-557.95 -329.99
-743.05 -989.93
-27.00 -348.60
-998.77 605.99
-202.62 -501.25
54.01 438.96
-183.77 244.53
503.79 -463.34
-356.81 -358.62
168.93 267.57
-392.59 193.45
181.10 721.00
-820.01 541.64
287.91 -753.80
-862.30 717.19
-881.32 -830.80
-553.61 396.59
-649.67 -107.95
-894.33 190.63
-16.34 719.83
-200.86 283.95
663.09 668.88
268.91 -278.19
-72.34 -799.41
-899.32 185.56
-591.91 -372.61
-233.82 -739.00
561.59 469.43
682.27 449.89
-108.01 792.38
227.07 606.07
-649.95 742.33
758.10 -938.21
-26.28 821.76
-112.82 487.35
-549.15 -806.07
-730.58 -336.90
8.16 -162.30
512.11 -13.81
-230.66 -594.04
-747.20 -671.16
872.26 152.94
800.33 803.99
286.66 981.96
757.34 132.02
911.73 612.76
-875.83 -516.91
164.46 -526.40
85.36 815.88
185.42 721.56
380.98 -734.26
-984.31 928.30
-590.79 907.61
-690.71 550.95
792.53 -992.54
-207.95 767.65
-759.07 786.58
157.75 -522.08
541.00 -834.25
675.39 692.08
60.20 -322.47
-951.42 -519.08
-30.98 -70.71
-805.22 -241.56
-166.11 -588.92
717.02 734.21
-200.70 -266.26
-928.63 279.14
-751.62 -588.60
-802.82 253.68
105.53 513.42
-503.41 440.73
-296.53 -905.11
497.38 -511.29
434.58 152.10
-712.88 357.88
-317.24 -479.07
900.85 -945.17
931.53 898.82
248.78 -982.55
797.19 -449.52
72.56 90.48
-648.52 821.15
-671.05 11.45
806.39 554.28
-145.45 -970.58
-806.42 -556.07
488.25 -111.52
804.75 -434.09
-661.74 45.65
-915.00 -730.38
-706.90 -10.92
638.10 307.92
-245.89 975.16
-238.41 -347.48
-213.67 818.72
-79.55 -313.74
-753.17 383.82
614.17 -906.59
141.70 -664.68
137.46 -659.65
-591.81 -605.06
-871.83 954.58
905.74 -312.24
519.57 465.37
478.57 619.81
-169.89 -383.71
962.70 -603.10
798.41 -188.43
-432.94 -382.11
467.23 -398.91
-114.62 980.37
-428.82 53.59
450.21 89.73
813.50 474.93
544.26 -684.62
525.45 -973.67
719.02 -131.96
266.36 -936.83
475.16 -710.24
457.35 -827.05
-695.73 -83.51
845.00 238.89
-469.52 -131.66
733.75 -761.57
431.57 -703.35
117.08 -396.98
-220.34 541.34
128.54 485.60
-491.24 -70.29
931.76 183.92
218.75 -592.97
-579.09 343.10
-528.10 -889.80
-333.08 -209.74
-588.11 10.23
-439.57 448.93
-479.17 -613.09
-580.24 730.92
875.69 -476.66
-184.79 154.24
400.55 -999.01
931.01 -511.95
737.10 -516.15
-739.75 -136.19
574.82 258.86
975.30 -200.16
228.57 864.03
-57.89 -5.08
737.78 -690.06
-540.42 -466.80
-553.24 46.22
804.02 362.36
377.69 -773.89
-541.95 836.68
-514.31 -317.56
226.48 870.05
-628.71 -998.01
919.18 210.30
-804.12 318.18
-737.07 172.61
-721.18 -695.86
-714.97 -895.47
-554.59 28.70
109.91 360.14
-417.98 87.23
-200.93 672.44
707.72 965.32
310.77 389.98
935.36 491.04
223.02 -895.10
-193.01 611.37
625.50 246.34
-378.42 -702.53
-376.08 45.91
-376.66 628.87
-919.26 79.15
92.09 -912.38
-18.35 244.83
70.02 -946.19
235.45 513.67
565.60 -141.50
-763.05 75.63
569.77 -164.79
-947.60 993.96
-291.59 998.72
-448.60 655.95
-4.98 -746.90
-552.18 212.97
241.21 659.69
-116.06 -25.39
718.00 940.43
765.93 -859.89
646.19 811.26
955.81 646.08
885.56 -323.50
924.11 989.05
-877.04 126.77
494.92 980.13
856.11 -893.54
-918.89 -680.30
-756.30 797.18
852.25 -730.18
450.22 512.49
832.14 -173.31
-680.50 -616.49
-230.72 -416.75
-693.18 -414.08
327.84 -322.71
-634.96 665.45
-902.53 363.71
-811.61 -270.77
493.41 -735.40
-4.46 -656.34
-964.90 -196.39
-134.70 -415.99
-398.65 600.39
140.19 857.10
-714.45 416.41
394.95 -748.72
-654.62 46.11
162.92 230.85
-995.35 -468.89
-324.49 -206.14
332.35 656.04
876.77 398.86
-289.44 627.77
-465.30 120.57
109.42 129.14
-135.84 676.30
-396.84 176.70
-12.62 -528.63
872.16 -242.19
-756.12 923.84
-538.04 -368.90
-328.42 -623.05
664.93 488.61
310.56 -461.52
-972.26 -461.82
504.69 601.74
-755.87 903.67
824.35 -548.78
-668.49 725.00
548.40 600.54
-192.04 -221.76
318.69 -114.53
956.76 -42.05
-285.38 -483.00
991.04 15.81
148.32 530.28
242.06 741.10
474.26 -480.20
-177.24 -402.40
-346.69 -495.93
-663.65 885.20
-63.15 -453.09
-873.03 867.88
127.16 -169.70
863.73 11.70
185.96 -622.06
-884.65 -799.62
-195.12 -836.20
744.54 -494.47
-266.95 -815.18
-742.28 -284.16
142.65 -544.73
-895.28 873.77
118.19 947.68
789.23 363.14
704.33 -416.07
-232.51 628.61
604.44 499.37
214.11 629.10
-192.08 -668.91
527.06 200.57
305.91 -796.18
-853.19 -869.78
112.47 -158.83
342.34 941.48
41.87 481.41
-794.04 -964.06
-580.13 931.30
720.43 964.54
-697.19 -599.16
913.42 -322.69
522.56 342.71
838.56 780.71
81.17 650.95
134.42 500.82
244.51 -760.04
381.33 645.40
-227.97 -439.09
-974.56 542.09
-487.65 -800.43
-235.89 -718.58
622.46 -336.81
385.79 -476.00
820.27 -995.89
750.05 41.83
612.90 475.09
-741.22 -838.77
423.40 803.49
-641.53 64.92
-453.68 -762.87
469.25 -923.24
983.27 -743.16
-975.12 -371.52
944.74 -818.82
-696.34 -68.40
-201.58 989.31
626.84 819.12
-776.97 950.31
-761.22 -634.65
-110.59 300.87
-530.04 727.43
829.60 -967.18
-85.35 49.58
920.04 -9.95
128.20 -963.01
-657.07 187.53
-894.21 894.75
-411.82 93.72
-911.64 -588.66
-820.96 216.53
577.33 -770.22
195.95 59.53
573.41 -567.65
13.09 438.31
880.96 391.66
516.76 -469.67
617.99 -561.89
-95.46 224.75
940.83 430.67
-501.08 -634.45
977.19 374.66
-367.49 841.07
104.59 -987.04
839.12 -72.23
-952.78 73.70
920.49 488.21
-504.31 895.85
-388.02 422.64
307.05 5.55
167.75 -230.67
280.98 226.15
550.58 521.57
435.93 145.14
748.69 604.32
-731.10 180.32
-290.40 -985.65
491.94 346.01
-788.76 386.23
651.22 194.04
-440.46 -748.34
-371.43 465.49
-385.85 650.41
-872.11 -293.16
147.79 665.20
-298.32 293.91
-131.12 -736.91
-512.33 -955.04
-138.75 420.90
708.44 748.08
783.07 452.49
-200.47 385.58
-613.04 575.31
-241.21 794.19
589.06 327.58
507.46 459.60
-488.40 660.44
968.39 -355.18
270.04 -974.75
-798.34 813.98
-109.59 -578.04
45.21 -653.36
140.75 821.00
487.91 53.84
-92.43 973.60
30.07 -552.04
-711.71 -549.41
-536.01 -245.51
-689.08 901.42
560.99 979.31
789.00 -935.10
-621.32 39.76
-584.75 -33.34
-470.30 787.72
-344.47 -327.31
-166.76 -876.55
-617.81 -232.69
-235.68 -567.58
389.37 701.21
501.54 477.63
853.43 218.82
-123.68 -356.25
-122.20 754.74
-882.20 -488.41
630.26 571.25
444.14 215.24
-427.69 -310.33
-149.90 -374.52
-905.02 -644.49
826.69 -738.07
915.68 919.41
121.07 -338.69
-326.59 -460.33
-894.85 -270.99
-293.98 817.43
450.86 704.29
806.26 424.09
-317.56 327.99
-289.02 765.12
-844.40 -881.65
480.43 -347.01
657.15 363.84
-426.40 -302.30
-22.82 351.91
-803.96 457.19
71.11 104.69
525.90 -521.18
713.81 -577.60
-481.57 605.37
-343.87 995.95
-416.37 588.13
402.63 -438.13
841.11 -172.37
744.73 445.57
233.58 840.11
-460.65 701.96
-333.68 -335.55
-955.11 -75.27
-558.14 -919.53
691.81 572.98
533.67 -340.40
-831.85 -194.64
55.64 -154.27
254.34 585.41
960.32 800.43
-258.67 -812.19
167.58 642.19
159.46 -909.50
-298.63 654.20
641.71 52.96
-301.64 580.09
918.55 517.51
-521.45 -89.31
-19.49 287.73
71.44 -741.15
-53.45 -478.70
500.29 364.24
-314.99 -916.44
462.44 -454.46
-806.43 -567.11
894.72 643.35
-895.11 -110.90
-43.26 108.74
307.79 364.32
865.98 3.29
-517.20 681.17
605.49 -507.71
-992.76 485.93
-611.38 -292.49
-638.40 -423.69
28.07 -201.57
-693.35 -191.16
-533.71 -616.01
200.27 -13.70
542.70 635.73
-812.77 162.84
595.38 130.03
129.12 965.51
-416.93 614.41
532.03 966.89
154.18 226.20
134.03 340.97
878.48 -832.51
584.49 -259.74
470.08 -785.30
-187.96 -960.47
623.61 88.89
453.30 -399.79
207.78 -828.41
73.82 -438.01
526.45 871.68
334.95 566.53
-313.43 290.02
-154.56 -598.70
157.58 -873.82
853.35 574.13
-459.93 -713.11
-487.23 185.92
-680.96 -408.00
-982.33 -652.79
771.75 790.00
-205.16 891.92
4.70 -500.38
937.24 -927.58
978.15 -703.51
-711.36 694.63
-161.78 -619.36
-939.52 -605.14
780.88 -240.73
782.66 680.95
-423.27 -992.17
284.84 594.87
71.95 73.78
-258.45 -289.70
604.96 -150.15
-830.14 -565.92
7.73 -269.12
517.67 782.86
384.90 656.72
911.62 -216.14
-71.00 213.32
-541.73 -241.91
552.42 439.50
-650.95 -109.96
-674.67 -369.45
-288.15 8.18
-839.34 -971.09
-887.21 645.42
744.20 -1.32
424.20 140.55
-226.36 -879.09
104.91 -653.61
328.14 -573.18
-801.92 308.52
-480.95 -648.01
640.12 154.29
23.46 -338.18
739.93 604.51
-31.32 439.93
724.88 -621.28
935.17 859.16
-498.08 562.75
-986.41 498.99
276.83 -928.58
302.95 -31.59
356.22 728.95
-116.24 44.03
-645.33 -852.08
-5.44 834.84
-852.49 -126.73
-110.80 280.38
314.09 142.23
93.53 -942.10
11.96 700.16
-609.82 758.24
456.93 274.43
-316.79 -266.01
-988.69 478.72
283.91 -312.31
927.84 -464.79
-950.94 692.66
-893.93 -451.53
439.47 863.52
-567.65 -718.43
88.84 -766.69
567.88 -426.28
-355.53 782.36
-550.36 624.37
78.12 -254.86
869.24 -443.45
723.59 604.63
-80.75 -516.96
-11.65 -391.62
434.53 -760.42
229.94 -227.66
-110.81 705.79
-743.99 -329.21
-351.66 431.91
-655.97 59.14
287.83 298.90
-851.61 494.11
891.94 -506.59
476.86 -76.76
954.37 -718.01
-519.98 823.06
-51.58 930.52
-880.81 -357.25
359.82 -390.51
816.74 270.88
320.65 924.21
-58.48 633.86
-526.85 119.68
612.15 -662.94
-956.44 660.59
-923.30 -714.73
275.99 -433.31
-315.27 -286.69
-277.59 -539.61
44.52 -840.27
970.64 948.34
194.86 644.35
-498.12 -600.71
-298.12 -268.08
-768.87 12.83
-997.48 -387.22
182.09 -278.32
-878.77 -177.93
538.66 -639.94
-63.30 472.15
-220.41 -768.47
15.49 -140.94
900.47 47.86
470.15 -136.24
387.48 717.34
152.90 599.41
422.95 723.40
224.20 130.96
-937.11 -884.11
-822.80 14.75
-993.17 74.18
-342.44 898.92
-622.01 967.78
868.81 799.57
-114.23 426.45
-847.01 -884.44
922.67 -633.78
-978.50 -452.82
705.69 27.45
-605.06 -331.34
941.97 62.41
415.52 -454.82
-901.82 325.49
169.58 151.90
-895.50 -904.11
267.16 -885.91
75.00 256.88
-45.33 473.84
603.05 157.48
737.70 -77.86
936.17 -226.61
-677.62 -916.24
-555.69 -776.25
237.25 609.92
394.42 552.19
-505.08 -160.98
615.43 -712.39
-745.27 -950.47
-177.14 -462.97
551.72 162.59
344.31 305.56
-250.53 -778.02
-92.43 -446.71
-104.23 -635.80
176.12 -900.02
260.56 26.23
183.13 976.13
484.41 399.56
23.20 -202.49
759.73 -167.58
-626.98 648.27
618.50 464.41
536.37 -54.51
-466.91 -337.00
437.72 73.63
16.97 -408.78
-498.28 -559.63
3.95 -187.39
-310.71 -352.00
-204.95 550.66
866.54 -610.75
152.99 34.77
788.84 563.63
426.89 294.42
-551.34 535.45
928.27 963.42
96.90 -643.43
678.49 46.51
-482.50 -164.98
300.53 283.70
241.33 457.03
-309.10 -177.46
-878.48 680.34
67.96 -241.80
830.04 902.02
193.47 -862.76
-441.83 511.49
-294.54 -985.37
34.45 -713.96
-496.39 895.62
458.71 -127.81
-703.19 -35.84
341.28 700.97
196.27 -301.72
183.30 -194.38
-180.39 -645.16
881.72 -229.48
-464.91 -255.72
-493.01 461.37
977.82 -127.15
498.04 469.67
-555.42 702.43
-84.85 956.90
-810.57 789.19
839.80 907.39
793.57 372.75
402.98 816.14
-308.23 -96.49
409.50 796.49
725.71 -780.71
-96.53 -833.12
253.79 421.21
583.63 -261.96
6.73 433.49
869.20 432.29
-482.33 784.96
-322.43 -220.50
663.01 291.87
-752.00 -963.90
19.46 -366.61
-49.18 -143.51
-41.86 146.75
976.88 77.52
-978.30 -565.05
843.83 -406.75
655.55 991.74
202.11 49.76
955.59 -608.15
-304.78 -689.31
355.64 608.28
662.73 898.57
361.59 861.51
842.40 662.73
-497.73 674.46
306.48 820.21
-184.77 123.21
-299.25 771.00
414.55 910.26
312.12 -155.04
381.01 879.66
-88.76 197.07
855.97 -702.73
945.49 -86.48
509.30 815.54
653.18 -911.90
909.77 446.07
327.73 885.72
-959.92 56.55
490.24 -404.96
205.97 77.06
-627.67 776.94
565.78 855.15
857.41 -811.43
-202.88 688.77
-712.56 210.37
518.30 964.25
-207.37 -594.82
-187.14 817.56
35.35 -7.08
-350.82 -83.41
546.53 -881.66
986.39 712.81
-221.99 813.73
-499.79 -322.52
992.27 545.91
410.49 -175.41
-510.88 -493.10
-998.31 -379.76
931.21 -398.01
-997.88 306.45
724.22 182.86
590.81 660.97
-578.84 -338.60
580.34 -94.51
103.47 -745.99
-105.18 66.87
713.54 86.72
367.56 -65.19
-756.66 321.04
-444.85 759.46
-487.57 -651.86
-476.02 639.45
-191.72 -993.76
-896.97 -259.81
901.70 365.15
-669.04 -661.04
223.38 941.08
-721.59 -466.01
430.88 -472.07
-616.96 -625.71
-576.92 -892.13
-719.78 14.52
175.20 301.50
142.46 -437.62
-556.33 91.35
-456.14 -399.34
-934.48 -671.55
932.10 112.38
-744.54 590.98
134.65 765.63
-692.49 -919.81
175.62 -746.72
363.41 -275.94
-303.57 -483.43
-721.02 12.36
581.84 -734.28
955.36 -127.42
-376.75 418.21
-246.30 419.86
625.37 252.68
49.11 902.67
35.96 485.23
-296.07 -742.06
-492.28 -997.47
-135.54 518.43
-809.06 895.18
359.15 530.03
-799.59 -135.53
405.69 -454.83
575.42 561.50
355.62 -475.33
459.15 299.75
-309.37 824.24
362.23 933.49
-650.09 286.79
-109.14 297.33
501.28 -546.64
-826.72 148.10
809.77 -134.96
-266.11 -804.21
-667.94 -801.83
-533.94 997.50
-383.01 -156.48
-498.43 537.97
-296.32 71.36
835.28 658.24
343.30 730.64
-133.93 652.85
-439.65 239.87
138.95 -592.30
129.43 171.12
849.86 4.31
269.58 3.99
