1000 1000
223.09 0.17
586.12 8.98
767.72 13.48
386.70 9.09
434.00 15.12
631.80 24.61
296.30 12.20
518.30 23.76
841.14 43.68
239.05 12.93
37.97 2.56
479.47 35.01
314.35 29.30
493.15 56.78
753.42 101.17
751.14 103.52
487.48 67.19
311.74 44.24
266.97 41.35
808.90 126.90
293.83 47.49
399.18 65.17
793.37 129.67
219.19 36.40
848.62 141.57
454.14 79.37
707.10 125.18
224.29 41.08
342.92 64.80
134.04 25.69
250.92 48.94
659.22 130.48
565.59 116.28
388.24 81.48
834.77 176.70
534.11 116.20
107.14 23.34
946.38 220.82
92.44 22.46
645.07 157.45
718.10 178.94
288.01 72.88
493.56 129.14
795.03 211.76
25.41 6.80
596.30 159.66
197.32 53.32
158.73 44.42
724.13 203.76
363.97 103.07
452.28 129.00
184.71 53.68
929.92 276.35
422.57 128.29
648.32 204.95
303.80 97.94
878.42 284.95
609.15 200.95
694.21 229.69
943.93 314.29
694.56 238.36
849.87 297.83
51.66 18.56
255.00 92.69
447.93 163.75
213.18 78.05
243.43 89.72
692.14 261.79
564.06 214.22
407.73 163.82
345.09 139.03
677.53 274.12
240.01 100.14
210.26 88.85
276.42 119.52
717.44 311.85
328.05 146.12
81.82 38.60
760.84 363.57
548.65 262.90
585.73 284.52
100.15 50.52
603.87 305.77
112.35 57.16
170.77 87.49
853.53 443.32
304.52 158.79
579.57 306.60
410.75 219.13
432.38 230.74
176.98 95.33
863.21 471.16
360.17 197.93
191.60 105.51
105.08 58.22
373.36 210.87
438.98 249.83
597.32 349.43
307.78 180.24
79.00 47.53
764.15 463.71
187.23 114.66
133.17 82.47
157.23 97.65
486.12 302.07
252.79 157.46
546.89 345.29
39.27 24.81
257.30 165.10
420.93 275.07
383.79 252.19
179.97 120.26
573.25 384.85
351.02 236.71
174.15 118.84
54.95 37.63
261.56 179.14
117.72 80.84
615.72 425.18
206.03 147.15
397.57 285.15
793.54 578.71
680.63 514.49
40.99 31.78
216.47 175.40
414.86 339.29
50.05 41.19
163.98 135.44
89.15 73.89
246.33 211.07
470.18 405.25
277.11 241.78
419.94 366.78
566.82 501.35
721.64 644.47
24.06 21.59
421.17 381.33
269.22 246.07
282.51 259.26
56.68 52.20
453.98 420.85
456.54 423.91
450.59 431.43
171.19 164.80
678.32 679.99
411.55 420.01
17.52 18.46
294.50 316.86
35.08 38.21
345.13 388.40
27.32 30.89
24.49 28.57
603.54 704.26
590.26 692.67
91.04 107.78
630.10 762.14
3.61 4.40
612.44 746.46
543.76 666.71
78.88 99.01
81.61 102.61
26.04 34.47
314.94 427.67
476.28 650.41
158.72 218.60
370.10 509.79
356.14 494.78
279.95 389.25
109.59 152.38
31.06 43.44
229.31 334.11
409.31 598.17
450.17 658.75
500.32 738.74
31.11 46.60
230.55 358.32
75.32 118.17
446.75 705.67
473.82 751.19
331.08 529.41
329.98 549.14
86.00 145.35
184.85 323.77
62.44 111.01
156.54 288.92
133.00 250.51
168.94 319.04
35.43 67.27
328.37 658.84
206.83 422.71
136.60 288.15
110.05 234.58
262.79 586.74
273.68 620.59
146.74 336.67
77.92 179.90
206.57 478.08
325.27 753.37
171.71 405.75
350.57 831.40
170.64 415.74
93.72 229.00
252.24 617.61
349.23 877.78
127.38 320.73
261.09 671.00
90.27 232.11
214.77 560.75
113.16 295.84
49.39 134.67
328.73 905.57
225.92 625.47
83.71 232.83
293.96 828.47
174.08 497.73
36.01 103.36
254.84 743.23
96.96 285.49
167.42 500.35
189.97 598.16
199.91 634.49
142.37 454.46
255.58 826.38
70.85 229.98
217.96 709.50
30.42 102.31
281.50 949.71
180.17 611.18
1.08 3.76
195.09 682.53
270.47 954.80
244.79 896.74
30.08 110.53
28.75 106.99
22.08 82.47
6.47 25.39
6.14 24.62
141.09 596.27
170.05 803.19
201.11 956.74
92.00 471.43
139.54 749.70
79.74 460.27
106.71 727.75
22.92 183.00
33.86 277.30
61.67 516.85
16.18 141.41
46.53 407.65
101.13 918.18
22.53 233.68
73.73 796.46
48.12 539.85
58.88 717.77
37.97 484.82
16.22 219.41
61.05 883.22
48.24 760.24
12.25 211.67
45.89 883.88
33.66 905.93
2.42 67.52
27.08 757.11
25.22 749.54
2.01 86.14
9.19 922.49
0.52 93.88
0.34 330.36
0.15 181.70
-3.18 803.16
-12.42 741.00
-19.22 796.03
-18.35 689.15
-0.57 19.00
-15.51 372.51
-11.79 264.45
-7.09 143.69
-33.65 678.14
-25.28 505.52
-13.84 275.65
-6.09 102.17
-57.99 941.87
-19.29 295.22
-66.30 808.73
-4.09 44.97
-66.34 676.36
-23.08 227.10
-44.15 382.92
-98.31 838.54
-54.95 439.35
-54.97 424.95
-100.68 770.75
-7.97 57.54
-25.24 182.12
-19.40 137.61
-169.73 966.56
-48.22 260.65
-145.59 765.75
-147.34 765.47
-19.02 98.24
-52.35 246.25
-73.06 335.25
-27.92 127.91
-154.58 669.78
-199.05 860.51
-13.38 57.72
-120.52 503.97
-140.61 571.63
-220.42 872.90
-208.94 821.27
-165.26 611.24
-21.28 76.93
-169.08 587.92
-199.34 690.00
-281.34 951.20
-112.40 359.84
-123.71 394.36
-242.01 764.88
-230.81 722.01
-192.21 588.14
-38.56 112.67
-97.89 276.22
-303.02 842.87
-109.36 300.74
-222.52 597.38
-75.24 193.98
-212.85 517.13
-119.87 286.77
-331.65 771.75
-13.73 30.80
-85.04 187.74
-386.80 805.20
-355.52 737.99
-338.04 694.54
-41.16 82.58
-400.69 776.19
-309.53 598.02
-207.50 399.53
-330.38 608.73
-462.57 840.79
-222.39 392.61
-258.43 438.44
-162.61 272.53
-435.44 722.55
-300.24 492.86
-194.90 316.96
-87.00 140.71
-8.85 14.03
-108.26 170.82
-194.52 297.61
-464.69 689.92
-364.14 519.50
-522.47 728.85
-275.13 381.91
-183.55 252.99
-319.03 432.25
-377.55 508.10
-387.72 517.35
-466.66 619.29
-459.39 604.13
-567.32 745.31
-459.92 591.76
-241.62 307.95
-163.80 199.51
-92.06 109.76
-475.63 564.28
-278.94 328.54
-616.84 718.25
-140.83 161.08
-328.63 366.39
-419.36 462.05
-112.38 123.02
-583.02 622.68
-467.25 492.66
-420.55 441.46
-412.03 424.27
-479.14 484.90
-427.44 425.76
-475.85 473.90
-112.71 112.13
-572.42 541.59
-367.65 341.22
-308.22 280.78
-154.85 140.72
-186.28 161.26
-4.17 3.54
-278.66 233.15
-624.88 488.75
-244.97 188.72
-249.07 190.28
-771.21 586.09
-569.92 431.03
-142.91 107.74
-16.53 12.45
-646.16 485.39
-442.85 322.70
-692.10 498.31
-18.96 13.39
-359.69 252.77
-526.77 356.50
-136.58 91.55
-456.67 303.33
-35.40 23.37
-455.07 298.02
-518.51 327.85
-103.39 63.82
-181.14 109.52
-575.92 344.02
-549.92 328.27
-44.69 26.20
-452.36 262.72
-770.70 446.86
-792.72 459.14
-369.59 213.94
-245.36 137.85
-98.80 55.36
-444.72 248.44
-224.15 124.84
-583.82 322.97
-431.88 237.53
-239.82 131.20
-6.54 3.28
-745.69 352.76
-352.64 166.36
-163.93 76.06
-829.24 373.73
-6.39 2.76
-712.61 302.45
-924.01 381.54
-45.97 18.78
-279.88 111.45
-492.03 195.43
-731.60 276.92
-826.90 310.55
-451.66 169.30
-494.65 184.26
-66.02 24.43
-585.31 211.67
-732.13 253.93
-909.40 307.60
-844.92 278.89
-569.50 187.95
-197.31 65.00
-676.75 222.45
-132.37 42.57
-208.71 64.86
-697.75 213.91
-835.95 251.86
-880.10 262.58
-597.28 176.82
-567.90 163.57
-524.49 144.55
-338.18 92.05
-625.33 166.85
-860.75 229.08
-433.99 115.17
-720.74 188.23
-249.79 62.30
-803.32 196.74
-486.66 116.41
-84.99 19.96
-165.94 37.84
-733.85 160.92
-422.93 92.27
-280.02 60.23
-516.47 104.45
-503.12 101.17
-314.86 61.85
-529.73 103.88
-652.36 125.26
-154.37 28.74
-827.16 152.26
-57.31 10.50
-955.90 158.51
-265.57 40.53
-719.38 101.70
-259.32 36.62
-870.59 122.27
-553.47 75.74
-89.49 10.92
-714.74 80.81
-77.46 7.36
-873.62 80.81
-775.21 71.44
-928.06 80.26
-140.80 11.75
-387.77 21.41
-170.84 9.39
-601.63 31.05
-181.29 8.09
-207.67 9.05
-967.20 36.75
-236.39 7.86
-977.82 31.41
-782.71 19.41
-658.01 12.32
-886.59 15.58
-989.49 12.72
-627.01 6.03
-675.81 -0.02
-218.68 -0.27
-667.87 -3.41
-282.25 -9.30
-461.40 -15.43
-515.97 -17.70
-111.69 -4.89
-237.15 -12.25
-937.11 -67.00
-704.84 -60.05
-982.24 -92.24
-603.17 -64.63
-418.95 -49.62
-693.52 -99.72
-788.66 -115.41
-524.27 -77.84
-187.15 -29.05
-84.64 -13.57
-91.71 -14.81
-27.31 -4.71
-306.90 -52.96
-74.85 -13.09
-190.68 -33.96
-700.38 -125.48
-207.51 -37.63
-701.48 -130.81
-43.99 -8.60
-319.55 -68.01
-594.43 -133.46
-755.02 -180.25
-902.33 -218.42
-863.96 -219.41
-320.72 -82.19
-131.86 -34.03
-308.80 -79.87
-791.59 -209.55
-499.10 -132.56
-715.64 -201.73
-514.07 -151.28
-780.67 -233.16
-135.86 -42.60
-13.32 -4.21
-629.58 -200.72
-68.20 -22.94
-116.39 -40.78
-187.20 -67.94
-55.42 -20.56
-837.94 -311.16
-388.74 -144.50
-12.40 -4.70
-704.88 -267.39
-208.48 -79.71
-124.82 -49.70
-166.83 -68.61
-117.96 -48.52
-521.13 -215.53
-602.99 -252.85
-612.76 -257.61
-725.87 -327.64
-887.54 -401.81
-252.59 -117.31
-661.30 -311.28
-89.80 -42.39
-384.70 -184.71
-570.48 -285.58
-2.32 -1.17
-537.15 -270.57
-621.42 -321.52
-639.42 -331.12
-150.81 -79.31
-769.43 -412.66
-838.84 -454.32
-353.54 -193.27
-712.84 -390.98
-640.52 -362.87
-16.19 -9.35
-363.87 -210.85
-212.34 -125.69
-177.16 -105.46
-163.35 -97.50
-478.67 -286.40
-18.67 -11.24
-313.99 -189.48
-365.52 -222.01
-655.06 -404.03
-763.90 -486.40
-285.54 -186.86
-136.09 -90.95
-557.77 -374.22
-369.37 -252.03
-115.19 -80.24
-228.48 -161.59
-544.70 -392.42
-16.60 -11.97
-431.55 -311.58
-564.54 -408.37
-448.30 -326.92
-343.93 -257.45
-152.28 -114.28
-615.15 -479.42
-768.39 -601.15
-639.79 -502.03
-225.96 -178.67
-263.72 -213.81
-773.24 -632.87
-423.93 -347.07
-715.81 -594.87
-40.14 -33.48
-274.95 -234.13
-41.04 -35.17
-514.29 -448.69
-90.04 -78.58
-249.99 -218.19
-531.24 -465.19
-267.20 -234.27
-118.67 -104.13
-356.97 -314.74
-329.85 -292.40
-730.36 -661.30
-214.31 -195.76
-72.15 -67.82
-702.44 -669.40
-338.69 -322.92
-363.33 -347.88
-632.19 -609.55
-513.90 -499.52
-508.22 -496.55
-707.18 -691.58
-480.40 -476.11
-584.04 -587.07
-31.70 -32.46
-488.78 -503.20
-411.39 -426.49
-291.47 -303.11
-302.48 -314.89
-615.39 -641.78
-220.61 -230.71
-471.99 -496.26
-501.02 -528.08
-385.35 -413.48
-77.14 -82.91
-46.04 -50.82
-327.40 -370.92
-574.54 -652.01
-79.57 -91.87
-406.06 -470.05
-208.40 -250.62
-123.30 -149.21
-103.91 -125.86
-391.28 -494.51
-567.67 -730.94
-593.20 -769.41
-385.28 -500.73
-404.61 -529.79
-499.01 -681.47
-402.31 -552.10
-303.99 -417.47
-417.77 -578.65
-372.86 -530.08
-30.13 -43.20
-447.89 -658.78
-241.04 -354.84
-442.56 -664.77
-245.36 -370.26
-240.71 -364.29
-485.44 -739.98
-321.92 -492.78
-358.85 -550.56
-389.95 -616.33
-340.84 -562.60
-190.30 -314.68
-461.34 -763.04
-268.05 -446.55
-436.08 -727.77
-86.62 -146.40
-53.60 -93.06
-190.32 -351.56
-236.60 -437.21
-56.63 -106.18
-84.54 -164.23
-170.67 -338.03
-344.92 -684.46
-68.15 -138.30
-82.75 -168.29
-159.85 -332.89
-117.03 -245.36
-117.72 -247.74
-127.39 -273.24
-3.49 -7.56
-128.32 -281.40
-136.63 -310.39
-75.25 -173.27
-391.89 -910.98
-337.57 -788.75
-44.97 -105.46
-273.81 -658.09
-243.13 -591.67
-126.41 -308.68
-275.70 -695.33
-10.47 -26.53
-74.76 -195.42
-294.55 -805.26
-286.37 -798.83
-223.33 -623.62
-278.84 -800.61
-92.06 -266.04
-80.48 -236.76
-37.48 -111.88
-278.86 -837.70
-223.53 -684.77
-237.62 -738.96
-292.81 -923.68
-287.53 -913.27
-9.64 -30.77
-203.34 -668.99
-111.59 -369.29
-115.97 -386.09
-36.19 -120.55
-23.64 -81.06
-54.23 -187.09
-265.55 -925.92
-243.26 -858.75
-130.51 -487.22
-2.55 -9.58
-16.54 -65.61
-192.60 -799.25
-144.96 -615.41
-177.71 -755.49
-22.72 -99.55
-45.28 -204.07
-77.00 -356.46
-70.11 -326.79
-68.10 -320.16
-29.87 -142.91
-72.09 -345.55
-75.08 -367.03
-157.86 -791.38
-170.96 -887.67
-22.02 -115.07
-145.38 -780.04
-175.73 -945.67
-36.16 -196.99
-79.94 -461.81
-80.97 -473.80
-15.58 -92.15
-121.69 -825.97
-102.45 -745.31
-91.55 -729.98
-98.98 -804.52
-83.83 -802.39
-56.65 -563.58
-60.06 -639.83
-53.75 -609.38
-13.38 -157.56
-70.51 -900.77
-23.38 -304.62
-28.13 -379.74
-67.46 -920.59
-4.80 -80.12
-43.17 -795.03
-21.44 -472.87
-19.46 -478.87
-18.32 -467.89
-1.86 -61.66
-3.33 -139.17
-13.19 -750.21
-5.20 -309.55
-0.53 -923.75
0.44 -410.92
7.30 -740.42
6.38 -512.22
6.31 -300.94
16.93 -805.18
1.74 -72.08
12.57 -495.52
11.73 -357.30
27.02 -717.53
5.58 -119.48
16.52 -316.58
11.21 -190.42
59.17 -904.93
19.16 -291.98
60.53 -919.90
14.09 -200.13
42.24 -586.54
54.34 -698.47
22.92 -265.97
96.94 -962.44
37.11 -347.47
41.21 -379.17
61.56 -451.92
94.30 -618.91
60.10 -350.58
81.99 -470.80
165.10 -940.77
5.32 -29.65
26.60 -145.65
19.29 -103.18
170.75 -881.96
163.02 -752.44
110.42 -468.70
198.90 -812.51
72.43 -291.54
80.83 -324.46
56.85 -226.69
157.32 -615.80
115.95 -439.91
86.80 -314.53
147.24 -532.95
165.93 -598.73
176.99 -604.57
172.91 -568.31
58.63 -186.53
209.94 -650.51
136.36 -418.62
320.19 -927.14
241.31 -681.67
231.85 -654.19
14.19 -39.93
137.13 -379.23
188.01 -508.51
127.49 -337.14
130.75 -339.21
289.26 -727.09
247.90 -621.36
107.69 -269.76
234.55 -568.38
227.57 -551.32
339.43 -773.75
361.21 -808.57
406.11 -904.77
309.07 -675.94
71.41 -156.07
399.20 -869.48
176.60 -382.51
407.56 -877.16
171.38 -359.56
147.23 -306.08
412.78 -838.23
439.66 -854.91
315.28 -602.67
28.76 -54.24
132.51 -246.78
184.64 -340.31
449.08 -780.56
89.25 -152.26
397.01 -676.36
368.86 -615.60
187.16 -308.95
459.42 -756.97
13.11 -21.55
53.52 -87.75
369.26 -598.84
362.34 -565.25
42.12 -63.98
441.71 -670.01
11.51 -17.38
121.39 -182.28
22.87 -34.15
189.26 -267.80
127.35 -178.60
535.95 -738.13
438.85 -597.51
599.46 -794.82
93.38 -122.09
133.77 -174.10
231.54 -300.17
419.00 -542.29
293.02 -374.03
136.74 -174.10
201.74 -256.61
153.26 -194.10
46.15 -57.78
241.82 -298.87
367.42 -448.08
369.19 -439.66
269.72 -317.34
314.44 -363.09
24.67 -27.73
46.99 -52.41
593.32 -661.14
429.67 -475.45
114.16 -121.86
107.37 -113.02
625.36 -643.09
552.75 -560.33
133.06 -134.25
472.91 -477.08
658.20 -663.30
377.59 -379.27
409.26 -410.35
583.84 -572.56
156.30 -153.13
187.27 -180.37
122.51 -116.67
588.66 -553.55
542.08 -500.13
169.96 -155.80
644.91 -584.79
657.36 -592.05
740.20 -645.47
458.15 -381.38
80.68 -67.04
249.72 -206.61
716.67 -585.29
677.44 -546.02
545.17 -435.25
15.50 -12.37
369.40 -291.74
709.15 -557.26
541.30 -415.99
723.18 -550.15
106.02 -80.56
701.04 -521.64
485.52 -354.26
53.25 -38.20
467.65 -328.78
310.53 -218.32
439.36 -306.12
644.08 -446.56
478.56 -326.88
639.13 -409.03
827.29 -519.95
196.48 -123.19
443.65 -276.27
414.41 -242.69
342.61 -195.34
260.35 -147.62
6.94 -3.84
100.22 -55.51
325.67 -179.78
499.55 -271.97
603.91 -327.96
750.08 -407.16
667.49 -361.88
256.48 -137.02
100.88 -52.04
292.81 -150.44
667.08 -340.31
720.71 -365.37
1.32 -0.66
49.54 -23.62
878.08 -417.22
152.67 -70.40
314.23 -144.54
134.14 -61.05
391.13 -176.58
215.81 -95.48
878.00 -388.28
740.80 -322.57
776.19 -337.81
867.31 -370.76
3.16 -1.29
86.46 -33.50
245.64 -94.04
366.37 -139.79
18.93 -7.09
624.44 -228.65
5.59 -1.99
692.68 -243.61
58.23 -20.38
362.68 -118.72
86.64 -26.11
904.73 -268.75
342.62 -100.45
316.58 -89.99
943.54 -263.03
593.44 -164.40
489.91 -120.93
221.62 -52.05
328.57 -77.08
235.94 -51.86
598.33 -127.52
525.39 -110.01
701.45 -140.70
384.40 -75.40
169.11 -32.21
710.99 -132.92
184.62 -32.95
425.40 -72.26
511.51 -80.97
413.09 -65.20
333.89 -52.55
655.30 -101.80
478.07 -71.21
642.29 -95.37
498.29 -59.13
111.73 -12.33
195.02 -20.61
609.99 -58.06
957.13 -76.42
76.80 -6.11
401.92 -29.59
475.69 -34.70
773.78 -52.55
387.21 -24.69
258.83 -11.43
425.79 -12.08
639.04 -10.89
63.47 -0.76
110.29 -0.67
533.12 878.27
-153.41 707.02
215.61 -736.00
163.30 -483.99
-797.71 757.68
561.54 271.25
-91.94 901.07
40.88 46.81
-806.02 -290.31
660.98 -141.78
285.38 -651.52
1.53 -994.34
-532.79 206.34
62.83 -920.09
669.44 628.02
641.18 177.82
-29.17 550.85
104.48 -144.68
-571.54 -472.41
200.98 -518.87
-406.99 -53.30
860.65 -581.84
-217.61 -733.68
488.05 -796.32
389.17 -749.54
909.14 -47.47
56.18 27.42
17.55 923.75
915.14 -817.18
-951.52 -793.11
-967.35 48.72
-443.90 -365.84
-469.35 -870.65
371.13 40.91
809.07 87.49
-36.53 -831.02
-138.23 -709.39
-862.81 927.24
426.14 -651.29
859.35 259.83
341.94 -230.18
-490.25 571.81
908.26 -437.68
866.21 -531.16
-360.48 982.32
-788.79 -368.86
-607.84 -973.58
-275.37 872.53
-707.21 -882.65
-587.22 -931.02
-592.58 -78.17
-960.47 562.74
446.49 -977.99
-141.74 -150.92
-189.56 265.38
-989.69 738.06
-613.39 774.17
521.25 -740.77
-761.05 647.35
458.73 -749.34
-859.94 279.79
-904.80 -782.58
-84.26 -34.81
-389.66 707.54
996.99 -380.98
-436.71 186.32
250.22 87.36
-940.98 -238.50
352.87 152.73
127.08 54.80
362.11 -384.25
-460.40 -945.11
-15.41 -80.57
-116.05 508.59
931.32 588.47
-48.33 -757.94
422.07 -257.79
-869.78 -887.47
472.27 845.99
644.16 -902.14
259.64 -73.19
-335.81 -30.40
-11.48 -98.54
512.14 392.67
-500.36 753.18
375.20 -288.61
-699.88 72.96
721.10 662.72
-154.81 856.63
-337.76 662.21
-81.28 -503.83
-942.14 -176.38
85.87 -896.35
849.28 549.68
835.85 271.72
635.13 -647.00
-634.31 -159.49
-739.61 612.43
233.71 -143.95
-380.44 657.39
928.41 -747.36
-772.49 -141.14
728.06 -207.19
-168.87 940.30
466.77 790.50
935.47 85.48
-180.00 9.67
-890.79 -197.98
466.78 -239.80
913.30 865.27
-116.61 959.09
-584.59 -916.69
-718.22 -823.33
-635.74 11.39
-579.21 853.48
-905.40 891.10
-30.24 953.89
-147.84 -364.85
-234.72 153.90
851.34 -639.11
213.47 -665.98
-540.66 179.61
379.51 107.85
222.01 -94.02
-528.08 -809.71
794.20 -117.46
-965.04 926.19
-246.70 -654.78
761.44 -320.87
358.95 -949.81
525.03 -582.57
-268.58 588.94
-754.59 702.73
721.64 187.31
588.06 409.58
812.82 -326.26
-378.10 783.09
-329.43 -969.26
-556.95 -252.00
699.33 249.78
771.42 -676.38
914.89 483.65
-204.77 -554.75
818.84 -879.62
-110.56 726.85
-410.94 187.10
-482.25 -82.54
-853.99 48.07
-315.64 592.51
-909.18 596.26
348.12 -362.73
821.37 -643.90
-452.65 975.02
-648.65 568.36
-108.02 -871.55
-854.01 601.46
-315.57 399.14
-604.32 -736.75
-825.92 601.23
754.77 -885.62
296.71 -205.49
283.44 -721.70
277.24 -184.92
541.49 -75.92
932.34 266.90
-796.17 -693.85
141.42 -603.52
177.22 67.51
-153.46 -954.91
-900.91 -47.32
-365.70 379.26
-45.85 360.48
-272.05 -578.07
-337.37 -928.09
631.96 760.33
-536.52 691.16
-58.16 -325.90
-121.70 -424.64
67.24 918.02
82.24 1.64
-119.32 869.84
-349.43 432.77
-476.92 873.22
478.45 428.76
-486.26 -801.08
-414.46 -259.55
-637.78 656.95
-635.47 842.40
-806.32 371.72
-419.60 63.48
-682.49 810.99
869.70 -366.27
-415.50 870.17
630.23 733.44
-668.23 806.20
666.59 92.51
-20.56 214.49
-306.14 637.17
-788.91 -435.69
643.78 251.40
536.19 270.93
585.92 622.16
782.69 232.77
55.02 -502.98
145.48 -175.41
-74.51 145.17
-259.06 -87.02
919.71 121.53
22.12 -406.32
-212.64 654.24
-918.63 398.97
-14.84 513.27
328.83 359.81
218.01 -488.05
207.00 638.78
61.30 327.78
-829.83 -286.00
-790.64 -810.45
-870.55 90.80
684.37 240.32
75.61 238.49
-438.17 -114.01
-182.67 -781.71
892.67 -369.57
314.84 -380.06
644.11 -49.94
-185.93 -896.94
-295.41 441.09
-206.53 -979.76
-602.97 -938.51
-722.02 -225.90
553.39 612.57
210.05 -316.68
-202.16 -287.70
162.04 -979.24
-149.39 92.74
209.97 211.36
-392.58 128.22
-788.23 -102.18
-766.23 576.15
-997.62 -102.27
937.86 -93.29
-166.90 -229.66
-391.12 -267.93
-287.60 -226.92
-660.55 708.81
-612.87 -185.18
-399.20 -493.94
511.72 -804.57
-682.81 4.42
-395.40 -197.75
-518.19 991.70
798.38 551.04
356.78 -864.55
496.65 708.66
-896.96 -76.05
-589.58 879.59
912.16 143.36
519.03 -719.83
240.87 -173.46
463.73 364.00
797.55 -793.54
-417.09 167.69
-235.75 -939.53
600.10 -633.39
-691.55 568.45
678.14 -452.41
539.28 -446.26
924.76 -307.64
688.43 -66.13
-489.62 412.21
-30.18 -218.59
-416.90 -811.63
555.34 -284.40
118.67 -882.11
-676.42 -24.19
464.50 517.81
-220.03 -367.47
488.15 800.82
258.98 -812.33
627.08 -529.67
329.16 -426.16
-963.12 -834.47
-27.35 637.08
-659.71 257.22
-516.73 -980.88
661.38 55.66
138.71 -125.42
-808.36 698.70
-988.04 271.92
717.32 651.04
-152.13 183.17
-143.06 987.79
185.22 -520.22
-656.12 -870.98
-153.80 -884.90
268.13 377.83
276.45 839.56
18.45 -763.29
176.90 842.07
713.45 -792.30
-93.35 -184.82
-301.90 -172.23
-676.99 -195.93
-509.93 -438.97
-69.15 -184.59
-929.01 -457.71
582.60 -86.24
232.75 -379.94
-301.99 -698.50
-952.16 -744.97
-792.44 -746.42
-644.09 751.66
308.89 348.33
-487.67 -926.10
150.19 -591.74
-6.24 -2.30
-192.46 -79.97
320.31 751.75
695.75 15.76
-535.10 -993.55
-996.83 549.12
583.01 -553.77
34.79 475.22
340.08 795.99
-585.43 -53.75
-323.38 -805.52
713.47 -643.46
-652.35 -394.10
-137.55 -145.12
-325.30 -605.64
-521.78 708.47
-508.42 974.16
454.79 556.99
-389.97 965.32
-671.32 -638.63
939.52 -578.17
-881.03 478.75
482.98 396.21
64.80 122.30
-829.61 467.45
-302.87 -251.57
938.70 560.25
273.33 597.89
795.56 103.49
257.49 532.33
562.73 131.19
842.79 -145.83
-485.53 785.01
113.56 -73.07
583.59 135.67
-930.51 -895.07
367.62 181.26
-321.00 195.36
-614.06 -266.96
231.90 -318.81
-167.10 -109.39
673.10 511.74
-722.67 -955.05
458.26 -340.25
465.96 -817.98
-486.84 194.75
124.78 540.32
-302.29 -72.23
-646.37 244.08
576.15 -429.80
600.67 170.58
-846.92 -79.37
-160.77 31.39
649.35 -158.28
-797.61 -107.59
-713.64 -7.90
-836.88 -840.46
548.36 -991.47
649.37 -475.97
190.66 -187.51
-315.46 987.74
215.21 368.44
-98.79 -622.10
-295.06 532.82
998.06 -360.93
-823.73 674.20
-182.83 52.13
80.77 -893.79
-940.71 528.71
486.04 -411.58
-42.37 306.93
190.42 108.54
-989.09 -921.65
872.31 -860.74
-428.25 718.84
76.24 90.13
33.88 -543.99
337.75 -627.69
927.48 -329.53
-832.13 -798.26
-583.15 -979.83
-467.29 603.09
210.71 -538.36
-926.55 988.50
-55.66 942.04
696.82 842.77
508.85 -404.47
-316.49 707.61
-103.55 -3.97
770.42 -272.97
-490.62 -35.78
959.62 -956.55
321.66 -45.68
390.92 -531.84
163.31 -684.60
-204.97 976.18
-335.67 -741.00
422.02 734.35
303.23 -754.83
53.35 -221.69
-715.95 53.55
42.15 550.43
-834.63 -379.96
-116.21 833.19
-635.47 121.20
-146.80 -375.11
368.20 -407.98
-267.24 -258.24
-178.12 -669.57
-689.59 -121.09
-279.55 406.46
140.41 -548.16
789.56 -628.93
419.09 307.38
945.90 -954.91
910.65 -813.15
-148.64 -349.52
459.73 -693.94
92.09 -774.72
-913.96 -70.85
-739.15 133.11
-864.59 -464.93
-536.96 207.63
-304.57 -650.83
425.39 581.18
-924.37 503.38
813.31 545.64
952.33 -430.39
713.09 -810.85
-43.58 -396.16
-832.25 -678.48
74.83 -499.96
-32.69 413.12
945.67 175.16
-630.79 160.20
19.35 -676.57
-160.26 719.49
46.25 -734.75
-266.28 654.21
-104.65 -14.87
-454.57 484.79
-352.70 908.83
829.48 -13.58
-606.38 240.56
-958.82 22.09
581.88 575.93
-631.77 -655.50
-159.79 590.33
121.71 -766.78
357.47 -972.59
497.18 443.89
405.13 -711.84
-594.09 -458.88
481.34 661.24
-404.87 62.72
388.10 -607.97
239.66 691.14
4.04 -284.61
981.45 503.39
313.11 -490.57
-235.52 -859.84
96.74 -651.26
607.64 -132.05
-213.71 482.10
837.01 951.34
267.08 691.43
512.51 -968.41
229.64 439.52
709.61 311.98
-316.39 223.34
36.78 206.99
-193.41 -719.49
324.33 231.00
-828.61 24.03
-661.26 -920.80
-13.26 61.56
-371.59 70.07
-459.88 -674.33
438.89 545.47
776.04 839.41
822.80 -885.24
-988.85 209.79
69.13 245.42
-427.58 538.49
674.67 744.87
-157.15 880.60
752.07 546.22
-69.39 -873.43
-111.89 -694.44
238.43 449.13
524.02 441.30
-634.74 726.42
414.02 695.62
422.26 -179.30
-917.59 18.91
231.55 -727.45
-410.68 -930.33
-286.08 -897.59
-464.70 44.00
900.20 -815.97
-35.01 486.19
371.03 89.11
363.44 -136.72
-342.95 157.86
720.12 895.27
-683.68 44.79
-509.97 -967.09
107.76 -39.93
402.29 -1.26
9.94 294.33
-404.78 677.80
-664.61 631.68
203.20 369.46
951.31 158.76
-117.59 -18.87
531.06 607.98
-923.84 439.87
-944.93 917.18
-33.81 125.81
-793.38 624.82
261.67 311.36
808.53 -166.94
-266.23 536.82
687.93 -384.62
242.84 -263.76
-695.86 510.22
798.74 -245.99
942.46 643.64
-762.20 -742.92
351.51 151.61
591.35 647.07
-991.75 -567.50
158.21 -335.35
-957.83 -150.58
249.22 -652.89
756.71 -257.63
-601.97 953.81
-344.73 390.05
936.92 -247.47
-425.99 -890.89
-608.15 -51.07
578.26 -750.35
-283.72 473.79
521.28 58.41
-938.81 971.83
469.30 -248.04
-634.49 -978.12
32.08 162.58
-202.02 832.56
442.82 -76.27
596.61 323.99
228.42 -726.48
-834.74 -138.06
-233.23 141.16
-152.62 -743.28
-115.21 4.09
732.15 992.56
831.12 -514.16
-949.35 -372.54
-201.78 529.15
-152.22 664.52
765.99 165.31
112.10 -68.69
869.89 -725.22
376.36 749.03
414.77 164.78
-792.72 -74.49
191.78 -617.36
-684.24 -956.66
588.41 437.61
-705.06 -586.41
-917.63 -768.59
-916.35 127.76
-168.82 186.56
-352.43 -873.56
28.01 -30.93
-251.64 -834.06
-503.04 -463.01
-522.38 732.76
400.98 946.19
862.73 867.15
256.50 902.42
618.98 645.89
-898.20 -153.07
-476.35 -93.77
327.48 393.38
-930.83 904.67
42.74 879.46
-143.71 266.14
587.30 861.66
-588.75 120.57
-980.88 391.06
-684.89 531.45
-418.91 -736.98
621.69 -75.18
-544.48 651.52
645.31 357.17
-690.88 679.33
-357.65 773.64
619.96 721.09
870.91 132.07
286.29 -95.55
476.01 -885.70
173.60 -989.49
-460.81 63.79
295.74 -74.47
262.15 685.89
366.70 770.75
118.34 -88.72
265.57 572.27
-645.22 -451.56
644.06 491.55
845.02 138.79
959.08 -915.27
562.39 138.83
-155.20 -528.59
798.33 -835.13
-826.31 789.99
375.22 -413.45
-401.74 -86.30
-647.93 -619.97
251.17 -37.93
375.46 716.38
-147.10 -975.63
735.13 -805.96
675.79 -362.41
784.54 281.32
-34.77 -504.22
376.67 508.81
-321.10 -248.92
-582.52 -697.27
861.55 -506.01
-286.33 -862.23
-301.74 783.62
-468.62 295.50
-982.76 -104.75
-613.86 -401.98
-459.44 506.80
-800.92 518.12
-79.01 -686.63
-991.88 -635.02
916.23 802.90
-586.52 -668.52
-545.44 -704.61
-974.17 564.41
303.90 -938.23
849.88 -388.79
648.84 -406.28
284.80 880.65
-534.73 837.52
51.82 957.47
-370.95 -769.50
723.22 85.56
116.70 455.47
-262.99 -543.36
-299.92 -784.39
27.99 -309.31
738.71 -625.76
318.82 87.81
884.76 -90.34
-820.26 -483.60
-22.75 -168.02
938.40 -566.58
279.60 438.61
883.27 -138.78
882.75 168.38
602.77 -664.06
808.75 -97.27
381.45 783.37
80.76 -112.24
858.65 -602.54
913.73 -741.40
943.22 646.67
930.79 137.98
591.30 -522.75
327.68 -478.62
298.42 843.71
-575.00 -957.51
154.91 89.00
476.90 -109.67
784.01 -24.69
-967.95 -727.50
-385.65 -194.93
-225.78 -313.45
-416.96 -598.36
208.56 -136.76
230.86 689.78
-483.28 -306.11
-189.53 -519.85
-998.63 706.01
892.50 -0.44
-993.65 -330.69
645.02 963.02
612.20 -907.90
-397.36 -795.44
-260.45 -775.94
546.87 -995.54
16.98 -800.86
296.60 887.35
-102.90 -985.52
-343.76 -194.96
-848.68 -159.20
290.16 821.03
115.68 -26.13
534.61 243.10
-929.33 890.84
-582.39 -31.35
-361.37 -234.00
49.68 468.54
276.85 499.70
69.83 291.77
-286.46 -396.64
-704.91 735.96
581.20 -510.86
50.05 186.07
608.86 424.95
187.27 -480.37
-163.85 -818.52
-192.65 -53.30
-340.27 823.53
462.08 191.87
866.64 748.33
287.76 531.76
-421.13 -91.75
-122.02 -927.10
-206.05 802.75
427.79 -987.11
783.61 -341.38
-273.85 144.77
-617.51 -301.94
-242.38 491.33
-935.72 -69.66
935.64 488.18
-948.41 295.76
-86.81 -998.80
-453.85 -363.30
-454.94 -357.56
-712.32 -231.71
982.05 157.15
-255.40 55.84
-276.85 -225.24
-397.56 876.61
822.43 -746.67
-197.88 73.46
-971.66 -67.25
-349.59 -320.50
-331.57 199.27
351.76 -910.06
204.24 865.38
-29.75 -56.91
-524.41 69.30
-451.08 427.16
223.24 719.36
524.97 392.11
-754.80 287.02
314.09 -510.24
-274.27 656.77
-656.70 -90.14
92.83 653.89
-990.96 322.65
-432.71 -741.25
176.81 399.69
-945.04 -581.03
813.70 -342.79
-721.80 342.79
254.82 -368.76
704.00 560.06
895.69 -993.98
-285.55 -771.84
-809.89 -683.05
890.20 677.95
-423.53 136.92
-178.02 -796.55
553.34 873.55
644.65 -301.72
-953.14 -171.59
220.59 380.45
-277.13 434.97
-683.97 271.99
-433.12 669.61
882.26 -244.99
148.67 -638.39
382.06 393.32
563.52 -695.19
15.55 -64.57
920.81 -966.91
5.99 413.75
96.26 -739.27
343.51 -678.91
-925.91 -210.76
350.38 -404.20
-599.24 -632.88
-479.60 784.03
413.85 -470.13
-223.59 689.85
-225.14 -86.01
458.97 593.64
307.40 -379.10
-485.91 -708.45
-768.98 749.54
-887.93 935.63
673.36 949.38
-819.57 620.59
767.04 338.73
96.41 815.31
-403.10 -669.58
97.81 -658.52
-273.86 -417.76
-128.86 -932.53
-846.90 275.07
34.01 -269.37
249.97 -5.99
-184.07 351.20
-370.54 -706.71
29.28 726.82
-619.05 672.04
-719.09 -281.37
-952.24 -122.50
-254.07 585.02
-29.19 -550.14
-19.31 741.43
79.13 121.39
544.10 770.43
-784.48 801.84
-932.06 120.42
-171.09 130.84
215.84 6.72
-904.53 291.44
643.57 410.68
-156.85 -964.76
557.68 -649.21
481.69 -652.38
-126.18 -609.19
691.36 -709.30
-187.39 -591.18
324.49 862.59
-946.69 -163.86
-864.21 -965.87
-755.43 653.17
952.73 164.45
-433.43 191.46
408.33 -260.06
545.14 -49.41
-175.62 -508.44
-593.18 -56.92
-216.51 -482.06
366.67 135.78
-832.11 -107.83
428.27 2.09
-797.12 -572.50
186.74 308.59
-95.19 378.82
-429.73 775.23
289.54 -904.62
788.93 312.99
305.58 923.41
222.13 76.23
339.65 361.53
1.30 -499.66
-902.89 -231.90
-177.18 950.98
-147.91 554.20
-630.06 504.02
-25.26 -155.24
-729.50 -990.63
-127.99 -130.83
-735.41 150.85
654.26 206.22
-106.43 369.32
528.93 -7.71
845.06 -586.34
607.67 -923.92
-277.95 951.63
-154.87 205.72
75.83 -581.38
678.63 -922.62
-731.09 -160.49
-491.40 314.55
-112.93 -507.52
399.16 882.76
98.98 242.07
794.74 288.06
657.10 599.54
202.75 -886.64
-354.27 -520.96
427.03 -87.74
-597.11 -433.53
-53.33 -900.78
-652.07 257.04
-496.25 -885.36
-88.07 -114.77
887.22 220.09
-61.78 -263.00
-517.94 417.19
-984.87 407.54
-220.62 123.76
-173.98 305.97
-548.56 -450.31
652.56 628.64
185.01 649.14
716.44 303.76
-357.31 724.79
-192.12 -324.18
-440.63 -528.83
-88.01 -615.85
468.03 -87.96
-114.10 824.05
-531.80 658.27
-54.08 -993.51
-76.22 703.63
-601.66 -305.59
-746.89 -896.35
-714.96 564.81
-860.55 485.44
521.49 166.88
750.56 445.75
-505.77 -833.28
144.49 -881.51
878.01 213.74
-446.04 -195.73
-889.16 -283.12
-357.71 -394.00
-51.52 50.50
670.21 805.69
-745.51 309.56
381.86 671.18
561.01 -797.33
-711.34 -400.84
850.66 287.27
986.72 774.52
310.85 125.54
-942.24 -630.43
-593.72 -718.48
842.89 -825.83
-988.76 59.90
313.61 520.01
-428.51 334.86
199.15 -508.41
-765.94 -697.70
824.07 -580.81
-668.84 -879.38
-50.65 -766.49
-184.96 -571.85
182.26 584.74
842.95 -826.50
-675.75 -415.16
-464.17 -129.28
58.61 -118.82
-740.72 -970.88
-327.21 -229.78
-365.66 318.56
382.12 559.27
-521.80 -857.77
-206.49 63.07
906.62 -984.84
-997.51 50.18
-342.19 -719.54
904.88 -772.61
880.17 798.03
-3.31 -619.64
372.31 -253.31
-907.57 -539.79
-244.16 -967.38
-64.94 99.34
-756.52 -219.88
-496.03 661.26
-414.23 462.76
-492.04 686.08
-565.96 -109.47
331.93 558.99
-204.27 505.73
654.32 267.03
363.15 -300.79
671.04 -156.83
552.64 429.29
-825.91 -487.53
-410.03 -199.82
-508.70 -786.77
897.77 -823.42
-899.55 -957.90
867.46 147.34
150.51 -711.97
223.09 0.17
368.30 3.70
