1000 1000
522.23 1.33
1.99 0.04
344.07 10.37
496.87 15.55
667.32 35.93
210.15 12.29
425.43 26.73
611.53 42.42
68.62 5.21
170.57 13.95
665.45 55.92
365.99 34.40
944.70 97.03
100.49 10.46
196.65 20.98
460.29 51.55
602.46 68.84
113.47 13.59
826.21 104.13
326.54 43.59
672.56 93.14
265.28 38.64
713.90 108.03
291.50 59.85
147.00 31.38
769.53 165.40
493.47 107.19
64.69 14.54
502.48 113.11
138.31 31.40
42.83 10.03
536.21 127.42
673.09 165.20
266.55 67.01
61.05 16.65
923.62 264.04
0.42 0.12
264.44 76.49
487.99 145.10
134.54 40.29
752.36 225.91
149.37 45.57
343.10 105.28
507.00 158.87
661.94 209.07
467.77 151.47
924.41 302.02
63.02 20.68
663.48 218.56
192.48 63.46
665.68 221.22
844.85 289.13
897.65 307.77
565.56 206.77
486.59 178.06
658.11 243.69
463.73 174.43
59.62 23.00
171.23 67.45
311.42 126.56
610.68 252.56
283.33 118.23
718.90 301.60
868.59 366.23
2.42 1.02
122.99 52.31
685.74 294.12
533.95 231.06
619.14 269.97
630.67 279.30
284.55 127.34
665.16 308.07
674.53 316.22
651.16 305.72
461.36 223.30
198.88 97.82
610.39 301.44
41.67 21.02
371.38 190.54
430.42 223.02
524.14 275.29
833.16 443.55
380.29 207.75
836.18 457.62
135.72 74.34
441.18 250.94
451.87 257.29
257.26 146.52
627.97 362.69
654.95 378.87
167.98 98.01
44.25 26.06
382.91 229.03
499.23 299.11
318.23 192.02
791.23 477.75
100.16 60.79
42.82 26.20
56.56 34.67
644.86 402.79
123.01 77.11
4.38 2.83
225.68 146.07
103.96 67.51
104.68 68.52
447.63 297.02
525.97 351.86
660.96 463.04
516.92 365.12
464.36 339.77
551.03 421.73
47.02 36.21
354.96 278.77
557.32 457.12
316.44 259.62
492.78 407.45
247.63 205.60
505.03 435.25
244.02 211.67
412.46 369.77
681.21 611.88
366.49 330.44
235.85 214.98
130.93 120.14
360.81 331.98
8.71 8.14
301.94 287.74
291.02 286.89
493.41 491.18
284.60 284.11
443.53 442.95
639.91 645.48
455.74 460.07
115.92 118.01
177.49 184.94
11.39 12.23
355.07 387.35
529.26 578.75
329.02 362.22
127.02 142.52
211.31 241.15
27.60 31.54
195.23 225.15
409.92 475.02
321.48 382.50
71.37 85.16
239.61 287.93
186.18 225.62
383.14 466.44
495.65 605.69
226.98 277.76
372.19 459.00
475.82 601.53
50.51 64.91
517.23 677.71
69.68 94.28
199.60 271.63
576.26 788.35
244.47 335.92
192.54 265.66
82.07 116.46
195.29 282.57
22.26 32.82
173.46 256.87
117.94 174.96
360.11 536.95
270.22 408.72
275.97 422.10
497.82 762.87
56.01 86.25
496.19 765.23
260.95 408.38
460.34 745.88
335.20 565.20
141.90 240.11
147.66 250.60
25.86 44.31
405.30 702.45
33.71 62.99
353.21 663.77
239.56 451.26
86.31 164.34
231.42 447.67
18.89 36.65
77.46 151.64
204.30 403.48
433.38 862.14
36.66 73.79
249.03 510.92
417.15 888.05
28.19 62.68
71.40 161.20
95.24 216.22
152.11 348.66
27.83 65.38
3.63 8.61
89.10 211.36
349.04 844.15
33.51 81.88
297.67 731.39
312.78 792.18
50.94 132.13
329.38 858.99
208.50 551.84
263.61 744.88
311.63 896.68
281.49 815.47
318.71 926.23
169.47 524.25
142.32 446.03
249.45 873.09
151.89 558.13
21.59 85.18
143.67 570.68
19.66 81.36
49.32 205.64
53.37 224.81
71.97 321.30
184.15 831.03
0.44 2.14
84.35 411.04
135.92 665.70
57.76 288.06
46.23 231.04
89.12 451.80
6.80 35.11
5.34 29.09
78.99 430.44
124.12 694.30
37.59 217.42
67.62 391.96
44.41 258.91
49.25 312.08
87.43 561.39
17.47 113.96
75.02 587.11
100.87 791.66
65.54 560.27
73.51 661.95
50.91 486.49
74.58 919.66
64.17 824.73
67.43 909.00
49.64 748.93
37.57 587.66
55.47 871.76
43.04 776.01
9.04 165.10
16.83 312.59
26.82 580.98
31.13 764.29
13.22 365.63
4.88 256.51
10.63 740.27
0.72 398.25
0.76 448.75
-0.49 197.58
-0.55 27.36
-1.08 37.48
-22.98 684.06
-47.95 890.07
-59.67 958.34
-28.09 409.45
-37.90 477.88
-30.86 346.07
-63.57 599.95
-75.85 710.33
-0.84 7.85
-34.12 277.96
-91.08 729.91
-81.72 652.23
-37.78 298.94
-105.77 820.73
-37.08 284.53
-24.56 181.18
-53.13 371.47
-30.07 206.16
-99.10 652.30
-41.74 271.89
-27.35 168.29
-113.53 698.28
-123.44 752.63
-47.93 255.26
-64.40 336.63
-73.05 379.31
-138.94 707.39
-48.43 245.62
-50.02 235.33
-112.98 517.69
-26.70 122.04
-109.81 466.53
-139.60 570.65
-247.33 962.86
-176.01 660.33
-168.66 630.69
-18.87 62.17
-244.75 802.11
-89.31 291.45
-66.37 215.42
-161.35 503.25
-126.58 378.95
-77.64 224.27
-172.86 493.49
-187.06 532.61
-119.17 320.27
-197.38 525.38
-193.64 511.59
-0.55 1.40
-238.68 606.30
-113.36 266.10
-389.32 899.60
-380.33 855.11
-126.28 282.87
-293.85 655.09
-14.55 31.98
-399.44 872.47
-38.35 82.41
-133.00 276.36
-71.38 145.54
-164.64 322.71
-405.79 791.72
-17.62 34.30
-20.39 39.48
-339.04 652.56
-404.15 750.67
-20.79 38.27
-32.90 58.93
-280.21 484.84
-425.53 731.35
-116.42 193.88
-96.55 160.01
-486.00 793.48
-9.54 14.81
-341.18 517.46
-504.17 761.69
-271.43 409.80
-28.03 42.31
-407.34 599.95
-497.61 732.87
-583.26 788.55
-310.30 415.90
-295.01 384.41
-220.16 282.72
-288.39 369.03
-74.63 94.86
-241.31 296.50
-19.55 23.76
-398.50 483.58
-263.13 318.24
-536.13 637.85
-407.01 473.58
-448.39 521.14
-629.09 725.59
-16.72 19.13
-575.81 657.24
-269.15 306.90
-482.43 532.38
-12.52 13.55
-417.68 446.55
-393.12 419.33
-572.32 589.80
-56.22 57.83
-628.32 644.25
-242.84 245.36
-648.03 649.93
-354.84 339.24
-65.97 62.85
-200.64 187.62
-620.49 579.75
-366.59 338.50
-168.50 153.87
-520.20 458.76
-151.85 133.21
-595.99 521.32
-142.28 123.71
-396.86 338.00
-42.19 35.71
-525.54 439.57
-132.17 110.21
-429.21 355.96
-662.26 545.86
-641.90 528.13
-499.64 405.40
-253.61 204.94
-333.22 268.20
-653.07 520.55
-471.74 371.10
-25.01 18.68
-1.54 1.15
-598.27 439.59
-476.28 345.92
-23.03 16.70
-635.52 457.31
-48.55 34.90
-451.79 312.77
-58.49 40.29
-204.63 140.84
-519.44 356.61
-70.03 47.41
-196.28 132.75
-159.35 107.76
-159.50 107.43
-553.71 371.42
-567.95 372.45
-629.50 411.16
-252.31 162.98
-510.44 328.36
-220.98 140.97
-175.00 108.61
-437.53 270.07
-746.33 460.00
-342.33 209.48
-322.39 196.32
-821.30 499.65
-153.13 93.06
-89.78 52.62
-493.03 287.27
-361.78 209.54
-762.30 430.35
-20.44 11.15
-47.28 25.72
-502.43 270.69
-136.48 73.46
-730.33 392.26
-847.74 435.18
-545.68 277.55
-333.26 168.19
-345.26 173.82
-190.22 94.00
-99.55 49.13
-553.85 273.07
-478.16 235.07
-661.79 321.80
-437.07 212.38
-503.34 242.54
-171.45 80.44
-388.47 177.91
-272.80 123.88
-661.89 297.91
-898.53 403.95
-518.20 231.65
-491.97 217.41
-277.03 120.92
-265.88 111.31
-6.58 2.68
-138.50 55.75
-561.34 225.93
-251.19 98.86
-443.77 171.42
-468.17 178.52
-161.15 60.87
-199.75 74.99
-702.92 263.86
-467.15 173.93
-624.77 230.17
-20.44 7.31
-83.82 29.54
-856.37 286.39
-955.34 293.21
-701.57 204.80
-365.99 105.62
-683.06 181.23
-356.88 92.54
-874.83 226.54
-345.28 78.70
-888.06 193.05
-232.69 49.73
-277.55 57.28
-237.50 45.23
-446.20 75.03
-551.59 92.47
-630.29 101.04
-271.59 39.47
-338.89 48.71
-700.01 90.71
-954.51 123.27
-72.47 8.95
-279.86 33.82
-181.82 20.76
-515.66 51.87
-653.65 64.92
-897.93 88.76
-683.77 66.66
-906.42 86.30
-669.90 61.82
-389.87 34.13
-191.03 16.51
-4.36 0.37
-530.75 40.51
-471.63 35.96
-681.23 45.27
-620.55 38.80
-695.63 41.53
-377.28 20.38
-416.19 22.24
-989.11 52.42
-310.08 14.18
-689.23 31.52
-306.21 12.64
-496.46 19.85
-918.52 34.85
-479.34 16.00
-908.96 29.09
-322.40 8.39
-546.92 13.72
-10.33 0.24
-918.27 17.86
-780.74 0.31
-297.56 -1.66
-906.39 -11.58
-92.81 -1.20
-77.62 -1.23
-377.50 -10.07
-533.68 -22.53
-270.36 -12.21
-394.00 -18.18
-142.87 -6.76
-560.61 -26.83
-761.08 -41.15
-15.54 -1.03
-813.69 -59.48
-696.13 -52.31
-373.70 -29.43
-709.06 -56.43
-916.93 -80.94
-494.40 -45.98
-796.84 -79.46
-62.06 -6.78
-237.00 -27.77
-268.05 -31.55
-100.87 -12.17
-839.52 -105.69
-332.53 -45.67
-681.66 -94.11
-413.81 -58.27
-727.76 -104.92
-728.88 -105.91
-272.88 -41.10
-757.76 -114.75
-17.19 -2.62
-908.63 -153.84
-375.63 -66.18
-655.32 -120.10
-364.18 -66.94
-107.87 -19.84
-514.52 -97.30
-483.90 -99.61
-906.52 -188.69
-845.45 -180.31
-406.27 -88.85
-155.38 -34.31
-464.96 -104.43
-759.57 -172.45
-586.40 -135.23
-605.36 -157.97
-768.96 -207.52
-837.52 -230.22
-882.72 -245.52
-14.07 -3.96
-770.48 -218.86
-898.79 -257.36
-652.64 -192.90
-735.41 -230.35
-545.26 -173.35
-125.86 -40.10
-582.96 -188.28
-628.43 -206.73
-272.65 -89.97
-110.34 -38.02
-677.29 -234.79
-86.83 -31.51
-279.40 -110.29
-826.13 -336.97
-347.13 -142.35
-844.85 -348.11
-320.00 -132.31
-309.14 -129.35
-309.60 -131.19
-509.72 -220.40
-881.39 -382.80
-855.81 -381.20
-711.69 -319.08
-134.26 -60.42
-741.31 -337.51
-197.03 -93.72
-619.41 -295.62
-566.11 -270.35
-265.20 -127.14
-616.64 -302.60
-727.21 -359.88
-707.02 -352.29
-656.85 -328.66
-725.83 -366.14
-219.08 -110.77
-208.68 -106.93
-463.79 -239.25
-13.20 -6.94
-676.90 -357.58
-31.25 -16.59
-473.62 -263.27
-205.91 -114.58
-627.62 -349.54
-274.47 -152.88
-340.29 -191.61
-279.38 -157.86
-100.10 -56.82
-283.76 -161.76
-348.26 -199.31
-454.51 -268.24
-811.67 -504.15
-188.04 -123.08
-733.14 -486.05
-322.41 -214.18
-473.01 -336.72
-482.40 -356.37
-65.68 -48.78
-387.50 -290.64
-291.56 -218.89
-449.58 -341.99
-489.57 -374.98
-496.67 -384.85
-293.01 -229.06
-692.65 -542.26
-329.27 -266.63
-226.56 -185.59
-493.60 -411.02
-292.82 -258.61
-674.63 -595.88
-231.87 -206.23
-359.94 -328.13
-335.60 -308.85
-241.06 -224.68
-37.64 -35.26
-51.12 -48.40
-308.28 -293.81
-356.71 -345.31
-651.55 -643.08
-460.03 -461.51
-269.25 -287.83
-327.81 -352.55
-661.64 -718.44
-526.22 -571.73
-53.21 -58.27
-104.99 -115.17
-218.69 -241.83
-205.47 -227.50
-612.01 -708.90
-389.39 -452.06
-348.21 -423.19
-421.37 -513.65
-417.62 -524.10
-252.39 -319.03
-40.64 -51.69
-93.02 -118.38
-141.13 -189.25
-505.91 -683.68
-17.74 -25.09
-453.38 -661.82
-66.02 -100.08
-389.46 -592.29
-29.89 -46.61
-16.20 -26.12
-283.11 -457.47
-370.38 -599.68
-316.82 -530.88
-383.42 -642.87
-322.37 -547.60
-423.23 -722.00
-79.16 -143.17
-292.17 -544.50
-362.36 -718.72
-177.01 -355.91
-152.44 -310.75
-307.84 -630.01
-429.95 -881.60
-250.82 -522.15
-204.81 -428.55
-14.76 -31.86
-35.95 -77.69
-9.02 -19.69
-4.69 -10.28
-56.35 -135.02
-169.70 -430.14
-78.22 -216.81
-161.42 -478.43
-213.98 -642.87
-139.51 -458.89
-273.46 -925.33
-21.35 -73.58
-24.67 -85.58
-81.21 -282.73
-26.46 -93.84
-210.98 -810.08
-240.05 -924.25
-243.08 -940.13
-170.35 -661.39
-199.99 -792.08
-24.70 -99.05
-121.95 -498.33
-99.17 -419.83
-167.92 -726.32
-15.11 -66.69
-56.05 -252.05
-76.24 -401.18
-110.30 -602.71
-39.72 -218.10
-76.21 -433.12
-68.48 -390.20
-157.35 -900.94
-57.86 -347.38
-102.14 -619.26
-72.11 -454.20
-122.95 -799.67
-144.65 -946.09
-94.52 -622.58
-130.27 -862.61
-27.58 -200.99
-28.94 -220.36
-65.85 -523.35
-72.22 -598.51
-74.26 -624.49
-0.07 -0.60
-9.64 -83.54
-19.25 -167.46
-8.76 -98.10
-54.26 -623.22
-59.23 -697.43
-18.88 -228.14
-6.52 -86.50
-31.71 -440.19
-37.21 -586.41
-40.47 -867.21
-36.45 -817.71
-10.56 -318.16
-6.18 -187.67
-3.36 -102.30
-16.49 -543.48
-4.58 -167.59
-4.95 -228.33
-7.05 -381.38
-11.85 -681.24
-2.54 -316.11
-4.22 -624.74
-0.28 -192.90
-0.08 -273.01
1.58 -969.80
9.41 -773.53
13.86 -861.48
16.15 -798.79
8.04 -337.22
16.82 -431.20
11.06 -260.65
12.87 -300.18
35.68 -630.86
26.09 -459.05
20.26 -353.58
43.21 -688.16
26.47 -366.95
49.58 -581.13
12.14 -138.19
63.97 -652.18
8.37 -84.95
10.54 -105.94
11.52 -107.80
73.78 -682.41
89.51 -792.82
100.66 -887.06
18.03 -152.42
85.64 -701.90
85.84 -692.29
20.11 -156.93
67.39 -511.83
118.89 -866.35
10.88 -75.07
32.77 -210.25
121.63 -779.70
21.62 -137.17
47.90 -292.90
161.15 -976.02
3.41 -19.95
88.20 -478.08
175.01 -942.33
60.76 -311.46
89.69 -452.48
3.77 -18.97
4.89 -22.80
116.42 -537.92
177.07 -817.86
109.01 -485.50
122.34 -541.23
85.22 -349.23
126.11 -497.17
255.81 -946.97
207.86 -754.19
231.37 -829.67
253.06 -855.49
161.75 -531.25
261.40 -836.79
180.77 -575.90
310.82 -939.66
201.23 -592.45
198.86 -583.25
299.17 -870.16
19.45 -54.08
135.55 -371.68
176.85 -483.11
84.52 -219.89
343.28 -861.42
317.74 -795.49
351.47 -857.33
25.32 -60.38
36.07 -85.85
359.63 -822.20
412.03 -895.81
73.52 -156.32
92.11 -195.69
139.78 -296.19
43.24 -88.64
341.32 -682.04
212.66 -406.83
195.66 -372.14
139.37 -264.43
447.74 -844.46
326.58 -605.42
203.85 -375.76
446.41 -798.70
183.61 -326.14
487.54 -863.41
271.73 -473.47
105.58 -182.63
451.67 -758.72
452.12 -738.25
95.09 -153.16
459.19 -733.88
188.00 -299.03
201.00 -296.14
248.00 -362.68
431.53 -611.08
500.75 -675.36
588.13 -788.55
237.85 -318.50
53.17 -70.56
109.49 -144.60
202.11 -261.89
305.93 -391.85
131.97 -164.37
368.89 -455.71
432.85 -523.92
491.40 -586.49
273.14 -324.87
522.98 -618.80
79.93 -94.35
377.21 -442.36
521.70 -609.63
629.49 -730.02
330.05 -376.29
417.51 -475.13
585.81 -651.39
429.18 -474.14
211.28 -232.50
602.34 -615.36
345.34 -349.32
536.78 -540.24
18.94 -18.88
671.75 -669.11
339.73 -337.32
373.40 -364.75
356.09 -346.34
45.25 -43.38
611.72 -575.40
486.05 -456.35
439.22 -412.11
483.22 -449.46
146.95 -136.50
171.27 -159.08
155.26 -142.63
420.89 -373.88
182.46 -158.23
138.12 -119.29
728.05 -626.58
93.60 -80.41
83.83 -71.91
469.61 -386.91
530.61 -425.24
481.13 -382.22
680.01 -536.16
74.67 -58.83
391.02 -302.51
577.97 -446.02
420.16 -323.95
116.62 -88.27
456.51 -344.11
40.26 -30.16
251.11 -181.11
158.91 -113.38
145.25 -101.65
559.64 -391.62
330.21 -229.44
162.06 -112.35
266.01 -181.87
584.51 -397.38
374.50 -251.78
434.11 -289.65
177.40 -112.78
475.29 -291.21
829.20 -505.54
749.25 -453.94
90.12 -54.19
780.80 -463.54
268.80 -158.23
809.38 -471.97
637.25 -366.75
825.43 -466.94
513.47 -289.68
180.62 -100.26
390.80 -216.59
540.87 -288.39
482.66 -251.50
118.21 -60.87
402.39 -205.25
240.09 -122.25
765.15 -375.15
855.93 -419.48
35.21 -16.92
112.76 -46.57
262.11 -107.71
390.71 -158.42
663.03 -268.79
744.42 -296.04
756.20 -295.09
150.67 -58.63
302.99 -117.74
528.57 -204.54
227.10 -85.46
828.03 -310.05
412.53 -154.11
569.41 -205.57
89.05 -31.67
919.57 -325.64
491.78 -173.79
233.85 -80.80
99.68 -34.03
402.82 -135.97
775.46 -254.66
545.81 -176.14
256.93 -81.49
948.73 -300.50
103.56 -32.74
722.75 -226.99
457.11 -134.57
679.24 -197.21
665.48 -191.99
350.56 -99.62
931.66 -261.53
141.11 -38.70
625.40 -168.86
881.88 -231.66
827.47 -217.09
843.87 -220.62
444.75 -112.04
76.29 -19.11
622.31 -154.35
609.44 -150.43
209.21 -49.51
362.98 -83.91
447.62 -99.35
246.21 -54.62
260.97 -56.80
678.25 -145.82
649.34 -134.62
80.33 -16.16
542.01 -107.01
771.65 -151.21
952.30 -182.47
5.56 -1.04
567.69 -104.31
805.79 -148.04
841.37 -154.56
388.59 -70.03
190.00 -33.87
108.62 -18.93
523.73 -89.64
809.09 -134.92
150.45 -24.71
846.39 -134.92
199.87 -28.97
153.54 -20.07
785.84 -102.36
217.44 -27.39
163.10 -19.33
112.25 -11.66
571.45 -57.77
28.72 -2.76
135.48 -12.84
479.77 -41.75
279.67 -22.81
581.81 -35.38
196.54 -10.56
362.66 -17.41
225.44 -0.36
420.86 -735.99
731.56 -276.59
804.04 863.43
236.87 -177.58
-814.54 80.42
993.54 -162.08
-861.97 -214.16
-637.53 549.33
946.60 313.78
-693.32 219.85
206.91 371.00
-400.36 -94.56
-189.84 -978.09
552.31 719.47
656.76 967.28
-363.05 119.31
-743.43 -530.37
-722.31 816.33
-929.49 690.45
954.23 388.46
694.17 191.50
-450.26 954.34
-530.59 233.96
69.05 144.75
-638.51 -22.19
673.25 823.73
888.92 193.30
854.18 -177.92
706.25 -798.99
38.06 -951.13
-467.73 138.70
585.47 -630.86
-543.56 -822.32
517.79 709.91
-681.97 -594.76
998.99 163.09
722.00 -724.44
866.34 757.87
763.75 -134.87
841.80 411.07
-993.11 -264.43
-985.61 -686.07
187.50 234.66
449.57 210.50
643.53 665.12
326.53 -212.86
866.90 367.74
443.99 546.28
-312.09 211.87
-255.19 -395.65
745.25 842.22
-166.51 87.55
322.31 202.35
747.53 16.51
-940.11 -172.34
93.74 560.31
-588.57 -793.85
407.84 508.03
541.10 522.91
996.05 495.51
-303.93 -950.32
-736.82 -481.83
1.78 -691.97
443.66 250.56
394.72 955.92
312.46 669.13
722.03 630.00
-543.58 -716.16
-240.98 -658.56
-813.51 -743.33
579.76 -721.54
525.75 -594.96
-64.76 543.27
657.81 839.67
-410.39 3.00
808.18 442.65
844.17 224.05
-166.05 -977.29
420.02 494.63
623.75 -676.25
526.45 -912.65
-780.10 894.31
645.16 504.59
105.12 345.33
-461.86 615.29
-163.40 -721.86
318.81 -778.35
-983.32 -297.95
554.83 633.94
845.42 -548.74
822.12 878.66
-438.87 425.01
-761.85 -928.38
182.03 -218.96
964.62 -283.29
880.36 390.63
-294.71 655.88
-152.21 -270.81
963.47 22.80
201.58 -379.63
-864.17 -910.84
-32.10 -606.99
-530.67 780.66
-409.25 -618.42
278.57 -648.59
12.98 606.13
157.04 331.73
-919.25 362.86
339.36 827.78
-926.76 991.96
-548.74 -29.24
-262.23 307.79
-854.53 -644.85
552.54 -89.26
-453.05 -465.99
-169.67 -449.87
-551.05 -205.22
6.15 -467.35
900.04 489.45
926.66 154.84
-557.47 518.12
-832.23 -178.99
-628.81 985.68
-263.83 762.12
-531.11 -658.44
-440.88 -783.80
-644.51 -6.18
173.13 499.49
-652.29 -369.46
-890.02 -263.04
-146.28 660.07
-244.62 -994.68
-299.67 187.23
363.12 501.41
-843.88 517.93
139.37 425.21
446.71 299.71
-576.49 -519.21
546.12 -287.82
791.84 693.02
220.33 107.31
546.82 -189.50
-525.43 -149.28
986.75 -671.90
363.58 -278.26
691.77 671.89
-299.63 -609.06
-495.36 -165.09
55.96 972.79
-784.60 -131.28
-321.21 597.78
205.60 -56.93
357.87 -352.19
-96.24 568.24
-539.52 154.36
620.95 805.65
-745.52 -495.60
778.57 91.98
-283.05 585.73
534.68 -18.06
858.36 -588.46
-592.87 -506.95
138.77 254.04
306.45 350.68
-410.59 -157.45
-534.05 -588.43
790.73 194.19
-36.56 -843.47
-345.10 -270.47
939.69 -991.41
-885.98 -290.02
512.70 740.62
668.97 990.77
763.17 954.77
914.55 779.26
465.56 221.72
19.53 78.17
-845.98 -716.40
-0.31 -22.63
73.03 586.20
767.45 -959.88
-308.76 14.34
-666.13 907.04
584.92 398.69
-316.43 -520.71
-174.74 953.61
-160.58 745.90
136.84 301.19
-553.64 -560.87
377.65 658.31
-350.72 860.90
-462.39 562.78
257.85 189.38
260.82 -842.04
227.94 -451.93
974.34 450.06
173.10 926.30
197.77 395.54
631.64 -951.19
320.62 -331.92
840.35 512.23
902.66 -871.52
-71.61 199.01
-317.94 364.20
-911.77 -517.45
-604.01 -265.41
319.79 103.09
-633.36 -396.07
260.10 13.00
-442.61 -175.73
-963.78 580.49
-198.25 -505.67
-228.45 -899.57
-601.65 -97.13
688.96 419.09
-25.99 293.96
-608.47 -580.00
-138.62 229.65
869.55 482.81
24.15 242.40
526.65 -647.62
480.83 -399.14
675.01 -110.74
-688.53 306.92
87.48 104.57
-683.25 -889.35
14.35 -724.35
-522.32 -209.06
196.42 -401.03
574.83 957.45
108.16 564.15
-291.70 -473.56
-115.43 537.36
-19.42 429.93
634.80 -357.49
-13.46 212.06
384.87 992.91
-780.32 360.55
851.48 207.78
-946.34 -48.17
-783.15 -4.84
-655.24 374.51
627.42 533.46
-211.90 -738.26
257.14 -317.64
-660.97 792.94
-363.58 198.39
-847.40 241.91
-181.51 -772.84
465.33 944.35
766.73 -702.67
300.20 -215.52
-140.44 751.54
736.57 -734.98
-416.26 -27.85
69.31 -535.14
308.14 656.42
409.23 595.08
-463.93 -125.37
-220.94 501.19
-352.85 -274.55
-856.24 941.67
405.33 716.63
314.89 -302.77
879.91 702.23
-384.97 213.75
647.57 -887.53
197.49 782.08
-461.61 627.79
535.48 570.66
329.44 711.35
267.60 813.71
120.66 -267.04
728.45 103.39
-89.49 702.68
278.26 -387.90
500.26 -805.95
571.54 -372.76
323.67 75.73
-53.63 -226.75
-661.27 -79.13
759.86 -618.66
579.54 51.06
90.01 774.90
6.62 -703.36
-624.36 -945.27
-747.52 -580.45
-349.79 -267.09
-956.80 370.17
608.32 -512.99
-723.87 663.84
919.92 -996.76
-449.60 221.96
-403.68 816.88
-175.41 139.97
-581.46 -927.33
888.06 974.46
-798.12 -77.62
-132.38 -241.39
111.39 -888.72
308.78 -620.44
438.66 47.39
794.18 -365.29
887.40 816.75
127.65 610.07
62.22 -246.53
892.20 284.22
181.41 -296.59
-292.64 578.45
-702.11 500.24
-313.26 875.33
718.82 -105.16
865.79 440.90
166.24 -958.45
382.26 194.01
342.53 -53.32
439.44 330.40
780.18 202.31
-658.24 377.91
-292.58 -846.45
215.25 973.56
-597.16 -859.23
-394.39 -613.62
516.87 -189.51
82.37 441.89
-96.94 -590.54
-866.52 -161.76
67.53 206.80
568.39 -904.52
294.76 529.04
-636.73 -167.06
-998.91 960.37
427.34 -111.47
-156.56 286.75
-443.20 -597.67
-224.65 -358.81
-385.95 -596.68
-843.04 -622.31
783.76 -271.71
-307.71 421.41
816.39 963.99
626.79 -511.57
-544.49 535.48
-589.56 947.45
884.03 614.59
277.53 835.52
-343.06 797.08
565.32 -523.63
-654.68 -767.74
523.47 652.23
861.37 -451.39
111.90 -310.62
-372.90 458.16
-556.30 -237.62
-3.80 -101.45
803.68 257.88
224.43 216.24
36.79 25.11
-380.08 -191.39
660.79 570.44
711.13 960.49
-649.79 934.45
-680.38 232.02
-254.47 761.46
-584.49 -275.60
-262.76 643.42
689.15 -212.10
404.72 585.12
924.53 294.48
280.94 -224.63
-324.93 -419.78
380.34 642.57
-824.97 -737.02
-982.32 -604.74
-526.01 942.61
-335.93 157.83
97.95 58.69
761.96 -686.58
-433.52 456.46
-340.14 128.59
845.51 -114.28
-684.99 277.68
-999.58 587.86
-967.58 768.58
669.83 -696.19
598.24 453.11
381.03 85.42
-740.41 670.86
989.89 277.51
-372.63 -348.06
407.86 296.49
-414.91 -251.52
-949.88 957.49
953.64 107.00
-35.81 58.98
-314.61 11.55
-959.57 -174.91
-998.13 -359.97
647.40 -492.43
614.75 257.59
23.14 464.55
614.29 -439.93
-808.60 -708.82
339.88 -808.43
-247.45 -417.54
-544.63 839.42
543.86 -315.66
759.20 -101.97
160.54 856.09
-12.62 905.98
843.42 209.87
-784.16 388.43
974.91 50.14
798.51 -637.28
-694.96 857.73
-457.94 -955.10
-927.13 -819.67
-602.64 891.18
259.72 -985.40
702.94 469.44
649.38 587.25
960.78 -732.08
339.56 789.19
638.28 -56.73
-107.74 -542.93
370.29 847.46
-4.77 600.83
207.47 -703.31
-102.58 873.58
70.59 114.56
705.01 742.97
706.17 -573.35
85.42 722.99
687.35 -328.97
-87.30 384.33
-744.42 234.33
-577.93 977.09
153.27 -212.86
797.33 -808.19
-256.40 620.68
-520.09 -715.84
931.74 598.44
-978.23 202.65
-688.50 24.85
-461.74 -823.57
850.01 -656.11
-960.23 -397.93
-578.93 -221.11
-452.90 -628.20
-192.07 -513.98
943.74 89.54
402.15 -401.25
-601.14 -815.30
-833.66 -857.52
97.32 -558.88
-709.58 -908.26
10.19 -1.10
-175.44 -341.60
-38.25 682.02
612.46 -324.52
-0.95 662.26
43.69 -101.27
-944.92 -285.22
-68.95 -166.08
-421.67 -143.12
-901.49 -183.56
953.29 800.61
291.09 98.46
889.13 239.06
-153.78 703.88
614.65 -946.59
-761.73 -948.52
-223.10 -985.94
-74.09 -740.42
983.72 225.04
-319.01 -173.78
993.59 415.40
-44.32 80.24
-77.12 51.38
-517.13 498.81
-531.24 806.23
-238.29 -943.67
-407.95 512.51
-651.30 292.98
744.72 773.18
90.66 -291.52
454.43 412.76
188.93 831.15
-620.58 226.49
671.94 606.05
-388.27 843.47
-171.11 696.80
-820.42 -790.66
-529.21 712.17
-446.96 348.59
-74.62 789.42
228.93 -37.79
459.12 929.79
-238.02 692.16
343.94 -216.82
345.27 -186.60
-834.04 651.63
-938.83 833.66
231.63 -175.86
538.64 -47.11
-485.61 -908.25
321.43 -391.14
-567.61 904.82
-420.59 -155.82
428.09 291.29
418.99 950.69
630.91 -12.96
-637.37 179.64
-540.93 263.71
-128.98 729.97
406.42 -898.53
786.83 -150.40
-508.50 -592.54
540.55 547.14
417.09 814.01
324.60 -365.04
-358.06 -872.75
857.26 -903.34
545.40 -838.95
-622.94 -797.36
688.15 271.21
-280.15 -792.11
232.94 -633.38
-283.60 559.37
-942.81 118.19
234.07 576.57
-736.79 -278.04
748.04 785.00
-862.21 170.77
831.62 542.67
-269.21 -688.34
227.14 -579.73
720.59 682.38
-889.87 226.29
144.15 -188.67
635.29 460.42
-791.44 183.38
-914.46 756.74
867.26 -925.59
-23.53 299.25
-400.84 392.34
336.29 668.21
642.04 101.11
-313.41 134.36
93.77 425.50
-683.87 -220.15
-139.20 714.40
908.26 -370.05
328.60 -146.41
-624.28 766.17
496.26 789.92
831.67 -587.50
55.40 -655.30
-945.63 -110.65
181.23 -784.60
-729.99 273.23
-671.93 -481.83
30.17 -318.52
450.23 -748.81
-839.99 741.56
-36.39 131.97
504.47 255.10
983.06 -234.64
-97.30 161.82
-496.99 -7.04
-503.60 -439.45
-114.89 -982.31
-718.56 -764.30
772.73 213.69
-160.17 -83.66
-957.87 133.70
725.57 -372.93
445.08 412.09
-356.57 130.89
-544.98 -342.14
198.37 811.61
-63.41 620.31
444.27 494.26
-339.27 -195.65
-165.93 -293.32
182.41 623.69
-188.03 -261.65
613.58 865.43
779.02 935.80
-6.78 286.32
-65.99 -555.42
738.05 -502.71
-777.82 -232.28
-199.67 -713.23
-310.34 -182.49
-212.55 -371.22
-619.08 68.27
556.10 638.59
-217.43 -93.65
-192.41 -666.96
-97.47 766.31
-507.24 -385.06
-908.44 594.75
226.34 -135.67
-845.36 819.11
-704.18 632.99
171.54 552.11
353.71 823.46
596.72 -689.64
-654.81 616.14
428.01 147.26
-102.48 770.46
-109.44 271.69
-109.52 -602.04
346.39 -845.39
-574.22 562.24
402.81 342.11
414.97 -236.86
-33.96 128.57
585.68 -283.86
-205.11 -671.90
187.88 485.38
81.60 -957.62
-924.73 699.55
43.73 806.82
-58.10 675.16
336.96 941.90
-759.52 555.44
-467.45 299.34
97.22 762.70
350.64 41.86
-810.81 -344.09
859.73 359.45
906.27 -856.66
-472.96 -951.00
283.87 818.03
267.32 -768.12
177.77 -169.25
-214.27 482.20
-681.27 -727.79
477.31 764.37
-222.79 -280.14
-868.05 -610.61
-109.98 -923.80
-431.80 218.42
75.99 -842.56
-4.91 757.72
-376.85 -545.33
-266.11 -342.19
394.43 -24.10
573.82 140.01
-40.37 809.37
-711.08 -24.34
-268.07 249.95
-726.06 152.89
-259.77 -295.79
750.70 715.75
-225.32 -840.51
-764.54 131.00
-830.67 -77.79
435.82 205.73
24.66 619.58
-340.12 699.57
-660.72 -806.79
-412.29 114.05
-545.84 -414.72
-787.65 814.21
-803.72 644.16
450.59 -36.94
144.48 -184.87
197.43 394.05
875.13 661.12
-731.95 24.61
994.17 71.46
-544.63 712.75
-940.10 -990.84
67.45 795.58
806.77 -312.33
875.02 937.35
-535.17 667.15
-241.51 -727.77
783.51 221.49
-673.68 -933.17
-225.25 -535.10
-190.63 -501.04
-214.84 -970.01
-364.16 -841.71
-528.74 576.99
-702.75 -472.78
554.96 527.40
-667.59 -425.03
727.62 408.42
-711.23 739.45
-772.83 200.47
941.22 -576.16
221.46 843.30
480.12 -806.57
22.87 -713.51
-117.71 622.61
203.79 737.45
599.31 364.46
-589.16 -863.20
-428.70 -264.48
-368.91 -876.28
889.12 957.07
444.36 227.58
-140.11 -520.21
-681.54 -870.37
-307.74 577.99
825.33 115.83
582.79 633.30
-334.63 323.01
524.30 -202.60
-971.83 -337.49
789.24 -539.73
-780.42 47.51
217.80 -891.45
441.25 964.42
440.15 91.66
-750.54 -142.29
136.58 -399.49
601.45 568.22
208.42 97.73
-771.27 -707.08
-358.70 -626.70
620.79 487.05
-19.17 301.42
394.45 680.77
223.61 867.81
-150.60 787.91
980.59 573.64
-698.43 -560.12
974.11 -62.18
-703.09 -599.53
-74.61 368.62
136.23 -151.96
124.36 985.25
-342.73 580.89
379.34 257.86
-736.40 -394.79
112.43 497.44
720.98 -218.54
549.54 -282.55
389.59 918.52
420.51 861.29
-239.39 389.14
-359.28 -493.23
70.70 308.63
-591.86 582.36
-357.55 -27.50
463.07 602.21
-515.05 -132.20
-770.24 16.62
-723.06 502.21
-258.36 -730.05
660.80 52.74
701.24 714.18
-961.48 517.97
39.36 -86.18
887.24 -455.00
726.20 -23.63
778.96 582.36
-675.33 -700.09
-451.28 773.10
-82.93 -551.81
876.51 904.16
-545.38 -822.53
567.10 -473.64
919.33 -786.86
-536.99 -381.10
904.60 -949.92
-670.94 -586.58
-594.45 -330.88
230.63 -759.13
-474.22 605.87
167.00 186.33
-734.15 -788.93
-401.11 -607.56
541.62 379.96
-406.97 504.88
497.62 -679.21
-812.55 -989.55
864.28 -423.59
-339.75 266.97
-683.17 -648.16
-820.28 -203.51
147.69 -556.44
-909.39 149.76
-668.49 -497.33
-863.25 421.14
972.09 113.43
499.62 -148.00
-54.89 719.02
419.33 -62.77
-324.67 848.82
-348.92 -99.99
394.66 349.14
375.94 960.60
557.53 473.97
784.41 404.01
539.47 123.92
298.89 -190.07
-97.63 504.40
100.37 -9.42
-779.37 182.84
207.95 137.62
-964.82 908.14
52.90 930.96
-801.74 703.54
-906.04 245.24
873.07 571.61
-162.80 602.84
-745.48 576.03
127.59 -38.30
-163.40 -215.06
109.79 -137.59
583.64 603.31
817.29 -129.52
-777.05 -193.20
671.90 413.55
-367.05 745.75
-919.12 174.45
-684.53 -619.38
-96.12 -453.18
-881.91 -551.56
-273.24 -849.15
-994.24 -173.12
-762.00 594.79
470.44 296.39
795.92 301.32
-773.05 79.38
-726.92 -656.00
705.60 -846.77
293.77 -229.38
-923.91 633.15
492.83 -442.93
-483.84 -93.18
420.19 -934.27
-263.51 710.72
856.88 -948.43
597.07 504.55
-259.86 -773.74
438.11 -411.09
-708.41 736.41
129.39 957.11
782.21 -616.70
-529.07 -238.26
-698.27 358.83
-681.78 -787.45
-828.16 -740.39
-27.63 749.64
124.14 113.16
-961.03 844.17
-990.05 -217.23
-556.66 -414.34
-792.38 106.06
-715.14 125.97
-861.25 524.88
-558.00 284.18
858.34 -513.17
-824.49 515.29
-381.35 -55.92
762.92 -549.81
858.22 -398.77
-53.76 -305.50
418.50 366.11
54.44 566.14
880.60 -960.61
54.21 -244.45
330.11 352.64
-895.51 577.99
273.58 -535.83
-780.41 325.99
-790.08 891.80
466.76 535.35
-308.85 218.02
880.26 73.09
959.32 44.20
-585.18 -946.24
630.33 289.59
836.24 307.63
930.05 -21.48
354.96 388.82
-210.62 -704.15
541.47 635.73
-378.00 -358.60
636.38 886.39
-470.25 -910.45
393.26 694.38
356.43 21.67
-427.31 -886.16
-791.62 914.64
-594.18 -546.04
730.09 -71.64
-292.04 508.74
-736.21 323.83
248.48 645.99
-615.77 -881.10
336.34 754.16
-573.22 168.71
-27.60 -632.75
-689.93 -691.06
-576.08 -473.52
761.32 -386.63
-117.05 -235.77
-908.26 -382.22
188.15 -465.97
90.94 -580.71
285.15 -743.50
624.10 31.91
708.20 776.41
-20.11 -433.74
594.70 -695.44
367.45 -581.91
-859.36 -30.58
411.92 -424.26
144.65 -307.13
-622.43 -446.88
718.36 771.09
-327.97 -150.53
-619.11 -48.60
-942.08 817.02
-822.33 -609.19
898.82 -88.42
600.32 -147.69
863.85 665.33
-641.90 -50.83
759.11 -941.63
-366.11 -537.34
94.62 940.76
-519.59 887.78
992.52 922.06
877.69 -905.46
-96.04 227.10
611.83 -225.34
193.73 -637.42
-479.43 613.87
-412.95 26.22
-542.46 970.12
-425.23 513.60
-128.51 903.70
790.21 -133.34
-223.95 -746.93
-151.88 84.64
-547.18 -236.18
915.83 718.61
-390.57 -949.99
-122.14 -367.43
-215.34 -387.00
-587.11 -380.93
-389.83 126.76
238.12 296.18
-651.33 -251.99
270.36 -223.78
393.81 -267.11
-139.86 523.83
569.72 -100.70
-289.03 783.83
-549.27 -773.35
356.59 -421.45
-754.06 272.69
4.13 623.69
-949.19 -199.01
-18.04 -677.31
15.27 631.46
904.44 821.27
-544.75 943.28
-928.36 340.22
495.77 -534.91
-201.66 387.61
852.63 -615.85
-498.42 101.87
718.14 -927.85
458.95 628.63
711.02 -335.63
-492.00 643.64
73.77 -38.65
-943.14 574.18
-46.99 -531.76
650.55 130.86
-563.91 414.80
-605.69 396.42
440.08 248.01
937.22 -114.51
-855.42 -51.47
-411.72 637.63
-416.19 776.58
468.30 -465.68
-1.95 973.71
259.29 -565.44
-585.03 -727.50
268.85 605.30
-202.30 63.53
196.46 -281.60
-730.26 -875.59
454.91 106.95
803.62 707.22
87.35 -574.02
522.23 1.33
106.03 0.30
