1000
395539770 844987804 908941154 943990717
997883238 115857749 999925555 697197178
787793601 945527755 940544506 980408770
930116246 122842983 976308976 678757667
845941889 410446211 957873499 606558356
914251115 13297235 940494206 554077368
352556207 997207591 504644319 998702148
37995293 445639326 592830226 683075632
239744436 551755499 588667295 946573841
380883048 997440724 715960601 998962899
61540291 480025396 65877807 896927416
483872904 72698756 658516402 908413593
198443130 224847732 753123019 636339755
974246669 950387767 982739177 986307855
347948273 969396383 438694087 990010141
627308064 718001421 706363589 914201342
682360489 253790619 711354562 735433389
704560230 698698906 710674395 744139697
389836766 714037584 486664474 771300858
537626686 236885896 727109364 371753404
317116653 579412958 422130068 868382555
655662048 948478771 744784022 995596383
899539087 125897325 977438838 877858752
237694919 101420404 317609041 903577546
958310547 314581505 988256614 604921582
605291542 250886892 995941376 459984455
40945255 688529354 700905332 705876535
500305641 634723847 527324594 891227460
777481106 616222820 868736818 866439695
840735381 68421992 931691962 371423979
77927033 763440201 184491303 933149519
167939989 638939582 267003033 755739662
88277451 109898776 435143975 184843891
435877520 60635400 917489961 306713365
541714506 170065964 654329539 650069751
468091215 864320660 532363578 867055671
157422142 141563392 802327007 437226900
532531417 992817109 591416978 998357025
138690339 830524971 745616011 890975302
775676686 748223514 837367687 904559737
297701734 808850868 613960989 929904508
21241779 488454814 315604044 947185190
791702022 690086667 849248538 867291023
489896317 781765643 895595911 782272781
695436648 823533796 996582856 921948499
877487189 825209932 961513281 860318314
839734500 258270203 936911573 915451996
133923916 638933962 559640680 687177293
702690334 571486127 728420838 959815768
180898459 451111510 607187454 699289099
837200360 599991811 967810533 642303740
66235680 692188415 691920908 937592613
331500983 691919183 891604444 895794221
428736846 624269970 684434454 901812342
44778163 364342382 657251775 943474333
2139700 25012121 583565216 207533323
348494878 282561418 517642444 989620770
166845135 661801106 529970252 975908854
669456134 233540599 685005534 603527500
422096488 606510006 987250107 630830612
271726380 152959890 761439994 683890005
648616447 55736254 977868477 211063654
188360937 167963773 213126592 535221053
645120231 49234189 821638513 795123730
350610289 810073938 854514029 844633643
817061392 783744120 849950998 889554217
181071867 989880311 723448593 995981374
168685197 553074069 612248377 568879484
281867022 615403545 584441916 772399970
758434217 986991283 784808441 990918204
63772735 97328041 533017729 335184648
994634506 354126733 998709859 512169201
211704505 715141805 667905215 985693052
806836379 851195384 824498456 875080031
740071840 100206918 881672668 905500788
602788621 128486775 835758367 374938308
971777514 887002801 973930201 929691594
468384410 773338268 724901224 879955018
937746398 610783105 954131542 915160028
137097756 928664346 538421796 963695324
601925667 765726101 693683430 998044865
148896064 901504804 476828738 975484464
348992075 309133557 816559940 507963971
100998048 937025280 831014390 970157753
276511561 673330002 947296711 944692571
148192508 201989113 225497693 827393299
964117020 422955878 978691515 581218819
163309185 165695594 427201056 236510422
126568744 485303844 394912647 557087785
61201738 152508965 138658067 674018503
228728854 414687761 698148738 959005554
732801135 647242729 944129291 654021340
166311045 858799845 345874896 984355362
627034967 871518883 637071684 946853307
58288467 31115765 153171393 710609279
714271340 991893670 736229190 998464324
70832449 674309154 175374879 904355824
812103080 699673633 932041384 767599705
499616935 129962142 603147235 935599331
304289611 785577733 964130740 957368788
932085972 70075997 968314815 167779128
553496592 954169691 589977218 959757874
964025166 56879921 984200999 616804803
919784898 541521589 930344315 649058134
28135902 138370370 868747153 732520382
797395838 818759584 853127914 995202246
825398242 818231678 949809777 873606074
800827594 241655543 965039851 800960967
101434932 89344918 545365909 342481995
294781508 561720075 564920068 800724181
893467126 766299509 993717701 921461489
169584841 61088316 574260204 615094602
887536293 394217069 898164524 513831514
673025030 779443232 804122078 923646829
314092655 130796640 539984611 186335687
24484184 843489439 406409349 874701190
434785687 374333475 698151458 664016631
376475413 229948488 803719333 653547156
382890707 620795940 589906164 798229955
434551825 857436722 746464276 866847820
27600763 153941111 68442351 306469036
174123640 609320719 267629972 943508339
155406638 93402483 614930178 849553754
384623644 763585538 519619364 779452934
665276189 11030445 993908848 954477400
102252911 199068794 829151064 845224217
233907945 24489756 813171211 714103430
234964080 476932549 498048306 767677104
134366202 171669735 558433787 878194058
868687263 874917614 902939851 891268722
733630199 661339016 844322284 790438366
706472681 536876936 773619092 664676070
868642608 939836530 891213456 947135114
883393013 119808831 896843806 715211532
888586613 439185728 921809617 979853814
708899606 989407617 770628679 999190816
113061732 439176554 155617516 886231801
800412790 816344136 828824714 865358560
375261017 578144234 743925999 703353947
912550467 991942611 976921107 997856104
64557186 661514020 495057124 774872352
197510432 931397477 226660130 970717072
606499480 89269485 948262835 701916321
937272638 159504658 940242783 434287916
893781797 577519302 995713813 898938175
765390662 940942318 790487578 998154072
977876837 940452630 989693409 978291900
500415634 276394695 814744615 672096094
95320475 85010548 972461165 902402959
42233111 440521783 516841531 658169085
910517302 516602783 942893168 608903765
584462889 701661733 959570507 779980430
4796087 416761627 901129294 888300851
844082032 771541270 988644319 864221526
792743134 983602519 991252384 994885898
859330951 158054034 993371622 506636862
660016194 26188341 782790291 103144117
908928859 455315403 943859659 771664438
103526775 704367610 625561983 971362237
450464300 409608045 596650753 570514495
22587357 6275338 614144559 85080330
702575228 534177683 834448696 603536480
322146761 734653125 587604985 858317426
464444649 111432100 691873611 401342895
829314511 164307962 887328168 829585687
345592220 122063320 677381702 984935139
795885973 120387541 913215322 149923967
274461446 582499035 755153199 698090463
988662445 377944981 994894630 751721167
479804455 635541996 532722731 708645950
801776021 777238347 846047661 838888711
114324251 67918928 828109611 687515271
361973645 349679439 741293236 489427354
94226656 345443356 148261670 634565854
854783447 521782490 906276851 961384071
548468551 853626155 714011509 995707490
266503145 107017906 536316621 405713834
760074208 663057152 895709325 869220566
558466394 372385448 738922386 532208278
425811597 641898424 653286666 739720397
515290052 894365237 564606396 924852671
929218129 964316540 996567160 988893706
436311735 167687640 616383684 687610274
404595530 46788422 687583620 684660171
410471265 409960059 967283471 787800787
809582279 574228417 914176638 682731944
398482300 60911461 493225455 849276031
989297129 498123066 998598851 744741113
134395785 452235778 363973593 484390038
669714314 383677146 833116758 931193081
722084288 952907671 725758233 987042753
947861121 853003235 960608946 900241192
800581362 553084345 924039891 574631445
648113587 716988644 696337598 751896359
912993522 253334715 951684570 829250193
372250324 795854974 672114709 966548394
420465804 459073057 501835996 486746477
468532854 860644223 612433661 973353682
363981606 56297925 711837754 102788969
795722151 665470046 796876965 753442179
852126503 73683433 951082778 933245342
651236978 601599718 728791543 678235864
124624378 9464536 166456616 120823009
313385613 955472198 709876344 984632613
113897187 144822982 745346251 746208845
557911830 500516960 622631150 964398497
129136799 904683773 568847029 987179905
811102101 626049733 977912704 840709417
11532505 677586642 184053989 731381196
583523917 894824923 764045819 933749688
109453986 426158178 512597687 710428905
132092351 613358103 426477555 961179514
600387656 300366664 938904491 777697974
341072049 638699736 625109491 828433093
263516278 931697709 352357126 932507563
306634206 894014716 548516217 928206940
799274333 88342118 982697114 523818240
213192627 628372346 931409410 870997886
14759490 769716973 18022549 899718186
808225765 95170726 927416762 759639120
616611772 971762812 734769677 989379615
47569519 81762947 965295129 510215007
736336778 969069445 857565014 989028669
670756783 277578029 778966375 673539178
834385438 671007841 866777721 949875287
928041967 671754288 991586846 885592034
800951724 446057991 946460164 659512870
875815267 22017777 878167563 959632219
128622645 221052079 906630768 475413293
253483041 293052936 378167969 917759126
200933026 258906081 414635787 850010994
188878467 367092003 895316609 686674640
557567263 719411969 661199782 892440330
3012114 453487097 542906118 942363501
623107332 595242240 975118625 824456875
980425488 509869229 988684173 577994385
793632099 89111841 959726118 549855790
703323870 404215170 835306959 961039228
187334550 557357881 400369563 708968573
690975631 448241688 694206247 745477358
687467730 742889152 944233533 808383222
895511354 318053047 971089129 402265434
72676320 253222135 303625797 938184803
715961443 291452638 833181077 901740699
403563841 667330997 435244211 978988796
190154782 759108581 348300737 847484571
223875142 30581914 897671822 195829288
389747018 706601838 558536216 935235411
322115281 184704214 732178191 387773261
129467578 759032997 803351665 891359306
149247342 372790806 816213165 504963757
69184851 570243550 210550704 940441927
717087631 587745434 837567785 588703495
187290319 976670911 507848971 999193839
122858702 499334008 391465342 738708354
326759717 763388081 750682094 819315246
72527829 872602918 169717343 990631465
408508724 877927044 699861016 924003423
415561405 634618467 461099625 901670821
593535622 180069731 925393709 883243464
883187020 354147438 956175662 933069350
624796850 987377735 756059021 991198778
637271218 347276857 936596321 661747404
555504189 926003518 856035918 971864912
479467018 49323514 589111330 849930639
840569455 866128501 909971937 951362405
30260503 868664416 34320243 931371426
619776367 535977123 706200014 581275922
410377127 265088528 692119443 662494815
119300507 612074070 819512982 829605145
147044753 539043012 685405215 838820781
453294478 809259893 665730921 939944698
308569751 175671733 533330524 805497399
646142462 711356509 719592070 895875156
504172368 383565727 811886449 494996475
360007606 927706371 403771481 982723981
34473556 717050948 162173251 975433896
68722891 846632562 428369006 848594598
765217877 66771037 781960363 829671557
332043030 709735061 513067530 763638957
440756596 965788457 998874425 985764518
711762135 822811038 803027343 961624304
40545379 144466020 809173290 712504241
355971096 737629508 455031756 952380221
942999425 484621705 947972738 881029484
358145178 770180779 839627505 793683359
771007970 783949788 771377136 813178048
315643767 198350480 900989139 922862810
934650864 546270540 940476907 695312036
845084354 816732021 993259183 958981732
361875588 672582619 591441942 938824898
168529189 310945242 808425248 457708377
77447364 825953526 633805493 892154902
219622628 981147816 866876909 983091179
327357335 25280576 915709977 477726352
966497829 877822946 969892771 963317888
391093207 469878392 554152050 886212954
613988086 406109493 711125722 701174031
978143728 75639488 980233154 523371345
387045421 843509823 575172160 849038152
474859880 373482990 658421727 715109506
715554499 940722185 985815136 946954819
869763687 888780825 916292889 939607188
749659809 752260513 820457112 817971025
268970888 204312364 982746605 846200833
489948792 888324762 670742539 945633013
299164329 911275547 909582618 989248450
983416413 238332726 993128050 242328083
888058305 115294292 947275524 573535274
346135390 22503307 752297617 904730168
351854042 700680495 628412297 761211203
367159776 627580829 967858081 753593829
803242927 508788232 874804627 671485185
710330692 459287225 891209658 499978925
895094920 262488658 939286332 577571615
707514948 645187597 943285758 720136784
617163166 119715726 734837093 153464157
267471587 32646449 527679131 572785285
366186987 510252865 446710766 838879661
683222922 189541425 903438350 593503956
710944253 195763966 985250237 788630441
420344229 360194064 583748577 647726236
679069662 693751983 825944963 872846482
753933800 173762927 997388173 547110097
624801094 996950868 960593178 999785167
674586786 587079060 778696440 845479682
470540947 22711359 762905459 924950997
101786116 457096210 516344621 946815960
795125281 509806973 801565549 689714898
272775826 838510694 348389381 991440504
988257614 524295912 995708560 672293207
877251033 677051960 929579625 910604836
501618559 30689110 963862675 363535518
851183401 728119010 885174023 743982003
9291698 192048787 230835067 626514025
660749415 451282661 765743886 862798699
975422690 601135653 979607957 980001290
177422010 261237091 601999872 639039674
133375228 318267206 235055100 562851934
52753806 150248751 386249173 810040692
489430317 512590645 920593785 606230873
822256618 569420668 912259086 853214992
477136982 935148685 714107337 995858374
388263351 93256572 665640512 863192239
888241539 369695137 999855489 776882370
398495962 826800486 670976644 911074336
347361753 925214099 625871378 995733587
218551405 49668747 917785502 57537096
869928211 647563914 985587835 874919442
803621573 495361201 908213130 613703406
379541443 528106960 882260445 645747482
415346260 732425625 424421809 958858431
648884938 310453952 926944762 329095819
694493334 321132435 789220438 706219411
446525696 213924625 506913123 339445130
800277875 909443881 982120820 961522917
809621690 324842545 902121694 437752462
947727505 344414473 964299436 711504050
78934737 173828320 665622251 200858277
67462067 519746751 290286743 980482895
919727794 188459807 940362441 947834665
711671329 277854390 839983743 430912734
646222759 861538905 918606003 877063645
545038451 432296748 598495272 543648239
649663672 801713891 860222662 956114332
169491945 363992756 179736515 374083489
733180547 955001007 800753588 995383526
2571101 555323616 955997840 828821118
661372883 577392061 772679811 956245891
654698856 658462630 944925813 674388718
516299718 624940161 911723544 890738837
30444867 635391909 303460563 998952271
861408050 398017472 935152661 478797040
435778524 439428395 862862620 637420605
184770483 571859117 953543723 735340377
403848424 806972160 509871722 941056868
847760835 189056843 981690526 427005757
663581152 149252340 843024668 271184077
836658373 329884967 998899969 431198620
828639703 495279923 926360073 682812946
125061456 372934733 245823147 632720959
17102930 733119951 204266303 915906298
607430639 579627809 855761670 736495087
569842021 248182196 726976758 664016856
73039007 141725411 988866040 463944963
401501021 91567016 971202041 331313095
337606127 542377796 818732697 927949618
757235950 464647949 948565826 994276944
855930955 660781894 927840454 844615332
37048057 732454387 678836049 896454695
810211210 583263885 854698059 670076790
664780401 969092322 919686482 995247798
469659942 286420761 995267769 379316488
793059054 526170654 852558443 583438586
880386448 607669066 980274339 782913563
197542546 588421941 895716000 732232644
316314228 219094780 752635651 862474292
561327174 182569033 825066313 804679104
548932492 288662407 661635308 985056581
867245662 661709109 878308807 821310582
260538891 697311248 386757911 863344809
755468480 979268468 766471904 993019882
476614983 613736624 608496270 628377082
668394088 613146026 870315774 956891156
978709161 68929123 997843128 530067777
746065732 907168261 928016674 950172249
6019508 824727682 728694901 910559732
32147640 203848697 228102726 374005843
661480280 75468203 968961846 593560953
378398956 379227899 573175582 981718015
88183299 515210804 567243446 723900564
651073734 286411238 708937412 651231577
429116508 81080975 862590287 455166344
748965988 786115831 862794550 952010362
72804660 505756827 510462892 851064442
984517007 63424335 985201220 427362836
358932009 72014331 490498657 892664093
150039779 728620981 313156619 763650987
640650983 686732589 820535437 982261798
730805270 354297035 955984695 537451154
354558669 314709181 980220117 456790897
431666824 642090262 632732077 717865734
322363247 675420194 989848567 833743971
695379194 792097855 926495722 846053515
530983152 446019181 782899057 530848894
963120547 546104374 996881797 875666178
760240127 378136175 774384044 552369155
81795856 90672097 86444697 749101125
518133753 730201751 699504621 870124887
40134450 934012573 936428252 999555776
592790055 220079965 761168816 621348313
293285371 337516274 974000960 912852646
333601700 908450414 705535196 949253905
867042118 841062412 924790102 970328738
453419718 335341040 555743539 346534562
253856894 56900740 350794819 629985516
455273347 566101103 566033884 932842151
262669523 324528813 468708911 453192476
945593549 323640266 995448176 805085175
67116565 704024111 232541855 832819420
922931228 994429568 997924649 997005306
907956202 635724167 941785470 749634754
878036119 449567798 964014365 731592588
594011172 234149219 635248391 791224147
594464879 257317495 718270332 768022872
691059704 308539763 893427473 934655901
858772713 801881703 892553884 958771653
37766926 521044375 406832187 807580183
728806498 776930573 917789154 870202355
127545985 892077945 699066533 926841038
467425337 864494476 592605088 865070157
98964038 628991119 441035729 870527527
731266268 643090066 998337832 925612054
544800558 38727396 782623141 86642204
694604243 140777666 934510646 538237542
97049469 67450291 228371620 514575410
395944562 147419882 892843343 794541940
568259594 492273840 947053303 945787326
584364589 438125414 751770205 739788519
312334597 920757158 945495393 962795441
727434981 825538645 818838623 858883246
638580946 615294293 711426619 666397260
80631824 801715352 244554758 968823051
738408504 108232327 792145857 336320063
606955437 108503035 965412810 521290013
358429406 48958004 363985540 560714564
925283855 283287659 954908070 530495721
572609382 61974951 973089864 727682059
973489371 944407236 995704793 971829785
371085047 682920755 787602689 867290877
603983419 857535431 705325104 994570330
279011450 837938691 728897872 927073762
3507062 13164151 509882268 520895744
321808048 913916257 850067737 916760398
826918168 796881079 829016252 804352587
662330175 730096434 759540646 837077641
933751028 96784712 997699170 125322851
580969775 384389314 786031414 909399149
812153377 365934825 947655242 476707751
813505744 996824002 850146176 998229678
320515128 819998781 543827259 978077774
608896844 719639673 639312583 811308641
793944434 391037882 957789608 618007255
799421917 641766429 963044869 937483658
862148254 348954588 864028542 437698286
67345916 424545156 292526722 816782925
853976384 156824135 974144417 338223070
630337583 658948898 669698726 815659375
518716451 273159816 844408877 887044130
132347931 531468238 886127924 705755233
802364410 531787090 870330154 907138191
262942884 961213168 425213378 966655453
164757323 5586074 766932031 969514212
671231914 368203736 705537491 748568506
786971346 684523514 791405871 825619683
293818954 657953035 383260694 988805952
658925140 132861429 747355706 427772798
26488749 190549645 191373581 558981306
582307681 804915960 648907528 954166194
557941522 569408160 790967130 821702368
192580227 352559238 835571627 597377809
154358921 596240510 544550900 896885213
863564055 112958054 950235369 328252942
439808438 540856842 853691757 637691189
527999321 963007343 668621412 991802892
68436885 400460866 829326672 911667991
124024001 208661710 188898267 566033964
673503600 907245784 758395749 910127322
970862964 418851923 978140221 654625656
945731277 195169639 949315623 890445950
871093833 570852813 990046264 676124158
528728118 287426622 655872910 843589733
562422903 403161254 780535610 879561580
258646118 801596285 980942640 992697628
959196316 806118425 995637686 947106465
178056945 948124417 756537497 951088918
397012291 944164710 529607397 981391666
330142987 225178126 525798849 482210066
76629996 772565940 326855057 908229665
334916771 873979435 976247763 905397872
345771722 174514767 963700093 317449490
147510824 26597630 280295094 150321448
42549839 553547261 517957931 712899599
757784198 75649366 915052264 88005422
449558992 791549482 866469763 842050840
190645043 826535670 930924201 969880302
267448322 730325208 950990487 926339833
731295978 472600897 836941176 941838655
862775928 770653322 993285392 778950075
307136283 331974024 639017672 880279152
819138435 593096037 853786420 620959421
75297386 546668596 558651866 900752506
272380416 954432908 772259264 960822005
519430412 817716736 946064815 911164126
572290872 587286456 933287379 931011651
232657771 93350128 833266552 690167655
84390501 45154280 416302354 629687643
482605326 180434029 965896447 796134437
191768940 592734725 221317344 697172081
596796725 217122826 719051839 775218097
2554907 243063724 179511012 435176145
151494229 182451041 694428178 802227502
75793521 168863916 125090141 674353614
554043542 623801197 774531076 695417237
325887935 519550088 773934453 563439849
88637310 657578154 781444701 911333552
763356379 1253673 917006280 314359652
950560 810870661 396643005 870267265
577426935 491869812 864078646 534679872
276369804 352669267 374351621 496594065
418745926 7689097 958855616 763335084
657456778 280690607 895479048 681736601
652103635 954927574 941136443 969800473
564286346 817238700 585224768 887329915
346825879 884153504 462597195 918683927
151538877 100934714 400101312 887121950
840350090 282799867 881117585 971049560
550695551 911174 566843255 889606967
652341560 195025456 956646615 250252934
620348974 672664621 906125044 740159512
634790598 544904923 784897721 843855769
421809921 85848778 547973888 244545159
732292533 916935729 767775041 965926063
696016022 501520955 910282289 761966588
132739908 911690118 582298999 922105541
986800305 364059774 997476643 379564479
253471435 522007515 978535797 894053336
566846468 758600187 999286079 937374640
666745460 53729647 742873705 837665549
678265725 216384464 774887079 988154657
647216405 506529903 957122317 942141031
688669054 73441704 922116938 790212899
481117461 200314624 861492698 516155287
850056482 392678487 899657763 998922777
590329277 403721078 767142172 876803074
608045125 271715334 884470843 735035390
3094979 770445904 807155065 891292743
995872304 822636391 997258961 965516800
104906894 351276312 332502154 818805446
9455041 148587960 184051212 250963502
300474842 37111069 629573023 792172714
609423199 5593822 741727704 292551803
936240236 777403753 954025818 824761907
144137364 426875840 626866669 727490739
780151215 345959818 791552750 997115632
347498418 875145005 886555109 982580433
929278662 897371389 982772431 925661076
371640514 236688124 928427694 783156745
405543750 838474568 959168077 952909278
767899108 54122597 890287318 617377652
908339184 117854032 982251492 489376481
120208973 127341498 764694087 223101717
977226727 928729628 978548858 939025331
265614673 921627946 884034441 922558942
560963598 53486445 561016524 212701186
328924597 861995402 542247004 970740035
840230252 487223995 971170389 789888750
751281409 79916345 756497937 732108427
422458055 292192876 594230700 969282150
199127371 462350522 856732940 794091955
877662719 120510702 929191405 777698989
797819286 632596483 860786641 981839669
578257867 307959638 813971151 777571387
221139877 206146406 730663159 338590868
789714271 700118983 806778730 835489312
319007198 870798126 733512288 911422957
99336496 497210492 932360848 862018973
998988005 770215051 999623659 781311053
336416087 81248768 867002091 923883876
351496855 267945650 644880889 614964691
980712621 272715791 990893430 929305059
864483128 750132296 921202503 813149116
916916521 669202659 948833582 828733647
12436032 179797107 167223766 666465178
417182076 533812631 426956357 707136905
423286815 759530902 490390871 994101298
13954523 439816842 77578774 746830588
317266876 59973263 711418261 730640317
736685940 941628176 757205627 997966009
781757744 523431133 924249131 682653671
291978984 644289324 325139248 769525148
128340441 229328433 195392886 733104830
855405603 254710092 970052355 535404490
603387726 955390804 605226316 981729056
289867401 917001385 961643379 998707026
658379175 116824075 788384628 449093161
517347405 779987711 958411782 844405313
724110688 888933734 926842047 953217164
487735132 492461042 856813407 679849535
24725046 913717918 231728726 929989037
245381491 514113967 637184066 619010502
142667099 319263473 858602812 968198193
404101735 208365396 452402087 761993245
122117693 29517482 522075947 514655934
690809925 873140805 938623792 880819838
592994909 538170694 681288986 931179674
39952840 10408936 528937907 579951437
414321726 131477409 916132228 694634237
479018561 422841038 546059865 876923938
719217425 328981029 959018760 971895445
9335168 450107922 793168441 600955420
732694078 491337986 784621421 582962335
689318238 930943977 773958961 946451898
664795141 737761374 892739677 993993015
274113202 321369350 903845799 927463986
57646157 523900370 64155030 664879653
941190431 109323208 946951247 690777524
907139115 26208571 993997231 747002531
412940119 466223066 619750646 933389422
673316526 690261524 910260025 819889870
201555734 600804245 407463475 796245347
704080015 860341109 963402985 860825653
388267907 435056895 960223617 768433582
173501658 249277202 864269130 861384399
185382572 213722855 784971526 324211018
201918347 10962690 298363821 976609656
321222197 672900739 673774902 812174677
989312037 734793120 992852542 955258414
488921907 405456717 696042683 453872226
382589120 541636598 445827598 699537808
141412073 464864421 732819537 590048414
69937996 433561292 215947382 709735692
39525783 720016760 448257332 912816545
116379641 948422698 751260501 997222186
647285088 779659444 807934351 978736066
818591433 928342498 929619576 990303198
256041939 986975230 337208269 992092937
112585797 297042526 199864489 635537712
118003036 203035884 645320132 910551298
682478455 650872448 782173764 676191162
918479557 798445753 963621346 929055810
475774464 764057793 575381041 958938067
556620952 559240129 700616759 868930766
802147266 53422227 939270630 341456536
446003092 486167415 857656099 681113039
597495390 14806272 765718476 26155543
3805017 905558069 656284646 942258346
458477439 415981984 459762652 794018617
923119732 264990852 943205845 995575790
381806831 613697746 965209144 875547023
156715152 621813309 905601585 835398862
978646982 86350426 995160306 95166605
819781593 198784233 941091922 958979303
41035528 192846895 92172070 430802741
975292181 448843642 992466755 587269233
157815494 969307558 450043414 996308301
959103415 83166958 982899937 274909483
504399223 684937745 517423937 814258074
928888443 926464065 968144615 976024274
967098812 86051628 978701207 126221035
237257577 534469064 454338964 542499857
129760369 847277393 872235350 890032617
514220866 838385915 984842116 868542072
161637417 704916071 323157906 886629321
865639991 242317745 908286354 660761508
621333557 907593029 752832551 935683772
287952601 890326321 972707117 998082830
154980493 952618560 169905753 982305734
417698105 406626659 737809220 820287267
871925605 258110605 908297655 431935754
846834011 136498305 909108204 920270146
617008002 620833037 666885614 688680945
605177558 378293145 741559916 654741425
820674859 581894355 870416544 844053201
261641907 431044022 865602319 632105002
640699820 608952140 940448775 655937069
599009503 438465978 854666463 905507288
249053342 516333818 617349732 825280503
324682489 556892769 845567196 750318550
849906438 686008796 975982687 811083511
958137662 558660705 961459594 773568744
300439790 592180746 332964163 917384348
448546916 817268029 685224474 996171441
896474936 695062796 912758096 863581310
70730672 554944419 686135313 682970095
649878160 345074312 937902610 790192140
904574478 423576319 999032165 943524802
358298098 212910521 388990405 866906902
657903665 960073113 954084454 974839328
232574866 643293135 935819349 837960337
572382864 900222065 760066338 994456025
354677405 737164960 550195495 763309229
675554226 524927236 954237959 791147913
12735923 460481996 287929039 980679867
862255561 462816220 913374164 818068250
827129822 851229035 950575633 883797010
514002274 540869401 828165801 619499742
998973197 464969866 999066703 859680796
483474947 21726339 681489403 739450389
161080269 591495772 456221579 692794542
103592511 48452048 775370927 853023940
814323264 130835525 976802078 875201253
816113997 343990690 973763042 535705785
707561258 662323541 989001408 925227351
874585433 845634148 995717028 857410333
414095911 217513114 495644074 723283882
284520429 347668438 332537472 404200218
661742485 839122260 725264691 980999461
178810912 340047845 359037952 361930506
21183781 453654023 491525788 704062984
896289023 925312182 939189593 972412915
452515433 719599848 836105650 879578533
273953322 648807815 822089843 694939433
921863324 123758643 946620363 677285528
113527052 830840766 792775570 840673846
860819487 127301690 990585160 672657606
458461980 136395344 563972929 360508434
273891620 333551512 695071578 513618578
585841790 85796790 720322083 244977547
269870008 63796632 534120423 605317623
179232963 715553444 410099880 806533480
425624629 434592091 671698227 812669582
298511948 703201194 732185702 971925392
918893213 327662371 959194590 806552293
904308472 505758379 966990481 624905571
692464787 901848969 962607541 954529247
781866732 272235329 852035087 570058255
270037522 243290917 288598832 929679368
256311370 446482999 333108041 916421054
749836085 861658313 834150497 957307294
94487956 22725730 956875864 448065028
267217553 942581708 599069937 981299528
851927588 442432576 883957780 641748541
917243999 39913897 918769338 383284841
720261568 266851231 817600589 431649300
989566802 152172523 991884431 521107344
452668611 235707990 849213031 395148486
460001831 392523783 615327770 836819750
123335088 901122975 407726670 923440298
17355629 766597878 563840396 890771599
937042273 427146693 948532150 728998246
71096488 182451416 725680312 835252332
534755512 620489157 936948300 961929218
766466268 729707680 875968663 993446898
126964634 22156499 711974816 91312841
543328863 298456641 609637367 440942265
169251788 987123767 763798052 996868540
928466559 960719601 935936987 969321378
477222736 164301148 546448978 500604189
736980372 249835776 768848521 463339115
984169258 99533127 987132996 273008095
237077834 392269300 966324282 825722427
388432312 670140186 987817245 768500736
407163999 118586519 917919054 200681460
129626925 150445503 319923788 448048049
177262791 446674179 554068736 781255627
857900090 66362045 923614716 958113241
717460078 116369690 846727051 980826943
297152878 383558542 892412038 874635724
511130687 479604370 819240022 874856596
929863333 137547875 988239690 955706365
514971910 52991300 980364056 339339798
941002130 442691236 972180309 797145659
221008185 948170829 240138997 954189766
871385457 41359931 976412557 444772468
363369760 364952181 819777657 550555449
245745438 37155635 342117819 433482193
509029369 658660871 862821315 710219344
359025127 315350715 709322750 662885518
906901241 391486902 947295661 549310246
260043485 796149370 980552816 804567180
245511982 705854768 581688733 888546964
10995558 141091621 813196281 339447594
906048803 573556780 911583815 979626316
187027207 208887452 846387356 675208063
691847563 503734229 860654557 590199561
83787192 947876489 782830750 992231860
396646418 47796802 467514499 712550870
985788775 905054928 993257646 977071563
257234401 535920754 895617521 879546257
750398425 383858121 932661265 609586094
784842710 463665170 973497332 944500570
83269554 979427333 425059629 982591710
84798670 453089393 271330522 655613001
62834096 765845427 453486894 939594461
832517019 245451426 869604374 885868406
134728719 515359886 494445084 532340871
108589818 744517786 243978229 839644350
993668590 96759712 996671448 940008277
471352679 716374286 886181852 748095516
670224361 883969586 846194215 888241266
484217087 154745299 919596220 999807057
800201459 26408964 908946360 145616489
198394232 198038506 309213758 871173432
849280203 831443696 873241043 880840260
589980561 646819924 759245577 800436141
690494182 431686555 818355187 563761215
323545814 858322772 870032478 988889808
984651615 382990756 992975885 825536827
564018417 671476157 661683385 774341789
177027705 685817744 782017408 892547397
680474509 738860670 779936260 947688694
316388027 682590405 865401938 856974480
912794703 548651044 940897220 565367336
957137678 655320286 958010359 757949708
47037842 510731557 669016795 534534552
305925564 94025106 925825507 259569685
416028592 800826184 784525787 976392672
917300782 26930506 992855817 996234987
880624284 235744119 931201283 553865736
471484541 832028810 798208520 999045144
533897731 879424088 692234891 901432180
420525335 693954872 823064266 743954753
264329034 325611759 933064816 720414880
629290109 425380133 760519139 476361910
326810318 935941543 436751048 983156588
961910689 899198749 995366419 955052932
306795589 202970165 336066561 910789129
315759676 655420600 337420119 814055215
361426071 489947430 710841968 655413351
104421779 745400154 684475170 967765009
552197434 284456480 674612798 960076244
707026537 380267974 808162373 525513118
342091989 785862811 734911148 859485928
33598165 966772603 456704721 971228650
727162084 489102289 846288776 852473893
670060055 889126977 976452161 973668666
537061757 62218589 537757123 241271219
991231157 731278255 994356196 907070770
252770292 21794196 341873451 483340298
728499137 763349557 731184115 811014474
216588746 880514690 820554607 964981404
885605202 37086749 901867019 472205152
354382647 214701136 917986004 512445629
239096805 914365571 956666782 969231623
202821501 752412350 887321726 799732969
103035356 116091153 687066385 464230799
136038745 114749385 630473345 196933245
617491015 596742340 904926605 975053975
303372243 901607811 887937043 984631814
890415090 925429585 891055548 965792158
380911453 915121423 414082303 997152769
477261268 473003792 634034440 486087896
719467644 233349767 826846626 790637461
299585080 144116125 949768486 984065343
738042127 68920326 828431043 621842278
712917964 151979062 975076613 708150716
372066582 436066503 701611927 461998985
85623491 832118598 428164046 987750043
777057795 626833414 878901621 652054202
732857113 566807304 772054126 676372158
51368799 103464661 482408326 372238320
625638607 690684430 700741769 850450633
179394651 999101201 358291772 999345658
69721509 279981368 886525755 836786554
932450059 480818777 985745292 974242202
974726276 814566548 979612777 925717432
871625229 173104913 989223478 915702473
931536789 317541119 999644321 763566887
916677893 712712870 959710770 894727720
867648727 969107593 899229165 978773750
808843015 348774669 969646626 478163116
909847809 453759256 990746082 764656855
813737458 194072541 961875644 526091829
355065572 90357786 753255465 642445799
559505664 447769423 885153920 954100213
710209935 846633016 799548764 965754242
321909565 897874831 634866038 918957205
578461195 749598635 904047729 788616386
738936306 987050278 875257910 987839603
37904453 199608937 183496592 623919880
741250310 746675088 875847346 992590121
994063714 243563553 997932263 244184544
879678180 569465413 896049458 910548463
516032981 147636329 690513870 669679852
886295791 678882857 985162015 798762278
440059457 129131171 465670411 911052449
683320653 603176765 715688344 667819749
17076921 234141330 402746622 303789139
589728972 631165019 879985923 854577890
408295267 263857134 705818904 980335580
427593938 271847831 951852930 887457968
960801831 606792033 969483256 979804762
810454146 240074545 994693039 271959063
309471316 257361052 911629644 931667477
786583070 380514770 819627579 566934215
839550861 974425322 872675458 990823906
531786917 251339202 540190810 378223762
532178775 13445086 828428689 914994427
63990564 922693453 489175594 988990116
543728498 820589664 866915608 906476415
519377725 469262283 700986595 755992087
470422664 654726250 644054786 748479511
267254152 382914106 433707706 586812721
682554001 590708618 938107351 872163164
483919688 479403922 580301166 671810412
303110446 748661765 319687299 992438980
762785312 705271594 885946106 885128054
753476412 505716451 966712052 510248299
835652310 589868611 984623690 950197517
296732908 251014054 662120132 678302216
750523352 291069050 775191740 432144404
843624199 145847820 901825716 367692221
178429059 513157098 386892896 807544107
134460983 572765836 690786802 850171325
410242621 40360785 826285458 285688621
866063424 701032413 901809181 914580302
148265249 338115019 968817232 419212303
679137154 629428987 752976854 694057373
794150165 478651678 967704219 714743209
601295640 457208332 911648259 541835974
651826649 852754680 813961314 950440014
934761505 451153112 967543587 900618763
597543754 16968683 725539070 36505842
97410504 503635269 296176486 991707926
807955967 544834949 855631694 875713005
358593054 741001414 705242643 803814886
594243208 88207993 968495985 669519635
525691580 50285646 622379866 399890029
305825849 944283484 664730993 959726312
381534748 470307198 994460009 658126978
317569377 659100429 530956688 823594922
972981631 980582423 999863311 999415765
599396369 698749578 630632231 898906026
536431944 354129475 782442264 907165436
5391501 583086763 710635671 870669937
51848148 51378 527647333 538804625
240034006 190375047 840274956 738803230
841046292 435524757 919256650 963381984
76906965 898629395 291849645 941879075
401620455 449647460 972156531 638979927
524684394 705677225 719534824 850771273
869930856 500136703 901618307 979951504
796158389 2598639 975460845 937683646
354717244 546859021 606305938 822810987
839606764 422945017 900168155 852735317
637209517 153508694 781135048 771181609
965546365 294749131 979716567 392653347
230353444 137301260 386393995 746328698
136993662 934579080 181719425 956787409
890470239 722710941 960480638 963529200
538288318 796371631 826975749 894033368
594751565 788211049 789632985 864698664
511448877 993902031 593034688 995183508
714464256 139789025 906593508 285292315
30156140 459663239 400484144 465623019
631504175 982452832 751120128 999983903
669977216 988572057 916991980 994790753
708750548 501368866 776444968 673472851
395503006 368037935 879135056 712287143
209561521 659271447 992531395 675573598
653756650 559651158 812920642 861878660
709610034 702537452 849704457 737204602
8618544 190599782 253608336 473617403
437686676 282903525 986623974 854243374
200804484 913642729 212598664 985477063
588393118 37110078 902244021 482731458
774028108 324426485 858354209 328856697
823444977 955940898 862375086 991431947
887126712 552417365 923935134 587194758
189310419 260551173 926321607 903439790
341142675 374577624 699794093 858838195
871412743 513778174 949381524 651005180
653518492 453700376 744869455 788373159
953401420 216683868 961817652 285113981
128931881 58912098 589775018 428895428
872751699 920653953 934230563 941373838
621384874 416036805 708460094 741349740
595175743 553236029 714686488 705431777
851304814 855242473 970483539 868155287
