1000
470799451 261848618 838341682 925706161
43584770 732587211 101658905 909772593
966256268 546015833 983014543 897086550
980764955 463034271 996930351 954397842
383919737 770540780 964597196 800398079
846695944 563579380 870200353 618323565
955808914 617140584 974659720 941216171
405631998 610626806 888426569 879032990
898240073 397723389 964165447 515238672
911131354 484995268 949128453 952086463
424852098 220420627 981449912 938997819
160772044 972413233 350665434 985831979
729099569 43296598 862610036 805112569
361580293 511698739 720555267 947641522
778824416 638542846 820001937 760281829
440900668 788274364 872688151 843910422
483476114 666451926 963011599 720790734
137536372 933694686 453477690 957708758
409115417 770779443 904558097 893964756
275413584 581226929 324860678 672078558
615026709 256157472 887649642 895039760
771665787 232214921 799470995 905430187
742154603 726467990 814595137 781017917
984968210 483757268 999641888 927015625
949431471 865688432 956553272 940636090
456842857 395173179 806766534 680764443
997767550 963341855 999693715 965585023
599334760 894628019 997665207 906242683
653959557 641821871 912924612 968349754
151029984 29052638 642576992 931195473
434062203 982224168 789515685 984426480
852679925 384171347 918094638 403273771
646492015 346393085 973682067 957308637
342705028 864117269 448494691 962854207
696125612 789695348 696952476 972127060
843493837 101528772 892530098 789581442
153208747 815056788 430311609 951918772
449172329 584099611 893709793 944272724
713625992 660774090 854296604 950298122
878267500 45027628 882806953 405232852
446756209 888641561 687985721 983736437
263771847 280598404 959429195 432756941
610761493 654663163 684911923 687478263
493680384 121246232 624768439 320346880
456954745 896249972 734965304 903999363
223569634 646750714 604203574 727548942
160600730 41111522 392547505 569804387
567396116 135414821 985154662 279043211
269436202 881435200 711676443 985850288
475013962 492414076 931791958 518853634
218905766 203713461 416069440 582415958
749137477 635358244 956517731 663093120
551586439 155923343 747879595 834111117
622347883 428540564 944482608 718474111
515440402 581361337 795976709 928577003
527002265 767373854 982001384 914990521
424671231 637628848 921850469 987144310
222756953 698683615 975047420 767720014
788898128 581561030 958540928 785422814
440441282 950074970 921936187 981072669
892720738 820471377 910436264 931873778
789738369 394347353 834380504 566869233
610364650 902305928 791317117 952195106
291441686 763635962 746982854 909851835
267797048 128080553 404451533 805775095
135312524 163481075 586264823 511793846
852489085 423779958 971880188 958161976
68188352 693970025 947844685 699061756
778578444 930118671 902342823 983907587
624486668 676706565 880242629 974125925
204698692 365231339 882392532 825875263
718209608 508881368 897650685 605302550
843086197 808503492 957767773 916115831
411903177 990638006 867439743 994397803
587940957 144550719 692740144 237032484
44823526 368202722 277651708 705038875
765702709 898233358 864609536 918470940
651149286 868116981 919061102 961884818
821017638 921986622 869905471 938219108
178378111 404279152 293761777 853438795
678380278 683420600 695708552 982534650
702834910 986191115 905679391 996729568
426429663 243729699 981330611 320812524
55072494 549756957 743619984 668892825
482544908 819961200 497499298 828447153
657823914 235722507 785390595 277940482
421786762 348831802 566976861 771263133
512063176 276093105 588753248 976990037
169009676 321486146 934826475 989449216
651528003 290268973 912349728 908511902
590319333 698690289 758677154 892547493
713264887 334937041 870953015 776981227
571638493 351795460 969138920 919231197
422656677 233604308 864436546 460557695
451722757 450950098 957043863 494598013
138510468 417581149 445311021 651057251
837105384 660894895 851573425 703946783
398826206 477189670 558054442 691900442
879696074 72740461 990338360 217529575
283508898 868017231 538619130 883524369
309429097 547449971 960299488 647843709
106538555 937618667 108104203 939789203
541715620 312997265 657262080 973669180
242317312 386686560 489284778 771992784
362391093 780488885 385633973 905960290
518028485 537344383 849395512 695675247
524768838 188175799 629322702 949682571
83237796 937397288 448578861 983244944
603862367 801439292 962443062 894618115
680818372 837238258 958574018 923307193
465767931 39577412 832510922 130412460
937218905 434840987 976749632 821654684
575893952 743571017 782858640 748451983
785869875 982282273 945262256 988256724
326629226 806059255 895198003 833657936
957936231 810904187 988750107 836692629
868590304 398897568 917813417 745448461
526889198 353578924 535506957 491683946
438957839 189245719 703312748 395865852
245891089 414525672 503361389 959702397
805391023 654905162 834064819 784908049
797086677 508724667 906531327 551014156
48422863 994395926 736054237 995448812
604394105 581251957 928812023 733622228
587440829 659858448 781013687 769617093
961970695 671697167 997152204 944054716
395262110 429992661 787370458 689832323
964925349 235942337 967443391 937748891
19367021 40263429 386886247 120024814
708046378 32909728 821320020 75992235
65403485 568805718 333393162 632814676
878813942 597913901 997660737 699691843
559235440 623378709 815156755 910769931
541661032 758547481 620153323 911124382
341645196 394713396 583459098 744320446
499959804 332269427 709418259 998862166
534322897 490223368 741872969 673060710
950202270 947073976 966324515 947757587
909041925 740067171 912389162 897300373
864586015 939909953 945412605 969408903
86824189 100235644 272777834 287205378
745581209 556170051 909997509 966532269
581432646 581280761 722689993 897525919
50051222 673643753 976605029 975536724
466719008 644746155 706574450 683256484
590496008 644690386 860082337 989964040
236018264 89556280 599208913 979293476
697143145 656302154 786409459 920717416
453136253 943832679 965565920 958580004
278253838 858063329 526512681 938869755
872326245 582976562 947784850 987788648
203170110 209569877 701593308 406529869
72249323 759691927 347209816 983108621
851861718 484325684 988920476 541745314
123217606 858003480 864375710 993801257
864428507 342218786 875946328 360112547
146117768 468039138 469755444 492919665
164420133 516323258 206344972 565682713
706786358 448531093 914416306 892773865
218367594 961920031 620999621 982850191
526061911 817930097 527616363 928386026
542101368 818476780 632742514 957480417
649376010 637985263 731907794 765782088
933998987 49539564 995681205 407804946
379808293 608992367 721427096 782460451
185453573 115009690 828072949 177809294
273525263 570402022 406026141 763613534
660299793 846308209 754036610 968609676
873856407 42771190 953874752 899625075
968575541 343392281 996548113 435599983
778910134 288772243 876893006 477483247
240952730 643598691 571153944 976629516
894273508 771750805 981234994 777984863
179238729 10197278 400918185 767774028
319387821 328511595 943227391 606362203
935331882 521653340 966449723 651593325
239391674 212195322 644178809 282200544
731464627 960002102 875889088 990393380
935378265 876841978 977574728 927459515
223737467 434614231 684747743 464999551
368188435 813864282 886568630 817027077
906120430 110233101 966098316 728889197
508480538 511381796 984307784 707750126
786559689 225142912 996569245 652362784
72220413 759300710 274881079 997969758
449341912 731992414 978445596 782835984
524034771 719302621 932796504 803466928
262695362 622867968 298690145 755362620
956631819 588724776 963305706 941614996
622113318 431012495 785405604 691414905
508891820 750103762 956951679 933654205
83477057 632110990 690989778 720020278
271722268 244337766 293910605 640013546
248644998 683557375 988547634 960327258
816711139 296341370 951191192 671297595
766054580 304830149 833675877 892158613
418343064 119779468 854601268 997199721
594308660 643564378 668813203 727718395
825207507 194066043 886542877 243235622
663840145 227819603 964913168 294047570
452816032 285259559 544520710 675993801
613891016 396215547 789708173 495981085
292981953 383784458 416470008 641741368
828528761 475072417 966603715 712088726
102827407 776482930 527223760 930216287
244779209 464188285 945629729 861593986
554735863 196899657 617876090 986435540
979003417 380164339 980259636 465522459
340278487 944796066 724217075 976945957
135467284 673078729 631140432 733568493
320065559 136666990 899039865 542333074
657602031 475071970 711290182 909012493
995132512 849021874 998342983 960946798
557701563 95886148 777233136 344449040
943970189 950477538 958592988 985263506
704816953 472434820 989539331 677665664
198745942 621470238 873825628 972067558
759816663 468067132 844395788 728393645
65372457 956663686 360537128 972053846
624850828 4486325 735347851 52892788
576128242 66849518 625525110 590648282
650655144 678159086 709986562 679177424
267205430 909335368 299155624 938168770
601589591 288937137 794055726 443295532
587631009 134768610 903361387 343420968
744819797 501222145 896343225 817369427
497857770 374486261 634953133 830185281
616971794 893460740 897936712 971248934
57228932 231207160 258538012 638356528
571230592 669914664 671045221 956209101
766830896 986562556 842939445 997939201
815140011 291531303 964091440 317071762
440029449 359863360 597881013 705240601
947874700 602864247 989874348 642486139
249149942 819178842 877147421 845111197
374111320 77708467 813884048 238764748
467759554 642160967 881305841 722986183
419595281 845242697 867748243 996720081
906929658 275715283 965730018 414159108
483229674 30837902 605043013 833738804
886493307 539746371 941213484 752385206
381468767 125580516 451648925 788582940
983968811 451855881 996007821 552936742
379742188 685960692 762300906 895756560
652261151 958937052 714738863 972146019
417095031 797481119 830800314 804618559
295899236 777595438 875092593 810375206
771800695 61336651 834318012 773560812
341771781 454609866 820453525 631918910
14279418 798134015 147342293 873292931
394400041 746818677 786405572 868031997
799643879 708562773 870795971 807712510
443422922 941092308 599416985 942577063
89391374 191467522 169089294 989598863
588485922 578954102 636886305 593927996
178147808 823957628 641818115 936243398
450494186 899579937 718701018 905867718
374752625 745033153 743589103 883654369
258771980 157199924 870961119 824993717
391726498 438202617 761680717 924353762
974262414 850121113 989844894 861980881
493375647 521446305 605395872 743424489
165738410 230532410 997017837 556288677
337386155 241136096 910138337 993218822
613493242 636545552 715742708 962208325
438341593 338204267 586861845 405474433
56852116 142671320 743497240 460898894
134126128 859224664 169012599 889883552
828347312 992579564 843324616 998658536
593896898 883057809 970317010 911909759
165005107 754781471 936841821 952141621
955488098 704649898 993810785 835219788
805931388 283839502 896766129 419210045
167822863 921556871 941429106 970560172
359862367 434189701 559453475 481256226
685266832 628951988 701423562 714205604
252171279 450140803 624709602 747726389
867651922 406573479 979238862 889543787
503795580 861420697 827437603 889466899
86378935 885344834 817711335 954151125
828684594 200957126 940412099 946639974
759119290 409968764 909597185 643646112
874352876 365417830 930929297 797736936
795347503 866547641 927810231 899241062
548341640 569764863 563789894 890457482
197069998 896944910 517521009 984760793
310376673 506063385 903555827 882733489
46089154 784108575 168090083 872404843
81988550 507814425 109646829 541815024
668764289 319773148 774686547 403979018
621783800 483983149 714123224 484073741
878597581 352861219 986054376 805265403
814442708 429154569 994244625 508679016
986596230 149054788 994505727 875166401
349571094 442449481 906172252 964446537
228090777 642434921 539846763 782348351
276636643 753431860 473437408 839214116
798750642 70236930 917015972 922254316
573543031 81342320 708944885 573889033
655353564 507317862 792625971 768826340
714568041 44945542 853728716 984235631
181346146 20232984 641925966 152295227
431035028 608708951 864146324 904510905
902654512 861058944 914882608 902274536
742268850 480974721 949312809 806045214
629373070 994629006 725488306 998416206
285427323 75185663 798030498 197279294
7835074 951926473 861753845 957013698
107139375 13735305 310122544 357358189
843070783 269493845 997177640 616500460
504410082 296528821 934139756 809013234
365191640 370037994 773064147 432206110
758200520 221976666 828571962 748497155
251545956 28360846 770981782 413659842
103075440 341102254 500970354 998023782
114024607 735134641 983276214 798988986
616033160 903639724 752326371 912609495
249601371 564657039 686602778 673950372
434198518 506301643 732311943 708306608
454443578 540374532 615109142 864025860
194615532 688792525 596892783 808585315
337207737 947396014 997169644 956546585
59349213 508301439 795190919 991090495
656385467 449185711 899211406 602365340
664666430 883572339 797663741 950928079
54170760 945963995 649694895 981909425
284090467 600133349 634511386 755302367
23574787 689605124 569933607 759257548
165192492 521124553 274098096 978924380
803294332 667730445 910711816 830061266
613944713 85581624 732924754 388577829
644413398 611132381 697852503 726529831
638985771 552667423 791481488 744933672
763487534 562799883 817386437 585952014
417316294 205302116 856773732 454135679
67252191 506063412 473914760 830306373
281096929 701493738 760143257 886172364
420806105 985330404 966494702 988650274
590994644 83320418 856019990 501072243
311701058 489956646 579663867 802386549
81694266 458801079 415602671 543127062
161539569 433120917 390963576 936021106
543824464 822654484 769883763 898329967
609627268 6833736 925005322 989603492
463963694 288028284 601933644 883063607
45763041 561145120 55375808 848136663
192490309 455501273 707795184 790508455
961561934 426824241 985818822 975941800
974711309 294165987 984894313 393800088
278449738 285075505 694507010 671025129
542242692 81613151 967264220 711042643
740228552 536291399 787383298 696342260
283479067 322713005 360237088 993186372
617189691 651334549 709052888 776453820
974304085 62634063 995198949 952106101
908244798 181774082 926006526 916023965
714399274 756474312 736271098 827321599
940121910 328323245 959747133 908971149
488856124 51305145 843724370 250976345
253234305 500864420 611068419 841605226
944267461 71581356 959416515 247689257
431147535 279394184 896253293 505889086
677355785 394815757 706369852 701487296
194982611 94469036 463963512 373269778
283651557 491671526 588520912 697207486
166760819 276170380 652898418 625829941
54215077 299369993 953954365 646695339
507606195 333736076 772285865 642115096
369897915 86518870 952273002 152962873
408449017 500606068 800957461 529932276
80322197 689275392 945471010 916504347
809973128 798873819 886369603 902349702
262652469 37284350 681438052 803921061
730270488 317111823 772529239 373105500
49041037 534607003 877070155 767678613
143191911 761324956 484496194 950161677
75985692 448319538 422022584 548165479
528219173 698460960 769440568 923497100
904116850 741291475 991073271 798765099
17813164 372290308 435913622 899130999
742175166 136261623 835154621 928984668
116563900 364072986 858893381 826550139
687715579 310057766 896867950 652839173
338028871 350396497 958757939 818519816
769883892 451390821 788859906 693486360
529730097 791635491 741624183 950940262
53249804 302604274 533406203 410846618
345270789 37684704 485660888 430809714
392942159 707653459 570148257 925320345
743723658 850299218 919878847 874408966
410100372 676188689 625855600 773056910
247944799 273357317 975177501 602275320
695461475 899647583 940695829 909927041
692899375 354914637 714720984 466451481
220597548 811839851 968096197 969115839
772295363 795794910 832859621 851966321
580357269 521950184 812135349 849235742
7391448 821318761 44055833 859069008
929104161 363211885 930804096 488495562
633981534 70204627 916755594 409957672
328859025 710485650 435587747 790287589
649819009 57303175 667877406 791519574
717218742 376727804 868188415 830965288
927909620 948639941 958857957 962915384
745811835 182450556 793447043 570216319
720629432 932061193 866408054 941510850
105778743 619726348 811849178 666654352
830686710 339051644 945128496 382815515
702663174 527008238 809454098 560594632
33323296 334692916 183095091 601022716
161311196 658678530 208946075 680403047
41361237 31472854 324895112 59854642
202454719 466211508 419159138 562023245
839216503 290830295 977323671 411632578
226923734 327406330 378483013 673715264
828871935 101335649 970509473 115530905
555709780 918488921 758482132 963333602
115084579 958423286 825122255 974880269
237915476 751074310 446186782 876205892
302695272 89930143 791642850 657378647
401062429 258282998 520386207 846807446
876130047 341415036 902871918 464928808
94523963 166614835 352537141 832679096
714013328 126089995 911851634 970781416
8507449 111990159 743971900 460306504
292673922 48644585 314638597 57241631
9582379 72511737 692608500 981898978
267440114 374570674 413897105 633450937
637093187 435498583 830460795 496649826
135579581 392600434 857835359 561792246
177244604 919504759 339843830 988359633
723365621 617556543 828043091 663241920
598547531 162207003 740703279 345966689
556454286 638734269 563777520 824777402
357495842 279435764 489648956 976072433
271930581 302680855 592994086 697713137
225652719 438546834 484296992 639920050
963549429 804423963 975483853 814890011
415913695 325357303 584407665 498454265
551464685 63442504 716562655 327183194
724454663 691380875 732302554 976117836
414427850 471223923 685745395 893700035
878793990 227221163 989128476 313259949
237201221 385807828 519109060 423650471
265724660 778861400 803681733 964483640
209626856 263689788 721826692 860620468
70178804 156627202 957544489 428719032
643180360 881637389 799697910 989981594
53914892 649172801 80736914 775162067
284787645 651593853 526766544 840363989
246781450 856237128 695984767 920648232
37276771 253464374 610906469 768075665
355007148 258028139 534617513 870262698
708278101 796350313 964953924 913730730
763365147 332859470 783366813 510956093
896257905 73614154 912274914 670206012
32732700 344983393 450315656 712650725
872496872 697466354 983675981 876262784
975422817 314652524 997526309 937727274
204330883 496560363 631766126 893532894
823981872 758774704 983973977 885902067
719095083 691611038 998660417 838968863
488054323 458647391 945365991 799920745
225731754 390821426 729431988 421036117
316618526 945706884 527400016 988172204
703429390 796427906 984662300 821391342
34613667 468307359 228030452 767780728
534621897 273487593 556375590 674646621
591867400 45037278 988025112 393509904
111060665 43623555 376427070 291048400
423262257 563242751 802761846 745340834
618464045 736468450 933363860 966934446
142206687 861649228 746811072 942270307
937980685 571488850 950062997 702267161
662600482 984652265 688569631 998065546
525353407 535497447 907652470 925320780
501862187 266062391 600583967 308576643
385161152 960199243 959058664 984797778
123859061 633648196 620602814 879101759
557844413 100930734 819757559 534860429
19635982 58185718 121173055 987435421
480250312 514628044 753087543 937245683
360231262 189563613 711552702 291506462
310412052 315934047 400381045 346287670
7276908 643396883 800844872 835459445
300016664 993735064 342409436 996116661
178494210 417265175 972343365 943915272
845596398 876508290 929065002 925531897
576224598 517942790 681747757 980042903
473945757 455530059 700561368 807924471
321570288 981180798 569724566 984762555
340771259 401371124 650594668 704718100
326088956 869404093 895843912 983335187
90301129 374702014 344719583 569361699
312267567 27257366 470785223 468721179
502841586 526868524 576323479 742074455
731406389 82451888 810704327 839485465
767684819 708773025 795457391 920336647
795293604 238600422 936190284 445507749
585883628 510944899 865185198 844149900
822961661 142431646 943540049 979818352
491892903 100638534 799767993 117155475
841075436 857560846 984131136 931239580
376744229 9462659 583669185 632336506
570621066 897815911 763075407 909294404
131994704 878402436 507100329 977409615
63140775 819725529 608475600 890872530
50257700 761648571 312321987 801813240
309201051 491685737 793025894 782243819
241276354 259669597 665929798 564292068
175360191 161156464 622546314 206249076
132143596 523046776 813938498 960387415
669430055 771473021 881336959 846793283
718040870 544885067 776746326 732320205
684662259 68804763 702624446 360774037
226889548 874032452 290768061 971459062
119331638 640578781 324774126 827567369
681502673 894561917 790361463 952193702
265561511 102445032 553017317 691333396
753150077 509858929 791040992 730960039
262090269 415530321 892365691 890622799
947393258 741747049 956653347 872129254
70306324 513298249 542668745 697350136
269741144 459170344 486046572 909807460
906150657 453628748 907042119 963503750
762006625 573040377 825911606 847174860
521601725 516288906 682587086 713634182
587264959 720584248 735428999 878889185
677701535 352162481 733928308 513550495
142199245 835203921 730985646 977799274
635629084 795040494 865040603 951609016
320359717 44244677 865227624 101672508
408109012 314997846 794747035 696708681
405634719 676994613 846457449 891785270
741808830 729713004 867887378 812693704
747313034 506115503 914518261 619145762
836083593 820351659 988334541 828224010
252796987 831536791 312901655 937114357
406199827 431479233 955082826 536401075
616850277 333694665 909164083 702231518
456756917 473872297 805705651 494790827
259957257 842162875 927942292 947400386
332833894 252467891 765685042 486244770
23349759 10826211 681375649 250144454
893921266 464635027 933000908 515353905
713840849 664783216 780262249 976496467
732590042 592167145 932305020 899523183
245394478 546278975 697261517 844449507
26976826 717723679 588327558 748676947
973163075 918555942 991403545 970813821
343501331 410985167 393721663 868854021
280079489 951791560 911657495 953301634
352670788 104453012 980879032 454877878
621515811 280295101 879382410 330102354
545723349 129320119 675048978 774758994
7119367 55788089 99938451 996015911
896695171 466715275 942998225 657946274
943375193 479750505 948616107 951634518
972492541 333024731 988237305 866331500
141749278 281618580 768142578 822909491
349556192 882562998 586820154 960750426
371739251 769625016 937462327 999838532
301000243 361842819 580398960 571923141
550481728 733357551 985892957 996407158
996444258 111356266 997159521 826129451
216216455 312004814 730348839 930567181
906931740 537106822 928871693 874188016
146547155 196280647 531864647 224011120
944485595 265462983 947633701 280634279
195761443 952489665 655826608 974913334
766491704 214177914 868414173 942473413
947417423 479264944 977814984 896732494
462679936 619707557 983732183 785344453
141307704 529238592 890851264 632975756
950146686 494304082 994144764 702247599
512813532 91242640 629084045 181870924
572041592 944731484 696329999 966788268
575225185 136382540 791732933 838070409
575558154 902732490 848100713 930876967
986618846 794984999 997693497 887688399
474134520 151350714 534452598 755769065
336518844 774247325 803376397 895624050
923182653 455732531 924116136 844582979
935662025 2706285 986111573 8651592
590196708 591913953 601140569 648070990
556348751 350124267 677917445 624383323
918502462 971410565 926145599 986532403
10182239 748331040 958318572 965553691
414370181 947853224 801651405 964142862
764424599 537320742 775935101 558645506
268337437 674517692 959122802 823386272
97563566 275492314 857090245 573267493
387042863 945333484 586112373 968082190
944625094 483276519 954052963 493400985
242293377 634233693 941618452 673929739
930183191 420769769 959486492 971753361
713406127 218846575 900034705 939005186
70023413 82930367 110301003 680129298
782985614 546075316 943920065 759450680
121124595 639727814 364337313 745879736
754867340 975149458 943199595 981082792
459706359 983886940 709802099 994324948
721080872 318119890 845292248 372062074
10604140 747706470 382825096 923992958
951605380 17222201 994350637 869833212
325679364 917298315 923098147 997183615
481892366 437054735 875488779 825017295
772448917 177468939 878603184 956173853
885522836 345450195 891489813 880799897
759072935 502651404 844211510 819656799
661236371 968621836 724241268 997595434
914485250 273557517 990686915 599729691
894990439 949969529 941222162 983304844
945232334 13065082 986389169 308511855
625209407 383629742 656186281 839009347
378645647 822844979 842583451 981240000
720845853 581649762 829139189 943661048
935913497 5315600 949055509 478652200
90577575 24854846 942325302 836835780
258499905 107340319 780629928 880690136
430866368 828408086 610896418 888415634
359240853 99684801 773394613 747665930
448032428 175103997 585789911 755745272
466917244 65869253 670015019 602351159
177602866 158097469 679177624 695840208
862528688 297297945 949032220 813879783
601366946 328927823 768056574 891179507
543862138 839183321 607655547 904754837
815652517 399577851 884913686 735246699
741871367 820093537 896921029 985812587
737735659 34366430 892974732 684616907
894158049 48418756 987372163 197369973
484869471 31777736 946581530 41312325
143006446 916352342 735279932 937245527
700069846 409716663 740149596 628535485
289507016 729555323 981329502 821255966
32266458 16003162 358680129 439229069
591043271 799014133 658947555 882800188
782559289 45801900 978872730 968040484
122054384 689616097 686331202 807761541
829707092 418828837 893360250 715655682
132323647 377177107 438246965 795573550
779580199 419909344 832825540 849413589
251806041 187910128 285605746 213403307
843454666 692239545 991520522 898928779
956750742 979242329 993922472 985367987
273415838 504534639 414283160 667303873
596156362 404232684 614088350 796238635
9232051 709570582 759139162 903604885
954132999 127785634 980562527 708306288
399379357 487466080 801676844 765606154
176129320 390243904 290689943 830147817
65019366 77360275 856634286 378462834
169135162 929604134 226443329 944191568
426300688 807731916 750181411 906136365
218070793 560729724 482590250 990779251
306455385 124804621 625093972 419405454
475989318 473473495 807773359 926184604
831614024 988492446 951453957 999742120
592465423 29625318 595593578 522380236
136617013 592910488 146778364 950953903
14206034 808529683 397138762 882538425
876196164 281365220 881937711 750607161
590616697 194627505 846999253 333584682
932677362 143861835 959243976 991476873
331781447 56342947 618415859 282069776
223513779 64495397 696445124 390492254
306514919 653508250 342830192 702353602
510879979 200997483 972890810 525913194
288836666 815763788 663092075 887554169
398439550 690785362 573238404 973164579
479813450 744630040 775635886 763344812
563995487 508840382 756210535 963038140
82210450 296524083 678556826 339453889
118095975 239796118 757707536 419924657
158093138 907361162 206218837 910301079
843262567 173498217 845144757 294984344
85036377 716583079 243569693 874293373
15385289 642121052 831241253 803324994
47541398 67277465 945107099 556207677
529796036 776627607 544678862 968536263
288692738 419608820 626558956 637966202
116265267 721420074 184990384 814109610
955551098 360549639 957670979 838320093
281116559 909169339 707870041 926554769
489816422 184555721 559155679 198928513
808387005 916636991 943844620 970253817
777987989 982987176 926420219 992646189
390709803 756086870 576419132 763624774
932039570 505769068 976444216 671373794
317629564 844702821 983806643 945963533
173822478 782678188 672539880 924454741
403507252 759476965 404607750 931021534
385714566 66223658 573912611 891940881
667446193 865281651 791449884 872294997
923304499 722453333 948256912 863103244
381139178 108457917 507446406 877916203
175495982 828276559 587153382 884438695
598009876 35000691 729917743 474967193
152143104 73244190 939507027 376131647
731732790 403114136 944188449 503147670
677929658 215000101 819974312 840619390
780320346 686569889 958424495 858256425
761720250 514824935 879811911 975407492
829617468 460137950 975528588 982679342
847817197 813119530 910117158 945187008
897028396 61740251 969438757 384426523
772767984 950022828 943066387 972508366
92295909 990745492 400798173 991343652
984522542 790468772 985923639 993982016
66598776 497590418 396131092 604977885
404318055 46049050 594985339 729033677
233214526 97340510 403116026 594190634
725621636 208392341 937553243 870722414
957870543 511804617 964593154 593910083
34468869 958753898 802054865 968452149
151686239 650942364 531962069 942497850
459760043 85739978 648891491 563124892
148100489 515104520 335698230 933690745
33711095 94399458 748854382 490775594
913043032 916120369 990483913 998508314
556667324 183229619 604117537 806170037
399476399 189842788 908331893 710640000
821788071 587116649 932659667 712188993
707380005 172971152 954646638 178942020
440062556 774227051 976338661 814430499
675267511 140599953 946000845 359158563
297909619 981150697 819865449 997536692
770022175 164189875 959426915 804897322
60192129 779202153 940312862 877933097
704326729 214625856 916158446 230760911
702226663 293677131 826747877 396188733
599186205 430210816 741571684 949042495
31917741 391246551 449585807 944584830
175293991 557583808 749966672 643659213
816880601 57099429 818230724 767112233
552275459 99583960 783430866 768965896
662191631 976898396 922253192 998045730
772973265 134829196 878555473 912297632
15697407 932604833 87155324 996800389
668303298 382478236 956319630 499742741
59591125 862778967 764387838 916463075
843471056 983190832 891095583 988608957
868519945 485198855 874545554 954814276
331673245 362945778 959909030 859451075
971305603 569928308 981251177 795563126
423539091 809757749 708079183 935744235
656286268 46553640 720928740 670260235
62856209 422046530 270697346 787469752
273652616 625785081 847626395 718789516
542398075 439302678 727958825 559935965
880359959 138436318 898419006 174633358
633727152 879634125 742707810 997203694
335798872 931702122 970355306 946374085
791044133 581554186 908138097 603370804
71840593 232026085 257130639 311261961
402965883 380193056 449548869 794851222
731051904 491570456 988375240 822290062
200129049 66825482 342594839 946349000
868159082 603059771 906260419 735549489
501280444 193871821 933251918 314395608
451014605 16518336 920396406 23300882
796946996 839113316 850052062 971410230
742896298 538853175 934467367 797013291
474469962 61392853 528363356 186700013
812532505 39165059 865387003 263384022
875854080 28540008 888416574 488870240
935899950 216488669 943788227 642057505
442133530 243387694 926682920 820733773
920220318 418005380 961145986 735082129
516384886 971537881 633250326 971971779
239806548 163920574 354305194 600596014
978999748 269710869 990714045 439678741
649243352 638412406 862421023 882653114
115282197 650030920 424711610 891383792
411649532 451796960 754839882 731538445
534485908 381901104 717650047 620741310
570386874 938748641 951327538 969386188
627641883 358287507 757616301 942052633
655295847 206342701 881910676 223255474
558761958 349494055 792216115 418167434
441867791 62481086 787469417 776775436
109460124 411415089 888391180 552486491
828994846 296759066 918817493 856175823
790155645 652812621 816828497 729849183
198023063 363749674 935076808 550416259
790907707 452854435 887793174 847742952
531322499 972310044 620062431 982510327
76786254 516153704 210590317 723014783
988928504 82855865 988941526 720267265
847691060 869559772 858098104 890651853
687757185 902855086 720847454 902974101
390785149 54415145 868417409 640028496
219934070 473763936 631340531 922150332
67038298 880636633 686578934 909996398
355711358 462299710 717181294 883136500
451600554 154689570 742023310 927109211
265875662 515263792 537964497 656197887
606143577 850811990 709601442 911845371
884122072 767223139 892710367 783370168
586716899 435857341 961014627 971789975
865693550 168841748 893697266 707755975
588851278 72469584 652766452 141627847
12239958 719491426 486200234 917777772
817568235 522018694 855007138 573572296
14979321 491205015 597501499 919384770
663494202 873890195 914827651 999089208
538750463 892807902 549882462 990392110
590521405 791705286 996246955 920249413
257684608 196351587 690314174 269843685
883730948 155224557 927221920 430140252
289061984 435623517 876557419 781953652
485288942 193300299 614888081 899934093
628543467 843647059 849912241 855222708
90619314 263985412 579129436 490865893
747372214 853479786 951539211 957548442
923621106 125007106 990659828 338372283
568166440 919614406 667664159 997602384
720354918 138620343 944186167 337344122
581688921 443204634 802333676 879486279
20819721 789596982 774766950 976076519
693860662 995776441 730302735 997608594
713179206 905400268 897611817 954115600
719938805 412496307 987136208 471845129
654482901 504449468 887878321 775841348
895177269 163899189 929966948 950417059
502275958 378895169 521404964 430882594
674563237 716313100 864912025 945297243
418172568 540921375 564283816 818391171
675193470 907178357 730211028 991800703
278697908 951744110 634919907 963903089
296609980 185536508 573994829 414536699
545028421 495137866 565738377 982504379
463991741 841972126 742375754 979224296
339135821 864966927 652035934 951436498
154120977 381271951 839255798 488142073
293074833 361877357 354497498 893292335
464385295 437004850 942941887 987145415
983114661 415862118 987204833 431346388
979238747 490453884 997219569 847694822
654186870 602854786 658731217 602895365
8144232 835216220 489491535 970619321
461086709 799885664 859827914 941089531
427590410 169116743 831412184 194708379
565770416 517074413 947617860 682535248
842983762 140266934 942838500 693401120
384577283 617264522 554645882 965343283
33395883 494470024 282782233 859474946
209458321 587500639 693104843 769755080
801552628 754001040 975269894 760626722
971449828 255345082 992766490 302526190
142187186 206090065 259177092 351379345
483335575 301726256 768492818 677986821
135458071 635630895 445889730 941734459
347325967 332194156 402519498 816258403
512300373 707088659 845519801 800546829
180695304 36237036 440292008 329815207
672757691 882313543 775935148 928746174
487775605 569291844 649745996 944090771
679236361 275089087 721847041 504149108
329793760 72457828 492887515 236376032
958792981 995686870 975433582 997860497
736846316 723816814 806665270 869116861
394932564 947820636 479007640 996336876
676725645 872800860 973182324 902746891
314816903 193350125 702806235 847683037
970941174 12562502 981902549 23758560
799057609 243813985 914521790 974369165
843205812 445513257 899720825 591914367
780527554 711864421 843821956 935415951
129684785 927085416 371809777 929325279
802892278 37551022 826059173 670651321
103000399 33915291 708357507 153326635
154692786 536186378 400141640 581372759
753805423 235195842 805327131 954033503
569509696 726991678 749875689 802029453
981044576 365811305 984151016 990520406
179317406 222650941 426532189 431005265
220553127 49093836 301846186 567493632
103212052 84318598 546285157 336543356
156033018 644587618 719153427 657632631
994898510 311225596 998815112 677965109
111843438 399856641 407075134 698018717
109041202 10957756 632064102 309386977
481037317 135193991 733460775 646437197
494278864 295513309 652027842 951852790
625856312 85313250 738052148 443699800
707611061 296443165 895124762 987776064
882736559 182987169 907391936 843759971
728904664 465252311 829593238 942165293
209043082 596793438 435333864 891540064
463911463 532563480 539780354 709799393
217930045 666717537 544874386 897828117
416096733 281594246 991337591 330030264
247532623 587453322 554006584 865239443
708894975 216190590 754392170 891658194
750668391 717428495 848331352 863390519
958069482 269446462 993352193 430833790
682392973 5824785 691121562 248013293
131706581 774211922 933398655 804767556
193380633 420341971 656791638 837469613
108527025 811671998 956774760 932182481
183705933 173807872 549320721 515397340
313500127 64835465 750185276 474414331
473347219 309616171 905834289 687646303
310868618 454797159 603392406 489673804
531643257 615333297 796633209 849438475
144627152 738795515 332960046 778441136
352444704 969368174 997157247 979093254
377069297 808205603 472130193 878529502
147861232 144973804 792600211 711602885
302269801 222912262 399210716 268904720
964787088 155194236 984155004 616252613
671266971 364457568 862778182 684933663
837044782 196192679 854499909 596816924
59228812 118218551 835506461 370964545
629114758 214653723 667883811 278662283
358094632 578203873 496695970 841257167
814481511 638297853 840012853 942793477
793674819 170233118 975613515 416076136
475302417 714567677 899252067 939628178
594834476 650971412 609940296 972203803
955975536 571926991 990361646 873554904
35829891 642658039 656407360 921553104
473316423 856561674 651558694 971065879
763642550 122120176 933243298 713239908
686683312 3765853 691129079 615680217
379026471 68699603 678642673 511500062
861738073 828316708 871932372 913597984
479694513 135947557 735754825 370912839
152354182 924955628 686850682 931418749
24718482 564283612 542153217 801245608
829330523 547831010 921939834 895484628
47533241 147898506 917457736 791614718
896499075 969166757 902157864 986063758
529720211 330010825 940093752 919391654
865140845 915899984 919443656 986345734
477139533 310201067 751616319 821452022
211516745 25467142 693509789 770491990
329859786 581483911 775865933 739402905
885030212 410266155 986461442 472322881
946380474 900181915 952690780 907035771
580551163 754474229 818822027 982497576
689197911 699358420 791333042 862382622
925847545 837466689 939427326 877365908
529230548 131860964 672838116 715402152
392223854 210055264 643981254 220378130
247985709 809091900 329817683 823785641
51990745 65876827 245104666 145040803
948487194 301232169 951570653 411804078
106674780 917714026 380609271 993482974
300019079 637498181 746668677 982203875
922854757 356949684 951669731 870865689
88601013 27240545 451386806 988036476
458244003 599925197 747223126 614991676
702654005 308869103 897460636 657378743
118789168 171495215 562451474 876017966
35015254 842573485 79505780 953473998
918864224 93585533 924121627 648261648
570623770 742894255 632582769 776600995
534613927 825094431 687679727 898561538
527611318 670588950 625746876 934410853
100965277 658436933 769506217 893958407
704976735 497878952 942624429 953385389
897317643 612889769 921284007 808903756
438791507 108715204 593646996 316852460
726192658 296303802 961357699 759537653
76558819 732512988 350073036 972757904
208831639 273105440 564602914 459470482
531063958 41354994 954396541 290870199
923649129 771917064 983215635 960983562
831993632 502701971 918686507 821105024
4547481 307996645 987688631 640672838
399947082 431888365 403893277 723996770
202653386 371534869 896178131 621683472
40654592 883315316 149480214 900949383
222350920 468809185 318677907 844195267
698456080 412225521 826616025 586973067
132937885 196416634 699364797 954548467
102947812 885903918 914872692 956819264
485980890 528562587 825000632 853239897
726508917 94858607 884788621 588159469
377900882 596680940 460915720 633526441
644222357 76661756 962686522 514622257
164697209 789957708 642258185 860296594
981565125 37035086 989371668 280887580
512452614 204482744 868644645 841371002
625771079 290779510 973853453 960499040
265948417 854645216 825958761 896970996
81379925 946072188 366126294 980323590
968212232 699684037 991205837 763987501
932062243 44422804 963171404 708786216
165161192 244291828 670423293 558708379
35095678 917163899 599462390 965747370
320240557 68979307 347321646 813181068
991142601 984672240 994836820 986258494
713766642 57702839 882294016 509527597
976910969 312361936 998664823 963056154
38479297 907055852 198802773 925803412
311164939 415209566 872371704 733536381
