7456
9347
8085
9173
565
8066
9257
1440
4429
8756
5267
4830
7292
4706
162
1012
708
2493
1446
2084
1528
648
4474
9502
8985
5019
4913
7153
4368
2899
1026
8310
4541
865
670
986
6765
1526
2748
5621
4100
3142
4889
2542
7860
6182
2840
8214
2897
5151
5804
7305
3511
3508
6296
7630
381
3728
445
6629
3962
8868
5326
8514
9916
889
7176
3594
2878
6101
4445
1005
4544
13
2471
3957
6014
854
8480
3130
3786
1467
8708
1906
5061
5155
4674
4801
4093
7182
9748
3619
6923
6643
1756
4846
3340
9897
1282
5995
4882
7868
3679
9934
9216
1105
2323
9368
7655
1665
8219
3168
3694
1481
9067
4516
10022
6246
7320
8036
2171
4536
2941
6621
78
9766
1446
6230
7718
3703
5306
1112
9686
6821
5034
5951
6911
6893
9904
7162
116
3963
1318
1310
6989
911
9048
4349
1675
7135
6415
1912
1820
4089
3694
9678
4131
4325
7524
9985
1871
3620
8681
2263
5512
1996
9958
7156
2197
254
9982
7327
7618
3102
87
6559
6735
7289
1108
1043
10
1920
9726
9007
1197
8222
8394
7066
5476
346
8702
9972
9416
6240
9630
1246
5158
464
9030
6542
202
5246
3960
6827
480
3812
8724
6512
5044
9190
2814
2952
7255
8942
9266
1742
3758
379
1186
4048
4926
4421
1379
5376
7388
3755
6085
9678
3690
2405
696
7859
4512
3094
8658
4988
9694
4772
9998
6781
1202
1214
2655
4122
7270
2226
6692
8520
10078
3337
4769
8961
5136
1144
3112
488
6617
8434
8570
5542
9582
4530
9622
7628
6774
1032
5635
692
4297
2012
978
7288
2938
8056
58
5702
7617
8652
9364
1903
8648
1402
8046
8066
2074
6532
9881
4936
6353
946
4056
8607
1032
7455
3048
8739
1341
8170
654
8878
7592
5818
7209
252
5164
7915
7596
8974
1611
4776
7662
5361
1929
2282
8083
1888
564
7632
2363
2157
8212
9461
2723
9872
356
6226
10074
1847
7099
2474
8172
372
4623
1014
5208
1589
4228
7061
2558
5943
1975
5663
52
8472
705
5278
9856
170
3206
5536
6626
6432
2958
1775
572
3846
1476
2774
5860
1774
2707
4327
92
4969
1694
2021
6061
4327
4207
1102
5060
7260
2333
8821
9090
9110
3874
2731
8884
6104
5120
2371
3786
8151
3229
582
7317
8679
3285
830
2203
3389
757
8536
7419
6217
906
8960
614
12
8986
251
3839
10049
883
9309
886
5050
6295
7566
9732
2710
8438
5103
4292
783
1833
9617
4119
2478
6663
1152
6094
9078
5482
2093
1177
2172
4830
2897
8795
7398
2921
6446
618
8455
4604
662
6609
5362
1857
1761
7642
8289
9662
5828
2139
9930
6425
5135
4169
582
7472
3872
3710
8114
8956
3771
2912
9029
941
5325
6254
674
5124
6341
2824
6554
5752
5413
2429
2180
8360
4337
3688
252
4344
1816
8710
8449
290
6325
526
1136
4263
5269
2090
7820
8842
2723
6738
3941
2641
1908
1090
5247
488
9800
2769
2164
5296
5906
9096
9528
5299
1238
1816
2618
8192
8203
5690
5524
9696
5978
3413
7547
2097
1764
200
6596
400
9398
4775
8746
2218
2941
7942
7942
6120
2729
2115
1395
62
8873
792
9058
4254
3655
9988
6455
2960
7384
2560
3447
8716
8422
239
5075
1150
1764
4249
183
1834
9146
492
8139
3955
5183
7890
7763
1490
8677
4497
6923
9029
7364
1805
6804
8114
5727
9558
3055
3091
8161
3884
7332
7294
3148
3872
8577
6986
1555
4388
6869
4912
3043
1366
7373
1990
1944
6878
329
5009
3996
3866
5672
6922
647
8366
8614
4956
3869
2272
4967
23
6832
7433
5654
5418
2905
5884
4946
5338
8433
5920
2416
7106
4298
2785
3748
790
9746
4088
8682
2134
6446
4668
5482
6250
7536
4630
546
8276
10050
1648
2241
1242
753
7485
5307
8920
6683
9711
3908
2282
9775
8361
1533
10030
4645
9005
4485
3886
6048
3501
7662
4738
9464
1822
3182
5677
3242
8476
3652
2280
758
7471
4352
7138
1971
1315
2156
5692
4752
9942
6400
6498
9992
1088
4019
8101
1722
8174
1070
2608
6907
8984
1519
1566
1546
8631
8752
9628
4522
3767
8750
7900
6371
9818
9376
6782
9358
717
7026
5033
6485
1625
3528
8506
7876
2358
386
7620
4850
7013
10066
5773
6537
204
9862
5978
3125
9055
9174
6808
585
1503
5412
5494
4931
4482
5390
1791
662
3550
1670
9815
9599
2538
369
9334
7831
5052
9335
9294
1734
16
5984
136
8059
8086
1224
2041
4956
9732
3207
4801
5888
2797
8913
7705
2400
4818
8116
6699
6611
5535
7534
1402
4942
297
2894
9967
5868
8350
9166
2313
6502
6236
6706
1572
4030
802
5928
981
3433
9033
1530
8353
