789
6504 5706
9022 9022
6797 8827
9541 9295
5903 7982
9941 8206
7930 5091
8465 7952
7789 8981
5115 6300
6953 8997
7632 7987
5556 7281
8918 5380
6561 5114
6236 6847
7084 5250
9031 8074
5868 6577
6132 5671
6420 5547
6103 9979
6644 6323
6928 8841
8490 5147
6970 8351
5706 7559
8283 6513
8785 6000
5621 5111
6489 6002
9717 7258
5923 8642
9135 9817
5243 9440
7582 7316
8281 9407
9068 9618
9028 9747
8333 9811
6444 9856
7404 6640
8127 6702
5982 6780
7412 8451
9962 5532
6055 8615
7164 8759
7985 9093
9379 6673
5211 7619
8397 5483
6978 5543
5197 8276
6389 7274
6149 6036
9255 5385
6466 5033
8678 9379
7858 8383
8683 7116
5464 9557
6684 8572
6614 7649
9476 6546
8618 6062
6834 6713
9585 6850
6336 8138
9122 8462
9582 9026
8721 8977
5710 8904
8761 6875
9135 9306
6383 8297
5628 9790
8974 8024
5370 8557
7099 6224
6886 7500
5166 6670
6744 8920
9857 9548
8125 7567
6591 8822
9814 6593
7262 9139
5845 7715
8305 7652
5828 6414
6659 9417
8505 6147
7363 9186
5541 9396
7388 8598
7071 9424
9654 6551
6997 6178
8607 7998
6909 6626
7376 7045
7923 5129
7112 5122
9808 9966
8998 7118
5865 6759
5733 7610
8426 6934
7275 7246
6259 5133
5869 7698
6103 8231
9545 8699
8071 9733
7908 9317
6022 7316
7250 9500
8545 7182
8224 5241
8266 9659
6216 9518
9333 9027
5289 5455
6260 5844
8084 9195
9351 7532
8992 5756
5412 6378
6599 9202
5529 7468
6088 5436
8713 6820
7743 5610
6052 8954
9297 9807
8115 8626
6882 9251
6632 5112
5300 6022
5534 9536
5197 9853
5157 9530
5570 6560
6475 8969
8543 7142
9627 5568
9419 7909
7486 8543
6851 8086
9082 9350
6992 8281
7135 6651
7917 8217
6018 9048
7266 7264
6047 7177
9481 9967
6864 6295
8478 7743
9838 9010
6149 8092
5483 6521
9553 8551
5080 7782
7378 5729
9048 6666
5498 8588
6523 8761
7859 7183
6123 5359
8687 7698
9018 8532
9721 9960
8018 6367
6619 9174
6838 5923
9795 9309
9507 5163
8305 9391
8516 9414
8412 7885
7147 5564
6327 9533
9426 5799
8847 8131
6155 6851
5049 5466
8788 6024
6920 9788
5793 5200
9050 9897
7117 9130
8584 8529
7495 6024
5308 8121
6765 5228
5189 6426
8389 8124
7536 7890
5256 9645
8322 9297
8636 6020
5585 7401
9337 8868
7197 7422
7376 8186
9699 6800
7144 6389
8636 8950
7692 5618
9863 5471
9747 7953
8516 9162
5689 6532
6587 8543
9590 7409
5830 6826
8473 7376
9658 5792
9788 5878
6578 8074
5050 7874
8239 9787
8181 7428
6469 8523
9397 5631
6936 8101
7376 5782
8466 5966
6673 7304
6173 8027
8099 5135
9548 8677
8899 5855
5995 8151
7501 5632
6388 8709
6320 9429
5154 7895
8236 5061
8768 9600
8662 6299
7717 5388
8060 5153
9728 5023
5176 8384
6729 5474
8174 6969
8693 6691
5679 7862
8162 6594
7932 7618
5743 7759
6100 6311
8041 9756
8790 9438
5604 5520
6672 5657
7319 9255
7801 5076
7312 7040
9603 9371
7103 7499
6403 7104
5840 7108
9207 5182
7598 7613
9191 6714
9952 6764
7354 9820
9864 5342
5938 8364
8515 9095
7273 6716
6932 7360
5919 9881
9812 9688
7876 8577
9102 8522
6665 8090
8659 9008
8622 7972
9640 9521
8874 7061
6592 5186
5711 8445
6584 6809
6926 7147
8523 8867
9721 9290
7523 7634
5036 5051
7287 5717
9761 8158
7585 7157
7094 5106
6696 8637
6780 8344
7585 6474
9248 8281
7943 9023
7737 6675
8383 7747
5775 7083
7715 5570
9592 9530
8172 7576
6031 6254
9335 7244
7929 5870
5338 7383
5814 7966
7457 9074
8685 5879
9091 5327
5459 5736
6584 6271
9146 6187
5639 5121
6915 5940
5366 9503
8467 7822
5444 8035
9076 7315
6257 6228
9257 6032
5323 5153
9965 7111
7179 9367
8556 8552
9257 9968
8459 7614
8812 8728
6796 9960
7034 8107
8332 6930
9355 7537
8904 6351
7287 8197
5613 5593
5319 5126
9891 5920
8626 9516
7827 5869
7032 6974
7638 9801
6456 7494
8496 7178
5496 7492
6834 8733
7940 7248
6537 6726
5189 6665
6640 6753
6644 6817
9232 6759
6050 8977
9578 6448
5845 7362
8438 7303
7166 5055
9637 5896
5527 8282
9112 7665
6106 7995
6630 5302
7946 7738
7894 6110
9906 8449
5614 9504
8347 7655
5983 6945
5813 8507
7076 8276
6915 5163
5925 8004
7787 8142
9934 6772
8734 5368
6564 9715
9057 9491
6503 8224
5171 7217
6515 8774
7332 9033
9435 7469
9142 8394
6441 9773
6253 5236
6073 6161
5525 9025
7141 6569
8247 8799
7830 7747
5169 7217
6873 8450
8704 9029
5240 5038
5380 9589
5181 5140
6115 6730
9769 6809
9357 9423
8910 6915
9027 8234
6780 7957
5927 8008
6175 9794
9109 8628
5343 9528
9408 6019
6515 6496
9833 9847
6999 9543
9215 8178
7895 7525
5835 5978
9935 7765
7195 5031
9918 9686
6098 9257
5936 6604
8693 5912
8012 8958
9213 5735
7310 9702
8860 7556
9728 8860
9795 7673
8895 6141
8001 9898
5873 8531
6301 6178
6748 5881
6755 6277
6745 5022
7633 5202
7790 6727
9723 8044
8295 5597
7687 7333
6076 8318
6947 9121
8065 7102
9833 8448
7090 7439
7516 9238
5475 9549
8091 8257
5417 6525
6677 8308
5602 6196
6492 6996
8310 6868
6269 8646
5638 7913
5170 5683
8814 6225
8259 8745
8305 7461
5114 8111
7543 9060
7336 6318
5588 7589
8263 5733
7529 8340
9513 5570
5548 9769
9174 7462
6333 7927
5745 6788
6987 8012
7915 7645
9498 6069
7431 8035
8371 7515
6788 9393
8895 9595
9190 7858
5136 9853
5398 9831
5765 8482
9939 6680
8721 7371
6451 5201
8586 7004
9519 8304
6161 7924
7581 7465
7300 7032
8621 7563
7507 5093
8908 8822
7024 8336
8569 6143
7525 6620
7190 5528
5317 9407
8408 7652
6771 8940
8851 6227
6019 7815
7686 7512
5905 6473
6264 7250
9241 7582
6004 7750
8338 5161
5034 6522
9691 5131
8463 7980
6043 7087
9803 6259
9065 7643
8943 7770
8781 7113
7964 7412
5570 9556
9716 5997
8860 7275
7645 7168
8538 8202
8212 9805
9016 5786
6089 8479
5124 9540
5216 7862
6559 9315
9347 6654
9845 8551
7206 5902
7471 8356
8591 6498
7374 5589
9621 7220
5996 9799
9901 5099
7752 8430
9483 8929
5005 5958
5926 7253
9217 6828
9405 7957
6927 7639
8756 9910
6281 5227
7435 6785
6616 5506
9724 5292
9259 8126
7062 6979
8064 8519
5542 5312
8477 9716
7046 6243
9507 5098
9805 9937
5993 8536
8826 6334
8245 8854
6237 9069
5881 6669
6341 6287
6489 7773
5838 6389
5197 6291
7197 7666
8766 7572
7219 9997
8860 6145
6131 7210
6682 5075
5434 5398
6112 6157
9728 9029
9526 5785
8478 5472
5488 8725
5863 9850
8972 8694
6883 7386
8072 7626
9403 9286
9706 7568
9046 5442
7921 9028
7919 5433
8861 6526
7508 8942
6904 8378
9027 9854
5790 9126
5796 8973
5934 9881
8110 6740
6901 6058
7823 7878
9466 7137
7616 5112
6100 8514
5353 6305
9461 9348
9425 9463
7509 6109
5415 6096
9119 8785
8159 8027
6298 8500
6503 7418
8797 7056
5133 7292
9841 9240
6745 9733
9500 8252
6712 5640
7368 5760
7443 7011
6211 9226
6924 5582
6710 5145
5094 5409
8756 6224
9903 6620
8028 8379
9766 9977
5173 5280
8689 8572
9927 9719
9655 9431
6419 7052
8844 6090
8356 6285
7620 5670
5202 9713
8789 5887
6432 9261
9694 7819
8322 8314
6533 5461
6464 5319
9445 8965
9157 7843
8561 5340
6821 6188
7457 7107
7949 6413
6751 5798
6852 8079
6314 6974
5110 7615
7630 6683
7124 7906
9136 5377
7467 8433
9204 9010
5193 9190
8368 8448
8200 5485
6421 8718
5633 9247
9968 6828
7611 7459
8356 6408
7635 6900
9158 6528
7167 5145
5283 7192
6396 5831
9070 6067
5755 5394
6447 9163
7851 9227
7324 9437
9261 9880
7495 8240
5159 8835
9081 8248
5611 6271
8011 5606
9706 6315
8855 8804
5745 9338
5464 9244
6588 7075
8549 7821
7556 9195
7315 8449
8652 8236
8976 5747
6995 7453
6358 8573
6780 6173
9372 6356
8863 9322
8580 8409
6718 6053
5078 9959
9792 7011
6248 5647
5699 9008
6652 8494
7982 9803
6644 8661
5209 9725
5989 9287
9439 5537
8870 7732
5506 8936
9238 6068
7956 7761
9088 8965
8632 9375
6893 9290
8669 7531
6188 5123
5157 5575
9703 5249
6012 6125
5679 7707
8090 9128
9094 5786
9423 8358
8045 7256
7740 6507
9895 6230
7139 9045
7034 6680
6330 9361
9831 7170
6516 5543
8612 5327
7509 9125
8860 9552
7510 7525
8642 6513
8521 8137
9069 7203
9550 9545
6929 9449
7816 7621
9170 5370
5327 8288
5157 8961
6297 8256
6141 9480
5955 8440
8583 8232
7952 8197
5674 9235
6403 5111
9378 7665
9159 5346
9612 7080
8180 8431
5922 5595
7370 9006
6989 8954
8494 6802
9731 5577
8429 8173
8540 5107
6940 5128
6459 6523
7221 7567
9215 7042
9153 5965
9912 7828
9257 8858
5610 6448
8766 9810
8496 6590
9227 6514
5398 10000
7280 5985
6755 8791
7189 6847
9369 7510
5646 6525
9987 6435
8173 7736
10000 7032
8540 6702
9646 5208
5287 7930
7155 7477
8778 9827
8008 8580
8494 7755
