814
8148850 9329023
6223114 6223114
6091850 6797902
5108276 6265828
9998212 6876384
5967152 6262705
7849405 5915948
8485588 7425219
6110437 9942538
7848685 7184167
6188983 6661460
7900692 8312955
8892307 9776075
7190973 7197084
9742088 9644941
5265327 7260972
9597957 9652073
9497383 6171486
9986263 9945217
9975988 9311749
6030760 8834215
8167661 6175136
9164966 6512452
5878226 6202883
9823036 9710781
9290902 6699599
8239916 9348148
6854505 9674632
9060948 5727637
8250229 5739718
7187267 9237760
8609847 5573207
8819142 6874028
6671770 6020160
5474088 7420669
8952163 8998167
9400027 8442005
9315350 5203462
5271382 6331504
9913371 7562765
7879876 6665761
7122466 5636061
6829928 9298387
7524480 9750365
8246372 8323662
8333789 8428681
9138161 8474574
6624094 6870735
9839803 7008819
8087082 7741077
6741492 7060605
6658546 5211720
8113734 6028144
8421754 6094384
5045769 8391521
9683888 8542217
8827534 6580813
6012683 7659365
5800449 7747034
7063782 9767695
9297971 8190763
8432672 6400885
5605597 9089207
8092713 6855081
8192743 6499838
5283185 7558301
8491351 7091753
8575107 6693695
5629139 8800438
7831080 7114601
8757478 8840311
6069714 5207707
9050790 9526219
6691725 6816070
9206460 8761351
6482173 8713901
5569738 9440006
7183421 8846585
8325096 7710191
8467996 6249873
7958692 5944168
6565613 7191066
9771510 7945575
5259093 9778293
5553767 5253267
5853938 7877912
6971723 8535534
8395934 8968158
5857264 7630928
5284560 5873861
9713595 7171782
9456730 6825682
6133862 7892805
6094965 8253302
7128266 8051691
7323868 7623156
8422970 5858379
9116874 6352833
7389043 6301193
7756160 6959323
7988362 5305333
8829118 9350410
6961841 7853058
6793612 5138290
8125224 7754441
6516560 5590098
5119693 7599564
9515168 6617887
8557860 6284754
8143882 9217643
5905458 6737044
5824146 9610877
7978265 7850960
9056921 8185165
8718066 7836371
6141490 6379675
8575262 9524267
6568593 7246157
7499144 6050811
8945236 8422045
7185455 8732611
6726883 8921015
5542356 8875917
5589512 7943463
8435048 5395855
7676948 8530299
8335006 7935538
9104042 6982010
6175577 8632698
5893258 8447808
8939965 6747337
5085470 9244841
9775360 9374106
9964853 5100899
5081621 6723047
7772477 7870704
7471837 6750588
5491247 8412682
5130301 5568852
7586824 7973080
8117818 9407294
8578989 8661686
8485939 5425290
8122353 8623531
9587932 7976328
7156303 7280686
6477528 5560981
9652132 8929661
5122797 5294630
5144710 9937924
5822693 7071682
9121458 9936535
5948985 7508849
5967046 6971992
6379319 6601334
8032216 9322133
5104831 5326384
7780154 7127464
9469393 5938068
5436999 5448418
6842320 8321047
9714640 5976424
8032140 5667691
8074729 9894757
8647810 7795005
8426593 5964202
8217970 5161459
7077972 5264568
9665475 9053105
5108104 6917521
9551726 6905344
5737148 9768946
8962476 5136116
7057675 9612877
7688040 6740643
7503077 9145559
5383945 8777769
9939214 8257676
6934401 6136424
6646105 6794378
6113543 9436568
8339190 5099025
5511789 7335639
5139073 6534252
8584413 9903023
5890073 7620601
9998456 6518442
5613962 5039255
9786383 9181050
9490595 9346814
5241109 7279588
5557351 6051493
9523730 6391671
8083670 7973340
7966604 5407357
8189986 5119420
7147304 9044449
9166850 5531847
5424817 7440620
7080888 9263826
9523072 6825437
6965887 6770229
8460476 9608075
9513768 8996805
9046365 8109848
8356843 5486837
5497980 5852174
9172503 5764728
8010431 9745055
5659361 8577502
8333469 5498912
9767359 6303664
9892466 7486470
7569379 8994998
9303941 9704480
5141825 7191597
6848629 8620774
7280214 6321500
8471352 9990703
8360366 6857627
5681798 8878055
7313360 9038417
7631496 8722429
9565496 6509251
7293332 9431535
7748402 7511811
9000543 8163178
7346779 7194132
9810916 7253778
5015527 6719079
5730129 8232753
5352207 8931186
7110318 7293676
5594032 7847965
6823455 6280835
6369309 9903898
7363557 6097293
9166663 8325908
9509065 8924836
5310440 8192628
9718521 7919890
7980440 6613526
8775001 9211016
5535990 8720544
8146463 5512704
9713013 8349134
9561694 5344215
5981905 5338913
5512634 7578013
5351576 7101651
5457087 6538386
6687623 7431089
8946391 5668135
8944090 9035102
8924122 7408428
6818629 7458355
5750879 9993348
8004360 6880041
6545282 5604196
8075454 5480840
7590216 7330401
8051256 5047867
7004782 5159981
8724278 8647619
5759281 7245385
9892633 9939159
5295421 9713403
9703496 7109522
9342273 7841443
5649731 5699077
8111778 7302723
9588135 7075918
8319581 5288009
7984911 7546492
8948296 7740901
8202817 9502669
5405920 8444217
5048013 5345389
5048236 8375785
8486119 9755230
5472642 6004901
5227392 6544668
6589266 5035516
5762036 5607814
7792254 7167950
5318697 8785295
8761846 5987862
8867265 9408495
7314838 8392089
9140553 6485536
7438532 8830015
7343549 5708521
6357431 8740164
8448479 8370454
6601991 7040365
9168191 7007842
9524639 9036550
6413055 9782474
7095646 7209228
9535754 9627522
9126081 9606636
8617001 5485573
5952534 7085469
6175303 7304994
8447684 7658200
9822637 8255316
5953328 5807877
9148940 6408842
8665534 8532977
5798460 5207065
6886246 9460961
7376656 5448191
6350112 8775319
8062886 8063363
6769551 7644264
7361441 5862138
5701549 6158735
8616071 7484061
6241129 5848197
6069672 9478767
8070836 6394192
9317172 5154986
8197528 9141078
9563324 7943642
5649852 5700835
6334137 8419133
6098494 6786443
5739830 7974606
5152251 5744110
7762963 6163958
7876989 6089830
7642097 9834836
9708924 9042505
8408569 6341105
8264748 5328234
7279028 9357251
6284133 8590231
7633842 6772800
6050367 8934945
7123502 5853707
7195419 8820821
7069688 7949430
7487615 5894614
8765964 5846385
9312841 7292721
8889698 5011898
6799617 5380420
8081943 9823994
9289419 7722428
8956674 8689664
6977401 7172834
5070612 9838556
6648731 8114284
7510667 8292014
6352318 8944266
5073584 9602364
7022101 8382499
5882095 5721807
7797473 5805053
9574815 5927574
6540097 8371250
5123736 5792894
9785513 5209605
7997201 7932249
8981384 5754125
5678567 8270823
6856877 6289399
8505555 7463413
6068790 9427552
6033231 7527037
6142585 8182485
7693403 7143498
6864355 6595713
6284237 6371535
8544156 8299606
7353842 8473002
5306456 6251304
8834560 5053613
8045658 8904179
9338721 9230138
8150943 9355568
5340193 7898701
8173692 6935663
7696898 7353096
7525718 7612242
7805682 6186270
8569956 6244882
6696682 9559038
6298157 6840627
7253732 8311612
7972185 8036769
6411997 9371035
6042301 9045636
6828301 9544079
9513650 8626381
8291676 5078057
6745756 8050327
5987223 5249783
8771063 9652373
6242345 8775453
9396000 9659747
9692763 5057815
9931557 6847913
8995261 8268151
6186571 9490364
5261918 6433486
5213888 5759146
8603189 9946509
6225606 7561124
6568070 9091451
6138121 6963831
5565830 8199625
6884403 8719638
8997300 8742677
6817917 6751724
8295069 8143770
7603913 9745783
6592024 6712187
8654121 7645533
5619396 5402363
8125772 9956698
8356978 7908756
8161684 9020378
5152966 5455884
9308356 6760650
8164678 8847321
8838824 9898388
6565534 7732375
9874210 5164379
5108612 5725019
6954428 8170639
7601278 5320425
6147246 5983953
6496686 6561819
5485128 5515732
8890163 8354368
8464455 7182645
9092368 7289797
9766674 6059727
7873926 9616825
5106359 7701368
9510061 8026991
8281437 7782167
7205396 8088543
6336666 6450202
8833678 5018636
6975442 5399656
9875482 5948555
6476850 6776240
5084783 7614038
7909181 5035582
8303309 7837713
6746595 6550699
7149538 7092550
8853437 9894420
9934111 6586307
9878008 8941703
7796350 8813522
9897016 8805361
6051070 8027608
5343235 5981172
6037631 7801268
9138950 9172716
5376818 5056806
6180743 8778012
7752855 8410303
9495261 6936913
6108775 7829504
7832423 6481887
6234815 7351595
6086932 9450386
9314888 9780459
7461258 7449458
6426596 5519978
5434046 8217773
6994119 5208656
9374106 6175504
9745138 7488466
5016397 8320006
8638262 7466498
6721024 9675955
6672871 8899307
5423094 7823507
5899155 6598964
8929342 7844747
9971107 7529618
9658360 6813546
5513691 6616143
7812268 9737490
9576780 9203131
9482551 6199570
6724793 7277331
9706798 8343999
7300709 7567339
5221298 7453184
5839356 5292335
9529314 8116227
6954023 6508778
6629918 8519553
7929796 6635714
9229942 6404739
8229948 6681795
5378053 8503794
8979130 7329498
6685266 9301948
8842034 8505244
5670917 5853066
7275323 5345092
5899472 8123537
6992136 7870907
6687866 7956065
5355476 8619606
8167520 6130670
8775138 9333053
5443514 7521003
8359474 7985804
8000012 5013227
9277753 7862732
7936317 6886607
6839688 9073073
8564775 9038677
5131885 5241567
7401566 8354571
9636990 8233474
5985367 6921729
7783749 5738860
9056277 7066611
7256667 6529568
9929549 9670584
5331038 8889422
9524395 9614329
8533803 8144101
6819680 6667362
5894282 7441353
9204244 9565181
6263378 8986952
6269422 5680886
9251008 9070802
8998384 7652980
5817740 8958310
5403261 8422036
6206125 7637866
5367249 7846850
8650734 8531283
5674449 6483193
5767538 6510752
5221140 7129968
9513123 9343834
5617582 5359925
6233133 5576741
8827772 6975710
6372361 6729198
7601094 9884910
8593510 6541400
5346559 5376508
9725856 5709217
9124178 8940445
5074098 6056358
5018382 8776745
8807601 5241551
5208229 7556300
6716794 8082415
8242845 5339224
8215433 6094062
9038050 5579239
8927727 6698436
7755897 7921471
5612598 6143121
9777821 8510551
6779138 6445996
9950066 5030846
7433391 5127911
9557729 9084180
7031351 7435444
9637008 9840832
5602046 5116398
8239109 8604031
9103968 6144423
5090310 9371039
9575424 6860237
9320999 5008042
9987151 9724836
6802302 7005942
7469619 9849250
6051095 8800841
5659564 8032478
8461405 7851597
5451464 5733928
8475315 6043970
7151061 7822915
9605770 6006192
9584435 9442986
5146186 7878281
9413894 9288415
9255629 5094679
5139177 6321043
7435858 9968284
6368430 7801392
8568164 7829309
6601449 6936145
6121420 6773480
5518403 8547039
9318719 6867767
8782474 9865663
6602085 7116189
7789334 7754829
7136312 8375734
6786630 9471659
6813066 7425582
8861178 9745070
8410506 9438190
6649239 9689583
8586533 7390302
5811637 6116529
6307416 9079754
7331881 5885233
7445829 6729396
9565720 8172943
8857821 5776256
5363746 8501172
9626418 7187514
7513203 8951867
8437934 9635253
7379043 7045801
8997441 5334369
7237136 6687737
9191774 9539776
6694166 8270054
5718256 8727829
6688780 8935904
5228263 8782409
6795774 9074360
7664671 5836633
5703294 5584503
6248219 7973868
5880311 8840199
5953086 6261003
8108446 8760230
5686510 6955897
6073381 5525009
5318500 7399266
8861915 6701522
5991821 8397169
8364308 9435067
5775424 8885987
9193727 5975082
9929815 6258235
9189962 9490131
6719945 9632943
5316268 9355231
8226941 5189586
5289219 6102091
9484613 5375415
9597794 5791729
9573626 9523240
5161268 6934205
9755133 9801917
9013259 7549793
8373315 5897803
8578113 7059994
8234700 9736145
5595615 8599242
8083944 9513755
6203165 7724802
7292972 7726136
9482736 9924269
6937226 7585050
6374697 9960179
6418588 9664311
5678362 8927019
8014102 9016806
6262345 6615961
6461355 8859641
5193975 7642598
9437210 5639660
7529765 9206600
5502780 7208914
7654914 8290815
9413744 6444034
5439584 7624490
6609543 5394520
7933883 9326135
5299096 7202806
5582361 6422696
6257314 6759624
7832167 8787860
8963877 7881811
8315594 9173838
9740976 6988097
5321601 9405651
5136040 9943895
5854279 7094226
8374694 5440882
6570057 7771928
6431136 9632643
6022507 7054345
9905654 5686755
5372090 7426008
7038108 5037765
9889224 8895387
7593726 5560789
8541125 5318073
6356899 6891911
9404668 5486024
5201489 6104757
9179861 8447888
7627926 5878468
8031103 9644508
6844020 6078129
5209010 5483250
5010148 8846176
6931149 5424866
5912507 7054931
6845100 7708865
6836140 9181770
6980905 8771125
7700104 5262911
7601271 6495747
8856410 6698249
8589724 6643627
9774144 5526499
6538415 6797186
9033908 7267612
7387657 9499085
7091163 5181381
9920663 5955421
7027874 5587960
9928816 9201141
6364108 6951812
8936899 9248050
9946997 5323701
7276985 7093413
9810448 5250366
7423692 6291018
5914517 6578202
7790353 7091448
8189043 6057710
6412874 7501684
9033150 8974159
9051708 6557542
6216473 7786335
8635767 9513293
5970504 5804208
9966474 5795856
9974308 7317545
6858065 7848594
9609240 7809111
9024722 9940994
9152954 5165265
6808167 9789780
5020306 9479489
7904812 8959297
5757433 8576728
5891970 8558445
9926362 7345347
6989649 7814970
5830439 7805673
9009159 9412631
8992787 9788526
6160485 9314565
9780341 7915073
8031708 5278585
5793293 8853647
8233425 8343096
9904260 9790476
5076893 5656615
9820031 6164479
5554945 7411258
7127501 6804490
5725187 6185634
5801238 8134059
9621522 5204082
6381641 9882778
7763431 6482192
8409188 5738488
6203879 7192837
8305829 5902753
8226124 7540743
9426014 9403261
9269676 5981660
6096875 8139266
8707178 6197651
9511035 6984745
5904106 6945670
8331904 6459685
6991951 5447983
9786051 9686762
9829710 7970844
9714327 9418064
6889494 7675332
8962203 7941779
7282150 6273505
6253325 7696775
9221197 7421356
5576821 7244475
7718577 5459586
8448233 9910612
9497372 7365156
8952416 7166991
6383763 7406944
8992244 7241667
7218662 7842245
9489065 5026612
5972423 8518113
8393099 5094128
6018489 6633252
8455681 9806526
6502393 7549742
6149873 5405908
9236119 8842202
9425400 7736027
8845341 5536809
8358653 8333126
9721488 7721551
