672
62 54
66 66
85 86
87 65
63 88
60 100
54 77
100 58
68 73
56 59
82 99
92 56
66 68
90 72
62 50
85 76
67 57
52 51
84 86
52 70
52 58
51 57
62 58
72 97
97 71
75 55
79 89
78 99
98 79
62 71
85 80
88 95
73 62
88 88
51 97
66 93
88 57
56 58
99 73
91 80
68 71
54 64
99 62
63 91
74 95
62 63
85 71
91 79
87 56
99 65
81 87
99 65
95 88
55 78
65 76
60 78
50 75
71 93
83 67
90 65
67 67
50 80
52 65
51 58
66 95
95 73
94 56
77 66
98 56
61 95
91 61
72 83
86 61
63 98
52 56
93 79
55 52
91 65
90 58
57 52
58 92
61 51
89 93
52 79
71 51
61 96
67 93
70 74
71 76
80 94
88 82
64 56
87 76
68 63
56 99
72 66
88 57
76 81
91 50
63 79
61 70
64 51
82 59
69 53
81 93
71 81
61 64
74 94
92 77
61 88
54 63
67 98
62 55
99 53
70 98
83 69
58 83
93 100
65 83
62 63
77 84
57 70
91 83
50 60
78 72
61 88
78 90
92 68
55 56
100 95
52 66
58 79
99 82
92 52
57 91
98 95
87 94
98 91
93 87
64 63
54 96
93 64
70 80
59 79
52 50
67 74
55 60
60 66
52 69
74 80
88 53
57 63
51 89
97 62
77 55
77 70
63 53
72 92
57 100
89 50
78 55
72 98
79 69
66 58
80 72
75 57
74 98
89 60
75 70
52 67
54 61
56 83
59 61
73 55
90 86
94 91
83 52
76 89
99 83
79 82
79 65
95 67
56 95
82 87
63 91
87 62
78 74
60 81
83 54
88 88
79 85
52 82
89 83
76 82
100 57
65 79
74 78
54 66
85 80
86 57
99 68
51 71
85 96
88 98
50 89
53 84
99 60
53 87
84 88
93 83
60 51
86 81
84 61
63 88
63 65
61 57
76 81
82 74
87 71
68 84
90 96
72 80
98 63
64 84
88 55
80 58
59 70
93 53
57 87
73 82
69 78
62 89
63 51
64 65
98 60
86 55
65 73
74 61
74 76
77 75
71 53
97 86
55 66
95 85
97 75
100 60
94 78
53 63
66 100
80 78
99 80
56 77
83 70
92 93
81 77
72 65
60 79
61 69
79 87
91 63
76 81
60 71
83 100
93 67
91 71
65 73
95 77
92 81
61 65
62 50
66 50
52 54
94 51
70 88
66 59
73 57
81 71
95 85
62 66
94 93
73 63
80 92
98 55
85 93
80 66
93 77
66 52
72 90
57 79
92 99
54 77
98 59
64 96
56 93
64 86
61 87
50 78
99 90
64 58
68 98
56 73
80 82
78 53
92 95
65 97
91 54
89 55
69 52
79 69
71 87
70 69
63 53
70 76
85 70
89 55
83 86
98 81
67 95
71 51
89 64
68 88
64 67
89 95
95 93
87 58
50 100
87 83
69 69
94 55
70 74
68 61
93 86
66 51
57 96
59 64
58 94
62 62
73 89
54 74
77 54
92 82
98 86
91 58
83 93
67 63
92 77
59 76
83 87
90 82
84 52
51 76
85 71
61 66
75 84
74 85
85 73
57 69
98 54
90 52
54 73
85 54
65 60
51 62
89 86
92 79
54 61
57 97
52 94
89 77
76 91
67 58
61 95
92 67
50 56
56 57
71 65
73 65
89 82
77 59
58 89
97 89
76 55
69 50
89 75
54 66
53 98
99 95
87 79
89 95
85 60
73 53
66 55
88 75
68 94
99 86
92 95
89 67
84 64
74 69
55 76
73 75
88 63
61 88
85 87
90 84
69 66
98 97
65 64
65 50
82 95
99 88
66 66
63 85
51 86
76 73
66 56
87 68
75 100
54 73
61 84
53 50
83 90
97 82
65 90
63 91
66 55
89 65
95 78
78 86
94 87
79 54
56 64
65 90
75 78
55 81
70 77
71 67
57 70
75 76
52 55
94 70
96 64
64 65
81 59
54 61
60 81
73 80
53 59
50 85
87 93
76 50
76 98
66 66
51 87
58 56
65 95
84 77
82 61
58 51
73 93
81 52
59 61
73 75
80 61
90 56
100 100
64 82
59 83
100 98
61 72
89 69
53 70
90 95
98 57
85 91
58 70
61 59
58 55
89 58
74 74
77 70
88 75
88 80
52 88
98 53
66 96
71 71
75 66
77 74
58 83
72 98
52 93
66 83
56 58
100 86
82 93
63 72
50 96
59 63
53 73
56 75
53 59
72 68
85 58
60 84
68 92
74 68
99 60
83 57
52 96
66 83
99 51
60 72
92 61
63 96
56 58
83 75
71 63
50 52
71 82
95 85
63 89
84 76
58 98
94 55
83 73
74 54
53 57
61 85
75 55
70 76
70 96
61 66
53 54
69 65
96 100
85 84
98 68
87 86
74 95
75 83
65 69
84 86
62 99
70 52
64 77
93 60
95 74
59 57
94 82
94 79
83 52
80 53
86 64
84 53
71 53
72 92
85 89
59 78
93 89
66 52
85 91
58 75
91 87
90 89
93 66
94 52
94 99
51 51
71 51
100 96
73 55
59 68
71 92
68 87
98 91
52 99
99 70
60 63
57 100
95 72
68 94
53 92
100 60
52 95
73 96
69 62
50 52
65 76
100 74
92 89
87 61
51 50
70 62
57 83
80 71
63 68
55 60
82 88
51 82
91 65
50 88
67 78
75 96
58 97
80 63
92 77
50 64
81 67
63 75
55 94
79 66
53 80
79 90
65 89
93 99
70 55
94 85
100 97
59 81
81 76
59 69
62 57
60 66
88 85
52 74
67 78
67 84
87 56
76 57
91 51
88 53
51 50
93 84
55 71
95 62
84 98
93 89
75 60
64 54
69 77
67 65
91 99
89 93
91 55
73 66
74 86
60 60
88 96
80 59
88 71
81 83
87 70
79 88
85 66
95 54
65 91
87 74
90 63
89 57
51 74
89 85
73 94
76 83
86 72
96 87
66 69
87 98
91 71
93 80
51 61
92 79
