2780
2912
5075
3198
7708
9516
4070
1237
9402
6536
1641
6008
5833
3379
5272
5513
7572
1774
1466
5478
7052
7054
989
6260
8892
1634
6266
6853
9254
2040
942
9582
33
4024
5558
685
2227
1780
9680
7108
4388
2802
8411
6198
4315
5326
6650
2416
4125
2908
1173
2622
1262
2836
9870
3390
9681
116
7269
9242
1024
7091
5024
837
8908
1261
2112
6246
52
7160
1804
11
3237
6788
4386
6079
4859
4326
8999
6085
9546
5747
3031
5667
9115
5332
5964
4540
6344
6713
7742
5324
3096
4281
1205
279
4730
6438
3326
7639
5381
6111
6858
3602
2274
2078
5414
6986
5454
1233
7103
1086
5305
4783
5760
4500
5134
3934
941
9546
5685
9716
4870
1086
7486
2463
1953
3251
2882
5916
2543
3306
8446
6811
3903
2759
4106
2746
2358
4802
5333
312
1860
9074
2018
9420
2733
3494
6021
1606
4410
7849
6311
2366
6860
9814
5644
6345
7090
8549
4263
9622
6201
521
3154
7767
7443
8522
8902
3010
4901
5520
1101
1388
276
7546
2881
764
1651
3646
8020
4294
2294
5066
4759
9092
1825
4209
3100
4179
4676
447
3242
3296
7437
6076
2030
6536
3926
8934
9754
5890
4313
392
6080
8661
3108
7319
754
9776
7900
4
3466
4505
2413
5751
2190
6884
6440
2290
1204
2294
2911
6017
9062
3800
1883
2562
8069
1613
3874
1372
7270
7592
8051
4954
2848
572
7377
1301
8722
432
3464
2467
9719
8066
6734
3747
4534
4103
8664
5831
4129
5218
3770
5556
6556
8439
9644
1582
5111
6624
9101
9655
3404
9299
7595
6100
1538
7658
4100
9558
722
5512
8242
7034
10058
6744
4396
7786
1766
3176
5912
326
1754
6178
5123
8654
6357
9456
1049
1466
6740
6640
5178
1550
1914
994
1160
4114
4228
1642
150
4124
4785
904
5188
5949
4610
1684
6738
3932
442
8399
489
490
9857
6393
461
4966
4285
9111
4664
996
9124
7174
9052
3114
4397
3599
8245
5565
618
9808
2437
5649
8325
7687
4766
4984
9886
780
2546
5924
2477
9014
9184
5622
5538
3658
7843
9120
6078
2000
3634
8399
5498
5728
6324
2091
4153
2179
3623
8078
7941
1912
4261
7802
6085
2084
884
7149
6461
734
7210
7410
5271
874
642
1076
856
5252
1567
9262
1784
8469
8782
6092
7602
935
2574
8983
2594
4361
6970
1730
886
2113
2971
2433
5623
4735
4788
8568
8727
909
3081
1383
3704
7470
6556
2043
1429
5506
29
9388
7221
9903
6272
336
2686
6753
1292
468
3869
5249
457
996
4778
706
3572
8612
2900
9456
2150
8694
8278
8140
1549
114
1438
2871
9388
7571
2
1162
8466
2073
4918
8397
7227
8438
5146
7179
9920
5007
8136
8622
4573
520
1408
3948
1195
433
2042
856
3326
5169
998
987
1442
1161
2911
6896
1764
6129
3510
4726
4204
6394
6014
9097
7651
5427
6408
4080
7363
2255
1542
240
2961
9324
9810
7718
1373
7732
5912
4330
3314
931
7503
994
9180
6312
7832
3150
9924
7056
2210
8634
7584
1958
6439
13
5258
9785
9761
3140
3544
4598
9076
7362
9577
1710
665
9149
1980
3462
8994
7748
9594
8883
6738
9123
8492
3624
7291
8240
9891
6769
5114
678
5391
7510
3460
6022
278
6904
3800
7938
4384
4408
6452
4704
4746
9645
9347
8506
9664
4901
7653
3044
8453
7997
5142
472
8553
122
3037
7880
8180
2604
5782
1838
7418
3130
3700
3777
5110
2787
5450
4458
9354
2168
8038
8788
8386
5464
9096
3438
4184
8985
5042
2766
6242
5228
3070
8604
4407
8526
6497
574
6304
6119
590
1732
29
9540
8509
3621
240
2702
3682
9672
7428
6016
5198
9636
9620
5950
1438
2952
9726
5089
1216
4684
6524
8923
3048
3406
7510
7778
3722
6871
451
6951
2853
428
1375
4869
9985
7442
2136
89
9242
5568
3703
4736
4311
8708
4810
9475
8644
3455
2433
9999
3212
4730
5412
1758
4920
6524
9648
818
9668
8844
7327
7166
8361
9686
5380
4420
2242
9052
2101
5870
143
612
3852
9861
1208
5933
2624
5482
9413
1068
2520
2270
1180
6626
7399
785
684
2230
4738
512
4118
8088
7741
8111
8425
8384
3888
277
6451
7981
9743
1788
2602
7275
7522
5847
8000
3049
3391
30
2554
7340
5415
6828
6500
6388
2850
9887
6605
9375
1847
9532
1349
912
83
250
298
814
6678
8680
4634
9491
824
6564
