201
4058
4064
5012
6743
863
8235
7375
7376
7871
8047
3221
3734
9980
7716
9343
6518
4142
5819
5087
1046
6842
2677
1563
7640
6158
6602
5402
1279
1908
4787
7030
474
4400
6249
7082
2163
2971
3533
2056
7703
5450
3876
2386
5877
1364
1371
7471
3694
4185
3371
4185
7030
5311
4409
6294
4925
3615
9893
8557
7238
148
1732
8939
7438
132
903
2304
8528
10010
1957
5746
8963
5193
6292
9146
4496
4747
4977
9035
3800
8833
4243
5993
7262
2601
7464
8773
4495
9123
3467
1945
9967
3299
2759
9380
2163
6149
8139
9142
2337
5843
781
9319
1723
66
1394
8412
7717
6770
2993
3572
4184
7431
132
146
9269
5684
8383
1364
131
4523
6954
1309
5972
6770
8529
6926
5642
3601
3210
2933
8047
506
5940
9652
1973
6449
6128
7838
7176
6320
5844
550
1591
7256
6948
1424
3353
784
3696
2915
7222
5514
3379
2342
1198
1375
2207
1870
5311
5722
9757
3962
7573
3743
3325
4778
2744
8072
7977
10002
5503
451
6093
3986
185
3910
876
731
9403
8143
6197
8792
2386
8015
8811
9858
566
4400
623
4577
5222
500
2207
9403
8811
641
4787
4946
4475
7262
479
8763
1870
9619
7829
811
7628
9501
4396
6833
156
6743
2303
7545
6149
903
1191
6605
7346
7573
5193
3837
2767
5434
4102
3664
9219
6385
1891
8726
3503
5504
3197
5838
3934
48
9619
875
6284
8779
4861
6520
5429
863
2632
1198
1013
344
3043
6496
3403
3944
3619
7130
2778
93
1905
2386
6149
1794
5720
7464
3456
3934
6899
4879
5690
7716
7221
1413
3298
5356
9949
7860
66
6520
495
8714
4662
7060
4118
2076
4775
4216
3210
9980
9186
1040
8235
369
9033
7714
3151
3444
2909
3257
8405
8948
3437
4732
7616
10040
5333
9571
9202
3353
9757
1191
5222
1198
6401
1909
9202
2626
4827
8143
7262
9185
5553
3635
9781
8699
3389
9103
9589
2702
6883
8773
6296
8198
678
4740
4057
1784
8048
7861
8183
8235
558
3916
406
9501
303
7717
7327
9589
6970
1703
1549
1371
7539
7700
9268
4348
2539
6684
2856
5567
6814
9788
942
3032
2389
7977
1836
7535
2354
4273
9559
10010
2039
1340
650
4820
3934
4082
2136
3206
6477
8975
7006
8779
641
3269
8083
1905
9781
6833
3280
4861
9340
6637
1391
10040
9223
3837
5969
8975
1521
6743
6770
1113
1563
8015
8444
5504
5743
1308
6238
4058
4989
4990
5474
7343
1768
181
5567
156
5516
8283
6264
8557
2386
4861
6486
442
5243
1973
5699
1945
8557
3528
7498
2342
4163
4523
4184
4496
7243
9033
5504
7630
7977
9858
6421
197
7357
6128
7355
5572
4058
8699
2971
4131
131
1206
8939
8216
1892
5503
1521
3330
4844
4094
4449
7448
9157
646
412
1090
3116
5015
9260
7691
5503
842
3206
1166
2342
9340
742
5308
3269
190
2480
3429
6158
9269
5722
4556
980
2971
6235
7663
8133
4134
1237
3280
9275
197
66
5996
1670
6926
851
7829
5156
4360
980
2742
3834
5655
3657
2971
5006
5960
1591
4191
6520
4280
2342
10026
6883
5059
8183
3517
5465
6158
6401
7039
7539
5654
5902
8402
572
8948
6704
5877
5006
5902
5819
3876
5087
3958
683
5877
1094
2971
4279
185
5512
3151
9619
6284
1375
7352
4205
4243
3210
9260
7304
2868
878
7082
7535
7139
2270
7262
8402
451
8322
7788
1768
6449
7426
5914
2798
2207
8955
6637
9554
863
2295
3469
3395
1591
4409
3660
6328
3444
9908
5639
5156
4536
3299
6948
3467
1037
4747
6231
2599
5390
6847
1980
7717
2416
8319
1490
6883
1851
5512
9490
6486
80
7714
7826
2786
7630
6149
1989
5
1424
6218
9391
2599
2189
3694
6560
3547
3696
9908
2781
3073
4956
7496
4243
6327
5450
9624
8578
4302
4243
6105
6323
3604
1574
989
3190
5292
1328
1414
6497
9115
4962
4747
9568
6351
8889
6371
7352
2836
9734
8983
5075
8015
2578
3456
3904
8833
2389
