4117
7073
303
5064
4720
5320
444
8940
92
5617
3732
7610
1428
896
4930
1784
8085
7781
5849
5748
9104
2608
5900
7899
2432
9033
7778
7114
4802
4028
1070
752
6744
3608
4690
7534
2097
6139
5844
807
5382
7542
896
5288
3488
8631
176
6837
5754
7342
7872
7508
10008
3560
8521
4208
8588
8975
1542
8327
9228
9668
8223
4179
6859
4401
1577
3104
9141
8610
5461
883
493
1808
5412
4263
2325
5635
2292
7242
2024
7716
9119
8593
4462
6924
3111
9461
8008
9160
1605
3569
9652
4296
3247
9044
1551
6502
6267
5962
104
8761
2048
7110
7964
3040
3232
3020
4792
4071
6938
386
4466
1015
7737
6795
9639
3085
4126
5426
7572
1828
2728
1474
7144
9880
8033
4487
7272
1616
3359
4922
1688
2349
5835
4428
7668
3247
10038
3094
1495
3354
2459
6385
1854
6731
6888
5066
9628
7488
1066
9821
831
862
4059
6668
2464
592
6806
9069
4024
6702
4136
8063
3698
3348
3431
600
6027
6336
4394
6014
5756
5429
8422
4363
7567
6640
4580
7042
4346
8146
3083
3060
6379
9655
6020
4859
4533
6429
7708
7679
3569
4442
162
320
538
9633
2688
6100
9638
5071
7618
2398
5296
2147
212
3658
5646
2510
8530
7018
3499
5275
5652
6573
848
6782
7958
9329
8929
4662
2646
898
8884
3437
4831
2932
422
6268
4917
13
280
2328
4106
5858
2417
9422
3736
7970
3002
5736
8474
7754
8934
8592
7333
6369
3694
4932
2307
9205
7342
3517
692
1235
3798
6296
9820
6766
3978
9388
472
7051
2303
4097
8975
762
6029
3679
255
4031
6063
2122
4086
7969
9738
2117
8502
5497
9422
1414
5156
3866
2947
195
8077
2917
8580
6684
1612
1303
506
9929
9987
4123
2503
377
2578
887
706
6743
1028
2193
3574
4218
3802
6374
1408
3596
2094
3792
8778
2865
5278
5708
181
2405
9611
4516
5062
4436
744
4180
9532
1891
2383
523
2961
949
6308
4588
3210
8445
8694
6312
3085
3744
4737
3141
2869
762
1673
9362
3577
4769
5590
5221
8296
952
3222
2062
3338
949
7709
1608
9215
9738
533
4497
6980
4418
2139
5859
6256
6512
4823
1549
8862
9953
8519
7593
621
9493
3434
3297
846
7982
387
6178
9442
3625
2524
8302
1799
2933
5798
65
5131
1500
7821
2951
2878
3457
9292
1166
6512
322
103
4053
4668
8854
10019
3315
9638
9537
1288
6095
1616
6553
4479
7492
9449
9206
1752
9490
9741
8916
1013
456
9526
4796
6116
2522
1686
6590
5884
1495
369
5420
524
1618
5966
6257
2018
2210
2191
8754
7033
3954
7660
5403
1615
8490
1033
992
1422
4939
5760
5295
4908
6513
4888
7037
9998
2218
1472
4711
4
6504
5004
8126
1488
5679
4330
9196
5629
8688
3692
1340
8148
8174
2711
6232
2786
5376
64
9359
7992
6267
8496
3360
1071
1748
1793
6745
6614
716
8678
1986
2145
7289
8773
1381
828
6130
2711
9411
2474
4038
7743
7018
6480
3107
1594
1630
2278
3544
2798
1650
8252
1408
7562
7420
9215
8546
5518
9282
8623
5808
7883
5069
9831
8413
593
6634
1745
5284
10084
7711
955
5045
6546
9898
6094
7570
4545
7004
1072
7440
542
4052
6602
801
3077
9472
5808
1019
220
7289
6662
4376
7201
6072
1426
5480
8354
9229
4806
4545
4956
4041
3990
6804
7485
6434
3511
6338
6165
304
2637
6824
3990
5434
6574
7915
873
334
803
3000
5433
1698
7915
431
5075
9080
9839
7570
9883
4133
5060
2037
10018
7815
4585
7919
5672
5876
4190
19
2078
6368
6498
2383
10041
8956
4126
47
8955
8915
6265
32
7634
3049
8556
9549
6462
5868
5924
8276
1359
9540
4626
2377
5237
9266
7456
9339
5432
8628
8959
4944
7371
3137
2766
7562
6187
5347
9452
9597
8578
8247
9665
5542
4496
5499
8876
6405
1341
6968
4248
1986
9479
5224
1980
5110
6805
2475
8166
454
1592
525
6180
7418
4996
6276
4175
9185
6994
7617
529
4565
4185
1267
5856
7620
6572
2797
8572
3116
2880
6098
3170
4734
2338
8922
3671
1395
9148
6209
7262
9675
9805
5438
2494
4245
2941
8232
2758
7552
5462
10067
7950
6682
4613
6170
4150
978
6828
2547
2412
7896
8060
686
7698
6959
5082
9874
3022
4822
7948
7129
2918
5465
9353
9897
10078
7374
3200
3475
2069
6473
4356
6124
6946
892
4391
2596
5781
2944
9919
3483
986
8214
3798
1350
7426
1059
4196
6662
332
1330
7616
1832
2767
8768
9665
7506
607
527
5093
668
3867
9384
7600
9157
4318
8998
8714
7611
223
8041
5132
916
4166
7259
4383
2396
5976
8664
7309
367
3509
1013
3236
1896
7205
3152
8532
1220
880
1770
239
6382
1669
452
2728
7196
7634
540
8796
9042
2504
9367
1552
1868
6946
5772
2318
545
3722
3751
2680
7720
