7124
3804
2372
656
1404
7701
8458
3482
2148
9688
8149
8380
2535
1137
10009
1328
7635
8476
6042
3590
3324
9791
1568
4278
2358
905
5341
6084
7504
9428
6152
8284
3936
6785
9250
7732
6040
2768
3729
6869
10067
7276
8071
5401
5758
6198
6680
5455
6387
3028
6327
158
5262
5713
356
7274
82
7082
2144
8146
9560
1335
6330
3383
50
3562
7728
520
736
1060
1827
9465
3952
5284
7123
374
6812
7219
5090
960
9451
8721
9213
922
3235
8144
7432
5173
10049
6921
8617
9706
2817
726
4666
974
6865
6446
8741
40
8331
9117
2852
650
94
7252
9468
470
2588
4084
2592
5780
68
9932
4196
3686
8774
6130
1302
7478
6892
9843
2767
1232
4835
845
4419
7934
6335
8031
3660
4378
898
1898
3420
10014
8280
6922
9243
8488
6881
3830
3472
9022
7279
4928
3568
2914
4296
6642
9072
9036
4695
3146
9993
7003
1339
5126
4656
1329
4272
4220
4781
9937
9082
8991
9140
6523
3489
5272
2416
6302
3368
9179
3689
5108
5407
3857
7109
2689
5103
5875
4473
4678
8356
2060
4634
7412
9459
5002
8351
7051
2186
1549
2920
9431
6934
9784
106
9640
2570
7794
3006
2933
2282
4591
460
9976
9024
197
7576
7828
3518
4631
7385
1548
845
855
7766
2137
5188
2818
3543
846
4800
7481
2809
2365
9526
2282
5419
992
9806
4304
5899
1976
5332
5440
5858
2856
2734
621
4874
6574
341
5142
5702
3401
9882
7185
741
8567
6953
6702
9438
8323
3138
810
1018
8712
6332
6541
1221
7796
1602
1298
5340
1473
7257
2236
1484
1302
5398
5489
3736
2731
1526
3072
3672
5618
4756
1292
3332
3505
4685
8271
5260
8650
8890
2950
8311
332
6026
7216
5956
9954
1046
3292
1850
4591
960
9146
3188
4168
8648
9310
4222
3805
8596
2395
8552
6352
5262
5842
7678
1366
6080
6484
8905
8611
9755
3640
2970
2885
9337
3660
7636
4370
7730
162
9027
488
8852
9857
5696
5680
4452
759
3420
7421
4607
4780
2445
3174
1128
7944
9688
7572
8716
6003
730
3784
8321
925
9593
2948
486
1924
1052
1718
8030
5320
7496
8295
4968
7428
7211
4405
8325
5072
9158
228
2033
7083
5346
50
7483
4147
3828
5846
544
1759
5113
4732
5022
7761
3165
8834
4080
6679
7662
3163
5004
5524
4540
3471
7359
5017
996
3086
2059
4432
2519
7173
8028
139
2273
8834
6963
4916
2646
1237
9383
1821
5662
768
5314
8388
3075
407
7914
8692
6435
6060
5258
6383
3262
5701
3462
3602
1958
4784
10076
735
10078
6588
6452
8466
1170
3988
4258
2569
2079
1587
6064
6670
8841
1747
5207
9441
3944
9080
1410
3012
2213
5916
610
8568
7753
3112
9792
1578
9300
1288
5784
6717
1001
2558
1790
6935
4316
1840
8067
4734
2922
4990
3679
2094
208
4887
1002
5795
4602
2323
6142
252
2822
4698
8922
7729
6662
702
8900
3976
5274
4159
6179
9381
7568
144
8770
7377
7804
9921
9582
3055
3342
780
5574
2286
9514
1004
4672
3810
7910
9610
3288
2408
10002
852
862
9417
335
4374
2290
2451
7092
3657
6997
5334
5889
5068
1378
7844
412
2983
5612
6279
270
8312
3660
8812
5258
8677
2808
9075
5340
8269
4152
3298
2036
8197
1288
3737
2436
9704
1789
3419
4251
3280
6511
468
8614
288
4139
6251
2790
4353
9448
9741
8954
7641
4387
8413
4563
8233
5140
8269
3064
1720
8150
7731
4818
453
338
1863
8938
7311
9796
7906
2410
4715
3874
9763
6456
652
1986
8984
7832
6153
1217
7375
5850
3062
6214
9833
6011
5183
8110
2091
640
2940
1955
9369
6366
8836
3645
93
4450
4884
8862
6960
1990
1340
1610
1924
1580
5480
5739
7495
10066
5924
5209
5169
9719
9857
1543
3121
8543
4562
1546
7667
7936
7880
1818
1849
2400
1715
590
8710
3867
5663
5718
10003
5628
4618
6220
9412
3749
7070
9575
1118
4952
7669
4132
9504
5655
8856
8263
1316
5052
3238
3783
4913
5378
3883
6596
3799
466
5934
3476
6263
2388
3742
9865
3958
8712
1061
3301
8682
6644
5018
2612
2042
8320
1884
713
1065
9182
8546
7321
764
464
3584
638
4136
360
4532
1829
5781
2703
2350
980
6396
2013
7729
3260
9017
2592
3258
592
71
3948
1206
9876
3951
6538
5458
7632
3951
3064
74
3476
6461
1595
9549
846
5474
3482
8959
7700
9655
6065
3293
6772
7406
966
9590
7745
3897
4412
5406
5846
9060
4042
9808
4065
2304
1522
1889
1616
9484
6738
2297
8006
7837
3506
9761
6584
7389
7125
5188
2943
7026
2991
5896
7862
7617
6616
140
5819
7613
8198
10036
9703
6760
4837
7894
8500
4930
9328
72
1488
5848
742
8381
4202
933
8978
2226
1349
3114
6627
3657
1375
7243
8860
6371
9258
1425
3929
4519
3260
1030
8434
3796
2212
2950
67
2510
4627
9534
8613
9239
8134
4510
1398
5760
5507
881
7562
3659
3380
1435
10046
5513
4860
9648
1642
2842
9659
3320
1017
8794
8084
6846
5808
4150
8820
5157
6622
3372
5969
5684
2028
9268
1663
3017
6309
4905
1220
159
6669
8412
9156
3248
442
9059
3815
3842
4322
9720
4776
6201
5505
700
952
6360
3472
7740
7360
8197
1636
9378
764
7040
6868
7584
1072
9150
7550
5659
8640
2728
4707
4887
9354
8061
4358
442
100
6954
8286
6806
3409
7989
4374
8856
6642
5055
5394
7332
914
3343
1642
854
