906
5762389 5656535
8165668 8165668
7799760 7949934
9758294 7673411
7889577 8683849
5576848 9335331
8408839 6771085
8820581 8694728
5231766 6881426
5569782 5939263
8505330 7989629
7546871 7431313
5997321 9620687
5985917 6167274
5979236 7328329
8006838 5859627
9315558 8385229
8314620 7061214
5202273 7015138
5188002 9125310
6847512 8886822
8438204 9269537
7062865 7850180
7086777 7460264
5240425 9032843
6936990 9634754
9185149 5586534
8294897 9659161
6281570 5061140
6598443 5402192
8151874 8974569
9015410 5860420
8588943 7078217
6617367 6855558
9529916 7589020
6370676 7708796
9600555 9692288
8957500 6807861
9381731 5709045
5911134 8820382
5357428 9470571
8412486 9195728
9317636 5585638
8025006 7808309
8455463 7917007
5572920 5146794
7713180 7195663
5344370 9161607
6660399 6569718
8775504 8269966
9734997 5854084
7273739 6983337
7375355 6035824
5866295 7105840
6656664 7788897
8370283 5965718
8276169 7532569
6182500 5144917
9324917 9568573
9706101 8053527
9501244 7784581
8715460 8366613
8491631 9770347
6907518 5103724
7751000 6970708
7093434 8571601
6588989 8317479
6161710 6022860
6751428 6675101
8334161 8047667
7908951 7104767
6110320 9779396
6821072 7151378
8477467 6179383
6560634 9355822
7617024 6389205
5532278 5786715
9038369 9940069
7325890 7048936
7678605 6796119
8244848 8878417
9795336 6922675
7682758 5687661
9616843 7048143
7562627 5214856
5894543 7134383
7657431 5085594
5413122 9427158
9632708 7612141
6282147 7994020
9288852 9808361
9952998 9030481
7208762 7947351
5602386 8561356
8552949 6091722
8430526 9391653
9052490 7691340
6583354 9109633
6041520 7986398
9755039 5183045
9035830 6974066
7454569 6202566
5115952 8976312
8222316 6249547
5841956 9864961
5723246 9281552
6054164 8758725
5483807 7146939
8745487 6515382
6213340 8069322
8091212 9408572
5890127 8485446
8124079 7137138
5868682 7503474
8678017 6488512
9604950 9553927
5182167 5311481
9535304 5543531
8698378 8382101
9339324 8460263
6001918 9182678
7204207 5979395
7062977 8815538
7173204 7179588
8100328 9159420
7396005 9051810
5010528 9474243
7284642 7086287
6578463 5583486
9323897 7971437
7330871 9914447
7005393 6740238
7668914 8193265
6107303 7239492
7997216 9516786
8955802 7805541
6463057 7990373
8133483 9901794
7687548 6188107
6207869 7070630
7280690 5310509
8637389 8790484
9860347 9641064
6832549 9451428
5659922 5508187
6254676 6969369
8776850 8762758
6649033 9345127
5643300 5643343
9095464 7223295
5309746 7136250
9399859 6023048
5435256 7908671
7374915 7238238
7546527 5962616
5015612 5114067
9978332 5134779
8062816 5995188
7671050 8402021
5000300 7728643
6153143 5209679
9304143 8553336
5253760 8987104
7973948 9845445
5475435 8500363
9376097 6245654
8352559 7581529
8070817 9028916
6090677 6814852
8005980 6300049
8417279 8096559
8989871 6287517
9949165 9607696
8397284 9380667
7205483 8403970
5281776 8511640
8219632 8051679
6591980 5485229
6777287 6206493
8958047 5112405
5418045 7505445
8490393 6115981
6220518 7300162
6199763 6517127
6186280 7595294
7903642 8480709
9534827 7671887
9604512 9044501
6412905 7133711
9378710 8325835
5400003 7107738
6895888 7219887
8656422 8582706
9295057 5321360
8323112 5791175
8976914 9059776
9170201 5717177
5313184 7998529
9237582 9959076
8721060 5826617
7055998 8392334
7445159 6426311
5985996 9413984
7988556 7793010
9132593 6679085
7649552 6215395
6165850 8919821
5353591 7302889
9600254 9471466
9187974 6558777
8824723 8731595
9923266 8890670
5363838 8200613
5408253 7346961
6856567 6598058
8283547 7995162
8411241 7041259
6688935 9027916
9131185 5437786
6844733 7072194
9153280 9865599
6124828 5259791
9644419 6058504
9770645 5460947
5940501 9243098
5331930 6886685
7897883 9065553
8803352 6410893
7223131 9684790
9766574 7148253
7592078 9379903
7383413 9710142
7304389 9242662
6853934 8470709
7421868 8733700
6161098 8513523
6775707 9151698
7459102 9550040
9972532 5000769
7199149 7036364
9946092 9089675
5247641 6842562
6554607 6743645
9729098 8704203
8237599 5584141
6203579 8035328
7245403 6017749
8518223 7457125
8458162 6693289
8901480 7047472
8186009 8391608
7267437 7998741
5176425 8654326
5853565 5606698
8849772 8308747
5976202 9236929
7983526 6448990
9156511 8799695
6984024 9457068
7101407 7067964
8778414 6416973
7679117 5928055
8425938 6844571
7099585 5196437
8268307 5469094
9091607 7094250
5712694 7717656
7581771 9570362
7211588 7038010
7802859 6985338
8794888 8647155
6844605 5428123
5049248 9620111
5016223 7222375
9051299 5825040
6444057 8003273
6870478 8157616
9959433 6843549
9438636 9853653
8528118 8154925
8042148 7014102
9509330 6586223
5732521 9052798
9480727 8615754
9207007 8543861
8888910 7920373
7787994 8188800
7825456 8537873
8319854 8044674
6960604 7107898
9654730 8706539
6540296 7830852
7429971 7896979
7773973 7448841
7393369 7992201
7230430 8905792
8789983 5776429
8580928 7638344
6167652 7657711
6738084 9433272
7329154 9237420
8868684 9827873
7890240 7102827
6047826 8870723
6029536 7292434
7521198 5964759
7857580 5486788
8218969 8614358
6126417 7062232
8812800 6116443
8695550 6242260
5100043 9543585
8831353 8128032
8282121 8933868
8043941 5124454
6242735 9285491
7711799 6177392
6155353 7110872
7020429 5860790
9742480 5356477
9098432 8030395
9920451 9339993
6383475 6498313
7431147 7380035
5583162 9571332
9197556 8874057
7430463 5502343
6530042 8818263
6154147 9886325
6787660 7016522
5447431 8588069
8087841 8142730
7569530 5033575
8084995 9693645
6279957 7715821
5698483 7228005
6288000 8890395
9909376 6811236
9825365 7530397
7231644 9883201
7167414 9135216
8506281 5275633
5959764 5381042
5823834 6946696
6256456 8115991
7632413 7949741
8056153 9484001
7991520 8967390
5211278 5478458
8846157 7172684
5041656 8851076
7389870 9211543
9226668 6877571
5533072 6244146
9096752 6261396
7857512 8204667
9750140 6451727
7491425 6070013
7822949 7551308
7309445 5879223
6411719 6649127
6319032 8987781
8174633 8953279
8278732 8434650
7517480 8444852
7123933 9870688
8239844 5242423
7498599 6479438
6514693 5250458
8271029 9752963
5365024 9378439
8532969 8267531
7737483 5808455
9083252 8915331
8322437 6702846
5675722 8061735
7289919 8398746
7387089 5576736
9695646 8707308
7215839 9796438
5229608 7380774
6940201 6974598
5392546 6407569
6738639 6466557
8468458 9287823
7643299 6222755
5200245 5193981
5560931 7178106
7353881 6545673
5739962 9140852
9107702 6458064
9720648 8244295
8275879 7754909
9241014 5156012
6132231 7311280
6370352 8640067
9223921 6242889
6562075 5175435
7364237 9794702
6979843 8344935
8555190 9323642
6502946 8496099
5738474 8800856
9064772 5436515
9088528 6425096
8543341 9424813
6149321 8940428
9276666 9708715
7525089 6686744
7383535 9991100
8531167 8680509
5808937 5533404
5041010 6545892
5957823 5948183
5467209 7477783
8332857 6171147
5654773 9196154
5917923 6240083
8126832 5798562
5540545 6724646
6490298 9725798
7025503 8955387
8347714 8145480
6612332 8722776
6740735 8755476
8396631 9243296
6529675 9421880
8630118 8140392
9716645 9072889
8069849 9501543
7059971 8325908
8667765 6604093
9640331 8971787
9518211 7157359
6051140 7255976
6751043 9518692
7327701 9672994
8574756 7517909
7431355 9818527
5049564 8545600
6021665 7649701
8631106 8398789
9478143 9323510
5899069 7162547
9906137 6886460
7720709 8060706
6132759 8342170
8480273 7497506
7056384 9593268
6594411 6337783
7118235 7991759
9169714 7936995
7049692 9784115
8226959 5101898
9545831 6425099
6584391 5217716
5851583 9474513
8677936 8919165
6719290 6766507
8988725 6536373
5713679 8856269
5947413 9323682
5604061 8781466
9354130 5783158
9662564 8657872
9435674 8630820
5143141 7223945
7047963 7911875
9689650 6255585
5870862 7081135
8912228 6863208
6616296 7680986
6137210 6051198
8449849 6839599
9015064 6692131
8895165 6899461
5373839 7057748
8349930 6487701
7500526 8791566
6770925 5213146
5152612 8475752
7738296 9920687
7117947 8057219
8030965 5216676
5116256 7031482
8685160 5400746
6727786 6280310
7320738 8771181
7730795 5889347
6458664 5305763
8656248 8819112
5665317 5017119
7610694 5398761
5376274 6127844
7691714 9596699
7200940 6818262
7379593 9270340
7114630 7559252
5707190 5529552
5921875 7025389
9657937 7075770
6165803 5928032
5423268 5412557
5289019 8643981
5248213 9218173
9425141 5275677
5863541 7919892
9130252 5691532
6387499 6380242
7783131 6494542
9766414 6329922
9236405 9826772
7431389 9318033
5212764 8246018
6545621 6902237
7728824 5987333
9196271 8623608
9180056 5635154
8870241 9739431
9769738 8469089
9646069 9257106
5348353 6474334
9993965 6860294
9680441 6166296
5169336 8101509
5123187 6959674
8573599 9021670
7852641 9491927
8805351 9449702
8117058 7517551
7934424 6761682
9915207 8258605
6843106 8887611
9631422 5524536
5488075 8457581
5528203 6218052
9525009 7830047
5866890 8633658
6880949 8619044
7531149 5390595
7904336 5385407
5626728 8521857
6505000 9596990
9611604 6073294
6354863 6416140
7656063 8237082
7722939 7980777
5569852 8710959
9512496 7254195
7086411 8325823
8695031 8381511
7518345 6455905
7461453 5450234
7172788 6575169
8770747 6153704
9281286 8540005
9189779 5432712
9339957 8483013
9466474 5285589
6029602 9735134
8373122 8076320
8103437 8949977
8314217 9154856
7066087 9157946
7004683 7908298
5981136 9177473
9942770 7675393
5704365 9317779
9957920 8449651
5424684 9108528
8797225 6289873
5942973 8433093
7443314 5024607
5228337 6258682
9395924 5801107
8506923 6652966
6216808 5143470
8305896 6201959
9229131 7513634
5318487 7939601
7845416 6687308
9792926 6654994
7439065 9751114
9107793 5987630
6759589 9022392
7930673 7959126
8300714 8619419
6601022 5849168
8030816 7523852
6843101 8625682
7277239 9529791
9417418 5420044
5401702 7807376
6829583 5919423
6402637 5569362
7656279 5364800
9293255 6426745
6517883 8108664
7350393 8359690
7560861 5476878
8686252 6815327
8400434 8743483
9751580 6441561
8517908 9501283
9291331 8337657
9403080 5316474
9984139 5504059
5376575 8988365
6928521 9532659
7719412 7516905
6605322 6822274
8903396 9057565
7345525 5134431
5273196 6944130
9788283 7504528
9081256 7979391
5853799 5978363
6279037 8565113
5789515 5929729
6189659 5721443
7385191 6392852
7422742 9073817
8680404 7082113
9225946 6346359
7510193 5693635
5211920 8154749
7780116 6622109
6143752 7737384
6802737 8214181
6247847 5689344
9852803 9957217
9054392 7423447
5991629 6648262
8418855 5749398
5900031 7424094
8851391 6696825
6438921 9408488
6539967 5620075
7948728 9973078
6859052 5506949
9783354 8117477
5819822 5392256
9436235 6082265
9883293 7189196
9725158 5443421
5757727 9417703
6827654 5585826
8566699 8092703
6591958 8857745
7474735 6069303
7606063 9535471
5085523 6038838
6966568 7035717
8820515 9555609
9731408 6573135
5260479 7523866
6882888 5807945
9731042 5350974
6050055 6555569
5236982 7415540
8046168 8480876
9150791 5378948
5782608 6029986
7761789 9290466
8208432 6271269
8071110 7318833
5058956 5742213
5128812 7969580
7098777 9666142
5873914 5195183
9265022 5306188
5548451 8536253
5079182 6794803
7676519 9515745
7126604 6446727
5831221 8204295
7815669 9237558
6431819 5020868
9114873 6532005
5355096 8498710
8940206 7600801
9728805 8846411
7310654 6161074
9500104 8124106
6093757 7876278
8095982 9341744
8201334 6766201
8393861 7992509
6129540 6418771
7591143 7133300
6699229 9734557
9994858 6543012
6985366 7422852
6606413 7402256
8937043 5684550
7397654 7211943
8792349 7727540
6062977 8028758
7612474 8504579
9794610 6756477
7630474 6781943
7539670 5715153
8273314 6761416
6062872 6640782
6484061 9879675
8036844 6680104
6253939 6192450
6111244 8273370
5551575 8563587
9059236 8436049
6220529 7109546
5491963 7810637
9127497 5330944
7661113 7991326
5676742 6205629
9527783 8053452
8849808 5313588
9635913 5101827
9273521 5217377
7888217 8663557
7703622 7878202
7783630 6072401
7780772 6964503
9181184 7000766
7318264 5986606
9782206 7283795
8214287 8333163
7946711 9154549
9111327 6572833
5730082 9418191
8792651 9384148
9257217 9036778
6395321 5967837
5881500 7193849
6043101 8040370
6773922 5908487
6052673 8166148
8472116 8746542
6247735 9857037
8972838 5663008
9744235 9603200
6747301 8235697
7350907 8607324
7164936 7858876
8379153 6275701
8576612 6539159
6560475 5535290
8233620 9609808
6024833 9375778
6205257 6912764
8935471 6866841
8771162 8195807
9488350 6724972
7788143 5419734
7503387 5717662
7003142 6622470
7631707 8242147
9969201 6516183
8710857 8096137
8224097 8839133
8871906 7240584
8915986 6827091
8043774 7064598
9813582 7890287
6982231 6991477
7781531 6825154
9747173 6486952
8528475 7111540
7468964 9998253
6992186 9707206
6184013 7318390
8356955 6479842
6918494 5922437
8103530 6784400
6841615 9730102
7486261 9358614
9335375 9183293
5175295 5418006
6764118 9571015
7437611 9893053
9775696 5619842
6692496 9529473
9091607 7670496
5299344 5636844
7064881 7767006
9517208 6265246
6254713 7292454
8947636 8222132
8824902 7348340
5752205 9827439
5487274 7272784
6054379 7475054
5119057 7605012
7139148 7960777
6132594 5274125
9337266 5628590
9019725 6135702
7906085 7444178
7160607 7131313
8399401 6183260
7007818 6728768
7670619 9123360
5818816 6763404
5639650 6171191
7512969 6333179
6148964 7014770
9560150 7574081
6953380 6384133
8465440 7556174
9864902 9176760
6877394 8384139
6096588 5306352
7661822 7971096
5509487 7167466
7642419 5910119
8415192 8458362
9998518 9668232
8973805 8987271
5909794 6257820
7974761 7201721
9041337 7417973
5295419 7993498
9139485 7760044
8608282 7335670
6017221 6270422
8678941 8131875
9955426 8106912
5311625 5728297
8330501 8641025
6421834 9553467
5036086 6913933
9422139 7637258
9256341 6985890
8913363 6282301
5782384 8073699
9334353 5168600
6094183 7923922
5567743 5772121
7492047 9887743
7163755 7700869
5516802 9825614
8116203 6671776
6148916 7831652
8358868 9771208
5338469 5148503
5874472 6265973
7810315 5423589
8641556 7796459
6376297 7808589
8976086 8050337
8491492 6694419
8973912 5009718
5746283 6751941
6227134 6813515
9786261 9725729
9617582 8321886
9749493 7082203
9628170 7447020
9112763 9993595
5787892 5831998
5085691 9774792
7244799 7505395
5239526 6573263
8031934 5670445
9560545 7026866
6510116 8376260
5933281 7434860
6302179 8038610
7858107 7840253
7901385 8545905
7483319 8854985
5103144 9871436
9883541 8381458
8592859 6931513
6541594 5586075
6388976 9489364
9557477 7042774
9774911 6840020
6243103 6483992
6532255 7867599
7634446 5696605
9180301 8398892
7843054 7839505
8848903 7028414
6500044 7168217
8652559 7558623
5156713 5915303
7724182 6871681
8894416 9583918
8218189 7876473
7614971 7320036
9490791 8062942
9508808 6776618
9838003 8520388
8219119 7827393
7808258 5305382
7399220 8097942
7228089 7752028
8683179 8887027
6588441 7836575
9505994 7879067
8872294 7596428
6016910 5506298
5416239 6335990
7848362 6812196
9041247 7746760
