2722
9998
7904
3601
7070
2262
5500
8763
178
8110
3039
2935
1196
3207
5706
5072
3811
9079
4538
3173
8763
3471
9823
4816
510
3688
8160
8390
5383
5379
3741
3812
8012
9126
3508
2612
363
5153
6111
9639
9634
4469
2111
3976
5520
288
7630
720
8430
458
10019
9498
1032
5206
1079
382
4794
7516
4127
1203
8757
3170
2062
1735
9570
9476
3302
922
2819
9836
7170
7065
288
9784
7945
8658
3929
9064
3410
1018
2443
871
3854
9540
9124
6170
5894
6664
7714
9019
4544
5163
9211
8682
4082
6175
2722
844
185
820
7717
5290
337
1730
691
7396
2201
8532
8767
7304
9189
1292
5932
8567
5566
7892
9330
3527
7392
368
5150
6818
9464
4146
96
2362
5243
2076
5477
3433
5305
1261
8834
5098
5997
9077
7058
7669
5066
2213
5440
1940
3818
1303
1874
7976
3595
5708
9938
5349
5508
5999
3569
3259
9659
5115
8585
1760
9215
7356
7172
7668
1162
5856
9572
1890
8515
1268
4705
6348
7178
6327
6559
8242
9586
6898
7513
1655
1033
9587
4015
1914
8395
2046
9737
4453
1168
5444
4112
8752
6640
8999
1928
89
7488
7562
1922
6110
2616
9646
1260
8681
3565
5548
8770
1206
4512
1894
6843
6510
9818
224
1646
3823
3213
10015
2884
4711
2210
1650
3314
7551
112
2237
4474
3718
2823
9290
7218
8986
3785
504
9770
3124
7880
2558
4027
8634
7107
2006
3674
9694
5084
4677
1964
1372
2990
8318
5634
6555
5626
8871
10036
7632
603
2812
6711
6931
164
1550
6708
3768
9557
4977
7691
5410
9547
8315
4686
5692
7571
7304
6746
4023
9738
8735
8002
3921
2092
5197
640
7977
2124
5801
7921
392
9360
2068
6094
9141
8141
8062
7319
8045
6303
7068
8810
2852
50
1330
5173
1334
3904
918
228
5746
6920
6898
4968
5772
9013
1740
101
6672
9494
2577
6816
8516
2308
9698
2442
4023
5260
5382
7993
3382
1095
8606
946
1853
2918
8814
4908
2953
3117
2838
5632
8642
7149
6453
3128
2670
6327
4376
9468
672
5366
3866
3390
5420
2876
4630
8326
7784
6397
1614
9709
963
3774
7636
10064
4492
7229
5468
9097
8423
4592
4387
1224
580
5816
8072
93
5129
5107
4942
4103
9560
1303
7841
2335
3451
4560
383
3820
9462
7546
6319
8831
5292
9282
1505
10032
464
7276
7123
9354
8364
9460
2806
8708
8480
5460
9839
7006
1138
5085
3098
7134
8952
624
6532
5121
1698
2525
4002
9041
5724
9267
8138
7244
7278
10044
4202
1806
8567
4004
9950
6521
6751
5892
4870
6612
2088
9961
4204
275
5669
3496
8127
1958
3421
2039
4212
90
1750
5456
2270
1212
4818
607
5786
1435
895
3110
5180
2490
5906
692
3016
6964
7872
1906
1767
1461
30
5126
9604
8373
5264
3970
4260
3380
858
1969
9186
5344
8316
980
902
8776
8261
607
6992
2740
203
7761
3332
5053
8912
3211
4536
5264
28
7800
5434
7716
5619
1194
2992
264
4374
622
5130
4743
314
4579
7247
2967
3041
4975
2924
9541
6825
6812
9164
3152
912
1414
2184
6042
6880
4769
1485
7254
1222
5157
2478
2804
1436
7862
6852
7804
9489
1771
8896
7818
6231
3156
3720
2686
3389
582
2130
4304
2169
6446
582
9908
3088
2020
9580
5722
7526
8222
7692
8569
5348
4816
9430
1998
966
8150
230
888
9350
3592
7770
4725
4291
7545
7357
8438
8853
7284
8097
6957
6797
9602
8145
10075
9224
3837
9240
8477
9435
1532
6598
521
472
8870
3411
7658
1904
3428
1095
3606
6232
1960
7650
5993
7081
545
2379
9087
5097
3004
9932
3563
3332
5418
7895
1984
4569
5241
6888
7814
3688
2211
8135
9978
3633
10070
5408
9146
1852
8874
3075
5132
4305
6429
9007
5938
5570
2694
9126
3358
2275
2255
904
9527
7424
3063
8385
2571
2828
3087
6654
8994
3920
3308
6074
8956
1655
8136
8248
7815
1717
6508
5518
8270
3173
2755
4390
5964
5109
1434
5305
2813
3670
4227
5056
2138
7080
5618
5929
5460
8640
5955
4948
1476
4311
9584
3394
2312
8752
9304
9421
245
7182
104
7803
6696
9124
926
1490
9612
5695
3123
3108
6164
5456
176
1402
617
5414
2575
1648
1998
5078
9254
8777
1853
4698
8206
7726
5590
4268
7841
7023
3901
2837
8226
5308
6510
3920
3540
4445
5112
5982
2403
869
7547
8503
10049
504
9593
1194
4215
829
9668
4833
7022
6575
9070
8897
1396
6688
8356
8352
6806
2319
212
7620
2991
6176
9954
391
1733
5543
4713
10084
1281
7389
9845
620
2302
9280
8142
3815
812
8853
8930
6846
5134
4945
7774
160
4319
5190
4509
4494
4929
3561
9092
487
2121
10030
9120
3748
9728
6804
358
2600
7850
9632
152
951
2646
222
7231
6765
9115
6950
7260
1367
724
3086
3298
5356
6870
7810
7159
6099
2653
1162
7179
6322
9014
6063
6354
8406
6827
4679
7497
2786
7137
5408
3223
9657
3591
5884
7762
238
379
3705
4955
6512
4876
7356
8862
7961
5238
8325
5277
6174
6338
5720
2248
2907
768
5704
4258
4262
7919
4357
1278
7678
8504
4166
4106
5604
3387
6191
4618
6511
8484
1559
5627
7138
2605
236
3764
617
9366
567
6522
7624
8250
5586
3779
6452
2123
8064
5291
8562
5549
512
3328
5147
2763
7063
6744
8285
9536
410
