4899
3260
8925
6328
9905
5194
5899
4662
3862
10003
8066
6328
1710
519
474
5292
181
8114
5634
2146
3359
2228
7030
7943
1870
4908
5634
8283
5725
2798
98
3503
4956
2869
2728
1308
3655
1851
989
10026
9334
1094
4588
5434
6319
1228
7292
3030
6284
7929
506
1784
7060
8902
1589
4775
10034
4118
6948
8283
9127
9219
5972
6883
924
784
5930
2037
5969
3916
4184
3936
8749
2139
1877
7288
7389
7839
1448
4685
2915
8587
2539
8955
507
9127
9713
3638
7431
3615
5115
5429
3758
8504
7846
2575
140
3165
6832
863
7838
8086
6847
6284
2375
9619
4517
5087
4118
6182
6413
6413
9819
3260
1698
149
3904
7788
3416
2696
4078
875
7893
1191
5222
2207
742
9334
7717
5586
9204
369
863
1521
3926
1909
9455
2827
2993
9791
9820
3470
62
9262
7343
9033
4596
3030
3657
9115
3260
7714
7206
1989
416
1460
6909
8444
7206
3269
2578
4454
8444
2868
2624
2293
1757
5969
3216
7591
8474
4536
4253
1529
6238
8578
3148
2337
3818
3800
863
9206
6231
1013
4064
4126
5292
66
4766
7726
9967
5356
3925
1529
2601
8813
6518
8399
80
9009
5012
4861
5258
9446
3444
4348
7606
4215
9270
6500
6017
1094
358
6158
9219
3155
6356
3934
1670
1529
2037
8399
9652
3503
529
4081
1589
7546
3507
6832
201
2728
2412
2757
1521
6832
650
6149
67
1870
4081
4869
7664
2868
8280
10040
8962
10077
4081
7030
2869
6883
8105
3596
529
8576
2428
9268
4487
650
2856
2056
5212
584
5091
4152
500
9560
887
9940
1945
1375
2295
5655
7606
8268
8133
584
4449
5725
3257
3116
4094
2599
9142
8714
2180
7838
9185
7813
2090
7663
9115
2258
5366
2626
8444
3882
6070
8215
8492
3904
439
2105
6231
9949
6596
1202
3302
6749
8587
3299
4038
2375
2105
9146
4596
6969
3666
4225
10034
5015
4833
574
5666
9949
1986
7773
7448
6093
8412
8641
474
4517
6883
5948
3904
35
9819
1999
691
10034
5666
8962
131
442
5930
6500
3330
605
8444
3389
9652
7357
3987
528
6143
3428
9446
9887
9746
254
8215
4126
9202
6413
9385
6323
3086
3437
982
875
9705
5069
226
2303
5567
1375
2915
66
7288
6228
2915
7222
8975
444
1905
6356
6340
5072
7943
2428
7192
7471
6182
3934
4487
326
1030
1521
5914
66
2564
5741
8280
506
8557
1098
1768
2744
7785
6082
1670
1245
7176
6327
9223
7357
8636
8268
9269
801
3882
2303
6340
6019
1016
3655
3043
7929
2056
8143
2554
6596
9103
5993
7283
558
3389
646
1741
7346
2265
1703
8948
7785
2270
2375
10061
149
7221
9843
842
2297
5586
7726
4956
3500
4223
3353
1647
5817
5899
7448
5960
2450
7375
6035
7355
9403
6017
7243
3437
5539
1986
7313
10034
3103
1255
903
1098
7262
3371
7383
6015
9219
742
3635
980
9788
5743
7176
5746
7964
4968
8352
2605
8245
1069
4078
9835
2228
6164
1594
48
4994
863
692
5817
134
3597
8594
9350
1375
