555
98 72
70 70
57 96
57 81
63 74
82 74
77 87
81 50
73 80
79 70
62 79
70 89
96 61
97 67
54 71
62 69
53 77
85 93
94 85
82 72
82 83
74 78
86 70
62 92
61 81
97 68
89 57
56 96
62 89
76 92
95 60
51 67
61 82
77 82
57 75
79 68
53 72
89 62
94 77
78 53
52 78
74 52
69 99
88 91
57 54
85 94
94 75
82 62
85 95
62 81
62 68
81 70
50 60
63 64
63 52
86 94
96 65
93 94
57 65
82 61
66 75
76 95
59 58
59 94
98 83
87 67
99 63
91 50
50 91
73 98
96 84
74 87
90 82
67 99
53 52
83 66
58 89
97 56
59 76
87 82
69 57
67 55
85 60
53 85
52 82
79 55
90 87
64 98
69 83
72 80
67 70
62 51
53 63
67 54
67 61
61 98
51 54
99 53
97 76
64 98
68 65
78 58
77 77
86 55
73 64
65 99
86 51
95 83
99 83
52 91
60 57
67 77
82 69
59 51
89 75
68 91
71 82
96 91
100 72
69 74
86 90
69 69
79 100
82 91
88 81
50 70
74 52
77 56
52 55
97 74
99 75
94 71
98 52
94 85
61 51
61 63
74 62
95 77
51 97
62 51
72 64
90 84
51 99
57 99
90 97
64 67
78 91
84 74
69 73
89 100
90 84
83 98
92 90
98 92
60 54
56 76
90 56
63 51
95 64
69 76
68 92
100 76
81 84
82 95
56 71
84 76
99 88
59 61
56 81
91 55
72 53
54 67
99 67
94 90
53 73
85 62
81 83
57 89
62 55
74 100
56 63
61 74
60 69
74 100
82 58
96 97
51 62
85 83
91 91
81 98
83 74
95 70
73 71
70 94
95 69
85 79
75 78
93 60
99 77
58 51
63 59
87 53
69 60
56 90
57 58
70 63
92 81
100 75
53 51
64 98
58 55
72 91
91 79
53 86
84 87
58 88
75 88
79 58
71 57
100 62
60 90
53 74
66 96
67 81
71 72
99 61
75 53
98 84
81 55
91 97
94 70
91 97
61 67
100 64
74 87
96 59
90 53
61 59
60 51
95 86
97 57
72 59
60 58
94 68
92 59
91 76
83 56
75 55
69 78
98 84
90 50
51 57
77 79
81 82
59 59
63 81
80 91
84 96
70 50
67 88
61 75
52 81
77 59
73 59
98 76
91 90
70 73
79 63
83 81
91 82
67 95
79 91
67 89
85 76
56 51
70 70
56 61
78 67
59 79
98 51
50 97
52 50
63 74
70 70
80 62
50 82
64 51
63 76
98 90
85 80
82 79
87 50
62 81
81 66
70 52
50 65
96 92
100 78
50 87
78 98
62 96
63 68
96 97
52 58
52 83
68 75
97 80
82 80
68 64
54 85
91 79
66 51
50 62
77 100
59 75
53 89
69 60
71 54
55 63
57 87
90 56
89 92
77 91
63 82
100 78
78 91
53 100
81 60
70 57
66 79
87 75
76 76
57 96
100 56
68 91
81 58
98 60
71 64
98 99
99 75
81 51
56 82
63 81
82 75
82 95
92 57
65 79
61 94
80 74
91 51
83 67
88 60
68 72
64 66
78 55
57 70
60 99
60 89
52 58
58 55
91 50
54 82
62 71
70 100
79 59
78 96
63 71
90 92
63 79
50 76
100 94
100 70
56 51
79 56
94 72
57 81
95 63
63 94
65 95
78 73
70 55
66 73
82 90
74 99
90 54
92 53
62 71
54 61
56 82
75 63
71 70
63 97
82 89
63 83
56 66
82 64
98 51
77 63
79 83
63 69
96 71
89 54
51 53
89 62
64 62
60 85
88 88
73 72
75 87
88 59
62 94
76 80
81 66
73 66
50 81
88 51
51 59
59 94
74 81
80 77
75 74
55 55
73 63
60 86
69 100
53 63
63 75
100 58
71 97
63 68
78 95
79 73
62 94
68 73
72 90
52 57
79 84
60 57
86 80
78 77
64 75
100 67
87 99
56 67
54 90
67 87
50 54
95 51
58 93
53 53
79 52
80 92
57 59
66 95
66 62
88 76
53 78
89 96
54 62
96 80
60 60
55 69
83 83
87 98
94 59
74 67
84 74
72 52
76 100
71 51
94 73
87 89
90 64
71 91
54 96
70 88
88 51
56 81
85 63
73 52
100 99
82 67
85 57
75 51
86 76
99 61
51 71
77 97
65 71
95 92
77 56
62 50
77 78
81 73
89 75
85 58
72 50
77 61
59 93
80 70
66 87
60 62
50 74
78 65
72 82
98 82
69 59
57 58
86 87
58 79
99 50
95 59
95 58
54 93
53 63
52 88
74 56
71 71
76 97
92 63
54 85
73 96
85 66
57 60
57 78
73 55
86 59
62 56
62 84
90 74
96 55
84 63
73 79
89 93
78 52
96 92
100 93
97 56
53 92
90 89
62 57
74 53
96 64
53 53
84 79
73 52
82 54
85 66
72 98
72 90
88 81
62 73
95 62
71 97
76 81
