5541
9532
4861
79
5619
9224
7531
4933
9026
2944
1227
8144
3522
10050
5250
8794
4973
7946
7013
1748
3576
6365
4363
6524
1297
1339
7491
9567
6474
5036
6311
4504
6247
346
5026
8411
9968
2766
8000
3606
7227
6606
9002
653
7188
1708
4172
9948
8153
8890
1432
5538
7979
10043
2778
8907
8945
6614
5088
2667
4056
6408
8484
4444
130
7639
3658
2564
4558
9777
1069
9934
5469
8022
3532
2587
7526
5534
7089
3747
2742
4922
2598
7430
6728
9218
7318
6534
7698
3092
8041
2933
10014
5460
2088
7620
7656
1603
8470
4978
1975
5612
4368
9581
4334
8396
7946
6831
6279
5478
3526
9092
956
671
697
2678
8015
9846
9608
9880
8282
5916
3114
5094
4567
6275
8439
2722
8138
3408
7259
7598
3962
6550
8379
7931
8395
933
9786
5857
4268
3986
9563
2662
3147
5538
9962
5756
2164
770
9320
7802
8982
5093
3318
3645
2527
4968
9497
1817
6501
725
5126
5910
3406
486
4274
746
6853
929
389
1375
5076
5273
2736
6074
10002
2738
5948
7954
5287
6622
4107
8382
2937
6181
7613
6735
7119
4642
9140
2897
782
4083
8057
8747
4520
3717
9397
6171
5386
1007
2196
2148
6578
8102
7762
4247
8108
7158
8977
7481
2658
378
5938
2750
5320
252
6090
6617
2407
2320
8744
1415
4457
265
2012
610
6210
8570
868
6387
3686
2769
2869
1782
4884
2005
9614
4462
9702
9482
5851
9947
6719
2058
886
3478
2290
8144
3521
9999
3877
3114
2650
9198
4576
2198
484
934
6184
4468
6704
3888
9535
4311
2693
62
1173
4291
8179
821
5165
522
7639
1686
8241
8453
3053
8445
3975
6108
8300
1323
1131
3140
2112
3158
9140
8297
2792
9506
1226
367
3148
5624
1398
5533
4097
404
9188
7596
2532
2722
2522
5812
6269
2382
9854
4726
175
10051
9672
5436
110
6879
9083
6429
7782
7991
8889
1395
2688
3368
7146
2084
9643
5599
6004
9470
398
4324
1878
6194
4198
5707
6846
3738
4490
3479
8824
7481
2025
2113
3038
2382
2516
5997
565
442
3020
8976
1630
6620
2724
9603
6445
2008
4151
1907
6424
5017
2012
3074
2784
6555
347
3117
2618
6463
2525
8648
4390
8541
8592
4599
3166
8133
451
8985
7467
4438
46
4760
1259
4616
6954
810
3107
4844
3969
5641
3980
5803
7758
5871
6311
1200
6942
6816
4503
7949
7196
337
4861
1588
4040
9157
3576
7723
3927
2817
4748
5014
4260
8262
5509
4969
7487
604
1802
2671
1651
3342
5108
8683
8256
1136
2326
3798
2785
2269
1999
7123
1236
9534
3078
2814
7340
395
3939
3942
9281
9241
8717
9081
3818
5992
8309
9194
2500
5874
3982
3866
83
9976
6250
4515
9571
7683
155
4053
3932
9022
3971
8823
9970
1978
8302
3427
5792
3677
6947
4452
6465
2488
1196
7864
5150
10068
9922
2660
10072
2656
1600
4946
9571
1250
7851
2290
6418
834
9583
22
2386
4126
6300
494
1384
2911
2329
1923
1135
6038
2890
3328
3766
1726
1332
3680
3446
6422
3594
7661
8984
938
6320
4683
5766
2087
632
4674
1932
1040
8997
6960
2059
7577
8974
4990
6474
4771
524
7796
1411
2064
1423
8951
1390
247
1
694
8575
3748
1405
3386
2249
1120
2864
5614
492
3888
1384
423
10016
2098
5610
4116
9158
973
5498
6422
5824
6355
6970
4058
7456
986
6469
4680
1282
6564
5259
3054
4842
9559
3935
8506
3007
1273
4834
6099
6746
7177
4849
4838
5411
1694
9673
8757
7306
8335
6256
7545
1484
4436
2384
726
3047
5762
2114
3959
7499
2182
1603
7408
6120
4212
8094
8744
218
8520
9622
9896
246
7340
3999
1683
3056
877
5638
382
9584
4765
4472
7412
3745
7680
5339
5684
9458
3573
5082
8672
1951
9732
7963
5316
5891
4120
1118
402
188
5774
2437
9640
3929
5372
3628
1384
2740
4493
5786
2362
4562
3225
9224
3687
4073
4347
6957
9471
1385
9930
10073
4500
3328
5884
8219
7096
1864
8726
7620
22
9202
7097
2915
745
5872
1083
6892
6484
8926
2352
3253
1527
7518
5734
5328
4786
3124
8342
51
4883
4133
9455
2009
1277
3995
464
4468
273
1570
6016
6484
4147
2873
7698
2450
2572
7982
4902
2500
8496
7496
2092
1819
6810
5325
4381
9262
7150
7552
8498
7392
3453
4828
3015
8933
8487
9497
7886
5723
7797
324
6731
3371
7674
1590
5568
6414
8566
4847
7716
5800
10084
4464
3966
6776
2770
8594
7854
4502
8142
8084
240
1998
7275
2773
1388
6167
8908
8435
7656
2176
577
6770
587
8029
2013
3604
3764
2771
4256
2183
8926
5807
6564
5130
4406
2423
77
1026
764
5338
8066
7980
6956
9060
2226
3960
2198
4317
9850
9621
574
1507
3377
1860
96
7004
1740
10017
9464
5884
9524
4130
5553
4322
1992
4983
6950
5702
4708
9142
5290
5928
4428
7941
8032
2480
5256
2889
3476
2391
8198
2594
5940
8476
9725
722
1604
6780
3097
922
7652
5522
9374
8605
9290
7892
3468
6776
10049
1356
2377
2054
7896
3962
2980
3244
84
2192
4960
4416
8422
9300
5644
6890
5666
9037
4506
2760
5768
1824
7678
9368
9576
685
7180
4691
5707
7049
6630
9865
1522
9834
6581
9709
747
9782
9512
6746
5095
480
9008
7946
2967
4646
7034
7162
7813
7222
4035
7417
7696
6892
3394
9878
7719
9322
2948
9000
6490
5916
7102
4974
3306
4506
3662
6164
7020
7564
9879
9795
2618
4369
8193
1166
495
5250
7101
2137
5440
2625
5997
5624
5883
5064
2129
2544
6348
8002
9308
8559
8660
122
6478
8510
300
8940
2888
6558
9820
3559
9285
3461
753
2090
1730
9825
9024
7879
4225
4442
7095
8298
5110
9921
5889
4957
2156
5950
4553
4633
7562
3108
7514
9981
7983
6721
5678
5501
2147
624
3386
150
6142
1310
318
1534
