9251
2186
5534
3307
8323
4870
4459
4130
2749
6461
6536
3843
7621
2134
9686
6579
7234
1802
288
8333
4472
1134
2742
264
7637
7959
9126
3115
1602
7996
2014
7058
1505
9759
3226
9328
3122
3388
9349
1943
6924
5946
9762
9812
6094
9666
7336
9267
7689
8204
4100
3461
5442
1934
9094
2617
1741
7086
1195
1781
8588
8784
5442
3674
174
2782
4975
3642
3348
5019
1050
4234
954
4548
5705
3414
7005
7965
4360
8993
3730
8204
8284
838
7218
7424
3501
8939
6338
1868
2472
8014
7913
3580
7830
2776
366
8452
5260
169
5843
5456
6174
8444
110
5712
6144
2704
8363
2632
2670
353
3203
4171
2336
5335
8941
260
5136
818
2761
5236
2596
7682
2362
4260
9346
6445
1081
6111
8942
5710
6598
8610
1896
6994
441
1695
9708
4612
3656
7332
8908
7984
3977
4858
2379
9747
4740
8216
5011
2664
3928
9075
1848
8692
242
9790
7454
744
2192
968
6172
7690
8240
1790
3957
482
58
7418
5742
4941
9716
924
4593
980
7110
1406
9591
5115
8299
1181
9011
9088
224
3494
6244
9866
4425
8963
6323
9258
4467
1542
8638
62
8223
5968
8074
4836
2781
7102
246
9320
3997
7378
5616
237
2551
8396
4074
7021
8206
2223
9761
3715
8867
2726
3364
898
6510
1316
8906
5213
7406
6154
5397
7748
2637
8420
9965
1086
7686
8592
7286
9341
6275
4842
2366
944
2338
7702
2887
1733
4341
5092
5367
3929
3886
702
9454
5859
4546
1874
538
9700
5627
4124
3230
4240
8570
3637
8095
9477
4795
7611
5656
3569
7306
7619
5892
2415
5240
7000
8262
3523
9988
9057
4588
6660
2190
6753
928
6755
9469
8184
9736
8156
1223
3632
1965
146
2214
723
6775
7556
4387
4440
674
428
448
9860
3880
3757
450
4619
5692
5570
5164
4768
7362
6689
2306
3532
6124
2220
2384
7946
8470
7078
3444
1467
2741
3252
8080
3716
2184
7693
973
5670
7199
6180
6717
2117
5469
9483
3636
6378
5203
348
8162
2691
6460
6046
7742
7751
3793
3696
9673
4284
320
8747
9720
794
6564
1778
5918
7097
3586
1679
7172
2850
5107
9828
8624
7778
434
10009
4300
5105
3156
9193
5518
2442
5368
15
4345
7570
3100
8195
236
1622
680
5773
7101
2748
3733
3005
8155
3956
6458
2286
1103
8016
4022
8114
9605
1162
3012
7516
9621
6751
616
5340
8644
5761
8770
7627
9656
2526
8069
6648
2054
792
1177
9705
742
5518
6080
1408
7337
230
2688
6048
1136
7772
3464
178
1861
8077
7586
495
3324
786
5200
1052
1336
424
6622
7702
8423
1440
4919
2119
9610
2572
7265
148
6104
186
5014
4215
5958
8875
1438
632
6893
1494
1821
189
3541
6648
4912
9031
2766
9792
6429
8584
7850
3367
5000
8406
2107
5719
16
6427
490
9298
1695
5478
986
6506
300
960
9798
9664
8651
7190
8652
1474
8276
10033
608
8952
9011
4808
194
2184
9010
6989
592
9318
6988
3115
5975
5347
3408
8990
9989
8729
4089
9208
969
1848
595
5896
9736
482
55
6434
2368
7596
2440
9176
950
5801
5891
6883
699
3053
2092
6759
6627
4296
8431
6450
4007
4883
9110
7289
9194
322
1426
5904
5652
2783
3343
8400
5490
848
9716
6849
4552
3680
8844
1910
6230
883
8068
7109
5010
6525
3012
1423
1133
6758
9980
8089
242
792
3363
6663
2585
8830
6622
2093
4490
9374
6749
2497
1146
3143
6414
3390
6302
9618
2739
9698
5872
108
870
9190
4708
9168
9950
8414
9471
5582
9546
3248
9508
6417
2520
2712
4315
914
8168
721
1765
4030
619
436
8027
5534
2252
8190
5870
2127
349
430
360
4988
5018
3317
5073
7226
4210
8710
5181
8750
9529
2254
6500
8531
5511
3993
8452
6446
6316
8428
1410
8408
7491
4372
8980
6108
9919
4904
8520
2570
5906
7277
6508
2865
1556
895
6862
6841
4199
5928
4060
9810
9406
6086
988
5334
3150
536
628
2377
3168
7277
6781
5197
5630
1143
3808
4268
9067
9442
5558
77
3037
4464
4034
3854
1260
8663
1686
7530
4165
2588
3882
8732
3431
6321
4946
3942
7225
2448
4001
8504
3684
6292
913
2932
2375
410
1780
5096
8316
5553
6270
7294
1218
8914
594
5531
8581
9661
3763
5894
6826
1438
7090
947
5382
7345
1
319
9886
9652
4959
7044
4160
4053
6212
7700
5953
7824
2946
7445
752
3160
9483
420
5793
664
6046
8212
4225
5415
8760
1417
667
2469
8400
3459
2357
5095
4854
671
3487
8281
3435
4263
3966
1326
3486
7803
3258
6309
9000
6844
2403
4694
6305
6379
3895
3189
5328
3778
9746
7014
3182
6862
9474
4478
4444
7831
1642
9751
5214
5946
2528
9771
9500
546
4471
7142
7704
7042
2900
2423
6815
9622
9618
7966
7678
3968
3463
4700
2978
3373
74
5038
2898
2105
9730
2801
9615
267
6468
6353
5022
1829
950
1569
4197
5459
3644
2721
2046
9411
2770
3938
6523
2479
5856
8157
7725
10018
3664
5814
5183
882
3143
1658
7971
5436
1282
3024
8129
3895
5921
3151
9473
9476
9498
5270
798
1684
1629
8946
8650
2280
5388
7643
3665
4831
4805
3794
9596
1925
7395
3860
302
1574
6292
2570
6230
2920
114
6025
1728
3402
3297
7016
8482
5195
2264
5769
2716
6376
519
8313
98
998
2472
8261
5683
5666
5535
9803
4274
6764
