100
279156981 465569301 867043241 304123356 815198206 347413396 408284414 698793992 589485099 591590074 931758806 505047081 958124883 328957146 156692478 277135209 988457087 694898112 315853783 372343390 2817031 352115026 927945332 725281363 7034066 613860042 997636373 58261264 22732552 706319856 232894762 43043965 836953332 410336243 214165392 400885241 315537560 21768176 584957215 256673314 583100502 780484149 130753194 22941031 480737617 851407894 93197097 179050574 521682027 702305289 710530048 53278999 849912495 729087825 715550292 335358565 37160210 820969219 135130868 92176250 338721768 182413086 272463 565047613 145638503 842514264 11172575 463916240 580637964 341283926 195512060 330548704 73638279 151111072 547719963 728558955 413822418 989156501 242060318 234107344 799206020 859817152 989778637 738134791 668626190 222335629 120870743 60250457 308256149 971724143 874904751 460583749 320438812 495380681 13119459 258028500 139478914 883026501 634180776 718694208 
100
modify 77 86 467353969 967390688
modify 72 73 220038629 105908960
query 8 98
modify 84 93 794791385 780584828
query 8 15
modify 70 93 201569808 620165454
modify 66 83 522879434 441620268
query 33 71
modify 53 63 976499483 199626977
query 93 96
modify 89 99 55723542 760044725
query 20 53
query 29 84
query 80 90
modify 75 84 812601159 397794110
modify 21 62 223359447 880457355
query 70 75
query 56 78
query 28 53
query 19 19
query 98 99
query 27 51
query 41 86
modify 36 91 949515522 693720418
modify 36 76 814350266 582993776
query 20 92
query 40 83
modify 40 67 270636489 504857233
query 80 87
query 91 94
query 29 52
modify 35 40 209336516 99035081
query 41 59
query 30 64
modify 23 76 836350939 470688686
modify 56 81 914496050 389804170
modify 71 91 876764645 248038423
query 33 91
modify 30 98 678326786 614923266
query 40 79
query 70 71
modify 76 97 70467714 295061310
modify 26 36 103804147 906679835
query 21 68
modify 56 76 601413905 145068299
modify 13 45 684877256 280248442
query 13 39
query 16 73
query 92 96
query 66 91
modify 86 94 201708658 853240355
modify 95 97 191905141 891081734
modify 10 47 947193842 767769995
modify 35 36 151534423 92731179
modify 41 88 883555707 556501975
query 32 51
modify 10 48 197137367 9305282
query 91 91
query 5 72
modify 12 85 997369630 433276342
modify 100 100 86115615 778198300
query 26 30
query 49 96
modify 40 83 76201548 904375949
query 61 92
query 67 94
query 11 45
query 92 96
modify 70 80 422902576 259111467
query 87 96
query 94 98
query 57 61
query 35 95
modify 54 58 91969542 21671194
query 46 90
modify 43 94 483480299 867771901
query 59 78
modify 47 100 251894619 961759280
modify 82 87 239146897 782076162
query 13 72
modify 50 91 311571151 632477148
modify 53 57 336190694 437108729
query 19 20
modify 28 63 854878526 91309852
modify 69 82 529791704 181393078
query 14 47
query 94 100
query 67 79
modify 44 91 418279229 511208938
modify 44 47 191541884 501274389
modify 62 77 8520719 650587598
query 64 92
modify 9 99 800159349 263442590
query 27 64
modify 100 100 929505206 244017590
modify 35 59 70299810 968942462
query 35 86
modify 70 93 907146483 129824265
modify 21 22 649075076 1007501
query 15 98
