287779891
65242427
217280257
547090272
392074096
905385088
280129009
792644978
923389927
331612985
255893546
902210640
523587559
966056447
928655514
558804125
944062594
412655202
360431350
468033128
733550571
37314602
315387748
966331169
795353452
112524749
881236851
856016581
463926009
912004426
367238304
900056917
125561453
463657196
771658123
187579991
662535130
843000617
679394144
996277004
219922538
871841074
286253590
100111835
377068425
367238304
4003371
148801946
258462657
784188707
728224398
475018265
800514725
164288620
743807708
54418429
377068425
77596115
114237281
630620855
210570712
442407014
631322208
998838788
831260451
513766294
841627053
606973716
131645946
51677811
479208607
675428990
213668423
148678158
811166631
676713889
529059956
110206158
161981478
542648614
518464253
353378052
151747009
563828061
625540214
931982092
213668423
496331861
113372815
888748830
738559403
896446831
912004426
88946813
218623384
7598376
386106887
622111641
969958172
386106887
933969279
820510453
982497663
624637967
289408287
98055504
929659954
550038183
614279181
905553451
640158590
699653411
750276193
723943537
260711116
812760342
315056803
482997752
618210081
427399985
879218314
945768431
745357564
475180898
841627053
337680364
591323187
35629461
951098445
707469319
696652408
230539544
423247750
888748830
294867025
320069401
161981478
652665526
703643339
446792694
207253963
709170375
744500128
244375182
639169083
845934455
550557779
813290574
33117367
187111157
559316456
331612985
83116494
500928941
866875601
504726780
549427003
443544271
903123018
782671154
26121466
51893802
607442190
707469319
692008653
624861202
93055974
991685910
881236851
899794235
39802009
148801946
774727198
463662159
905259414
635276413
40417329
541289614
956973164
697764057
123932605
230019755
548066669
960799853
65242427
93036549
140859832
17688740
718530809
744207189
148801946
258505437
479839874
365131815
100111835
703019274
109829303
758282153
524828426
109032835
607442190
308175993
161696438
486613953
439291496
451374489
215528098
801117776
963498274
374648766
329030229
876685551
383625755
234389512
327924355
326325471
174600019
255994337
945997662
486613953
778526413
356802814
870346758
770005613
175317071
100111835
244375182
33117367
597241709
970960048
990829396
196351706
608371492
362508529
374648766
416927411
790460940
541576466
624861202
482997752
205775837
142123540
754113947
913250043
896446831
14337111
794518197
33117367
489903185
329030229
730317073
18771401
624295555
33463907
273773286
926248718
114237281
591323187
573590427
683746843
28707300
378297044
912004426
457069835
14271086
500928941
951098445
370521110
995589341
956973164
33463907
653546386
941756226
517585931
878784386
125561453
115198364
512225562
463662159
302917533
332565712
728749487
503660764
218623384
380349994
54492790
522589063
444857091
529907607
241859926
652665526
852428961
815023108
261272350
550670553
200476295
112156993
692377216
285043619
551441748
168219395
478545666
620851905
990862892
906074397
560887410
319001761
379978040
452594965
705405007
207253963
818111124
286870179
768969292
168219395
396065080
846929518
379995407
640435337
386106887
841627053
74774168
516105798
787805340
213668423
527177853
833945098
640435337
728749487
549798053
591323187
692008653
771800761
155276638
142123540
889061537
230019755
995589341
692667083
582544008
258505437
885275231
369731787
135210941
843000617
888982143
313623947
541289614
93036549
315056803
707888237
301118971
566037766
760767685
945768431
747603940
549427003
