885001868
312430768
520379956
694007413
156193832
459416334
191004555
585923007
735764389
562337031
850837229
575880633
237190582
507884910
594855369
153381222
996044140
362750094
725004177
699438661
31295673
354619104
971746836
746353688
478888874
959616784
155124648
835577353
482286193
937334777
261969745
758556565
412304202
406701041
210745517
24654437
246881366
877143998
102246455
741401513
426220204
113514177
562477967
511229263
857460913
13253209
673576688
376925686
224629480
15314613
589033523
871406379
581765521
210781443
136781405
116190816
594855369
713705956
949125049
511229263
135184620
198315588
321313349
735764389
703062346
964959160
18322515
276989063
687255556
229368139
413975484
435153921
402016556
475162331
6806651
363822605
161058439
405586161
637073135
518395510
938166046
268176108
726589481
223571505
366715586
403152757
733635665
2537894
295165859
402354571
6725455
673999821
946742482
4551999
236255583
933759944
209895959
354788705
737821293
492157213
626176325
3203522
694818217
213285525
105377051
674348026
191004555
907730756
174741529
390393350
684680519
354498638
737821293
389914149
626176325
485064827
856180836
296858934
180775777
402016556
488444079
357783164
896973705
282667872
696660186
475162331
389529464
268402265
467555562
232176808
317760442
413302673
41430269
699951044
317301429
197286308
834702381
882659255
959616784
411770260
295006393
154487874
459494284
453496141
124139554
72890555
661659848
248045573
528571420
585086993
807841767
338342466
139796361
93843328
427229070
785927266
948318196
433485841
956375296
49973220
526761468
173627427
696660186
699438661
778746973
326833345
755920086
599202918
522965680
246881366
145096505
18322515
86085792
596221402
154867094
474460775
13253209
229353855
208947789
173301175
741433461
423924112
222272095
121593684
680566908
95225539
616441451
731525697
959169848
814461047
599202918
52368652
500694402
492646015
276725040
394844671
159204994
74285757
592487871
832871293
419509021
983853711
576769223
901853768
274168001
535820860
480924879
598665116
354788705
930941925
210745517
14982310
159682722
86085792
573962766
542308299
834527038
78952561
257610218
105377051
879119184
587527382
253661518
914873805
50402655
549456790
71006020
489955663
378190341
338342466
463989133
35064709
376447570
363822605
889978832
850837229
997749168
280850385
616441451
528571420
391605296
174810501
883553608
271264299
109071666
996044140
842777256
544573487
415585792
497876260
160133825
365499437
588119479
260227381
509447830
678286092
967995234
835597624
434805893
45675955
723684760
385851836
409572778
200264911
118214925
619975659
922354018
830669484
848982160
11346420
623342620
900480140
577627142
480924879
295006393
451541994
240136190
136781405
981591294
864896262
472682765
364454166
536450353
510195444
423924112
197286308
986631886
472682765
785927266
474930266
400708988
609413265
284665445
139796361
822514408
232275316
561665110
450662570
517286452
541489336
306527706
295006393
585923007
919214234
841670317
914873805
11090015
510195444
385347459
248045573
78420494
