98 82 43
11.75 8.22 13.98 14.85 14.42 14.05 8.81 1.42 1.96 19.67 1.21 5.99 9.84 13.33 2.59 6.87 4.25 9.16 9.80 6.94 15.90 2.51 5.75 12.64 10.91 19.50 5.51 12.81 6.17 12.15 7.40 6.95 6.58 6.52 10.93 9.84 5.16 1.50 4.07 1.98 5.99 17.63 11.90 3.77 16.95 6.41 10.65 11.54 5.81 1.30 8.23 18.20 8.79 15.40 19.00 19.80 17.20 5.97 5.91 19.06 4.47 10.17 12.32 2.62 13.27 14.45 15.40 8.78 14.18 15.75 12.11 5.83 15.02 1.90 3.36 18.42 17.72 6.64 5.91 11.01 11.75 13.15
15.15 18.58 4.73 4.31 10.24 3.74 7.23 8.70 5.58 9.65 6.81 16.48 1.78 9.18 11.99 10.40 18.67 13.50 17.74 17.98 4.17 6.51 9.73 4.34 4.35 13.65 2.71 7.23 2.31 12.76 17.18 12.34 15.99 13.68 17.83 19.90 4.56 2.91 3.36 6.19 16.13 4.57 18.64 7.17 15.96 17.98 8.86 1.39 2.21 1.75 4.90 2.58 5.26 16.98 1.88 2.70 15.16 5.24 13.51 18.08 5.65 19.79 1.99 15.14 7.34 10.61 9.06 7.15 13.27 8.25 5.81 11.74 15.94 17.43 4.34 13.81 11.88 14.92 8.05 13.71 12.99 12.56
10.14 7.09 17.28 4.01 8.46 4.03 16.71 2.39 2.62 1.94 14.71 15.83 16.97 9.06 11.17 8.90 9.74 10.79 19.88 17.52 6.51 1.83 10.58 1.09 8.61 19.64 15.02 12.11 17.73 19.82 6.57 9.08 5.62 17.06 1.75 9.86 1.10 16.65 15.92 8.64 3.21 11.42 13.33 17.90 19.24 18.86 3.91 19.60 10.97 9.65 7.35 3.93 1.70 1.47 15.46 5.59 10.43 14.14 11.55 10.76 18.38 19.01 9.67 6.20 4.90 1.69 2.42 11.49 2.84 17.66 3.32 4.37 1.22 2.12 11.15 3.61 3.48 7.07 3.45 5.22 19.44 7.69
12.92 12.33 15.03 18.70 19.75 14.05 13.68 12.90 8.03 10.06 7.96 17.85 6.72 1.58 3.74 6.28 15.49 4.31 16.56 17.54 12.91 1.43 5.83 5.83 19.48 19.16 8.17 1.61 13.51 13.86 17.33 18.81 16.04 16.16 15.19 4.74 12.95 1.04 15.07 14.31 11.07 12.24 6.89 5.84 13.29 14.54 8.95 10.34 6.79 12.81 15.58 8.16 19.84 8.29 13.43 10.16 1.77 5.44 9.02 11.37 18.67 17.22 12.72 13.75 7.34 9.08 2.34 3.13 7.93 5.12 17.28 11.05 7.90 14.12 10.59 11.39 2.63 15.06 9.26 11.32 11.00 15.69
6.94 17.30 8.22 17.32 2.95 8.57 11.44 12.15 6.95 12.76 10.45 18.59 9.72 12.51 14.84 19.16 17.19 10.40 18.28 18.82 9.55 15.44 8.32 9.56 7.26 9.43 11.48 11.36 12.65 13.40 2.10 16.25 9.08 18.17 12.64 19.54 12.17 4.82 13.35 11.38 11.12 5.45 12.36 1.05 5.62 16.82 1.66 7.12 13.55 16.76 13.95 14.75 3.79 7.56 3.58 4.73 18.28 3.77 15.38 4.84 11.32 7.57 14.73 7.65 17.62 16.06 12.32 10.17 3.03 7.93 14.28 3.22 1.28 19.66 3.40 10.94 7.60 1.37 8.35 15.87 10.42 8.37
5.98 5.16 3.86 12.36 4.62 17.67 11.98 16.40 2.43 16.28 19.84 16.06 4.14 17.91 3.14 17.30 4.32 5.61 18.17 12.45 9.30 18.06 6.93 16.50 18.47 13.16 17.32 11.98 10.32 10.09 3.02 18.63 14.80 13.14 12.55 10.14 19.37 5.43 7.77 14.70 1.62 18.22 13.46 7.59 14.22 15.46 1.96 14.64 5.91 11.32 3.53 12.20 19.18 18.62 1.05 4.87 19.55 13.26 4.78 18.13 6.68 12.49 8.94 7.06 8.59 19.32 4.59 11.03 13.61 17.08 9.51 15.38 13.62 2.00 14.14 15.05 3.90 13.27 11.97 14.37 11.73 1.55
13.05 10.68 14.24 15.79 19.36 15.45 7.16 3.10 7.51 4.54 10.83 9.38 9.04 15.93 3.55 5.69 4.66 2.51 17.53 11.61 9.78 1.51 8.40 15.93 9.83 16.12 16.01 15.86 13.20 9.88 16.26 12.02 12.66 1.07 16.27 6.49 16.16 18.09 13.24 11.45 1.65 8.26 1.08 18.80 14.08 1.75 4.02 10.16 18.44 7.45 15.03 12.41 5.53 19.12 6.86 5.67 11.00 2.00 8.99 3.02 19.95 17.38 11.34 3.30 2.47 11.78 17.08 9.71 10.62 1.91 3.61 7.63 16.68 5.10 15.31 9.74 5.05 10.69 16.03 9.31 14.47 19.84
19.38 7.97 13.28 1.17 16.80 15.49 19.43 6.18 19.12 16.64 12.76 19.75 18.78 4.15 14.30 3.29 7.25 2.79 17.57 2.07 1.44 3.84 17.79 13.04 5.67 12.06 11.31 9.01 6.09 4.52 10.68 11.21 5.20 11.10 18.23 3.60 8.87 14.18 13.80 1.25 11.97 19.03 4.52 16.98 17.09 4.89 13.13 10.54 5.51 6.70 18.38 8.02 1.44 6.16 5.77 17.37 14.40 8.02 5.75 15.78 18.82 7.20 6.62 11.90 5.66 18.40 13.52 14.49 12.88 4.73 1.84 5.73 3.19 13.28 8.35 7.38 16.58 10.21 17.42 1.46 8.42 3.82
5.45 8.29 19.68 14.46 1.92 5.14 9.11 10.50 8.31 16.30 8.81 7.96 18.83 12.60 14.96 7.34 12.31 18.90 8.18 3.05 8.75 1.84 12.95 2.98 1.73 13.05 19.07 7.18 2.28 4.63 14.32 3.50 17.08 3.72 4.30 16.40 9.78 14.39 17.80 15.79 1.96 4.17 15.76 7.93 1.84 2.49 9.53 14.46 19.12 8.65 2.48 12.63 12.69 13.62 12.37 13.73 11.11 11.75 10.65 6.01 9.43 12.57 11.78 6.45 5.58 7.32 11.27 1.67 7.46 1.40 19.73 18.86 7.82 8.29 17.31 13.15 8.59 7.09 11.93 5.95 3.53 14.68
18.85 17.66 16.08 1.02 8.56 13.64 12.55 14.22 1.42 7.10 19.19 10.89 18.92 13.73 5.06 11.11 4.09 8.00 15.84 18.19 13.81 16.42 11.65 5.86 17.86 3.12 3.89 3.77 5.27 18.77 1.56 14.00 9.60 17.32 17.05 13.61 16.95 13.00 11.65 9.21 3.43 17.99 4.77 9.50 6.11 7.59 18.29 1.59 3.09 13.02 18.17 17.08 2.47 15.26 4.35 11.13 18.13 2.86 4.75 19.54 10.86 13.19 9.03 11.04 2.33 10.73 5.06 8.49 4.16 19.45 2.22 16.22 12.15 16.31 8.36 4.64 13.10 9.57 1.68 4.95 5.52 9.66
9.97 8.15 9.73 18.11 5.74 19.88 12.35 3.00 12.97 6.87 4.14 2.54 12.75 8.82 12.50 7.91 12.62 19.22 13.08 14.70 9.21 5.12 16.15 5.55 4.28 12.39 1.61 3.11 18.84 18.41 13.93 6.57 5.22 15.98 9.34 1.98 6.45 15.52 10.85 19.37 17.85 15.62 18.11 14.18 7.99 1.15 15.39 18.33 18.95 4.40 12.26 18.12 19.79 13.57 8.55 11.88 18.30 10.31 2.69 2.59 12.04 4.99 14.06 4.30 12.98 14.43 9.16 7.01 17.71 8.73 18.69 2.20 19.96 7.06 1.55 2.80 16.61 13.39 10.29 5.78 13.79 5.15
11.98 1.21 14.02 7.90 15.12 14.82 2.46 18.01 2.45 1.36 9.47 12.56 11.89 15.41 14.67 12.65 6.57 14.29 6.42 6.23 6.79 1.26 16.09 5.88 4.82 13.82 12.92 19.60 11.46 18.82 8.01 13.54 15.42 6.21 2.08 13.56 16.16 6.64 18.67 4.03 8.96 17.57 19.34 17.60 17.16 11.63 13.20 16.77 11.70 19.89 7.29 17.68 13.13 18.11 16.91 2.37 5.57 3.13 13.38 3.60 16.93 17.65 13.28 9.91 5.32 17.07 14.09 3.62 10.71 19.90 17.15 8.23 4.34 10.06 3.01 10.59 17.17 9.21 18.34 1.65 15.39 6.22
11.87 18.04 17.59 11.77 17.22 5.55 2.31 8.29 18.54 12.01 12.12 1.85 12.11 9.73 9.13 7.31 8.70 17.13 5.60 4.85 16.92 13.57 14.10 3.97 1.63 12.72 18.38 16.37 17.36 19.35 11.31 9.26 4.69 3.37 1.35 4.23 11.96 16.77 4.54 14.01 11.74 14.95 5.90 18.07 5.51 10.59 1.56 9.44 17.16 10.56 14.22 9.99 17.83 12.11 7.09 16.93 7.89 3.57 3.21 9.46 1.12 10.57 6.60 17.24 18.78 16.79 2.79 16.33 3.32 12.22 16.23 10.68 4.07 16.14 10.29 6.68 5.48 3.64 3.99 16.49 14.02 6.04
11.61 7.61 18.98 15.10 18.65 2.46 5.49 8.88 14.45 6.37 3.94 15.22 13.73 8.95 13.65 13.49 10.92 7.95 2.77 8.01 18.12 3.84 16.23 1.57 8.05 2.49 12.37 15.12 9.51 6.42 9.41 3.74 3.63 17.34 15.14 2.15 15.10 7.18 7.35 16.46 16.60 8.67 5.68 3.47 10.96 18.11 17.21 18.79 17.63 2.13 13.02 13.47 13.59 6.38 1.46 18.43 3.97 3.19 10.43 15.61 1.08 12.03 18.12 14.24 4.66 18.25 10.01 12.53 10.11 19.37 9.25 9.63 8.76 14.91 18.64 12.70 19.31 15.62 6.91 18.65 12.89 12.54
13.67 3.49 11.31 14.02 11.74 1.04 18.24 7.19 6.85 14.83 16.60 10.92 9.07 18.61 1.78 9.48 12.10 3.00 9.56 3.01 8.99 9.31 2.25 13.74 5.07 10.81 11.67 5.96 17.09 6.42 9.33 6.99 6.19 18.39 14.67 9.99 7.59 18.95 10.02 8.43 9.83 12.10 3.72 7.39 5.74 3.74 15.62 9.88 2.28 10.82 10.42 8.79 7.98 19.93 2.78 18.55 1.95 6.20 19.88 14.66 6.76 2.58 10.57 18.48 11.62 7.97 16.95 7.21 4.38 9.24 9.42 17.79 6.31 19.13 3.58 16.24 8.20 4.60 18.94 2.59 13.98 4.97
8.36 18.14 5.23 2.63 11.33 11.63 7.42 4.82 4.25 19.98 7.23 2.24 15.74 19.14 7.34 12.05 13.21 10.15 4.77 4.14 19.99 7.26 12.44 9.18 2.30 2.22 2.23 12.66 13.27 4.50 1.51 12.27 12.33 18.51 7.50 5.96 12.61 6.31 12.93 13.43 4.97 19.99 8.32 1.77 14.58 4.97 4.60 1.19 8.35 18.92 13.89 15.09 10.39 15.39 19.70 1.52 18.33 1.70 13.29 11.81 19.50 3.63 9.44 6.14 2.82 16.46 12.27 13.39 11.38 6.16 7.77 19.65 8.60 6.59 11.40 18.81 14.80 11.19 3.70 8.97 18.29 10.34
2.90 13.37 8.50 14.48 19.65 9.41 17.36 13.19 4.04 3.44 15.66 2.76 8.11 19.18 7.68 3.09 17.36 14.60 17.79 6.06 15.71 8.46 19.76 15.90 17.51 9.90 9.93 1.11 6.66 7.14 19.41 2.86 7.38 13.71 14.24 3.00 12.20 13.81 14.62 13.55 9.99 3.38 19.65 9.31 18.65 13.43 16.08 7.00 13.58 4.82 16.90 3.14 6.92 19.84 4.12 2.08 8.23 4.92 19.15 19.95 18.18 16.08 13.40 8.90 11.44 11.10 2.53 8.22 16.90 8.54 10.58 4.80 4.05 18.52 19.81 19.73 8.77 13.25 8.33 16.72 11.11 14.67
6.56 15.15 4.19 18.51 16.93 19.82 10.02 5.67 10.22 5.72 17.77 2.16 15.94 16.35 15.78 1.22 14.52 16.67 11.58 14.41 1.72 5.09 9.61 16.17 2.05 5.00 12.29 16.11 3.24 9.98 12.46 16.17 8.48 14.70 11.20 4.45 13.40 2.85 1.90 7.60 3.99 4.86 2.43 12.75 14.58 8.81 5.60 7.17 19.79 19.10 1.05 15.41 7.06 13.40 14.81 18.34 7.74 5.61 17.69 9.83 3.00 16.53 14.62 16.00 19.71 1.84 3.71 19.47 6.18 9.81 3.05 5.30 2.34 8.14 6.81 12.60 13.01 17.52 5.15 7.47 1.37 8.72
7.08 6.40 8.43 10.47 8.85 8.43 5.99 16.19 6.14 18.04 2.28 11.78 10.83 3.83 18.48 2.08 4.02 6.19 2.18 4.02 6.33 2.86 5.50 9.74 10.65 19.54 15.96 1.78 14.05 15.05 4.37 16.51 19.40 17.80 16.72 16.46 7.92 2.22 7.88 15.09 7.20 9.40 18.70 5.47 12.89 9.72 17.70 19.46 8.66 9.39 14.92 7.81 10.60 14.64 7.16 16.27 11.35 6.34 18.65 15.07 6.68 6.32 6.17 19.43 11.57 16.85 10.74 13.95 8.69 10.12 1.72 4.79 10.91 9.22 7.69 1.68 18.01 2.32 16.69 15.54 17.37 9.01
18.93 11.50 8.98 14.06 17.22 13.69 13.99 9.24 6.19 9.12 8.53 3.77 2.41 5.82 7.98 4.40 13.72 5.08 13.94 8.51 13.39 17.71 5.79 3.55 5.98 8.20 17.79 18.46 1.60 14.38 14.81 16.06 10.78 12.32 9.35 3.89 17.28 2.10 5.35 16.91 7.81 2.28 10.90 16.91 7.91 16.34 5.53 8.47 11.82 7.49 18.66 3.39 17.46 5.08 7.36 6.00 9.55 18.07 4.35 9.52 4.91 10.97 7.94 13.65 7.98 13.93 3.30 19.31 7.44 16.77 1.76 13.12 17.48 18.94 14.31 2.00 3.12 2.11 15.47 13.26 1.96 19.42
10.09 15.65 5.18 11.63 6.40 18.89 1.55 16.39 17.39 19.73 1.51 3.01 14.13 13.48 7.53 2.65 6.58 3.72 13.13 15.01 7.59 10.66 1.36 4.20 9.76 5.43 14.88 12.87 16.11 16.87 4.16 11.83 11.69 7.56 9.83 5.51 12.41 11.17 8.41 6.38 10.23 1.33 15.11 2.29 13.32 1.17 11.87 14.58 11.89 15.39 11.80 6.84 1.82 19.85 16.25 9.52 8.21 11.02 7.66 13.35 9.50 9.24 18.78 8.48 4.75 7.80 15.68 9.15 14.40 6.97 6.15 11.20 16.80 3.21 9.55 10.45 13.29 18.20 12.63 6.61 12.76 17.65
19.38 11.48 13.65 12.73 19.46 5.85 3.68 4.15 1.70 1.06 8.63 5.42 9.00 19.68 1.52 2.28 18.70 14.54 5.74 6.23 4.09 2.69 17.57 18.61 11.48 13.50 10.42 8.28 17.61 5.84 17.29 12.53 1.18 14.19 3.95 9.70 18.96 6.32 2.00 12.30 9.07 9.30 18.92 13.15 4.38 3.33 12.77 16.35 1.57 8.61 18.30 15.12 13.73 19.82 16.90 17.18 11.99 8.56 4.13 11.74 1.55 10.67 19.90 20.00 2.61 14.82 17.01 15.20 16.42 19.96 18.20 3.06 17.47 2.13 15.43 15.32 16.61 17.16 13.43 11.20 11.32 19.41
13.57 12.62 11.34 17.25 16.00 7.82 10.40 19.29 10.71 11.05 5.09 2.45 15.17 2.15 12.38 17.01 10.84 18.53 12.27 14.11 8.57 6.42 10.73 10.56 12.08 12.84 9.50 11.49 4.00 14.92 5.39 1.25 18.69 17.88 9.91 10.80 12.48 15.61 12.65 2.35 3.98 11.86 9.77 12.36 6.02 14.10 17.83 10.91 19.52 19.97 8.95 9.63 19.96 19.77 8.86 11.90 9.57 9.15 18.83 8.90 9.05 9.59 13.18 2.33 2.05 13.17 13.18 13.38 15.75 7.35 19.18 19.37 8.63 17.24 7.38 5.66 4.57 16.80 17.97 1.31 14.23 10.20
4.85 8.18 1.27 3.10 2.47 4.30 7.67 1.32 7.99 16.16 1.62 17.71 15.64 18.91 13.57 18.36 4.26 8.91 16.59 13.20 5.53 3.93 11.68 10.03 2.02 3.34 3.82 18.72 17.64 9.00 6.40 15.46 19.90 16.20 3.89 3.41 1.66 12.67 14.51 17.05 15.01 3.22 16.41 7.44 3.13 16.91 13.79 9.99 3.56 8.42 7.24 4.73 18.10 14.29 13.85 19.14 2.04 15.74 6.09 8.88 16.04 4.88 2.98 16.14 14.69 3.73 7.94 16.12 13.58 1.74 18.45 5.87 3.08 2.62 11.51 8.47 18.56 13.69 14.61 15.61 13.29 16.03
9.77 12.94 17.15 8.73 15.72 18.75 12.92 11.96 14.61 7.37 6.18 6.91 14.68 7.63 14.29 14.98 15.60 8.69 18.87 15.17 19.84 7.46 15.11 11.34 17.07 2.81 16.10 18.87 16.05 4.46 6.80 19.38 11.56 14.05 9.84 12.14 12.93 4.58 17.97 1.94 16.89 18.24 1.11 12.41 15.62 12.73 13.88 15.14 14.25 3.35 5.17 11.34 19.50 6.24 8.80 16.32 11.09 7.65 13.28 10.80 5.38 8.96 13.08 15.37 14.02 14.31 15.93 9.81 3.15 12.72 6.45 3.23 18.44 8.25 11.42 10.75 4.57 16.41 11.49 12.81 8.54 1.08
14.07 11.86 9.05 1.97 17.90 14.01 11.81 19.29 16.40 3.17 8.28 16.89 15.84 1.26 1.54 10.41 2.64 8.78 3.44 7.80 13.58 11.43 6.07 6.87 13.20 4.01 18.31 6.17 4.61 17.96 5.24 10.83 3.01 7.40 5.43 9.54 15.57 11.96 10.76 17.39 7.93 7.18 1.50 15.13 16.72 7.05 6.94 13.62 17.61 18.02 14.16 17.48 16.90 19.57 7.86 14.50 12.28 13.66 14.93 13.20 13.82 11.83 10.78 16.86 16.43 2.59 19.41 3.74 18.25 19.85 1.53 7.97 18.04 10.78 18.32 1.79 17.37 11.59 19.23 1.44 16.35 3.95
2.12 14.30 9.73 7.10 15.40 19.97 14.73 19.09 4.02 15.39 16.83 9.71 3.47 13.16 17.21 19.58 13.79 6.76 3.46 19.77 13.65 18.35 9.87 18.16 4.87 5.34 19.83 18.72 18.22 10.50 12.80 13.39 16.22 10.51 6.99 3.21 14.61 11.57 1.97 8.16 1.87 8.23 1.59 2.15 14.74 2.97 4.70 7.81 7.16 5.98 18.18 3.48 11.34 5.46 11.63 13.86 10.87 1.03 16.06 19.54 11.82 15.04 5.73 19.89 11.96 9.51 7.65 12.92 12.22 14.14 19.59 16.17 2.91 8.00 17.23 7.92 7.91 1.29 3.07 14.43 8.33 18.23
18.61 10.15 9.78 18.55 1.49 11.36 10.92 16.10 17.16 17.35 18.39 19.16 11.22 4.06 13.82 2.58 9.54 3.38 8.91 15.76 10.96 5.03 8.22 18.95 1.62 12.90 6.70 1.91 19.07 12.37 10.98 18.78 17.63 5.73 3.40 10.36 18.33 7.42 13.17 10.58 1.13 16.86 18.25 11.98 11.21 4.53 4.60 16.83 7.30 15.24 7.02 2.88 7.82 10.17 9.46 8.07 1.63 5.25 19.81 13.47 2.76 4.93 15.35 7.09 5.64 13.98 14.03 10.16 1.91 5.59 16.39 17.72 19.32 8.21 14.97 14.21 1.46 2.20 18.89 7.16 13.87 1.98
2.17 2.38 17.33 6.78 19.69 3.12 9.27 16.19 2.05 13.76 7.53 11.34 5.26 14.75 5.73 3.91 8.00 2.06 19.03 6.21 16.10 9.62 11.01 9.05 10.35 19.91 2.52 5.92 16.39 12.26 11.23 11.25 8.20 8.66 13.43 7.66 3.75 19.70 5.17 15.55 19.65 6.29 5.21 14.43 4.95 19.95 15.52 12.77 14.44 13.41 10.32 8.53 14.67 13.27 9.53 14.13 4.78 1.69 10.01 1.68 5.44 10.24 18.79 9.33 4.83 7.51 1.13 10.05 2.58 15.07 15.66 10.95 8.97 9.05 6.36 4.39 12.40 11.84 14.29 4.09 10.71 17.85
4.28 10.26 8.80 13.20 16.30 3.49 8.74 8.26 8.84 8.62 8.16 12.95 4.29 8.93 19.82 5.13 14.25 11.56 18.94 15.41 9.42 18.15 5.26 13.99 18.59 3.56 5.94 2.85 7.94 2.09 11.90 11.73 8.69 7.89 6.52 10.70 5.48 3.11 6.97 13.35 19.81 7.80 2.90 13.79 19.76 2.19 9.78 13.86 15.19 19.75 8.13 16.90 5.60 14.28 9.81 18.42 1.48 18.78 5.02 6.46 1.26 14.66 18.79 5.21 16.66 2.61 1.31 4.35 4.99 17.99 9.18 14.08 8.02 7.03 16.03 14.10 1.28 9.96 17.46 13.74 13.65 9.48
6.34 14.81 4.26 15.04 4.92 1.73 14.36 6.36 15.52 6.25 13.80 13.94 12.76 5.80 17.93 1.41 18.11 12.86 16.06 12.35 3.74 19.75 15.29 12.66 12.41 18.57 16.85 16.25 5.32 7.18 17.66 17.89 4.67 10.75 3.08 15.46 1.66 19.40 18.05 1.07 3.40 7.78 14.10 9.25 16.59 1.40 8.96 3.12 19.06 6.65 11.74 18.53 19.98 5.12 10.15 14.57 9.89 5.91 11.97 14.47 6.79 18.76 15.87 1.35 3.42 6.79 14.22 18.59 11.55 15.55 2.89 17.22 10.67 16.85 15.32 17.55 14.75 4.48 15.90 16.25 12.28 18.76
3.25 10.59 12.23 10.46 11.14 10.06 16.06 4.67 14.77 3.88 5.74 16.11 10.36 8.58 9.14 13.14 17.72 4.65 1.27 13.76 11.53 5.19 1.08 12.57 14.51 9.49 18.38 11.90 14.96 9.79 19.42 4.22 15.59 9.63 15.74 9.07 3.10 11.25 3.11 9.17 10.61 9.96 2.81 3.76 3.20 19.89 3.76 14.66 18.51 7.76 2.05 8.37 4.21 6.40 17.97 13.84 9.18 1.88 11.74 19.45 18.52 15.36 15.03 15.20 16.24 5.12 16.47 11.93 4.64 10.94 10.19 18.17 16.71 6.88 15.25 5.16 19.49 7.23 8.15 13.60 4.21 8.56
2.86 13.63 4.56 17.97 15.61 6.46 6.39 17.64 2.78 14.69 9.63 14.81 4.34 12.28 15.64 17.43 5.86 5.79 3.86 15.36 7.17 6.53 19.83 18.93 15.50 19.37 12.10 8.22 10.52 1.70 11.62 12.26 8.04 2.27 13.80 9.67 9.03 12.53 2.96 12.09 11.39 7.00 8.10 1.58 9.00 12.36 10.35 16.44 9.42 10.92 15.51 18.63 1.91 2.90 19.20 4.84 17.54 9.25 6.48 17.94 4.01 16.06 2.77 7.30 6.10 7.73 13.33 10.63 10.06 11.89 13.73 16.29 6.98 9.87 12.88 11.08 15.14 14.25 4.95 9.34 14.63 18.02
13.98 18.19 9.43 7.27 19.06 14.55 2.82 13.89 9.41 6.14 2.78 12.72 19.33 14.91 14.92 19.97 14.89 6.32 15.97 14.81 6.32 19.03 14.08 7.00 19.32 3.61 15.63 19.14 12.23 15.88 5.45 16.11 18.21 9.55 16.66 12.08 17.11 9.53 16.47 7.88 11.87 17.78 17.01 3.23 15.51 18.38 1.85 8.24 4.34 12.79 13.89 3.14 10.63 14.47 13.24 11.64 6.92 12.76 8.73 7.95 15.05 17.80 17.88 12.68 7.20 16.03 5.22 15.57 8.02 2.33 4.08 19.30 14.42 16.99 16.54 10.55 15.70 1.48 6.10 15.75 7.89 7.28
3.64 6.85 11.62 3.21 11.33 3.85 9.69 10.39 13.21 8.30 19.84 13.17 3.27 6.58 16.40 13.99 6.48 17.64 8.18 10.64 3.49 12.28 15.20 14.09 2.03 11.12 2.25 8.40 4.22 12.65 16.40 3.03 12.48 1.75 1.43 12.25 2.87 16.60 18.84 7.75 12.19 13.34 8.88 14.91 6.09 18.73 6.30 14.75 2.86 11.44 11.48 7.02 17.29 8.85 12.34 6.28 3.20 15.96 19.68 2.43 6.72 3.87 8.18 18.61 8.86 6.24 5.85 1.83 15.55 16.42 2.23 15.20 9.15 8.42 17.84 11.86 12.10 4.17 18.45 12.33 8.01 9.93
6.47 3.33 17.28 8.33 8.37 18.43 3.18 3.46 4.36 8.24 19.46 1.84 1.02 16.53 9.12 1.88 2.32 6.15 14.26 19.19 4.92 2.46 3.62 2.22 4.95 1.07 16.13 6.51 13.45 3.64 5.19 19.89 19.00 1.05 16.76 1.26 10.23 19.92 10.53 12.33 5.94 8.34 16.92 17.51 16.06 10.08 16.99 5.98 15.84 15.57 13.93 3.45 17.70 18.68 17.35 6.12 11.86 16.58 15.34 17.30 18.29 9.13 10.66 11.71 3.49 12.46 14.98 12.19 19.23 7.23 13.25 14.19 16.92 8.96 7.52 5.32 17.93 7.13 7.77 17.81 15.71 18.67
18.53 16.88 8.88 17.61 19.27 13.21 11.40 18.98 5.42 2.86 5.22 19.91 4.98 7.29 13.04 1.83 3.76 5.71 14.42 17.05 6.93 4.52 19.92 7.04 1.90 1.09 3.70 4.92 6.36 17.28 5.24 18.42 14.81 15.42 13.04 16.41 6.39 17.98 19.72 4.24 5.86 5.82 17.37 7.25 5.79 2.71 14.37 2.22 12.85 8.89 18.83 2.39 4.75 1.61 8.45 10.03 18.30 7.05 15.45 18.55 7.51 19.52 4.26 13.70 4.63 18.67 19.39 10.55 10.20 7.05 17.36 2.42 5.30 5.23 4.46 18.37 7.62 18.78 11.80 15.12 1.04 3.24
7.66 2.51 2.46 2.79 11.77 6.96 5.15 14.48 1.32 6.84 5.42 1.23 10.06 2.30 12.04 10.25 13.94 3.05 8.91 11.09 19.64 2.74 2.27 1.14 3.59 12.59 14.67 3.79 2.50 15.54 10.94 16.48 15.41 17.55 3.64 9.27 5.86 3.85 19.98 2.48 2.23 14.90 10.57 2.20 18.28 15.39 7.83 12.11 12.25 17.09 11.61 14.58 18.46 10.54 3.96 19.28 6.41 10.30 8.96 2.66 1.01 19.32 19.91 12.92 13.75 10.65 10.39 10.01 2.68 6.11 1.35 4.92 19.63 12.75 16.49 12.48 10.15 18.92 3.06 3.20 10.85 9.06
10.78 16.03 6.24 16.63 2.39 10.71 2.67 7.55 15.04 10.70 2.84 6.02 18.07 6.18 17.21 6.62 14.60 18.00 10.77 2.74 19.33 5.91 13.60 1.35 19.17 2.12 8.73 11.82 19.32 2.12 17.59 6.92 6.52 8.17 13.17 5.38 19.98 15.84 2.13 12.18 9.93 7.14 9.84 19.96 18.21 4.63 5.90 8.99 18.92 12.53 5.19 12.43 4.69 7.48 5.92 3.91 2.28 5.66 11.37 14.15 11.53 8.47 3.67 14.80 16.03 17.99 17.42 13.29 10.23 1.14 9.49 9.22 9.38 4.09 7.66 3.66 19.67 18.51 4.58 11.33 6.11 5.46
18.36 1.32 3.68 7.06 8.96 12.12 10.55 11.67 15.04 19.15 15.58 17.88 8.54 4.67 5.55 9.22 14.44 4.90 7.61 10.39 8.91 5.70 9.32 19.17 2.87 4.99 8.21 11.52 2.15 19.92 9.13 19.28 2.31 13.56 7.38 3.43 16.53 6.71 19.16 7.97 13.16 7.80 9.61 19.22 4.22 8.04 16.13 14.82 11.29 15.96 8.70 2.02 7.76 16.86 18.70 18.30 19.37 2.23 6.90 17.18 11.94 17.09 3.89 17.71 11.67 6.79 13.22 2.74 11.90 11.22 19.32 8.29 4.22 9.09 13.33 12.80 15.74 4.56 3.65 6.39 13.43 3.60
4.00 13.40 17.79 14.49 14.08 1.49 3.60 6.60 15.49 7.85 9.29 3.01 15.84 13.44 9.96 11.93 5.03 19.10 12.31 19.56 16.79 1.02 9.33 13.85 17.22 15.85 19.45 9.79 4.05 15.69 10.48 12.94 3.32 2.24 13.77 4.18 18.20 8.75 7.82 15.03 12.38 3.71 16.80 9.66 1.75 19.15 19.50 8.95 3.70 18.22 18.67 13.04 8.81 18.19 18.28 9.87 6.34 8.39 6.76 9.66 1.69 13.39 18.56 17.15 14.27 9.59 19.13 12.78 5.92 11.46 4.53 14.99 19.91 9.00 19.52 10.16 14.31 16.99 9.53 1.15 10.44 14.19
6.88 16.80 12.81 10.12 8.81 17.72 4.07 5.35 18.65 13.65 11.29 19.08 4.53 6.81 18.95 4.22 19.59 4.76 4.53 1.83 8.23 3.60 17.41 1.49 16.62 17.87 17.94 6.64 10.56 11.54 11.44 6.69 19.60 1.83 5.34 9.87 12.11 3.88 7.84 2.99 14.92 3.77 9.47 8.43 8.27 18.46 10.01 6.44 1.28 4.38 11.88 9.28 15.05 1.74 8.89 4.07 11.82 2.19 14.55 5.63 10.36 4.55 12.28 19.67 10.13 6.73 4.50 7.54 8.65 1.16 6.22 3.60 18.03 14.71 19.63 4.09 18.53 8.40 13.05 15.36 1.64 17.20
1.40 12.94 7.35 1.75 8.44 7.19 19.73 6.05 1.96 13.45 9.73 11.74 8.52 4.39 4.91 14.71 15.20 8.08 10.64 13.38 6.21 18.20 14.36 15.56 5.78 17.00 5.87 12.52 9.61 8.80 14.48 5.17 18.60 9.22 6.43 14.28 6.39 18.61 15.35 10.82 9.35 17.87 17.29 19.19 9.06 4.13 11.32 5.98 12.82 19.60 11.42 10.42 11.71 6.42 5.99 2.05 8.54 1.50 2.70 2.29 5.44 15.65 18.96 10.83 14.21 18.04 2.61 3.26 10.14 12.99 15.99 9.22 11.10 2.44 8.72 13.13 17.82 12.00 7.91 13.67 17.59 2.44
3.81 6.65 14.10 19.06 16.27 12.32 18.00 15.45 3.81 18.16 19.33 10.98 10.50 11.44 5.36 13.10 15.75 3.85 1.32 5.79 14.22 16.23 2.31 17.07 4.08 17.71 4.33 17.48 11.01 8.62 16.49 12.16 6.54 14.55 19.23 1.03 12.63 17.22 12.20 3.70 16.17 11.02 12.88 5.68 8.14 1.83 16.16 17.25 10.01 3.42 11.81 12.41 2.32 9.18 14.01 13.60 18.16 15.12 4.53 7.12 16.14 11.43 3.76 3.55 11.17 8.91 4.80 17.62 11.90 5.50 19.60 10.51 8.65 13.43 3.61 5.60 1.91 5.99 6.14 16.61 12.06 17.24
4.28 9.88 3.21 5.31 14.62 4.91 10.72 1.04 13.10 16.22 19.12 1.48 10.53 18.20 1.59 14.50 15.20 10.82 14.94 6.58 6.75 13.07 19.23 3.75 11.21 19.88 11.94 13.80 1.31 9.29 19.61 5.36 7.37 11.98 2.52 12.47 9.04 7.79 12.34 18.90 4.42 1.75 10.22 14.78 1.94 11.52 13.19 3.09 13.49 4.19 16.49 18.09 2.31 4.43 12.50 19.78 19.57 7.92 2.58 9.81 9.89 12.33 7.96 3.38 4.70 16.16 15.45 19.37 17.29 19.22 16.75 6.25 6.95 13.44 2.49 19.71 3.67 1.75 18.70 15.82 4.14 6.72
12.02 12.31 15.65 8.48 13.48 14.30 9.01 19.46 8.56 1.46 6.99 7.76 6.59 3.65 18.23 8.91 7.04 11.59 8.05 1.67 2.64 7.24 12.06 14.12 13.12 10.43 17.71 5.37 2.01 17.32 11.64 18.08 6.69 10.42 2.85 17.99 1.47 12.94 10.36 5.99 2.29 2.87 7.93 12.27 6.88 11.49 18.90 10.68 11.99 17.11 18.29 1.09 16.19 14.07 11.70 7.33 16.02 1.49 12.65 14.89 16.33 5.12 18.64 13.95 1.22 4.16 5.66 3.46 1.15 7.77 19.41 4.52 17.69 17.00 17.16 8.05 9.26 4.01 10.70 15.97 6.17 14.88
6.33 13.62 8.58 3.00 16.39 15.95 14.25 13.14 17.69 5.21 8.71 4.35 4.81 1.64 3.86 15.42 9.77 9.44 6.45 18.79 5.65 8.18 16.26 8.91 18.51 4.74 11.32 17.89 7.58 10.63 8.57 17.54 4.74 3.14 18.98 15.82 1.22 13.06 3.24 10.42 6.15 10.15 2.61 14.63 7.56 8.23 12.16 6.18 5.91 5.41 12.63 19.17 4.07 5.49 17.41 1.84 11.49 8.55 19.52 19.12 4.94 2.09 19.71 14.98 16.90 15.37 11.79 2.28 2.66 4.97 6.93 15.01 12.87 9.26 12.23 8.64 16.28 9.34 1.58 19.10 14.89 3.68
4.75 9.28 4.03 16.85 16.25 2.20 11.63 6.80 8.84 15.14 16.50 13.34 12.41 15.92 3.56 12.87 10.79 18.42 19.57 19.79 5.82 7.73 4.77 2.92 18.07 18.57 15.35 1.67 16.39 9.58 3.33 2.43 15.35 18.87 19.00 19.04 18.03 16.89 13.19 17.35 1.01 4.27 10.91 8.11 11.32 4.95 8.45 4.21 18.50 8.49 9.60 9.17 4.27 3.86 13.51 11.28 4.14 10.71 12.81 3.61 18.73 19.02 2.31 6.99 17.19 16.62 15.60 5.63 17.21 5.73 3.61 1.79 11.75 4.47 6.40 2.26 5.73 17.95 6.69 13.57 11.52 7.53
12.59 14.01 18.44 3.18 19.38 10.50 15.78 2.28 13.90 16.14 6.01 2.16 15.29 9.74 2.56 8.56 1.57 8.46 16.18 8.66 12.65 4.07 9.60 17.64 5.40 6.32 3.87 19.11 11.23 13.31 6.37 14.80 3.23 5.04 17.93 18.51 9.39 8.40 3.88 1.98 10.04 5.89 4.36 16.19 14.19 19.39 8.89 16.18 12.25 3.38 16.30 2.84 3.28 3.42 6.32 2.49 6.98 2.45 15.60 8.11 4.23 16.11 9.57 12.38 1.00 6.97 12.50 3.54 5.14 4.40 1.02 17.11 2.02 5.00 19.22 8.41 15.52 14.58 8.40 7.94 16.71 18.23
19.30 8.55 7.64 3.25 11.78 6.20 3.31 19.26 4.82 3.21 13.68 10.30 10.40 14.02 4.39 9.39 10.06 16.86 16.62 12.34 17.29 3.37 4.90 15.00 16.82 4.59 12.18 14.75 15.77 4.26 14.05 13.85 2.23 13.88 10.76 19.58 13.56 8.30 11.45 11.21 15.59 1.64 3.62 12.11 3.25 15.78 19.00 7.82 18.57 12.81 10.81 10.27 13.23 15.85 7.32 5.52 4.81 12.52 10.02 3.45 13.26 11.36 8.19 8.93 6.78 10.27 11.03 13.92 6.48 5.74 6.37 8.12 17.78 9.53 19.21 15.92 4.85 1.87 16.93 5.01 5.58 4.83
19.83 10.43 18.56 4.96 3.97 9.34 4.62 2.83 13.95 8.83 1.61 2.77 15.29 6.51 15.81 8.08 2.55 16.54 7.05 14.69 6.31 18.26 9.43 4.75 19.40 18.00 5.13 15.16 10.35 3.92 5.93 15.55 7.26 14.68 8.66 14.36 2.20 8.80 10.73 7.93 9.51 2.77 10.91 10.79 12.15 9.44 18.36 4.45 11.16 2.27 3.83 7.99 7.70 19.60 11.48 5.80 2.61 18.71 2.03 11.34 17.01 12.83 14.26 3.68 17.79 8.07 8.69 6.51 5.63 19.85 12.23 11.47 18.80 4.33 14.35 7.72 15.26 2.41 11.23 9.67 5.76 10.56
17.79 12.39 4.03 8.19 16.32 13.73 6.68 6.28 2.26 5.17 4.12 9.91 13.79 2.47 2.74 13.81 9.04 18.33 6.69 18.80 1.03 13.12 2.72 11.18 8.52 19.21 11.03 1.58 18.91 7.55 6.32 18.43 5.85 10.71 11.22 6.33 14.19 17.96 1.17 14.52 12.04 9.34 10.20 3.80 11.74 6.68 6.75 4.48 1.35 13.77 16.14 19.49 1.67 7.03 5.08 6.28 10.12 14.91 14.00 3.18 3.61 11.01 8.02 13.47 11.34 11.39 9.46 9.01 12.33 5.31 17.23 11.33 15.11 5.23 19.34 11.33 8.42 13.89 11.91 17.36 19.50 12.85
10.29 15.97 9.41 9.78 3.32 8.09 8.41 9.64 13.40 16.24 15.94 16.53 18.14 10.23 6.03 15.43 13.41 19.47 17.96 16.70 14.76 8.26 6.06 11.84 11.55 10.54 19.16 7.48 12.04 19.88 10.72 14.91 8.90 13.07 3.21 18.30 6.08 1.43 17.88 7.98 17.54 10.27 13.63 7.62 10.60 13.63 16.64 8.16 1.08 4.34 13.79 3.60 13.86 2.45 17.96 16.62 13.71 19.57 13.86 3.67 7.97 9.13 1.69 12.35 5.77 8.94 1.64 17.95 8.83 5.03 6.31 19.57 7.76 15.65 18.91 2.76 9.81 4.28 6.30 17.49 17.41 8.14
11.10 6.77 2.99 6.16 15.09 19.22 15.01 19.56 17.81 4.21 12.45 8.77 2.32 3.43 17.68 19.37 12.15 17.42 6.97 11.92 13.02 15.56 1.12 8.78 15.07 13.59 18.97 12.16 19.18 3.11 8.35 16.59 11.98 10.08 17.72 1.61 2.27 9.02 17.15 18.90 14.55 1.56 1.52 6.09 5.35 19.91 2.57 6.40 18.02 5.06 15.87 6.02 16.24 13.29 3.08 15.77 14.14 15.67 7.55 5.25 19.50 6.44 6.48 18.05 9.76 6.59 9.53 5.70 16.54 3.61 16.51 13.73 9.19 17.76 12.06 7.76 15.89 14.13 17.00 12.24 6.20 13.06
7.62 7.10 6.94 8.53 7.68 10.34 5.53 8.87 13.90 3.46 10.32 16.95 8.95 14.07 6.49 5.06 14.38 16.84 10.37 1.51 12.23 4.82 16.96 3.61 17.56 1.61 10.20 11.47 1.40 10.17 8.46 2.33 4.97 17.76 9.90 12.09 9.68 3.67 5.18 7.70 7.47 19.32 17.92 14.61 17.17 18.05 3.61 15.51 8.12 3.11 12.70 10.99 3.01 2.57 18.62 7.35 3.49 4.05 7.88 14.44 12.12 17.87 10.92 13.68 12.68 5.51 9.26 1.99 11.09 14.31 14.39 8.38 13.59 10.43 15.72 18.80 4.05 8.60 13.36 9.05 11.50 18.31
1.89 18.37 19.36 7.06 11.97 19.75 19.60 14.10 16.09 2.58 19.62 17.02 2.48 5.59 6.26 10.73 16.59 19.15 11.51 10.40 2.56 11.37 14.58 16.93 3.79 15.37 5.02 16.80 11.25 18.30 4.86 5.84 9.97 7.40 1.99 15.63 14.85 5.68 16.41 2.91 3.44 8.45 14.60 5.42 17.94 12.46 8.08 13.18 10.93 13.31 8.91 10.04 17.54 1.73 9.58 13.22 12.38 7.23 15.40 12.55 16.94 1.00 14.31 14.83 7.60 9.62 19.81 9.71 6.65 13.66 8.59 6.57 4.89 6.47 19.58 17.26 14.08 4.59 14.70 19.30 7.56 18.99
14.98 2.45 11.47 5.85 16.12 19.36 9.62 11.08 5.37 19.48 3.36 3.80 6.33 19.19 9.57 13.75 6.68 5.66 10.97 2.17 11.34 2.34 19.90 9.07 16.37 10.41 8.95 15.26 19.13 10.98 15.62 1.08 18.11 13.93 16.20 5.23 15.94 8.40 1.85 13.52 9.45 1.33 11.22 14.76 3.37 11.69 17.86 6.04 18.93 13.48 3.48 14.60 16.47 3.08 16.70 16.51 2.20 6.22 5.87 1.61 11.84 16.02 10.20 14.90 8.73 7.24 8.27 2.86 18.29 15.77 14.34 15.30 7.41 14.61 9.82 10.64 4.39 6.81 1.10 15.69 19.21 13.50
2.92 16.91 14.78 5.65 9.38 5.90 12.78 6.57 9.83 9.67 11.76 9.60 12.46 12.48 11.74 8.79 3.50 11.28 6.75 19.76 17.60 1.21 1.04 15.39 1.01 3.30 14.35 12.29 2.82 10.38 9.03 10.75 19.21 18.76 18.43 17.20 3.10 12.96 2.28 9.99 8.80 15.88 13.04 17.33 19.30 2.68 9.43 6.70 10.52 13.74 12.36 5.02 13.74 5.45 9.09 13.87 5.16 17.75 18.51 1.00 13.92 9.41 18.56 15.03 1.20 14.42 19.85 1.92 15.77 11.09 4.27 9.21 8.04 5.14 6.74 15.48 18.28 7.83 12.86 15.09 14.10 13.29
1.84 4.74 12.58 7.37 7.92 19.85 12.87 16.81 5.33 11.67 19.28 5.82 19.94 18.36 6.76 10.96 15.72 4.72 7.95 14.00 5.10 15.95 1.95 12.45 8.08 18.04 4.60 19.41 4.27 18.20 1.02 4.58 11.16 10.47 2.61 16.88 7.05 12.78 15.12 8.98 13.43 3.50 11.38 18.50 10.14 8.40 3.75 19.33 6.45 15.40 14.69 4.61 2.90 10.95 13.01 13.17 11.16 14.01 12.39 12.87 19.19 3.40 15.56 14.56 7.20 10.76 13.91 4.93 10.48 7.57 17.53 9.88 8.87 5.37 14.74 10.97 13.17 6.81 8.12 5.50 12.72 17.77
16.12 4.26 13.60 3.67 14.11 9.14 16.76 19.51 3.11 10.54 3.80 6.03 7.80 7.09 5.19 11.25 7.44 16.54 14.23 13.48 10.71 16.12 5.63 13.00 2.91 7.47 7.01 18.05 9.02 8.18 17.03 13.86 17.78 6.22 16.79 18.90 12.09 1.46 12.25 14.93 1.52 18.02 6.01 5.53 1.10 12.86 18.72 1.27 13.98 13.70 4.00 16.11 19.06 5.69 15.59 4.62 11.47 8.25 18.01 4.10 14.96 9.49 19.40 10.32 17.30 1.30 12.22 3.00 1.35 19.06 8.42 14.27 13.26 15.85 10.58 15.60 3.57 9.70 16.19 18.07 14.68 15.60
2.29 4.81 12.29 11.63 11.82 18.26 1.67 14.53 19.23 11.58 17.19 18.31 3.24 11.64 14.22 16.87 4.11 15.36 3.11 4.08 1.54 9.73 15.33 15.35 5.40 7.93 10.92 18.56 16.00 9.44 12.16 12.22 8.09 11.88 9.85 19.73 14.97 8.40 12.26 10.16 5.70 8.69 6.76 17.00 7.01 16.15 16.91 9.87 15.40 4.21 9.88 12.76 6.95 17.90 1.78 10.10 9.02 7.11 12.43 4.19 18.16 12.31 1.14 10.83 17.10 8.72 10.77 10.54 12.32 8.72 7.70 2.89 12.15 3.85 11.84 2.91 15.88 14.53 17.46 3.50 9.92 6.05
15.76 4.55 1.48 3.94 19.32 3.20 18.77 2.55 8.85 11.34 3.54 7.80 6.53 19.90 12.94 4.86 10.74 18.91 7.05 9.99 12.82 6.11 1.22 14.40 6.38 19.98 1.86 15.37 5.43 13.02 12.61 19.88 10.49 9.87 4.51 15.05 17.89 17.30 12.27 19.19 1.73 18.49 18.67 10.26 9.53 16.90 15.79 9.55 1.50 8.20 2.60 12.74 16.44 1.05 10.95 10.17 8.10 6.43 13.21 17.79 4.58 8.34 7.85 1.70 3.73 14.90 14.99 7.99 1.51 3.98 16.55 16.69 17.52 13.21 2.68 6.52 17.11 1.19 16.94 14.97 12.38 15.32
15.20 1.28 8.13 4.45 4.72 18.20 15.45 16.02 19.82 2.45 10.03 3.05 13.28 9.41 16.31 17.58 15.24 17.00 8.91 10.47 14.76 8.80 17.40 14.15 10.32 19.97 12.50 13.64 17.25 10.50 15.08 14.83 7.94 9.48 19.71 13.91 9.85 19.75 6.14 18.34 14.39 9.11 3.90 4.55 18.40 12.47 18.06 10.34 11.33 1.15 5.10 3.92 17.44 14.53 17.38 17.28 14.80 18.78 12.71 8.65 17.66 7.18 17.82 1.14 9.96 2.24 1.95 8.40 11.23 4.35 11.79 4.88 11.21 5.26 9.88 12.48 6.23 12.97 2.52 8.75 6.61 2.97
1.64 2.04 2.89 12.23 15.63 3.16 10.76 3.07 7.09 18.47 18.44 12.72 15.77 18.12 10.84 6.48 7.84 8.21 10.28 18.11 16.79 10.84 17.61 12.36 16.05 14.50 15.17 4.92 11.09 18.05 13.44 9.71 10.15 6.99 1.11 19.19 16.74 18.18 1.21 4.63 16.09 7.18 19.32 5.43 6.28 9.60 13.48 5.64 6.43 18.21 11.46 12.76 3.12 7.94 3.95 8.91 2.71 2.75 3.57 2.43 10.19 19.50 12.71 17.77 2.31 8.63 1.35 18.24 15.41 3.81 3.59 18.01 1.32 18.40 11.46 9.71 12.64 11.39 7.90 1.81 16.41 7.62
5.54 11.02 14.36 10.03 8.99 3.65 8.99 5.99 4.08 2.71 3.74 15.64 16.05 2.27 12.90 15.16 5.03 17.42 16.56 15.12 3.14 11.39 18.06 12.79 9.70 1.49 13.84 2.92 2.28 3.16 15.80 19.97 15.97 10.83 6.11 17.18 12.87 18.83 19.27 20.00 8.02 4.91 7.67 11.47 17.91 15.90 1.42 11.18 12.25 19.96 15.83 16.24 1.73 2.60 2.49 9.15 19.85 19.10 7.57 12.91 19.91 5.12 17.15 15.70 18.45 18.99 1.12 10.60 4.22 1.83 14.30 8.07 5.52 16.16 6.16 19.15 6.08 16.93 9.13 3.93 12.86 8.90
14.77 9.21 1.25 15.47 5.93 6.02 6.13 4.00 13.79 18.14 13.90 17.58 13.75 1.48 7.50 13.24 9.94 7.67 1.23 6.56 3.36 18.64 1.12 18.64 11.77 16.89 3.29 7.26 8.20 6.30 14.12 15.51 1.82 18.65 8.38 16.00 18.47 1.77 18.25 8.67 13.69 2.96 7.57 4.11 14.15 1.41 13.29 12.82 3.87 4.59 12.54 12.92 2.46 12.46 4.81 13.67 6.33 1.97 2.96 16.70 4.89 18.30 13.42 18.75 10.58 13.33 19.72 4.76 4.70 15.05 13.27 14.57 14.64 7.54 3.75 10.97 7.91 1.32 14.22 8.13 10.38 4.75
8.29 15.80 15.50 8.68 10.20 2.61 4.25 2.06 11.08 18.84 7.32 11.10 17.75 12.45 6.67 11.56 2.98 13.12 3.04 11.18 15.52 15.24 3.61 19.89 17.35 6.61 10.19 18.82 18.03 5.09 7.58 10.22 18.53 11.59 2.94 15.54 17.87 14.01 10.27 10.28 9.55 17.79 18.00 19.12 17.73 9.83 4.90 15.16 13.49 1.37 9.11 16.03 17.03 11.87 5.44 4.08 13.24 17.85 10.87 11.54 13.88 13.28 19.35 18.52 14.64 2.80 10.62 3.67 6.89 10.20 11.38 12.10 12.67 16.58 12.05 16.58 16.58 5.25 13.58 15.25 15.84 11.54
6.38 5.63 10.68 8.71 8.03 12.32 2.54 16.42 13.87 17.64 12.05 8.41 17.69 4.03 5.87 14.26 9.93 15.10 8.95 2.24 8.60 19.42 4.97 6.25 10.05 14.41 13.03 7.05 6.71 14.28 4.69 8.33 13.59 2.07 16.09 19.70 19.11 11.21 18.28 18.12 9.87 1.21 10.63 9.61 3.00 3.08 1.45 9.64 6.54 7.86 1.79 11.02 17.80 14.38 12.22 10.40 18.49 14.57 15.28 19.91 4.61 5.94 15.31 11.69 10.94 7.03 8.56 9.47 7.69 6.99 12.07 12.49 1.49 18.69 5.31 7.36 5.78 7.67 9.00 16.65 1.75 9.06
17.75 12.03 4.71 17.78 18.22 13.82 6.18 3.11 13.13 18.38 9.25 12.16 17.22 16.73 10.68 7.97 15.34 7.27 7.21 14.45 15.80 3.01 19.61 6.53 13.86 7.11 16.58 6.53 11.56 15.27 3.35 13.08 11.17 15.40 3.65 11.70 4.35 5.99 17.04 2.38 6.69 1.88 6.08 4.56 6.15 8.73 11.75 2.78 6.71 16.41 12.58 14.76 19.71 10.20 1.27 18.41 8.24 11.73 6.67 16.85 7.01 16.84 16.35 10.39 7.85 3.84 9.20 17.85 19.47 8.08 17.83 3.96 12.73 15.63 10.04 13.49 14.00 10.12 11.84 11.45 5.23 2.62
3.63 11.84 6.71 8.86 2.08 9.23 5.37 11.53 14.54 7.39 19.81 14.20 2.06 19.10 13.74 15.61 18.53 7.42 13.00 6.70 17.89 15.45 8.99 12.57 9.04 6.21 17.61 9.27 19.74 8.80 2.86 17.27 7.98 1.87 4.90 6.55 1.98 3.87 10.67 7.47 19.55 18.28 15.85 10.98 18.38 4.75 7.52 18.26 18.59 12.47 8.26 3.93 8.15 17.47 14.06 2.26 13.82 6.11 14.77 15.41 13.69 9.08 17.08 18.76 17.90 3.75 18.93 19.24 12.59 13.55 18.57 17.34 18.41 11.66 15.02 12.43 11.74 7.75 5.46 9.41 3.22 19.21
10.45 1.14 9.43 3.70 6.89 15.30 12.46 3.60 19.74 10.79 13.02 12.35 9.14 9.73 1.70 3.19 4.91 3.05 17.24 8.38 19.09 13.14 2.05 18.73 14.61 3.71 8.79 17.27 1.67 3.30 2.62 14.93 13.78 16.21 12.03 7.04 5.21 4.17 8.24 13.87 17.01 8.38 4.73 12.58 4.16 17.99 18.05 3.80 7.37 3.65 10.44 13.37 2.55 17.43 8.71 11.60 3.27 4.37 2.56 11.92 11.60 1.24 1.32 14.20 3.12 4.66 17.52 4.03 18.45 18.21 17.12 19.28 14.07 1.70 5.31 9.90 15.19 9.81 7.90 1.59 13.63 5.23
2.45 1.31 2.00 19.35 6.33 13.44 11.60 6.76 5.17 13.15 4.23 7.99 13.15 3.88 11.63 1.50 9.15 1.55 11.21 4.20 16.97 17.12 16.77 10.57 19.33 8.89 11.26 8.22 1.10 9.29 10.14 14.34 18.79 3.92 17.50 14.01 4.18 19.71 11.52 14.22 5.16 2.68 10.49 10.34 18.45 9.83 15.95 15.53 11.86 18.81 4.26 11.22 4.97 11.13 7.21 8.41 9.42 4.28 14.90 4.21 1.06 14.80 4.01 16.65 3.37 5.50 2.11 7.22 12.49 5.64 4.01 9.85 13.34 19.39 1.70 3.35 11.69 11.21 3.76 16.67 9.10 14.97
15.24 6.84 5.60 8.82 5.40 8.19 17.76 3.79 4.78 11.75 16.51 14.51 3.07 7.27 6.33 19.05 19.00 17.84 7.70 1.20 8.39 2.50 18.34 7.79 14.20 14.75 14.86 9.16 11.34 16.64 8.80 1.96 1.42 2.92 16.12 12.96 18.98 7.83 8.41 1.71 6.11 6.86 5.20 13.18 17.07 15.02 6.19 1.83 5.28 10.02 10.53 1.31 14.91 6.77 4.14 17.22 7.85 7.53 5.56 19.54 8.24 13.36 18.60 3.08 18.44 3.85 13.74 18.73 13.85 11.54 4.23 3.04 12.93 7.24 16.79 19.87 8.73 3.54 12.83 9.49 8.47 2.32
19.04 16.06 10.96 1.39 12.99 9.42 12.96 18.81 19.64 11.49 16.50 18.37 4.69 10.50 11.98 7.14 17.95 11.50 17.12 7.92 13.78 8.06 13.90 9.62 3.22 7.12 11.02 15.75 7.32 7.18 12.44 9.64 17.75 12.89 1.44 8.78 14.37 10.74 7.83 5.37 1.17 2.24 17.21 1.17 12.88 15.78 5.99 7.10 4.87 10.91 8.96 5.49 18.21 10.94 11.42 9.05 16.87 5.66 3.15 7.26 14.96 9.94 17.10 19.63 12.73 3.78 17.96 9.77 1.96 9.31 11.97 11.31 5.59 12.99 5.55 16.92 5.75 8.75 9.04 19.42 9.11 11.13
4.06 5.47 4.29 14.03 4.29 10.25 2.24 10.61 8.72 15.54 5.97 4.52 18.33 18.36 6.38 10.91 2.68 10.71 5.89 17.64 15.62 18.50 14.02 1.39 15.33 10.90 8.22 1.67 18.94 5.77 14.79 13.76 3.23 3.78 9.87 10.69 18.89 5.96 18.14 11.26 12.89 18.91 8.73 13.50 11.05 4.81 3.80 16.70 2.51 11.14 10.18 17.23 1.67 11.09 13.33 19.47 3.88 5.39 9.96 18.58 15.45 6.33 17.48 1.27 1.35 11.59 10.24 18.09 10.70 4.49 2.15 13.20 11.58 9.47 18.20 15.57 7.36 2.44 8.61 2.48 11.79 1.03
12.25 5.40 5.68 10.47 16.43 16.79 7.71 5.92 8.65 19.14 12.38 17.25 5.50 13.10 19.00 14.32 7.14 16.18 6.18 2.88 13.57 2.27 18.65 17.39 10.40 13.46 4.79 13.46 18.68 12.53 14.45 3.50 2.39 9.42 19.43 9.34 17.55 18.19 11.37 7.69 5.25 2.27 2.35 11.76 14.75 19.14 10.96 2.96 2.67 18.33 2.31 9.89 12.60 6.76 19.60 19.37 19.40 7.06 12.26 5.00 18.37 16.53 10.55 6.64 5.08 12.97 5.62 4.19 18.19 6.45 7.70 13.68 8.35 6.00 1.50 13.93 4.49 6.27 15.45 4.79 18.41 16.09
9.04 2.69 16.88 14.96 10.68 19.14 1.35 3.43 10.69 10.86 7.89 9.61 11.51 16.01 9.75 19.32 8.76 10.99 1.07 6.72 9.56 2.54 7.21 10.53 14.03 13.45 13.54 10.95 13.97 1.27 1.25 11.33 5.34 13.14 18.15 6.55 13.26 6.74 18.20 17.56 13.51 14.79 15.35 7.79 10.39 18.98 19.33 7.53 9.10 3.44 16.48 12.30 16.35 2.07 6.81 1.82 10.44 14.34 15.00 3.61 17.48 17.18 7.27 1.78 5.71 11.82 5.21 14.77 17.64 3.55 18.69 11.76 8.68 3.21 17.09 9.59 1.59 15.00 12.05 17.16 17.72 1.78
14.85 6.81 9.52 8.03 18.92 6.07 10.54 10.19 5.84 14.01 14.06 19.38 16.29 18.27 12.41 6.59 18.76 16.33 7.69 6.08 15.48 5.64 11.37 17.40 18.92 13.32 19.24 3.18 13.45 9.29 18.01 4.53 19.35 8.27 9.97 12.15 18.84 15.66 6.55 13.28 9.14 15.41 6.86 17.82 17.62 18.13 5.97 2.43 19.61 17.29 8.89 19.96 19.29 17.73 5.29 11.08 8.85 8.62 10.03 15.14 15.53 1.56 3.18 8.13 14.82 9.05 17.27 3.27 1.25 8.11 18.75 3.40 14.67 8.08 10.90 13.00 6.73 5.33 13.31 1.51 1.09 18.83
15.77 14.86 1.34 9.28 9.04 15.03 3.16 6.21 11.72 12.36 2.79 18.95 12.71 15.59 17.91 16.82 13.46 2.50 12.67 19.68 19.38 3.09 6.14 5.98 15.39 3.50 3.70 19.84 16.72 4.61 15.83 11.11 6.57 3.92 10.31 5.51 1.73 1.61 18.87 18.54 3.98 1.32 1.98 15.93 2.23 5.22 2.70 8.68 8.58 7.33 5.47 8.32 12.82 9.57 17.07 2.24 2.71 9.04 2.03 2.68 1.97 14.42 15.62 13.07 16.60 12.13 8.47 16.98 8.86 1.13 11.50 19.50 4.20 5.09 11.98 13.78 12.36 10.21 5.02 16.80 6.53 14.72
16.38 3.81 4.21 10.31 16.52 6.18 6.92 17.89 3.34 16.06 12.12 9.22 12.48 14.50 17.30 17.75 13.79 12.65 16.42 10.17 12.81 16.30 12.25 14.10 6.44 8.76 15.59 1.41 8.67 11.56 19.53 11.95 4.14 15.94 4.25 15.24 18.61 12.78 9.85 12.19 14.87 19.28 8.18 13.98 17.04 18.45 17.10 1.34 18.37 7.57 1.50 12.95 19.17 14.73 5.30 1.92 4.12 2.81 18.91 1.68 17.38 16.91 4.83 1.12 12.82 1.72 8.81 7.61 16.62 7.94 3.62 7.21 4.98 16.45 19.28 5.32 12.90 1.62 6.90 3.28 3.57 11.95
7.60 7.42 1.85 14.50 2.76 8.87 17.16 6.29 13.25 19.61 9.44 3.97 9.43 19.21 16.78 17.30 15.71 11.62 4.55 9.94 9.80 1.51 14.44 16.98 6.58 4.77 15.87 1.49 11.59 18.02 5.91 12.46 7.72 9.28 12.90 7.28 18.03 11.66 12.03 10.81 13.41 7.09 1.74 9.84 11.52 13.86 4.61 9.80 13.80 10.33 17.37 8.28 3.81 5.07 14.31 5.49 13.30 3.89 13.65 10.31 6.92 19.83 13.41 10.59 4.98 1.33 1.80 11.06 6.71 5.16 17.94 10.06 13.14 2.09 8.73 3.23 2.03 16.23 12.11 5.85 1.58 10.10
18.88 18.65 5.67 7.90 11.13 4.97 18.81 14.51 4.50 9.15 15.31 10.49 8.93 13.16 13.71 19.21 13.81 13.50 3.42 4.26 7.65 18.55 18.70 4.20 19.87 9.21 1.45 11.84 12.17 5.85 14.81 11.56 8.56 3.87 16.22 4.37 12.29 18.48 8.85 7.90 12.55 1.95 5.46 7.92 14.65 12.00 11.62 11.22 13.53 8.00 6.48 18.32 3.42 9.94 17.17 1.28 14.16 3.02 12.41 2.11 5.24 11.40 7.60 1.55 14.33 16.03 13.24 9.81 15.07 19.93 9.35 14.67 3.42 4.59 4.82 4.20 2.96 2.26 10.96 14.99 13.41 18.03
5.95 8.87 1.69 7.36 12.77 12.80 19.21 8.79 6.99 17.03 13.75 11.95 4.84 19.34 7.57 10.10 3.39 19.65 17.96 5.47 6.07 14.79 12.59 9.56 4.60 3.95 17.75 9.33 8.55 15.84 3.45 16.83 8.99 6.35 19.42 4.97 4.97 11.28 16.56 14.14 3.02 16.29 2.87 19.79 13.00 10.45 18.82 3.16 2.97 3.44 14.58 7.63 6.43 19.15 13.64 18.21 13.94 4.76 13.07 12.62 15.31 15.24 11.31 13.58 1.55 5.31 13.83 9.43 10.01 8.58 7.16 6.69 1.13 12.83 4.32 4.59 16.58 16.65 11.58 2.13 11.23 11.44
7.14 7.58 9.84 9.60 16.81 12.41 13.14 13.48 10.50 8.28 11.55 11.69 13.01 12.83 14.61 6.89 12.11 15.40 8.47 11.21 17.39 8.58 1.43 5.80 4.61 9.81 11.73 12.36 8.08 2.68 9.83 18.73 14.57 18.64 8.54 3.54 8.17 7.52 14.17 9.22 6.86 18.51 1.78 17.53 16.98 17.92 14.35 3.79 18.04 5.44 17.07 10.29 3.08 17.82 8.06 19.24 11.77 5.16 4.99 10.58 3.12 10.24 8.43 7.53 17.44 17.10 7.58 6.36 7.12 5.31 2.24 7.05 2.30 3.74 1.12 12.82 16.44 10.27 10.41 18.64 4.31 6.82
11.19 7.13 5.19 7.09 8.45 9.22 18.59 7.85 11.32 14.80 5.60 18.16 14.05 3.17 19.71 8.01 14.40 6.69 17.43 16.73 19.28 18.17 7.07 14.47 14.25 14.86 7.63 9.98 18.32 11.35 15.45 15.01 8.52 5.13 16.06 5.62 3.26 4.29 14.33 2.24 8.70 4.64 17.41 13.04 4.85 12.91 13.96 5.18 9.63 3.39 11.43 11.53 15.59 15.86 12.53 16.12 14.56 2.88 11.69 18.87 11.47 1.91 6.21 2.78 4.17 8.03 9.97 16.82 8.65 7.18 3.74 10.67 18.27 19.70 2.63 6.16 1.19 11.79 13.30 3.28 3.91 6.41
2.58 1.81 16.91 1.66 13.28 15.61 3.78 6.63 13.09 4.61 10.51 3.34 9.98 18.80 4.95 11.16 11.03 17.18 1.68 8.41 5.48 7.71 1.88 13.40 1.44 19.24 13.58 14.09 5.59 17.12 10.81 7.86 16.88 4.83 17.41 3.08 6.70 19.89 19.01 12.04 16.78 10.74 14.51 9.10 12.53 10.93 10.21 17.80 7.77 14.92 3.02 3.84 10.67 6.22 8.17 4.10 1.68 7.92 1.23 9.62 19.87 16.79 4.63 3.66 3.55 11.42 14.32 15.01 3.34 15.62 5.52 13.40 10.30 2.59 7.04 15.58 16.17 11.04 11.43 12.60 14.96 1.55
18.65 17.48 3.42 19.51 8.71 2.70 8.59 2.48 1.33 16.74 10.28 16.16 4.43 8.70 14.29 1.26 1.63 1.24 5.75 4.31 14.70 7.15 10.77 15.22 12.79 5.91 16.81 3.71 7.76 6.91 19.93 4.68 18.67 6.35 12.09 4.17 7.94 5.06 18.90 18.88 10.35 16.60 19.01 9.95 9.99 15.41 2.24 7.44 9.49 5.23 18.15 18.88 9.34 12.81 3.64 12.64 6.80 15.72 19.16 11.89 2.13 10.25 18.26 11.59 7.80 16.77 19.47 11.35 10.22 13.34 18.37 8.97 12.21 9.80 15.06 16.80 18.48 7.81 5.70 13.14 7.03 12.08
8.79 7.49 11.43 1.10 13.67 16.07 10.00 9.20 2.61 18.88 3.66 19.31 10.28 17.73 3.23 2.09 18.50 4.25 12.88 11.02 5.51 2.15 6.60 13.01 15.82 13.67 10.48 1.22 12.24 2.33 9.85 10.24 17.82 9.36 3.88 18.52 6.75 14.40 15.64 7.78 15.72 4.98 5.77 14.97 14.43 19.15 19.95 4.24 14.61 10.59 1.86 16.03 3.41 15.80 18.62 5.54 19.46 13.01 19.50 11.78 9.43 17.09 2.01 9.53 9.84 8.37 12.42 7.10 17.70 4.14 10.50 6.38 3.38 14.06 18.11 2.09 13.39 2.56 8.59 5.97 10.00 15.31
17.79 3.74 7.07 15.50 4.23 19.68 15.96 15.82 10.48 2.70 16.68 4.79 18.27 7.93 7.67 7.80 4.42 12.23 10.53 10.70 5.29 10.32 17.20 2.49 18.38 17.41 15.10 18.12 2.74 14.24 11.47 15.76 14.25 3.80 18.94 18.48 12.77 16.97 8.79 2.55 11.44 3.10 11.64 9.08 9.83 19.77 5.78 5.58 13.37 14.38 17.98 5.34 10.81 11.74 2.86 7.52 12.77 19.42 10.69 19.23 16.88 12.73 12.08 17.02 7.49 10.87 17.53 11.66 10.25 3.45 5.33 6.97 12.18 13.36 15.12 5.52 11.34 8.41 3.23 11.44 9.54 18.92
17.22 15.99 15.73 6.35 19.30 15.03 6.75 4.36 5.40 6.59 10.04 8.31 11.92 15.03 1.35 18.42 18.99 17.72 7.51 4.02 5.54 1.50 11.68 11.63 17.00 18.88 8.76 3.90 4.72 10.88 12.53 9.90 4.82 19.06 13.56 1.87 17.07 18.54 16.30 9.87 5.56 8.47 7.44 1.24 18.25 2.46 5.73 12.74 4.72 6.80 19.48 5.68 14.38 11.79 17.67 14.81 12.03 14.97 15.21 16.76 18.68 5.46 14.46 9.77 11.51 11.05 3.21 5.65 11.58 14.37 13.69 5.46 16.66 4.03 17.15 7.07 12.31 17.29 19.48 1.73 6.31 15.56
4.00 10.37 11.85 16.26 5.41 16.96 9.98 9.75 13.14 8.06 10.14 16.07 4.56 14.26 16.30 10.59 2.40 5.32 10.49 10.94 13.92 19.66 12.84 15.81 10.12 8.91 3.35 7.39 12.89 4.48 1.11 2.65 1.21 15.15 13.35 19.33 12.14 14.00 2.61 6.26 19.42 16.22 9.37 10.13 16.92 12.26 17.21 8.64 18.27 18.51 14.27 18.46 1.24 2.37 10.59 15.44 8.13 17.32 5.45 14.08 11.43 18.79 18.97 13.26 13.25 7.44 8.63 14.94 3.54 1.15 1.38 14.14 4.06 18.56 6.59 3.61 18.40 4.21 4.85 10.92 6.99 10.69
2.08 1.63 15.52 2.06 19.25 9.72 5.69 9.70 1.17 12.35 4.17 18.76 3.44 5.08 11.10 14.40 15.01 9.80 3.85 12.44 12.32 4.90 7.26 9.12 11.76 4.64 13.96 2.01 4.30 17.68 2.12 10.91 12.85 1.76 17.57 4.56 18.08 2.05 19.77 18.18 15.05 7.76 14.57 1.89 13.35 5.25 14.57 6.26 4.61 5.70 6.82 1.12 15.39 3.58 3.33 10.37 15.76 10.52 2.65 15.86 19.14 14.23 4.49 3.84 19.73 6.80 10.25 16.30 16.79 19.75 18.45 13.82 10.24 9.83 14.63 9.72 4.91 2.48 4.48 9.16 1.42 18.73
3.62 13.65 19.36 14.60 8.31 16.46 10.34 14.37 15.93 5.72 3.98 8.73 12.76 1.49 14.15 18.79 11.36 15.36 9.88 8.47 1.46 14.13 6.01 19.64 11.86 11.92 8.00 7.15 7.66 18.59 2.42 6.80 10.81 1.92 3.22 17.72 10.63 1.74 2.11 2.28 9.95 3.06 10.81 6.49 3.77 5.53 17.32 1.93 9.26 6.31 11.40 17.01 10.44 6.29 9.47 10.55 5.50 17.96 1.73 6.34 12.13 19.04 17.63 16.79 9.36 13.34 8.99 18.08 11.55 17.64 19.61 9.87 4.23 17.58 14.92 4.86 5.57 1.91 10.59 7.93 19.23 14.80
8.46 1.69 6.73 3.85 2.17 14.28 6.01 5.29 15.16 11.38 11.36 1.90 13.54 18.17 14.11 9.12 3.46 19.40 14.96 14.63 18.05 3.29 16.16 12.33 3.31 15.55 7.39 19.05 6.40 16.33 17.28 16.64 2.92 16.38 7.89 17.77 13.74 1.64 14.16 2.82 6.95 10.05 14.91 19.13 1.45 11.41 13.83 17.00 6.33 5.96 4.32 2.10 8.02 1.47 4.96 12.11 19.76 9.53 9.78 1.20 11.90 3.41 17.68 12.28 13.98 16.45 3.78 13.79 16.96 7.17 14.16 9.78 17.40 11.29 16.84 4.58 8.96 18.52 13.88 18.95 13.13 1.74
19.76 7.80 18.14 18.09 2.67 8.48 18.24 17.81 8.84 6.14 17.55 2.95 8.44 2.29 5.63 2.51 1.68 10.03 11.89 1.87 11.07 5.21 14.20 9.47 11.34 6.01 5.50 12.34 19.66 1.08 18.77 16.58 10.82 12.49 3.67 5.36 16.03 10.87 15.77 4.27 2.63 4.23 16.91 19.58 5.30 11.20 8.47 19.97 18.41 2.13 1.09 10.18 15.85 4.46 3.23 12.89 5.47 2.61 1.80 7.36 4.81 3.09 16.79 16.47 12.62 2.82 1.75 6.95 19.97 17.05 3.24 15.58 17.64 3.88 13.60 6.43 4.12 16.47 3.36 3.96 8.11 4.74
14.65 19.60 19.03 5.07 13.73 17.20 19.70 17.72 8.61 13.02 16.39 4.26 15.51 3.28 9.68 18.06 16.62 6.20 13.02 7.61 3.20 16.72 1.26 17.77 3.26 18.25 15.78 8.45 16.08 7.66 18.63 15.78 13.69 19.46 3.82 14.87 18.77 12.43 13.38 7.81 5.21 7.50 7.49 8.05 6.45 15.41 3.29 1.14 12.67 1.70 1.50 3.20 10.05 4.39 16.41 8.64 7.12 17.40 19.09 16.35 12.62 14.47 17.39 15.44 9.18 17.69 11.30 9.88 4.43 3.82 2.44 5.75 6.67 11.59 9.89 18.75 8.84 1.67 15.34 3.76 15.75 8.15
6.32 5.77 19.42 15.51 9.48 15.49 3.46 3.55 12.14 16.59 12.80 11.03 13.91 15.10 9.46 7.48 16.41 3.78 5.12 5.38 9.19 15.97 10.76 9.47 6.02 15.55 13.29 3.02 4.75 11.53 12.68 16.84 10.91 6.97 3.11 13.70 16.43 6.18 13.45 4.28 15.16 12.36 3.08 6.73 15.44 10.99 13.03 11.17 1.44 6.09 1.09 4.81 13.16 10.64 6.69 1.72 13.13 18.27 3.38 18.45 7.23 6.63 11.63 8.74 10.00 10.98 9.37 9.64 6.35 15.21 11.97 5.26 7.82 19.55 9.43 6.40 17.68 1.14 16.65 16.54 6.79 17.55
12.41 1.40 14.61 18.84 12.94 5.14 11.08 8.41 19.54 1.63 9.54 3.09 2.35 11.72 15.99 10.58 5.01 3.36 13.30 1.48 16.51 1.25 2.71 13.95 13.93 5.51 9.19 3.51 19.68 7.34 18.66 6.72 8.93 4.82 9.71 18.53 11.26 12.71 9.64 10.92 8.88 3.02 14.27 3.88 6.23 19.17 17.07 12.52 16.16 14.55 1.99 19.64 11.76 11.19 13.28 2.03 10.12 4.50 9.28 19.46 18.51 16.25 9.47 17.71 6.54 16.40 2.17 6.72 7.10 2.33 16.62 3.93 18.96 2.32 14.07 2.70 19.25 3.24 12.15 18.35 6.22 10.40
