1000 1000
229 338 967 411 166 694 436 18 173 708 263 739 661 310 693 683 774 822 115 601 815 577 878 679 559 698 753 562 865 73 179 467 267 519 771 857 817 438 106 182 746 194 647 333 153 176 38 384 911 137 370 971 410 137 263 990 160 882 744 800 240 108 230 642 463 43 2 479 559 314 514 200 317 93 165 418 364 579 520 2 165 32 801 704 4 423 723 434 875 650 93 311 430 578 15 200 786 37 976 705 865 889 751 427 349 872 464 689 217 855 505 211 460 602 881 534 233 913 693 532 489 17 318 38 994 220 483 299 555 679 505 775 83 322 896 30 326 840 628 481 17 535 295 46 288 58 23 810 22 646 338 116 82 714 644 640 80 823 150 704 314 200 40 232 249 33 758 772 140 88 935 912 181 458 363 417 992 569 800 33 855 192 802 237 123 368 116 596 572 983 865 214 909 102 162 239 972 605 79 820 203 857 648 482 218 550 547 218 839 395 551 655 167 114 507 528 128 390 160 736 789 386 942 18 800 774 844 807 162 368 242 118 708 844 717 998 250 69 664 406 197 7 438 812 139 455 504 929 293 336 800 161 759 223 827 449 69 931 824 823 748 368 640 437 26 112 844 123 830 272 235 899 982 597 44 90 115 571 828 158 873 756 215 173 763 911 318 935 687 466 130 612 455 251 885 965 290 57 539 528 9 491 911 62 327 306 916 199 803 4 721 133 886 163 384 720 627 410 550 410 1000 919 506 557 275 66 10 27 862 318 529 885 983 357 570 84 551 765 206 885 2 662 306 595 323 202 871 403 41 292 268 861 960 860 243 103 661 863 334 709 694 698 75 275 626 393 845 979 456 27 674 237 279 299 878 29 780 892 638 364 605 184 194 839 228 174 270 908 694 293 614 808 297 377 943 237 453 88 335 311 986 182 655 758 241 810 931 405 236 841 662 785 17 365 763 769 124 262 637 360 824 195 71 953 481 676 152 365 882 738 808 231 119 159 694 845 81 904 749 933 715 955 696 316 646 357 426 480 925 347 703 702 747 301 638 87 541 886 96 886 694 423 387 418 105 553 513 77 816 180 338 268 39 677 988 664 456 452 354 178 820 305 872 372 648 301 686 128 184 790 310 415 743 9 248 598 293 668 941 659 223 851 572 154 447 873 787 167 196 756 792 981 713 764 11 605 225 511 337 65 559 397 971 965 468 146 127 264 724 533 777 807 185 155 469 518 22 680 542 591 745 258 833 69 541 627 171 16 399 242 162 849 375 268 604 313 229 501 661 147 884 488 950 816 118 415 966 452 359 176 198 313 915 99 237 590 936 383 660 276 249 900 827 368 687 288 302 228 503 495 209 285 609 85 722 894 135 786 150 609 379 928 37 468 594 866 850 895 458 916 292 243 65 554 670 939 319 127 504 406 688 760 17 233 967 534 374 350 602 553 311 414 822 239 992 24 628 941 560 791 472 468 878 550 996 68 774 116 436 5 520 962 375 769 721 540 524 3 814 543 390 535 682 42 427 795 571 749 567 777 206 671 288 625 78 707 512 641 887 542 317 762 75 803 959 261 68 754 778 53 348 793 442 906 989 213 406 35 14 845 740 609 284 232 329 416 786 927 975 390 228 229 171 936 54 69 754 328 742 994 257 976 311 967 764 338 537 45 948 301 457 829 409 104 290 45 876 423 7 662 986 470 10 963 941 109 753 398 825 36 898 215 874 34 85 660 9 218 834 691 901 503 76 866 870 429 825 208 474 283 420 808 484 607 206 943 306 269 371 857 960 944 243 374 374 828 542 790 853 835 59 761 151 16 730 379 84 979 946 769 691 232 656 839 998 986 614 423 41 936 938 404 81 829 833 303 974 529 995 95 172 405 929 185 564 131 556 426 664 24 952 12 17 17 735 683 456 148 200 57 873 987 338 732 530 846 821 862 182 476 820 882 878 232 487 117 720 832 19 986 25 983 817 383 862 177 538 29 819 362 310 221 778 832 238 91 493 799 488 586 301 933 796 936 899 873 284 776 878 313 315 107 987 705 899 489 772 194 721 360 197 233 550 565 628 53 467 150 176 434 568 868 674 620 735 959 469 573 947 711 411 698 256 994 391 38 412 989 877 269 836 817 804 989 704 320 47 953 504 658 324 681 426 567 480 938 965 810 800 483 703 132 49 285 927 694 558 733 556 944 575 260 687 93 709 44 455 461 686 15 274 37 105 223 692 905 525 385 21 205 187 482 411 286 910 977 705 890 67 97 3 675 824 215 481 801 814 736 617 860
change 268 294 109
modify 74 909 335
query 791 901
change 202 611 613
query 947 963
query 510 783
modify 91 429 344
modify 319 885 639
query 796 993
change 287 617 266
modify 478 728 114
change 545 823 861
query 751 859
query 34 356
modify 543 999 572
change 42 727 622
query 50 645
modify 181 472 450
query 387 957
modify 920 939 405
change 124 631 16
modify 512 571 484
change 88 770 955
modify 319 714 262
change 997 998 812
query 961 998
query 207 228
query 735 938
query 809 844
modify 625 970 1000
query 756 853
query 113 894
query 444 621
query 608 924
modify 826 892 909
query 958 958
change 96 174 611
modify 570 935 548
query 700 788
query 751 877
query 526 817
change 166 952 26
query 428 441
modify 8 634 753
change 430 441 546
modify 693 873 957
modify 394 660 531
modify 119 178 707
modify 220 480 620
modify 578 600 302
query 591 688
change 863 872 958
query 937 998
change 643 944 755
change 810 991 459
change 937 996 619
modify 970 988 482
modify 891 911 975
modify 552 950 317
query 786 937
change 610 671 184
change 152 320 845
query 226 733
query 376 503
query 959 961
change 134 916 963
change 702 726 984
query 982 997
modify 432 511 892
query 970 984
query 26 315
change 959 971 86
modify 650 931 535
change 407 577 558
change 298 846 103
change 241 758 398
modify 192 243 16
change 443 493 516
modify 993 999 747
change 127 243 674
query 75 138
query 785 966
query 886 992
modify 174 625 356
change 366 546 562
modify 491 612 7
change 669 904 402
change 869 883 755
query 19 616
change 794 799 914
modify 365 777 912
query 231 680
query 983 985
modify 310 317 980
modify 47 609 317
modify 207 855 489
query 778 801
modify 362 563 2
modify 663 931 319
query 966 970
change 673 986 508
modify 113 324 254
change 333 804 297
change 305 545 259
change 946 951 401
query 141 393
query 534 690
change 609 781 263
change 618 674 666
change 967 1000 428
query 64 791
modify 343 392 525
change 960 988 723
modify 103 579 165
modify 843 906 143
query 950 953
modify 939 983 28
change 752 834 443
query 708 964
query 548 895
query 170 785
query 185 553
change 660 829 712
modify 177 624 165
modify 719 943 795
modify 814 947 799
change 542 792 90
query 621 761
query 201 634
change 871 901 465
query 270 860
change 315 767 747
query 677 833
query 39 331
modify 796 796 507
query 616 632
modify 62 913 105
modify 365 525 426
change 846 944 5
change 622 625 238
query 902 920
query 260 879
change 465 609 864
change 568 838 190
query 655 791
modify 449 700 824
query 621 997
query 782 1000
modify 111 343 356
query 800 931
query 616 779
query 707 807
change 392 897 51
modify 360 896 688
modify 630 890 541
change 543 833 517
query 755 937
modify 483 805 560
modify 638 842 651
change 849 936 972
change 92 803 740
query 595 855
modify 350 762 552
modify 327 990 622
modify 481 741 637
query 392 406
query 394 874
modify 541 799 349
change 152 603 28
modify 626 642 21
modify 811 944 23
modify 932 949 699
query 721 947
change 50 452 516
change 305 835 647
change 565 989 786
change 74 456 411
query 310 809
query 942 984
modify 986 999 606
modify 592 943 223
change 279 556 137
change 156 735 207
query 870 954
modify 828 922 815
change 567 909 679
query 723 857
query 373 540
change 21 726 849
change 113 226 747
change 363 653 38
query 69 176
change 356 835 495
query 329 931
modify 45 474 893
change 167 780 157
query 255 426
query 81 210
query 757 906
modify 372 693 172
modify 290 599 997
change 693 971 805
query 237 617
change 139 142 818
query 295 793
query 152 712
modify 399 821 721
change 658 688 843
change 470 676 871
change 574 719 393
modify 776 962 223
query 724 754
query 167 830
change 188 896 60
modify 89 445 468
modify 357 400 183
change 460 846 817
query 85 319
query 936 978
query 261 637
query 774 882
query 394 1000
modify 384 969 996
change 969 979 277
modify 306 661 327
modify 68 940 211
query 946 989
query 586 985
modify 782 910 881
query 417 821
query 319 576
query 71 133
change 423 564 342
modify 706 897 642
modify 460 694 517
modify 15 992 752
modify 831 839 549
modify 678 930 451
modify 901 933 804
query 345 824
change 244 448 752
change 941 969 156
change 903 977 120
modify 336 558 225
modify 69 380 362
query 53 759
query 588 891
query 528 791
change 373 784 851
query 118 772
query 656 770
change 296 995 938
query 40 278
query 410 659
change 575 797 18
modify 39 966 594
modify 120 233 279
modify 268 639 979
query 377 559
modify 459 843 186
modify 565 583 592
query 492 795
change 856 954 521
query 310 776
change 334 679 473
change 178 273 563
modify 536 942 203
modify 216 279 801
modify 207 486 863
query 12 344
query 59 767
change 544 922 248
modify 338 933 393
query 659 906
modify 208 877 300
modify 947 955 794
change 128 849 737
change 988 999 164
modify 911 948 701
change 172 381 869
modify 229 503 270
modify 227 847 72
query 855 964
query 738 986
modify 365 990 925
modify 832 860 744
query 549 976
modify 740 927 274
modify 885 981 174
modify 17 542 196
modify 557 630 424
modify 88 348 396
query 963 985
modify 569 676 87
query 442 642
change 442 879 935
modify 64 535 508
query 88 201
query 239 883
query 196 669
query 844 897
modify 671 933 594
change 924 944 653
query 499 731
query 759 775
change 453 780 306
change 820 825 241
modify 645 729 88
modify 829 858 849
change 860 999 333
modify 528 690 333
modify 666 745 90
change 821 978 364
change 926 927 7
change 274 914 368
modify 271 633 686
change 701 712 837
modify 370 727 260
modify 324 904 895
change 223 300 570
change 646 863 654
query 317 576
modify 484 836 960
change 89 188 822
query 51 134
modify 258 750 838
modify 659 689 11
modify 872 959 281
modify 648 759 561
query 144 825
change 601 760 761
modify 94 402 821
change 158 227 112
change 361 609 850
change 171 794 548
change 510 922 879
modify 218 741 530
query 473 515
change 317 611 169
query 669 726
query 514 679
change 811 820 631
modify 296 699 756
query 266 358
change 136 346 401
change 347 637 577
modify 738 855 16
modify 380 729 858
modify 698 993 302
modify 432 498 225
query 898 985
query 520 818
query 50 351
change 595 712 740
modify 892 985 146
change 17 800 392
change 575 969 729
change 525 678 186
change 999 999 459
modify 594 751 890
modify 447 592 415
modify 896 981 730
change 525 898 756
change 715 882 399
change 553 694 779
modify 348 720 99
change 382 967 211
change 154 789 34
modify 465 575 317
query 676 780
change 145 972 254
modify 523 590 153
change 975 976 815
modify 230 782 303
modify 573 593 519
change 773 809 569
query 261 995
modify 690 905 215
modify 387 800 233
change 618 740 440
query 73 614
modify 742 979 726
modify 399 649 669
query 881 973
query 109 758
modify 889 997 236
change 884 977 200
query 516 676
modify 185 731 528
modify 831 912 981
query 342 557
modify 655 872 327
query 346 486
query 655 825
change 781 949 875
change 335 567 159
query 955 993
query 772 792
change 704 923 3
modify 300 701 895
query 483 855
modify 28 542 782
modify 331 480 206
change 458 912 44
query 93 839
change 981 982 719
modify 988 998 354
change 375 920 715
query 929 945
modify 250 338 201
change 601 644 705
modify 841 894 893
query 557 948
query 970 981
modify 901 956 155
modify 313 999 543
change 929 989 344
modify 448 712 976
query 568 780
modify 605 763 414
change 728 882 271
modify 328 827 829
query 772 819
change 183 342 61
modify 604 774 762
query 546 671
modify 904 927 30
query 120 896
modify 664 714 928
modify 959 974 166
modify 113 997 144
modify 633 692 453
query 473 657
query 483 967
change 485 872 686
query 24 896
modify 439 656 679
modify 493 512 25
query 292 708
query 726 839
change 995 999 546
query 111 870
change 365 469 234
query 256 764
modify 267 384 920
query 270 878
modify 611 618 624
modify 797 870 713
change 454 858 447
query 272 790
change 543 659 523
query 815 866
change 157 181 950
query 806 941
modify 522 705 58
query 949 952
change 184 414 213
query 484 550
modify 904 994 627
query 805 918
query 304 996
query 935 971
change 960 998 659
modify 91 210 299
change 403 576 469
modify 18 693 780
query 547 834
query 698 860
change 564 571 584
change 145 507 298
query 856 953
query 463 536
modify 961 989 523
modify 778 953 340
query 782 832
modify 578 910 251
modify 914 953 336
change 169 607 890
change 262 306 785
change 878 945 459
change 814 861 717
change 814 955 479
modify 357 726 291
query 732 972
modify 849 984 42
change 416 522 806
modify 125 314 675
query 1 662
query 352 492
modify 383 981 271
change 95 693 684
query 205 599
change 685 949 824
change 921 975 698
query 759 966
query 424 574
modify 150 249 607
query 439 663
change 359 761 25
query 401 831
change 872 908 233
modify 629 782 800
modify 882 945 124
change 345 726 136
change 749 994 612
query 668 887
query 929 933
change 969 980 186
change 293 622 515
query 491 863
query 927 994
modify 394 755 287
query 609 662
query 392 964
query 209 980
query 54 112
query 137 656
query 65 294
query 438 695
query 879 890
query 546 635
change 325 823 465
modify 374 853 620
query 10 447
query 186 270
change 347 465 233
modify 196 545 559
modify 720 834 447
query 764 822
query 729 894
change 233 363 239
modify 414 593 913
modify 168 502 337
modify 306 557 68
query 939 979
query 502 938
change 950 987 690
modify 401 725 731
change 473 804 486
modify 929 972 385
modify 4 825 71
modify 807 807 133
query 161 390
change 948 998 48
modify 24 108 493
query 371 531
change 885 980 124
query 265 596
modify 371 791 551
modify 280 830 850
modify 20 565 831
modify 992 1000 405
change 652 662 131
query 516 925
query 402 979
query 808 893
query 991 992
change 11 820 352
change 420 926 208
modify 463 633 323
change 438 697 587
change 897 917 93
change 203 251 112
query 843 953
query 129 510
query 104 122
query 721 777
modify 758 866 598
modify 411 822 347
query 616 652
query 872 908
change 311 594 478
query 904 965
modify 548 579 426
modify 804 858 813
change 772 772 430
query 436 704
query 157 249
modify 447 956 685
query 772 988
change 994 995 318
query 662 947
change 942 964 388
change 838 898 46
query 995 1000
modify 641 831 994
change 327 771 243
modify 657 998 388
change 366 852 769
modify 863 992 980
query 300 530
modify 768 948 323
change 231 319 390
change 231 736 61
modify 592 785 525
change 910 999 810
query 179 486
query 754 1000
modify 886 949 540
query 264 695
query 442 546
change 155 316 490
change 283 913 686
change 619 771 345
modify 974 986 11
modify 257 839 299
change 911 978 861
change 72 715 400
query 511 812
change 706 765 782
modify 243 694 227
query 698 879
modify 185 719 224
query 259 390
query 990 993
query 205 958
change 29 305 603
query 898 979
modify 497 742 202
query 243 615
query 492 886
change 597 944 586
query 845 945
query 756 859
modify 151 784 291
change 197 623 180
modify 118 697 248
change 930 998 330
query 524 794
modify 861 975 981
change 619 671 316
modify 497 820 279
modify 903 936 702
query 627 877
modify 319 855 778
modify 884 907 11
modify 807 922 549
change 787 825 196
modify 592 705 146
query 698 700
query 812 939
modify 436 758 641
modify 358 481 189
modify 477 721 838
change 164 321 750
query 559 828
query 544 746
query 891 987
change 469 780 745
change 609 988 307
change 679 942 301
query 114 268
modify 108 957 202
modify 174 520 274
query 78 260
query 731 948
modify 948 985 408
modify 267 479 896
modify 983 995 231
modify 47 731 653
modify 196 328 801
query 17 607
modify 44 611 704
query 882 899
change 893 974 451
change 632 800 816
change 682 824 957
query 458 660
query 816 945
change 133 614 4
modify 697 948 977
query 955 957
query 771 979
change 541 726 570
change 267 587 524
modify 946 956 629
change 899 966 882
modify 22 35 890
modify 978 992 885
change 328 790 540
query 640 860
modify 531 946 377
change 723 813 726
change 175 598 433
query 799 898
query 483 841
change 719 923 525
change 212 467 214
change 244 991 477
modify 129 465 523
modify 578 966 536
modify 579 710 779
query 354 437
query 519 984
change 987 1000 930
query 955 987
modify 815 971 393
query 293 920
query 483 849
modify 196 772 26
modify 926 998 773
change 909 927 526
query 136 585
change 353 519 777
modify 933 978 276
query 840 905
query 768 885
query 382 560
change 854 947 640
modify 109 509 631
query 834 923
change 91 833 967
query 344 848
change 768 853 508
change 107 789 103
modify 859 897 630
query 545 716
change 699 893 598
change 183 299 640
query 858 877
query 504 629
query 526 918
modify 683 770 428
modify 392 771 589
modify 169 710 641
change 880 994 35
modify 47 201 821
modify 318 990 282
change 578 609 539
modify 781 863 659
query 348 692
change 437 538 367
query 527 752
modify 879 940 509
modify 213 711 401
modify 545 801 457
change 640 984 8
query 807 866
query 646 871
query 738 897
query 141 744
modify 471 903 114
query 43 598
modify 304 764 458
modify 857 993 921
modify 49 793 901
query 777 814
modify 477 881 534
modify 128 335 879
modify 545 591 589
change 934 968 646
modify 790 936 245
change 732 792 577
query 183 742
query 172 766
modify 932 975 120
change 21 287 679
modify 131 591 553
query 272 567
change 274 490 778
change 922 955 737
change 542 673 701
change 832 900 497
change 162 502 640
modify 715 898 604
modify 967 1000 981
change 866 949 946
modify 726 825 284
query 712 960
change 872 976 441
change 21 762 796
modify 176 263 729
change 465 748 468
query 702 902
query 709 711
modify 336 580 370
query 250 732
query 336 788
change 73 363 746
change 185 660 340
query 199 205
modify 171 582 984
modify 182 937 329
modify 273 291 50
modify 912 984 377
query 240 612
query 994 995
query 241 483
query 691 770
change 822 977 160
query 591 876
modify 43 426 425
query 879 903
modify 529 575 53
change 916 917 457
query 941 996
query 798 941
change 170 316 251
query 630 874
query 559 629
change 562 946 625
modify 794 855 778
query 899 969
modify 174 928 684
modify 667 985 124
change 34 915 127
change 99 155 25
query 18 708
change 483 710 656
modify 371 908 581
query 497 989
change 144 836 502
change 942 999 497
modify 858 899 178
query 704 963
query 280 549
modify 167 813 302
query 59 599
modify 839 936 616
change 341 589 778
modify 488 894 119
modify 499 991 732
change 53 394 481
query 236 967
modify 853 989 53
modify 769 838 529
query 441 828
query 511 534
query 895 973
modify 430 592 973
query 12 981
query 297 693
query 960 974
change 238 502 137
change 746 870 21
modify 356 648 785
modify 806 992 300
change 534 918 639
query 790 807
query 825 948
query 372 500
change 503 685 358
change 322 498 852
query 434 963
change 612 839 55
modify 64 973 222
change 562 789 283
modify 352 654 926
modify 264 643 634
query 873 979
modify 353 595 311
change 321 876 563
change 806 917 967
change 650 801 690
query 157 440
modify 179 711 762
change 425 479 838
query 469 568
modify 503 553 995
change 638 670 503
modify 303 557 531
query 901 990
modify 840 994 285
change 337 463 572
modify 453 619 683
change 781 962 69
modify 218 523 667
change 256 401 310
change 186 360 834
change 380 710 653
modify 326 420 430
change 558 865 979
query 954 984
query 619 813
change 56 602 107
change 475 787 647
modify 331 456 445
change 349 522 695
change 578 701 25
modify 715 890 380
query 674 958
query 889 992
change 847 866 817
change 516 606 785
query 531 989
query 248 296
change 135 277 749
change 850 935 648
change 318 418 178
query 382 686
modify 908 952 822
modify 132 313 665
modify 796 863 982
query 435 826
change 325 833 736
modify 693 782 433
modify 558 853 857
modify 96 886 970
query 267 858
query 366 498
modify 179 284 450
modify 400 645 607
modify 661 811 504
query 376 764
change 394 406 998
modify 50 938 787
query 618 986
query 568 837
change 273 574 795
query 960 996
query 904 920
query 938 967
modify 879 945 4
modify 2 472 959
modify 86 636 222
change 504 967 925
change 17 198 186
modify 964 978 928
query 401 724
modify 897 956 619
modify 975 988 581
change 379 650 496
change 605 687 114
modify 972 984 425
modify 740 893 627
change 548 664 65
modify 210 882 977
modify 391 783 997
modify 883 925 8
change 265 683 837
query 687 749
modify 582 873 93
change 156 993 213
query 943 970
query 152 876
modify 105 189 4
change 31 997 874
change 699 885 751
change 535 572 815
query 537 936
query 582 974
query 733 922
query 138 612
modify 151 788 119
change 677 956 433
modify 343 683 875
change 347 578 388
query 783 790
query 768 967
modify 376 864 854
query 745 960
query 204 337
change 787 996 946
query 461 893
query 430 564
change 593 782 630
modify 881 907 721
query 492 631
query 177 657
query 903 955
change 333 483 444
change 76 949 256
modify 939 944 359
query 184 604
change 439 769 154
modify 351 960 512
modify 280 605 26
query 256 519
modify 100 962 66
modify 248 396 211
modify 736 791 127
modify 497 741 270
modify 645 898 827
change 833 844 552
query 14 943
modify 578 949 419
query 627 908
modify 386 780 658
modify 43 283 460
query 491 649
change 45 716 523
modify 862 976 516
modify 775 866 456
query 140 288
change 25 314 669
modify 117 971 30
change 433 510 636
query 743 819
change 90 710 505
modify 362 797 141
change 448 463 720
modify 757 846 808
query 942 969
query 929 936
modify 345 592 73
modify 549 782 220
modify 158 283 161
modify 351 519 597
change 90 280 888
query 689 957
