64892
235870
327685
70807
429747
27186
75838
55470
189484
119700
35963
255445
152000
4374
344361
381634
144926
96938
261582
322117
752
121097
52974
339135
140663
35316
14504
698227
14285
23646
33065
92484
38930
153004
24245
19348
96382
812471
211955
618502
49484
12090
129451
518189
150446
247021
439256
314108
70237
1886748
82325
145183
602923
386744
137540
70781
10095
91757
484943
369203
13671
357252
402340
73702
281992
10368
867264
414562
192240
30406
101634
75354
10756
585018
335616
209890
78589
183761
125470
27981
683737
50126
3892
360617
169204
607809
456485
334568
18812
108716
28490
353211
10395
519813
426212
87745
308400
613755
429320
120120
176565
13590
106369
779991
93534
132105
171264
89964
106118
239182
137504
120699
530653
95729
526528
63951
197868
403825
238098
74766
465023
9013
378747
346832
476200
6960
165017
265834
133374
21669
11703
36709
74277
60792
102106
12987
207110
180626
573805
217112
424913
55200
17017
281370
88560
214338
944
48654
210611
248002
130970
264294
1272
92184
1170
1906
771734
781466
661560
192953
252840
995280
1095182
37206
16257
96480
295251
830494
259043
916895
727022
40887
781569
184356
217259
5454
143559
70672
102030
69082
370392
46512
156520
249253
45600
105600
480701
681287
420321
54891
53543
20230
180537
66906
27120
117006
34132
13024
20720
30327
6433
336932
20569
300894
4949
658647
19030
2218
1095818
389320
399008
2383
851103
1050092
102478
46718
8441
211218
10184
35952
221780
92292
30309
3519
22999
126358
74011
28692
72733
11262
92814
4689
234031
101963
144419
60000
199669
408130
763942
189084
866036
200323
534974
627406
306524
400893
323661
27432
74752
232447
942178
655702
4416
14580
32400
6571
61785
71144
943535
279628
8863
708489
9133
1128359
32180
117550
241670
152866
174118
159001
42118
199096
3010
775024
717924
15192
283900
1105577
624601
347532
100043
567335
26850
1039999
4496
41026
581222
804471
2803
136
412
12569
253235
5430
137598
120405
118286
333349
106034
284628
690
540
855
8535
97200
735310
834883
1680
34593
119451
14038
364876
213230
334675
80262
192402
192222
