1000 1000
974 884 1 421 585 749 453 801 194 221 960 129 540 211 651 780 363 452 15 40 64 628 879 142 573 954 434 955 328 859 981 379 464 135 585 483 405 246 889 382 826 456 342 156 14 997 943 657 717 198 203 419 972 103 959 505 277 22 319 962 72 807 968 164 41 25 30 795 876 921 30 240 236 575 181 194 705 877 589 956 607 655 508 572 988 197 806 363 489 588 627 789 239 438 493 837 219 482 353 243 555 251 484 401 652 249 597 889 4 608 138 616 162 930 273 910 150 481 110 869 397 613 919 644 228 142 100 121 707 81 461 600 940 133 221 357 938 906 491 269 374 320 642 813 631 420 405 800 542 589 689 782 673 629 565 727 508 664 871 773 424 115 708 122 901 310 464 659 994 746 739 399 913 415 703 955 93 602 319 400 605 335 535 990 881 901 567 547 169 603 586 988 639 887 997 295 328 810 526 249 520 518 621 143 597 100 779 817 806 514 739 544 261 393 126 966 851 104 735 859 499 212 810 405 381 610 895 142 121 466 208 311 683 428 185 779 313 147 673 549 961 313 88 811 482 868 193 628 626 783 379 793 674 977 994 220 327 392 726 496 924 345 859 517 966 778 594 614 568 897 61 121 456 627 126 279 883 885 498 742 333 629 687 748 241 700 870 414 702 291 576 637 407 974 813 302 250 500 198 448 845 166 183 665 503 887 664 932 560 142 217 543 385 290 308 618 833 73 327 801 902 228 27 307 558 807 733 525 314 334 115 703 228 864 452 917 106 202 204 444 505 69 290 644 482 703 193 858 593 121 769 511 608 791 879 686 454 242 54 40 987 360 738 226 583 327 481 780 693 298 381 343 9 717 903 257 765 687 207 826 903 238 240 406 740 79 501 208 678 447 959 983 280 284 335 682 800 378 428 872 370 426 536 499 990 894 104 942 875 990 157 901 806 80 389 642 983 662 935 104 515 10 691 326 866 901 337 340 804 705 935 912 131 407 766 9 54 526 678 679 569 282 672 65 375 630 671 535 950 916 662 402 116 56 866 839 589 660 104 523 725 546 204 579 550 708 598 47 672 957 452 332 755 310 266 619 556 786 292 655 493 77 42 673 302 814 144 423 63 129 108 911 769 486 591 615 642 477 915 860 675 721 70 590 583 36 524 965 203 500 962 530 761 802 147 237 82 97 918 212 220 732 331 425 909 123 291 561 944 238 284 703 783 938 460 890 362 46 521 533 525 749 469 881 922 39 903 835 153 402 731 282 650 709 554 532 545 296 330 532 532 3 765 892 191 938 153 241 585 925 928 28 86 617 162 998 947 951 840 501 215 290 453 325 599 127 694 369 606 847 520 546 477 934 535 433 883 834 698 961 448 471 447 878 301 552 327 250 366 350 696 428 634 849 400 876 974 171 841 574 471 58 545 181 458 483 34 935 301 746 976 578 740 448 146 394 937 58 134 184 240 400 214 303 860 791 189 716 934 33 685 949 578 77 676 682 970 328 619 989 908 256 363 587 316 601 770 821 942 351 811 252 771 717 827 211 132 306 349 37 490 713 845 108 658 812 79 275 652 623 271 631 909 984 500 212 256 859 479 276 798 20 359 797 253 817 618 417 545 414 757 993 805 201 719 506 375 72 962 375 503 29 626 55 180 227 95 557 863 961 585 239 231 249 767 536 603 694 734 256 824 104 415 183 60 986 785 690 714 337 66 474 245 739 983 820 977 278 835 296 55 284 369 462 16 298 373 9 924 897 247 711 936 806 332 239 326 100 951 200 14 21 187 811 36 830 845 725 896 482 873 96 806 356 111 454 250 447 330 321 284 736 123 579 575 69 520 478 822 338 614 560 305 490 651 696 998 665 870 517 537 315 46 532 976 834 428 800 812 92 781 429 31 477 466 237 708 569 485 612 768 491 445 456 129 913 341 339 558 180 907 703 870 191 789 549 697 679 612 758 796 737 915 236 638 994 236 239 410 611 204 5 143 741 562 470 629 598 474 913 386 802 156 746 607 761 204 417 2 220 890 204 83 397 213 298 358 178 405 237 785 892 645 603 152 597 807 46 150 928 455 377 964 4 267 316 966 484 476 127 632 733 279 443 681 866 499 379 952 287 575 187 658 936 60 962 426 946 349 278 710 213 614 68 321 328 733 670 572 901 348 146 115 733 981 51 854 198 361 603 805 564 524 656 175 379 615 622 438 367 478 168 788 280 766 745 970 655 536 952 430 80 382 698 943 545 941 996 519 352 214 805 560 796 219 438 566 96 20 231
query 926 965
modify 337 731 665
change 73 680 267
change 402 587 100
change 93 299 547
change 324 816 308
query 530 705
change 121 368 120
query 857 896
change 986 997 32
change 784 850 110
modify 797 845 251
change 356 407 281
query 944 994
modify 540 808 808
query 919 993
change 212 269 103
query 649 694
query 313 954
modify 350 925 556
modify 646 887 969
query 698 865
change 775 998 464
change 978 994 868
query 119 603
change 761 996 395
change 911 942 812
query 485 696
modify 248 459 281
modify 255 981 577
modify 774 853 891
change 911 987 293
modify 913 927 861
query 585 995
change 456 942 639
modify 533 784 86
modify 112 327 741
modify 107 581 521
modify 611 811 488
query 26 910
modify 219 495 636
change 882 978 464
change 958 958 273
query 41 195
change 19 582 695
query 709 778
change 912 979 468
modify 530 885 625
modify 852 996 845
change 428 968 178
change 110 583 642
query 497 982
query 941 992
change 695 820 961
change 392 563 225
query 629 846
change 378 793 359
change 952 979 433
modify 8 298 508
change 830 1000 338
query 173 638
modify 494 661 335
query 15 357
query 184 877
query 187 817
query 506 787
change 896 927 763
query 380 922
query 449 681
modify 529 908 299
change 546 691 763
change 905 946 720
modify 170 314 619
change 761 802 741
query 270 873
modify 36 740 221
change 69 594 122
change 394 933 474
modify 938 974 195
modify 410 524 809
query 146 923
modify 815 908 675
query 485 822
query 419 498
query 18 969
modify 611 629 739
change 469 497 535
modify 346 790 349
query 611 712
modify 439 531 459
change 731 841 668
change 950 961 591
modify 92 930 939
change 479 922 879
change 139 467 886
query 918 922
modify 411 444 950
change 907 984 794
change 607 833 492
modify 107 141 630
query 567 668
change 245 746 291
change 701 870 215
modify 38 488 529
modify 191 557 780
query 335 343
modify 502 724 594
change 278 403 929
modify 458 712 57
query 301 593
change 233 274 489
query 483 840
modify 6 598 652
modify 481 998 687
query 284 819
change 272 725 18
modify 405 909 375
query 669 864
modify 297 418 704
modify 250 500 1
modify 388 775 887
change 462 584 209
modify 862 874 835
query 92 766
query 471 495
modify 983 1000 528
modify 55 413 556
modify 898 992 647
modify 385 822 411
change 368 836 490
query 532 763
change 349 878 257
modify 999 1000 874
modify 124 470 232
query 165 278
change 709 846 763
modify 183 903 517
change 960 961 141
change 725 739 765
modify 61 838 868
query 222 965
modify 398 625 562
modify 410 943 102
modify 204 437 291
change 586 805 589
modify 932 985 64
modify 734 739 897
modify 364 369 740
change 482 615 458
query 347 648
change 216 743 254
change 711 819 37
modify 64 851 390
query 305 617
query 766 953
modify 622 816 789
query 204 854
change 293 885 494
query 364 859
query 612 894
change 800 815 950
modify 870 908 840
change 336 592 859
change 973 981 49
change 381 848 278
modify 743 826 815
query 810 933
query 161 221
query 945 980
query 768 942
change 310 999 341
modify 9 800 253
query 409 455
modify 113 273 517
query 936 946
modify 190 776 447
modify 442 570 864
modify 236 449 501
change 442 691 810
change 89 562 996
query 168 496
modify 459 887 553
change 97 245 477
query 709 726
change 902 974 567
change 720 791 877
query 125 748
query 703 846
change 236 790 710
query 502 664
change 861 876 978
modify 28 138 805
modify 609 787 88
modify 264 542 117
modify 308 545 575
change 623 879 815
change 293 368 625
modify 738 758 820
modify 269 910 887
change 47 697 690
query 280 529
change 779 873 689
change 304 665 466
change 376 544 439
modify 352 853 200
change 188 236 800
change 756 836 736
modify 882 968 119
query 948 955
modify 775 967 772
change 511 742 961
query 821 985
change 380 590 772
query 217 543
change 901 927 310
modify 965 987 760
change 680 774 730
query 433 699
change 684 693 680
change 569 892 718
query 753 892
change 807 959 365
modify 656 906 151
modify 970 975 102
query 450 848
modify 550 653 916
modify 691 889 690
modify 549 736 698
query 730 957
query 856 871
change 439 734 927
change 487 916 221
change 677 988 710
modify 604 898 907
change 805 928 261
query 875 970
change 288 976 883
change 906 954 691
change 753 991 879
change 477 903 289
modify 360 363 235
modify 167 251 299
query 643 876
modify 331 339 691
change 17 437 901
query 700 920
change 798 949 390
change 893 998 986
query 318 738
query 787 895
change 782 926 984
change 518 775 247
query 150 524
query 288 489
modify 849 928 588
query 506 981
modify 497 718 812
query 828 839
modify 228 357 924
query 53 294
change 578 751 180
change 387 594 4
query 792 974
query 184 509
query 429 633
modify 884 964 561
modify 262 440 705
query 633 834
query 641 806
modify 872 984 181
query 99 959
modify 324 355 465
change 565 689 777
change 157 866 510
modify 392 768 134
modify 230 937 895
query 912 976
query 462 572
change 287 627 158
change 599 783 498
query 411 934
modify 515 624 633
change 238 456 936
change 669 946 362
query 288 875
change 408 737 34
change 230 701 925
change 430 498 994
modify 976 988 72
query 462 515
change 956 972 873
modify 179 947 745
query 984 992
query 609 724
change 981 981 534
query 620 734
change 951 997 830
query 464 500
change 874 920 595
change 494 587 890
query 702 965
query 488 870
modify 527 884 179
change 146 502 195
query 559 891
modify 694 835 727
modify 399 621 739
change 72 556 301
query 478 988
query 535 845
query 583 811
query 656 793
modify 997 1000 966
change 374 916 663
modify 162 762 338
query 324 964
modify 475 950 598
modify 294 677 733
query 353 843
change 266 650 434
query 759 915
query 116 895
modify 526 841 309
change 867 932 986
change 488 644 513
query 416 447
modify 845 849 861
query 684 917
modify 836 982 927
query 508 635
change 260 934 59
change 559 608 153
change 90 167 70
change 403 575 505
change 963 969 91
modify 295 847 742
change 833 879 857
change 249 838 787
change 682 833 767
query 343 350
change 645 952 905
query 116 328
query 605 736
query 576 880
query 184 822
change 883 970 391
change 469 764 487
modify 835 914 252
modify 267 925 173
query 935 953
change 794 867 158
change 613 696 777
change 946 970 256
change 118 641 76
modify 756 816 578
query 974 998
modify 363 937 865
query 655 784
change 124 225 219
change 63 103 790
modify 542 692 112
modify 19 562 376
query 72 572
change 942 983 854
modify 890 928 500
change 439 938 923
modify 514 960 998
change 332 552 52
query 532 837
change 956 960 435
modify 637 889 30
change 382 421 419
change 218 590 589
change 399 825 757
query 557 683
change 67 168 605
change 253 318 886
change 214 293 550
query 713 870
change 417 559 399
modify 315 995 896
modify 36 556 289
query 790 1000
modify 951 961 572
query 769 905
change 586 631 946
query 708 861
modify 973 995 721
query 737 973
modify 79 930 848
change 80 227 258
change 343 819 855
query 891 984
change 775 862 163
query 84 478
change 802 919 655
change 440 614 406
query 128 636
modify 562 962 258
modify 560 908 333
query 118 366
modify 879 993 699
change 795 831 116
modify 451 970 250
modify 25 774 453
query 946 949
query 237 645
modify 706 861 924
query 540 732
change 351 775 918
change 393 998 390
modify 477 792 917
modify 595 997 183
change 148 741 708
change 237 707 931
modify 589 699 427
query 570 753
query 794 844
change 831 916 622
change 669 723 138
query 206 715
change 694 940 640
change 946 987 605
change 71 266 176
modify 401 408 374
modify 478 539 136
modify 577 801 88
modify 681 732 864
modify 87 322 129
query 256 315
modify 232 759 330
change 677 943 230
modify 517 633 128
change 971 979 648
modify 998 999 199
modify 934 955 268
modify 948 950 405
modify 262 614 757
modify 389 934 156
change 924 977 877
change 489 567 572
change 581 884 322
change 448 791 562
change 442 671 170
change 563 656 749
modify 539 863 932
change 316 327 569
query 859 945
change 189 968 179
modify 394 547 790
query 420 747
query 138 965
query 835 886
change 737 990 633
modify 571 784 801
change 521 522 473
change 55 297 563
modify 844 878 18
query 733 921
change 12 835 295
modify 372 921 937
query 797 921
query 793 965
query 567 808
change 541 765 871
change 559 861 749
modify 624 641 351
modify 767 997 324
change 828 977 791
query 931 999
modify 186 438 126
query 617 737
query 90 202
query 473 934
modify 167 768 378
query 589 602
query 269 774
query 542 979
change 444 725 236
change 66 567 694
change 263 321 673
query 223 989
modify 515 652 938
query 653 952
query 264 329
modify 437 986 100
modify 81 685 419
modify 111 262 410
modify 349 764 545
change 382 708 706
modify 487 701 755
modify 100 538 188
change 320 840 244
change 387 741 557
change 178 511 965
query 600 919
query 338 557
query 514 714
modify 266 852 542
modify 525 901 856
modify 518 645 176
modify 841 987 398
query 101 503
change 60 229 138
query 846 924
query 494 906
modify 164 519 291
modify 180 234 275
modify 954 1000 631
change 196 940 613
modify 976 991 30
query 437 785
query 327 416
modify 540 926 48
modify 880 881 129
query 443 931
modify 973 978 370
change 929 964 279
query 187 212
query 173 891
query 375 599
modify 956 997 135
modify 838 991 108
query 409 805
modify 497 859 767
change 787 985 225
query 787 829
query 842 888
modify 510 525 461
change 698 771 724
change 496 522 939
query 280 314
modify 901 953 458
modify 61 657 497
modify 133 841 631
change 63 607 52
modify 450 910 13
query 746 819
change 197 645 160
query 78 916
modify 45 489 232
query 875 879
modify 720 764 610
change 808 917 478
query 49 229
modify 318 716 37
modify 469 552 530
query 800 920
query 601 652
change 277 977 550
modify 410 421 141
modify 797 877 988
query 583 901
change 340 380 525
change 946 983 879
query 143 588
modify 203 581 294
modify 63 254 460
query 448 515
query 544 962
modify 643 836 680
change 209 601 62
query 893 899
modify 184 845 966
query 936 989
change 249 682 358
change 502 871 939
change 523 777 59
modify 884 932 577
change 415 760 143
change 175 293 397
query 30 475
change 509 619 442
change 555 814 597
query 203 414
modify 398 978 554
modify 595 841 482
change 80 850 588
modify 884 952 570
query 334 674
change 963 987 418
query 271 599
modify 455 709 715
change 966 985 548
query 467 751
change 34 379 96
modify 674 751 937
change 10 462 818
query 432 553
change 443 514 177
change 590 835 843
query 926 964
change 361 370 923
query 779 888
change 744 783 79
change 14 905 617
modify 294 830 317
modify 73 370 541
query 574 601
change 722 810 788
query 745 964
modify 116 563 833
modify 96 628 39
query 755 831
modify 527 940 345
query 464 777
modify 9 990 165
change 196 978 553
query 922 991
change 477 900 272
modify 799 834 858
query 896 972
change 817 875 50
change 606 736 300
change 566 993 831
query 572 694
change 265 707 480
query 994 996
change 700 752 278
modify 162 652 101
change 574 641 566
modify 843 965 897
modify 738 840 825
change 527 679 556
modify 707 874 801
query 462 784
modify 74 904 116
modify 310 422 860
change 426 962 476
modify 126 127 866
change 242 526 640
modify 893 911 544
modify 654 872 61
query 394 905
modify 599 768 949
change 739 909 7
change 800 951 142
query 132 617
query 767 868
modify 26 732 912
change 406 449 307
change 96 893 965
modify 612 844 14
change 879 928 157
query 161 993
query 522 742
query 93 805
change 994 994 273
modify 470 533 395
query 623 651
modify 901 911 687
modify 813 992 107
modify 525 763 834
modify 444 496 49
modify 139 529 992
modify 582 990 493
query 417 859
modify 796 932 216
modify 20 584 158
query 358 917
change 570 641 512
query 572 954
query 254 440
change 965 994 612
modify 654 681 713
query 311 721
change 977 1000 497
query 76 923
modify 505 898 434
modify 669 908 442
query 746 874
change 103 500 764
modify 338 437 498
change 113 509 399
modify 653 785 391
query 670 734
change 122 971 285
modify 961 983 115
query 48 724
modify 866 983 895
query 252 744
query 163 665
modify 950 950 421
modify 978 981 428
change 315 965 277
query 993 999
change 994 995 999
query 666 840
change 47 159 447
query 448 570
change 153 342 507
modify 442 599 626
modify 302 805 312
query 929 936
query 457 866
change 621 872 615
modify 74 421 957
query 490 746
query 915 951
change 445 894 264
modify 217 335 392
change 714 870 227
modify 958 980 699
modify 56 980 341
query 980 996
modify 946 984 437
modify 547 634 680
modify 26 289 116
query 550 656
query 271 715
query 753 755
change 106 109 537
query 597 673
modify 358 682 334
change 604 804 997
change 98 522 96
query 383 472
modify 140 453 79
change 378 452 459
query 902 934
modify 925 939 168
modify 226 634 384
modify 73 732 548
query 433 976
query 636 823
modify 834 895 917
change 281 527 4
query 858 872
modify 442 887 753
modify 755 837 845
modify 567 586 518
modify 244 536 803
change 315 986 799
query 39 255
modify 470 836 376
modify 260 626 906
query 963 966
query 366 513
modify 955 973 382
query 270 614
change 939 944 52
query 242 800
change 381 988 517
change 779 963 692
modify 107 505 140
query 453 967
change 733 894 821
change 162 230 555
query 884 970
query 437 813
query 52 304
query 752 939
modify 450 573 694
change 622 685 137
query 435 450
query 395 728
change 289 339 972
query 588 791
modify 847 936 286
modify 936 943 526
query 39 332
modify 415 910 989
modify 168 957 953
modify 895 903 386
query 864 951
query 49 963
query 276 765
modify 985 990 321
change 774 793 106
change 296 678 808
modify 164 745 903
modify 671 944 344
query 497 766
modify 15 839 574
modify 159 701 513
change 902 970 616
query 290 948
query 346 752
modify 683 969 846
modify 5 825 103
change 358 381 575
change 90 250 535
change 369 721 11
query 871 904
query 802 939
modify 23 802 557
query 147 930
change 954 978 291
change 497 932 493
query 316 408
query 366 764
modify 17 469 383
modify 389 392 814
modify 270 626 50
query 341 809
change 578 945 340
query 590 752
change 92 850 513
query 798 864
query 510 517
change 255 847 323
modify 141 966 429
change 764 994 721
change 611 761 397
change 669 780 594
modify 268 279 630
query 573 740
query 797 807
change 792 967 517
query 901 942
modify 236 638 208
modify 334 633 914
change 137 633 163
change 226 297 399
query 578 881
query 740 967
change 638 895 217
modify 843 942 89
modify 344 974 735
modify 565 703 446
query 812 955
modify 899 979 351
modify 375 982 132
change 830 917 376
query 625 869
change 601 988 74
change 406 496 9
modify 323 539 859
change 416 931 254
modify 220 607 857
change 952 998 712
query 295 349
query 60 971
modify 758 840 384
modify 583 727 947
query 334 895
change 421 974 973
query 59 267
change 657 898 499
change 781 814 142
query 864 986
modify 160 487 549
change 624 648 325
query 977 986
modify 454 464 17
query 435 680
query 268 466
query 928 967
change 752 928 503
change 637 835 865
change 491 906 174
change 940 995 60
modify 22 875 755
modify 372 461 996
modify 898 995 554
query 304 683
modify 718 971 580
change 181 669 93
query 593 926
change 941 974 339
change 103 199 255
query 196 811
change 257 343 523
query 334 645
query 361 384
query 186 873
modify 915 962 799
modify 219 611 889
query 708 948
change 19 580 70
change 94 401 481
modify 862 910 775
change 865 962 604
modify 438 598 700
modify 893 924 313
query 847 851
modify 518 548 826
change 308 772 431
query 991 998
modify 734 774 833
change 906 933 784
change 582 737 286
modify 832 982 621
modify 960 971 381
change 500 816 593
query 186 875
change 927 989 781
modify 545 924 742
query 67 464
change 454 738 329
query 101 111
change 340 909 838
change 551 722 271
change 27 252 689
change 243 601 198
query 371 462
change 66 634 246
change 53 83 941
query 583 592
modify 239 554 698
change 97 347 46
query 807 829
change 220 489 989
query 720 953
change 382 614 171
change 865 924 478
query 442 676
query 471 694
change 914 935 166
change 841 987 710
query 27 881
modify 226 350 827
modify 291 723 239
change 488 881 881
change 667 897 440
change 707 866 819
change 109 306 117
modify 832 880 697
modify 289 996 603
query 408 676
query 973 998
query 368 440
query 513 900
modify 453 698 553
query 140 697
modify 343 813 665
modify 617 861 465
change 535 748 602
modify 737 878 541
change 841 902 705
modify 829 852 248
modify 520 828 382
query 863 942
change 811 1000 576
modify 455 697 150
change 316 740 28
change 189 927 72
change 857 966 771
change 976 981 85
query 850 917
change 473 924 213
query 93 168
change 644 933 290
query 362 736
modify 381 615 50
modify 415 707 696
query 726 769
change 109 574 730
modify 755 981 705
change 643 778 527
modify 671 724 67
modify 116 976 1
query 491 535
query 967 996
modify 464 630 701
modify 258 675 608
modify 98 112 651
change 841 912 150
change 777 885 53
modify 910 987 815
modify 758 884 201
query 876 902
modify 722 876 166
change 475 921 617
query 3 823
query 825 920
query 107 352
change 516 976 394
modify 556 642 848
change 926 959 970
change 719 867 533
change 392 497 638
query 85 272
change 394 694 741
change 59 895 270
modify 675 943 368
query 324 396
change 656 943 129
modify 170 226 274
change 513 726 240
modify 690 872 956
change 410 949 821
modify 377 419 384
change 933 996 743
change 818 889 112
change 513 813 465
query 665 839
query 878 903
change 398 494 258
change 560 591 812
modify 334 595 733
modify 676 756 333
change 970 988 30
query 373 776
modify 158 318 615
query 33 408
query 391 740
query 769 908
change 135 763 533
change 135 739 635
