263363019
224873751
670647959
453681854
356952665
999111488
181145409
62184008
102305533
177897551
712430958
210955262
96664893
181111523
73638304
335577451
100271020
677114063
201157578
263363019
270677510
568077527
617761534
877612954
797174370
588154294
807924765
608010241
842574742
753820317
818213679
976877569
399922050
429335230
831866413
434632843
396510511
617761534
794255343
427797171
251436736
579613132
44490833
327042182
763751678
609360700
275105266
644617855
595934669
397188903
699994496
646679079
415517177
341233007
540285804
799229389
241501252
432566767
875588214
225325439
646679079
772746774
554418427
875588214
379338982
389952143
938249675
31442414
661879431
653697974
834499253
611222880
739894730
115083045
474856675
62184008
798683255
646679079
102305533
291551445
977076838
754346730
44490833
661879431
540270598
552219620
945306317
983956960
462085377
34641658
434632843
684362733
779646632
771066786
299910609
225325439
906153138
882927602
990445251
884711441
865065205
927854819
496900363
453681854
619265866
590025119
243647251
393541467
655382743
244650004
447802344
392322123
427095040
768768493
31168514
498583601
566200961
529258683
719661604
376791941
680535461
494339670
117891708
116803349
330471476
242144657
266195154
69346754
908972028
471542246
520650358
385765555
131814614
895721687
721262731
862216260
465427397
259530439
297370602
969807142
582948406
442296537
668222633
896612175
927854819
626262140
60772719
144633837
818930309
717822074
918249594
71782587
831866413
834029041
629469803
97041753
332774186
549196356
382454842
22672963
881103849
547324844
807329225
621675680
29216611
345525325
886286643
261502860
22672963
569077931
536854108
586969937
659022565
753820317
686898741
739722481
177318548
783805052
690121830
116328838
24884015
410600003
68470432
75328831
679561970
685606757
41827645
582948406
764189509
397188903
621599003
170797566
358990275
414004200
25073433
302798198
587174345
382454842
44912529
376791941
1583373
935842494
29216611
986505188
74840693
243516488
117891708
937585308
337248834
789383274
116328838
608010241
719661604
164065105
342263051
102305533
414004200
131881854
827954483
455697183
180403551
280828732
55191028
202672853
552219620
457095379
223821479
935842494
298748765
132318230
670925903
224407269
68669201
977354571
791432938
175017493
210631124
8709439
88122077
781701887
817496717
280863916
558111876
800993290
695766516
465912934
663027618
250395685
826043318
462085377
685606757
180403551
270278855
232975075
536564620
505562271
964231092
686898741
813747168
580364713
896612175
789931361
736872597
695766516
862216260
389778980
272198051
122121134
398347782
608010241
859245100
863868090
558601318
154437316
920748845
761983647
38090243
785587006
7238713
799229389
250395685
626262140
834029041
552219620
152521410
752537630
731933699
427797171
992519130
614515381
261502860
681697855
33360387
931128911
403109322
585564992
98838036
75272722
763191993
213985072
133994700
992519130
447802344
514359900
746170842
626262140
476510018
868941099
222148387
865065205
85485058
781701887
536854108
978165972
765950989
789383274
451978235
772746774
626262140
357592102
71930486
567315464
5816424
634598668
