105673545
24194020
687023009
281642522
64128303
949738894
279731894
480922978
995274149
509121187
754311874
893895610
665636302
709340594
759406569
290019953
83620060
608597385
353205636
657962205
871099975
360800484
550104056
753633186
676692146
522741214
120588897
839856674
212378981
127449056
250772622
359185550
199640778
881768595
771251100
120588897
949738894
618677617
699232257
585860245
899702899
350288039
480805836
982597938
460042756
266645057
631118237
820324418
205142870
863581898
885715829
777118629
915221419
102082653
162517274
453100190
735060884
667391765
615247445
795774776
212558965
387304634
313452702
368779071
947809740
540534413
632707685
992088302
759616411
421581759
466965307
335319239
100931235
105673545
112270604
670022802
497065478
541714417
976237558
12602255
278760449
342383831
771251100
818430030
432539589
642950446
277393857
446152113
102243454
447788567
913933013
680548069
863581898
465958080
435592503
680294726
882409421
363759716
551895011
42092338
520335680
620937428
795774776
592048070
949016053
542484078
549899692
211229969
58130148
641457614
265341617
786576174
989084533
484497689
19599519
488913452
666559869
839856674
725033897
757124567
757124567
185746676
784884067
185911699
720955217
394825282
74253332
535732791
779708061
829212826
762440211
289632502
276701061
273293043
992088302
606635598
154198392
784668874
784668874
725033897
702533426
519432898
3292765
496307881
568543169
978917765
94436568
899702899
785181878
363840584
658069348
776234975
210992009
991485605
266645057
448019590
843220150
385837319
45276012
759616411
37994477
871099975
362351288
620937428
927244919
453452657
57732177
943218314
641457614
263495915
180623881
24089335
718177153
556656439
484692205
195409097
235786700
448019590
197978891
507615022
578621093
400947553
789203767
787154582
792625688
955989202
179874986
262440457
717787904
529930475
626990349
792533340
713646587
34252678
442277954
578777377
100406472
712665497
130277264
89845940
786576174
793527111
831702272
533628580
23994131
100406472
880693369
757124567
499469326
400947553
448019590
638163961
496291681
558818061
384224577
322409973
142981362
513983017
297615290
756538409
308727627
125261390
702845868
275242414
535732791
400947553
429270963
612381937
514224443
39265563
991301903
105688196
710824220
444028891
842263321
527850400
517295097
662769698
482147768
499469326
568411135
484692205
921666691
467432642
343951325
453422267
446152113
275242414
940372699
568411135
943507741
366347492
860816366
579651519
646850535
888872801
499003172
820324418
91093812
432603145
521170969
250772622
765671927
765671927
706633187
815419429
134838541
765375354
211229969
418881248
70916826
339352946
444690637
608597385
585860245
537326068
533505380
960373444
399947304
278760449
540534413
956669180
584246522
3412544
645881142
97165188
452449094
823140161
720972061
549899692
138025175
267636048
565616580
889775555
68883551
330052215
489279812
513983017
466965307
116706333
761933450
559270138
981146237
787451113
488913452
909504738
12602255
54818763
433047500
123594437
797072408
420426604
421581759
687740841
208318763
465958080
