250 250 250
query 214 89 249 92
query 83 20 169 195
modify 149 203 -35
query 29 90 30 122
query 81 173 113 180
modify 61 141 -10
query 200 224 200 250
query 113 151 159 214
query 143 176 182 223
query 71 184 138 189
query 91 90 162 132
modify 1 172 -17
query 117 33 207 53
modify 124 154 0
modify 215 207 -90
modify 201 146 -25
query 250 171 250 207
query 149 160 185 222
modify 30 207 -96
query 19 248 198 249
modify 90 108 -67
modify 117 132 -39
modify 50 245 79
modify 161 196 32
modify 124 179 35
modify 24 66 8
modify 102 144 -97
query 121 57 225 104
modify 10 22 -52
query 250 106 250 136
modify 39 94 88
modify 79 153 50
modify 132 149 79
modify 62 187 -57
query 44 202 170 240
modify 130 131 3
query 117 239 204 249
query 149 52 210 85
query 217 191 217 239
modify 174 247 53
modify 99 37 72
query 189 246 221 247
query 139 134 148 156
query 225 58 226 99
query 233 28 237 33
query 246 50 248 238
query 29 134 110 193
query 50 81 188 160
query 128 155 197 175
modify 67 82 -71
query 155 35 245 125
modify 11 112 1
query 168 185 219 204
query 211 56 211 136
modify 185 31 25
modify 143 67 88
modify 195 246 -15
modify 225 63 -27
query 231 175 244 201
query 230 74 242 192
modify 119 167 54
modify 182 197 88
modify 63 164 69
query 206 43 237 66
modify 195 74 -72
query 60 21 167 103
modify 67 137 8
modify 138 100 -85
query 54 97 178 138
modify 127 40 61
query 194 101 221 230
query 16 35 33 154
query 141 4 176 79
modify 76 50 -50
modify 200 233 37
modify 194 155 -17
query 124 77 136 168
modify 90 240 -11
query 136 245 161 249
query 187 24 217 90
query 209 4 232 109
modify 37 42 72
query 103 202 124 203
query 116 195 180 199
query 103 102 154 244
modify 92 215 -77
modify 6 76 24
query 234 110 241 124
modify 121 223 16
modify 129 112 -5
modify 113 119 -29
modify 32 234 80
query 131 13 178 153
query 55 24 92 185
modify 229 95 97
query 247 7 247 72
query 5 123 214 155
modify 141 245 -7
query 74 17 187 81
modify 11 156 -17
query 138 185 215 220
modify 119 229 -34
query 224 86 233 217
modify 34 44 29
query 145 63 154 242
query 17 72 216 105
query 237 52 244 89
query 70 2 185 194
modify 70 170 -23
query 85 15 133 145
query 119 57 120 157
query 230 205 238 247
query 235 189 242 204
modify 147 12 98
query 46 148 144 225
modify 81 164 69
query 150 172 224 181
query 234 147 241 147
modify 111 203 -99
modify 18 42 13
query 124 44 124 199
modify 167 53 13
query 177 23 242 141
modify 199 115 48
query 151 34 203 231
modify 90 173 -27
modify 34 68 89
modify 174 244 38
query 153 159 227 247
query 210 181 229 224
query 167 127 216 189
modify 90 127 -22
modify 121 39 17
query 121 208 160 250
query 180 47 201 250
query 107 71 129 167
query 200 217 228 233
modify 105 200 -18
query 217 121 250 145
query 217 78 234 156
query 146 65 162 79
modify 85 2 -37
query 77 22 211 130
query 107 238 189 238
query 133 30 184 177
modify 144 60 -76
modify 76 173 -6
query 11 232 38 236
query 24 138 200 205
query 242 56 244 237
query 47 236 160 239
modify 90 70 -80
modify 183 125 -90
query 187 144 215 236
modify 35 84 -91
query 7 210 35 241
modify 248 8 -64
query 41 89 90 151
query 245 227 247 238
query 182 86 242 131
query 88 7 144 65
query 187 84 246 164
modify 178 80 -5
modify 154 136 29
query 211 170 233 195
query 177 123 192 242
query 18 177 233 195
query 199 219 249 221
query 233 47 239 76
modify 29 152 79
modify 55 123 36
modify 1 172 49
modify 131 89 37
modify 229 21 95
query 97 31 102 93
modify 111 131 58
modify 12 130 76
modify 218 30 17
modify 132 107 -80
query 144 194 205 224
modify 157 78 -75
modify 243 158 79
query 16 117 206 159
query 218 178 249 199
query 250 88 250 148
query 73 244 207 247
query 193 113 230 149
modify 184 61 49
query 18 73 114 88
query 4 51 22 57
modify 5 33 -52
modify 17 101 -91
query 221 78 247 115
modify 199 55 -78
modify 227 34 14
query 187 47 239 199
modify 185 219 -36
query 88 140 243 196
query 219 85 237 97
modify 154 56 -39
modify 36 192 -67
modify 224 147 -18
modify 250 81 -41
modify 187 115 -16
query 136 185 195 206
modify 227 115 8
modify 218 189 72
modify 218 176 -6
query 214 123 245 148
query 160 202 185 247
query 54 94 142 226
modify 167 137 95
query 227 145 237 249
modify 9 92 44
modify 166 50 -68
modify 187 236 -100
modify 117 132 4
query 225 156 246 183
modify 250 112 99
query 24 41 132 67
query 78 78 217 162
modify 25 227 -77
query 55 239 195 247
query 199 80 229 207
query 7 210 189 235
query 118 201 231 243
modify 177 60 -93
query 9 132 100 210
modify 244 160 -79
modify 62 139 -63
query 208 54 225 235
query 45 246 174 250
modify 163 80 29
query 46 68 220 164
modify 189 18 -25
query 102 216 234 244
query 229 62 247 152
modify 16 73 -78
query 239 140 244 202
modify 159 157 -63
query 51 217 212 242
query 250 212 250 234
query 136 235 228 239
query 188 106 240 194
modify 116 250 43
modify 242 238 39
modify 230 100 74
query 30 174 38 216
modify 151 34 -38
query 100 5 110 239
