13
12
20
12
12
27
6
15
5
8
20
27
4
27
21
20
16
0
14
28
28
30
27
6
0
16
9
12
1
2
8
12
1
26
6
28
30
10
25
24
28
11
0
25
0
23
10
3
27
19
12
20
21
10
2
18
8
9
11
2
30
23
16
17
21
28
13
30
16
9
8
13
0
23
12
23
0
9
2
28
17
9
7
11
6
25
30
30
26
30
27
17
25
19
23
18
28
3
16
17
2
23
4
5
6
4
28
24
15
13
24
21
4
4
27
23
19
7
20
7
0
12
4
6
14
5
3
25
0
10
8
5
1
20
29
17
2
14
13
13
14
15
30
2
3
6
23
5
6
29
19
16
28
6
0
30
8
25
2
13
10
2
30
2
27
19
6
7
14
23
3
29
1
22
28
21
19
13
2
1
13
3
27
1
4
15
21
9
28
24
21
18
5
29
6
5
11
15
8
25
11
23
17
2
0
12
3
16
8
8
15
10
27
19
11
26
8
28
24
8
3
14
12
27
14
25
8
17
11
13
1
29
2
24
4
22
14
29
18
2
11
12
11
26
11
0
12
1
29
21
26
25
16
24
6
20
21
17
17
23
7
25
13
3
25
7
22
4
30
14
9
12
30
20
3
12
7
18
9
3
18
20
0
26
13
0
6
10
18
24
26
15
15
2
29
1
19
13
21
18
5
2
18
4
28
4
17
11
17
17
20
17
8
21
2
17
0
18
16
25
14
27
16
28
13
0
26
28
8
13
9
2
21
19
27
25
0
15
19
16
8
16
6
26
28
2
22
19
26
18
1
17
8
25
25
7
21
6
0
15
6
12
20
6
1
3
22
20
11
13
1
14
10
14
15
22
15
1
2
27
4
21
1
12
3
1
9
10
13
4
26
15
17
8
14
13
28
11
25
4
2
15
5
27
2
19
25
27
27
6
1
30
3
8
1
17
15
3
6
20
28
8
2
12
9
20
19
0
24
28
7
24
0
26
0
4
21
0
16
11
30
12
23
0
24
20
30
15
7
28
19
6
10
30
14
2
23
17
4
13
18
2
14
13
1
30
17
4
1
12
16
22
0
28
21
6
9
14
17
17
22
29
29
27
16
6
24
30
8
26
15
5
7
5
19
19
17
21
8
11
2
23
21
27
8
4
28
26
21
18
23
11
29
14
0
23
14
28
22
20
0
9
21
12
18
26
10
30
0
4
29
23
3
17
14
24
3
16
1
9
27
9
15
12
12
22
24
10
4
2
17
2
23
23
15
19
4
15
27
4
12
29
17
1
16
29
14
6
23
13
21
19
2
25
4
30
7
18
16
18
13
17
3
24
25
9
18
27
19
19
14
0
30
2
23
27
10
13
1
9
1
23
26
29
20
29
20
20
25
3
12
4
21
22
2
21
30
11
10
19
30
22
20
25
0
5
0
7
1
8
25
24
11
29
2
22
26
26
21
0
29
21
14
24
11
11
22
4
19
8
12
21
28
11
4
23
18
28
0
11
30
5
30
8
9
30
15
5
17
10
25
11
21
23
9
26
25
1
19
24
0
1
11
25
4
16
17
23
22
24
3
8
0
13
28
21
29
27
19
21
13
21
22
19
0
14
2
11
24
27
20
8
14
20
24
9
7
19
21
9
25
17
19
8
14
28
9
20
27
6
29
18
23
30
14
23
24
8
20
24
9
17
3
9
9
0
17
28
28
23
18
3
22
3
15
10
30
22
16
22
13
25
24
16
6
3
21
2
27
9
6
30
19
18
0
13
26
13
24
27
9
27
26
13
24
0
26
29
15
15
9
5
15
3
13
5
0
13
8
29
28
22
11
9
1
16
23
16
8
26
25
21
24
18
15
12
21
10
21
2
30
17
29
17
26
12
19
5
20
24
12
30
21
13
12
2
0
29
22
20
3
23
25
17
29
15
26
2
23
8
14
7
14
23
5
25
25
15
7
27
21
14
7
19
17
18
7
15
12
14
2
23
23
30
22
30
18
0
12
12
11
24
3
26
11
17
22
21
12
23
18
16
11
0
4
27
21
23
9
22
11
15
0
12
26
4
25
23
0
15
4
12
14
28
20
17
18
30
29
29
2
25
27
2
20
0
6
3
9
21
29
9
20
2
9
1
4
28
23
22
8
0
14
20
15
9
2
27
8
5
7
10
6
2
18
28
4
8
4
20
2
27
20
14
15
18
6
3
3
26
17
5
16
25
20
29
16
20
4
12
16
13
16
3
10
17
5
14
6
26
6
28
0
24
29
9
19
26
6
19
