1000 1000
1 2 6
2 3 3
1 4 6
4 5 5
3 6 5
4 7 9
7 8 3
7 9 8
8 10 7
9 11 1
9 12 1
10 13 4
11 14 6
12 15 6
14 16 1
16 17 3
16 18 8
18 19 9
19 20 9
19 21 9
20 22 3
20 23 9
22 24 9
22 25 5
23 26 8
26 27 7
25 28 7
27 29 2
27 30 5
30 31 8
29 32 6
30 33 8
33 34 0
32 35 0
34 36 5
36 37 3
36 38 4
38 39 5
38 40 9
38 41 9
39 42 2
41 43 0
42 44 5
43 45 9
45 46 5
46 47 1
45 48 5
46 49 1
48 50 4
48 51 4
51 52 9
50 53 8
52 54 6
52 55 0
54 56 3
54 57 4
56 58 6
58 59 3
57 60 2
59 61 1
61 62 2
60 63 2
62 64 6
64 65 9
63 66 2
64 67 9
67 68 1
68 69 3
68 70 2
70 71 9
70 72 8
70 73 2
73 74 4
73 75 2
73 76 4
76 77 4
77 78 2
77 79 1
78 80 1
79 81 0
81 82 4
80 83 9
81 84 5
84 85 6
84 86 8
86 87 2
87 88 0
87 89 1
89 90 9
88 91 8
91 92 5
92 93 9
91 94 1
94 95 8
95 96 6
94 97 1
96 98 6
96 99 8
98 100 8
99 101 4
99 102 2
100 103 3
102 104 3
104 105 3
105 106 0
105 107 5
107 108 9
106 109 8
109 110 1
108 111 4
110 112 0
110 113 9
111 114 5
114 115 4
113 116 3
115 117 0
115 118 6
118 119 6
118 120 8
118 121 1
121 122 6
122 123 6
121 124 0
122 125 6
124 126 2
126 127 0
127 128 7
126 129 0
128 130 8
128 131 6
129 132 8
131 133 7
132 134 5
132 135 2
133 136 4
136 137 8
137 138 5
137 139 7
139 140 3
139 141 5
141 142 1
140 143 7
143 144 6
143 145 4
143 146 3
145 147 6
147 148 1
146 149 9
149 150 6
148 151 9
150 152 5
151 153 1
151 154 6
152 155 6
154 156 6
154 157 8
155 158 1
157 159 9
158 160 4
159 161 7
159 162 7
162 163 8
162 164 0
163 165 5
163 166 7
164 167 6
165 168 6
167 169 9
169 170 4
168 171 7
170 172 6
170 173 3
172 174 4
174 175 6
174 176 4
176 177 5
175 178 9
176 179 1
177 180 6
179 181 9
180 182 8
181 183 5
181 184 2
184 185 5
185 186 8
185 187 7
186 188 6
188 189 6
187 190 1
190 191 4
191 192 5
191 193 2
191 194 8
194 195 3
193 196 2
196 197 1
195 198 2
196 199 0
197 200 6
198 201 6
199 202 9
200 203 6
203 204 4
203 205 5
203 206 1
206 207 7
207 208 8
208 209 0
207 210 7
208 211 6
211 212 3
211 213 3
212 214 7
213 215 7
215 216 5
215 217 7
215 218 3
218 219 8
217 220 4
219 221 1
220 222 9
222 223 5
222 224 2
223 225 8
223 226 3
224 227 7
227 228 3
227 229 6
228 230 6
229 231 9
230 232 3
231 233 5
232 234 5
234 235 2
233 236 3
234 237 6
236 238 4
236 239 0
237 240 9
239 241 4
240 242 1
242 243 0
243 244 3
242 245 5
244 246 7
245 247 3
246 248 1
248 249 5
249 250 7
250 251 3
249 252 6
251 253 4
251 254 7
252 255 2
255 256 5
256 257 2
255 258 1
257 259 9
257 260 9
258 261 5
261 262 8
262 263 7
263 264 6
262 265 0
264 266 3
265 267 4
267 268 1
267 269 2
269 270 4
270 271 6
269 272 9
271 273 5
272 274 6
274 275 6
275 276 0
276 277 2
276 278 4
278 279 3
279 280 3
278 281 1
279 282 6
281 283 6
283 284 3
284 285 4
285 286 2
286 287 1
287 288 5
287 289 1
289 290 3
290 291 5
291 292 0
291 293 9
293 294 9
292 295 2
293 296 3
294 297 9
295 298 7
297 299 7
298 300 3
299 301 1
299 302 9
302 303 0
302 304 6
303 305 4
305 306 5
304 307 4
305 308 1
308 309 5
307 310 2
310 311 8
310 312 6
311 313 7
313 314 8
314 315 5
314 316 3
316 317 2
315 318 7
317 319 9
319 320 7
320 321 0
320 322 6
322 323 7
322 324 2
323 325 0
325 326 0
324 327 8
326 328 5
327 329 0
327 330 2
329 331 3
330 332 4
330 333 7
332 334 7
333 335 9
333 336 9
334 337 6
335 338 5
336 339 0
339 340 1
338 341 9
341 342 5
342 343 2
342 344 1
344 345 1
344 346 0
346 347 2
346 348 9
347 349 0
348 350 0
350 351 9
350 352 8
352 353 1
351 354 4
354 355 9
354 356 2
356 357 2
356 358 3
356 359 7
357 360 6
360 361 1
361 362 5
360 363 4
361 364 4
363 365 2
364 366 1
365 367 9
367 368 2
367 369 3
368 370 7
368 371 6
371 372 6
372 373 0
372 374 4
372 375 0
373 376 0
376 377 0
375 378 2
376 379 1
377 380 5
380 381 3
381 382 8
382 383 5
382 384 7
383 385 7
384 386 0
385 387 8
386 388 5
387 389 7
387 390 4
388 391 7
391 392 9
391 393 6
391 394 6
394 395 6
394 396 3
395 397 8
397 398 9
398 399 3
399 400 2
399 401 9
399 402 0
400 403 2
401 404 7
402 405 0
403 406 2
405 407 4
405 408 6
408 409 2
409 410 6
410 411 1
411 412 9
412 413 0
411 414 3
414 415 3
414 416 9
416 417 0
416 418 5
418 419 5
419 420 4
420 421 8
419 422 9
421 423 0
421 424 6
422 425 1
425 426 9
424 427 4
427 428 6
427 429 1
428 430 8
430 431 4
429 432 4
430 433 8
431 434 2
432 435 3
433 436 2
434 437 1
436 438 8
438 439 2
437 440 2
438 441 5
441 442 3
442 443 8
441 444 2
442 445 4
443 446 4
444 447 5
446 448 7
447 449 9
448 450 4
448 451 5
449 452 7
452 453 9
453 454 0
454 455 1
455 456 3
454 457 9
456 458 6
458 459 2
457 460 4
458 461 4
461 462 3
461 463 6
463 464 1
464 465 9
465 466 7
464 467 3
465 468 7
466 469 0
468 470 9
470 471 0
470 472 0
472 473 0
471 474 5
474 475 0
475 476 6
474 477 4
475 478 2
476 479 8
479 480 0
478 481 9
480 482 0
480 483 1
483 484 0
482 485 8
485 486 9
486 487 7
486 488 2
486 489 8
489 490 5
490 491 9
489 492 8
491 493 0
493 494 1
492 495 3
495 496 0
496 497 2
495 498 4
496 499 5
497 500 8
498 501 4
499 502 6
501 503 9
503 504 7
502 505 3
504 506 4
506 507 0
507 508 1
506 509 0
509 510 7
510 511 6
510 512 0
512 513 8
511 514 5
513 515 5
514 516 9
516 517 7
515 518 3
518 519 3
519 520 3
518 521 8
519 522 7
521 523 9
521 524 7
524 525 9
524 526 4
525 527 7
527 528 8
528 529 0
529 530 8
528 531 1
531 532 0
532 533 5
531 534 5
534 535 8
533 536 2
535 537 3
535 538 5
538 539 8
537 540 5
538 541 0
541 542 4
540 543 2
543 544 9
544 545 9
544 546 4
545 547 0
545 548 5
548 549 9
547 550 3
550 551 4
551 552 5
550 553 2
553 554 6
554 555 2
555 556 2
555 557 9
555 558 8
556 559 6
559 560 5
560 561 8
561 562 5
562 563 3
561 564 8
564 565 4
564 566 9
565 567 0
565 568 9
567 569 7
569 570 3
569 571 9
570 572 8
572 573 0
573 574 4
572 575 8
573 576 0
575 577 7
575 578 3
576 579 4
578 580 0
580 581 3
581 582 5
582 583 4
581 584 9
583 585 4
583 586 4
584 587 0
586 588 2
586 589 0
588 590 5
590 591 8
590 592 6
592 593 7
592 594 4
592 595 6
594 596 3
595 597 8
596 598 7
598 599 7
597 600 2
600 601 4
599 602 8
602 603 3
602 604 8
602 605 3
603 606 5
604 607 7
607 608 0
608 609 9
607 610 5
610 611 6
611 612 7
612 613 1
612 614 7
612 615 3
614 616 7
616 617 5
615 618 2
617 619 9
619 620 7
619 621 4
620 622 2
620 623 2
623 624 3
622 625 3
625 626 4
625 627 5
625 628 2
627 629 6
627 630 8
630 631 0
630 632 5
632 633 8
633 634 1
634 635 0
634 636 8
636 637 2
635 638 6
638 639 3
638 640 8
638 641 6
640 642 5
642 643 6
642 644 0
644 645 1
643 646 4
646 647 7
645 648 9
647 649 7
648 650 7
648 651 8
649 652 0
651 653 1
653 654 7
652 655 2
655 656 9
655 657 8
655 658 1
656 659 5
657 660 2
660 661 9
659 662 7
661 663 6
662 664 0
664 665 9
663 666 8
664 667 9
665 668 2
668 669 5
668 670 2
670 671 1
671 672 7
672 673 7
671 674 7
674 675 9
675 676 0
675 677 2
675 678 0
677 679 2
677 680 3
678 681 1
679 682 0
681 683 5
682 684 9
684 685 4
683 686 2
684 687 4
686 688 6
686 689 7
687 690 7
690 691 8
689 692 8
692 693 8
691 694 7
692 695 5
693 696 8
696 697 4
697 698 2
698 699 7
698 700 7
698 701 2
699 702 7
701 703 5
703 704 1
703 705 9
704 706 7
705 707 2
705 708 5
706 709 1
707 710 8
710 711 0
709 712 7
712 713 7
713 714 8
712 715 3
715 716 1
714 717 8
717 718 9
716 719 5
719 720 9
718 721 1
719 722 1
721 723 8
721 724 7
723 725 2
723 726 1
726 727 2
725 728 0
727 729 7
727 730 5
729 731 7
729 732 9
731 733 7
732 734 1
733 735 6
735 736 6
735 737 7
736 738 7
736 739 3
739 740 8
739 741 5
740 742 2
741 743 0
743 744 7
742 745 6
744 746 0
745 747 9
746 748 6
747 749 4
748 750 3
749 751 0
751 752 3
750 753 8
751 754 6
752 755 3
753 756 4
755 757 0
757 758 0
756 759 2
757 760 2
759 761 5
761 762 8
761 763 1
762 764 1
763 765 8
765 766 3
765 767 2
767 768 9
766 769 4
768 770 6
768 771 1
769 772 6
771 773 1
771 774 6
773 775 7
775 776 8
776 777 6
775 778 6
778 779 0
777 780 4
780 781 5
780 782 9
780 783 8
783 784 4
783 785 1
783 786 7
784 787 4
787 788 3
786 789 5
789 790 1
788 791 4
789 792 2
791 793 1
791 794 7
793 795 8
794 796 2
796 797 4
796 798 8
797 799 2
797 800 8
799 801 8
800 802 7
801 803 7
803 804 6
804 805 8
805 806 8
805 807 0
806 808 2
806 809 4
809 810 7
810 811 6
811 812 8
810 813 9
811 814 3
814 815 5
814 816 6
816 817 0
816 818 4
817 819 7
819 820 4
819 821 0
820 822 8
820 823 7
822 824 6
823 825 8
825 826 8
825 827 4
827 828 3
827 829 8
828 830 6
829 831 4
830 832 3
830 833 0
831 834 3
834 835 8
834 836 1
835 837 5
836 838 1
837 839 9
839 840 9
840 841 7
839 842 7
841 843 1
841 844 5
843 845 2
843 846 2
845 847 3
847 848 6
848 849 8
849 850 1
849 851 4
851 852 7
850 853 4
852 854 3
853 855 4
853 856 9
855 857 7
857 858 2
857 859 6
859 860 3
860 861 0
860 862 2
860 863 7
863 864 3
864 865 0
864 866 5
866 867 5
867 868 8
868 869 9
869 870 6
870 871 5
869 872 8
872 873 5
873 874 7
873 875 9
875 876 4
875 877 1
876 878 8
878 879 7
879 880 7
878 881 1
879 882 2
881 883 1
882 884 8
882 885 4
884 886 6
885 887 3
885 888 3
886 889 2
889 890 5
888 891 2
889 892 6
892 893 0
892 894 6
893 895 5
893 896 3
895 897 7
897 898 0
897 899 1
897 900 7
900 901 9
900 902 9
901 903 3
903 904 2
904 905 6
904 906 0
904 907 7
907 908 7
906 909 5
907 910 0
909 911 4
909 912 4
911 913 5
911 914 9
912 915 9
913 916 7
914 917 0
917 918 4
918 919 3
917 920 5
920 921 5
921 922 4
920 923 5
923 924 4
922 925 5
923 926 3
925 927 1
925 928 9
928 929 1
928 930 5
928 931 1
929 932 9
930 933 1
931 934 8
933 935 5
935 936 8
936 937 1
935 938 9
936 939 0
937 940 5
939 941 3
939 942 3
941 943 3
941 944 4
944 945 5
945 946 0
945 947 6
947 948 0
947 949 9
949 950 9
949 951 8
949 952 8
951 953 6
953 954 5
952 955 7
954 956 6
955 957 2
955 958 2
957 959 5
958 960 6
959 961 5
961 962 2
960 963 6
961 964 3
963 965 2
965 966 2
966 967 5
965 968 6
967 969 6
969 970 0
970 971 4
969 972 3
970 973 3
971 974 2
972 975 9
975 976 4
974 977 8
977 978 2
976 979 1
979 980 7
979 981 9
979 982 6
982 983 9
983 984 9
983 985 9
983 986 2
985 987 5
985 988 0
988 989 0
988 990 0
989 991 5
990 992 2
990 993 2
993 994 2
994 995 3
995 996 3
996 997 9
995 998 9
996 999 8
998 1000 1
927 363
905 891
369 226
678 993
142 870
748 305
419 569
614 147
879 581
813 458
471 870
47 23
53 59
614 62
635 740
193 49
548 315
831 466
634 495
838 617
592 724
3 200
54 27
255 305
874 648
432 950
175 990
93 128
520 11
381 981
178 238
928 13
95 544
89 481
333 964
108 253
746 528
363 250
787 392
828 810
627 49
37 606
131 555
232 104
178 899
666 119
45 777
283 460
688 841
561 919
737 967
124 127
811 620
794 890
384 433
735 653
751 836
730 358
339 713
753 827
771 905
108 214
400 396
236 71
274 425
587 14
198 31
219 47
94 541
156 391
290 993
932 439
581 261
672 665
362 949
213 245
952 347
431 881
292 718
749 659
558 381
761 152
682 250
879 660
109 134
703 826
257 735
681 107
299 891
603 84
506 883
66 590
855 543
112 602
731 488
344 475
935 829
471 758
693 185
240 502
356 677
291 423
244 921
840 854
955 354
209 276
894 514
399 45
531 631
208 497
340 712
91 858
745 442
131 803
631 145
436 905
792 653
108 566
147 902
329 132
587 841
993 346
416 159
211 890
181 795
970 46
926 3
586 276
581 353
814 776
609 476
388 455
846 945
554 606
336 523
62 558
550 345
983 971
265 338
182 13
615 621
6 388
59 414
615 179
157 586
38 220
777 136
799 126
735 514
534 592
272 884
216 921
933 956
61 599
604 794
522 109
792 164
292 465
320 597
985 949
188 779
876 177
943 573
47 840
355 89
114 564
582 749
378 238
284 851
994 248
745 227
974 631
165 134
43 391
290 325
766 623
376 197
303 437
485 210
412 718
679 550
375 765
202 141
93 610
391 274
680 295
519 691
426 563
902 974
906 147
897 650
219 507
619 201
608 121
677 807
131 600
303 181
462 961
268 303
35 575
198 881
350 825
779 883
499 836
421 163
622 170
236 228
163 703
754 331
934 282
384 39
282 116
996 49
626 754
612 596
889 311
962 727
480 875
901 867
58 516
171 84
630 29
975 825
52 573
515 642
521 843
179 594
836 934
368 587
966 362
505 761
550 215
584 531
602 647
656 680
168 849
112 356
728 448
975 697
33 399
847 678
533 269
586 224
444 830
8 308
500 227
22 469
360 108
233 686
242 832
519 5
721 554
199 808
394 485
234 138
361 538
839 804
679 715
276 255
418 754
557 512
575 849
770 535
690 940
117 494
755 561
260 682
794 563
657 122
158 207
800 874
816 16
796 823
646 437
771 626
836 96
535 236
542 745
767 535
446 196
71 433
603 568
649 237
381 275
836 371
479 548
146 401
188 418
332 512
601 946
455 176
531 649
340 88
35 182
26 998
805 499
618 838
816 622
654 50
256 206
683 2
789 947
82 171
95 801
965 429
22 930
281 493
515 444
790 745
575 216
756 821
733 432
421 917
983 198
717 851
43 320
695 874
71 582
503 500
259 916
590 3
338 535
674 39
859 813
929 207
872 652
623 243
975 576
87 791
67 430
594 862
922 591
592 150
803 621
296 397
769 157
670 234
411 35
339 909
100 809
92 555
45 13
273 228
295 131
158 406
114 460
315 781
810 553
655 428
740 381
484 256
29 330
229 317
401 994
773 965
881 975
833 878
518 934
58 558
235 699
450 669
245 485
989 178
672 498
953 430
39 866
848 855
931 769
798 969
213 216
804 606
877 16
424 436
809 834
85 526
789 895
396 217
545 662
210 562
184 116
339 395
857 402
33 687
215 471
619 193
397 300
372 594
353 528
18 714
326 373
562 615
87 360
302 333
662 278
929 850
78 335
288 511
324 960
872 295
793 533
306 187
825 88
490 88
390 870
751 675
891 729
186 444
784 864
371 466
571 865
959 822
776 361
847 892
978 512
598 254
395 740
868 151
903 256
423 829
393 382
902 386
861 374
180 230
144 452
107 517
715 46
902 975
657 414
164 116
590 673
182 601
899 771
142 503
609 214
478 309
789 472
697 444
578 763
883 370
565 105
738 96
927 515
338 155
80 103
49 901
889 415
690 580
60 658
631 455
138 67
215 535
315 888
70 553
560 308
887 396
689 202
546 495
746 665
775 182
875 855
844 900
141 413
579 338
753 145
124 876
899 45
795 245
471 5
393 431
747 859
908 455
766 165
391 261
826 688
145 761
951 597
826 276
936 869
369 219
894 103
279 972
210 216
865 198
161 615
368 922
819 952
899 487
900 129
662 53
714 563
464 409
801 934
956 779
944 572
405 108
617 984
843 813
703 433
382 258
35 586
637 761
831 859
483 424
634 34
467 399
452 873
619 796
641 497
959 955
39 89
82 112
110 119
950 419
813 582
863 989
583 135
539 880
726 876
363 342
345 926
200 251
428 28
770 255
24 744
993 494
986 337
771 733
722 735
437 416
782 407
213 853
59 393
290 970
440 927
417 932
12 325
569 461
689 521
13 798
606 662
536 174
713 318
48 503
891 9
394 318
210 418
25 947
86 445
940 19
899 38
933 684
217 72
941 329
755 709
212 423
491 416
339 56
295 106
743 344
826 978
535 599
578 412
421 167
427 601
910 981
12 782
25 279
879 600
348 693
75 229
517 759
844 703
234 493
608 85
477 912
200 532
863 971
76 96
602 976
807 982
175 246
977 415
589 756
926 684
365 504
118 466
846 932
492 744
193 364
562 727
728 178
231 772
707 989
903 213
256 626
91 117
475 661
923 482
242 116
921 994
285 892
160 573
300 391
729 993
346 39
715 245
730 560
406 471
173 388
827 637
615 761
68 190
907 527
771 366
555 685
100 12
50 882
471 892
610 770
400 757
623 429
686 132
825 52
288 731
520 663
926 997
70 360
134 381
861 900
458 299
44 58
526 656
997 964
634 603
293 53
255 908
170 670
826 596
478 915
563 945
797 914
822 135
496 39
158 885
974 179
606 581
2 953
469 331
810 584
346 254
442 629
400 597
100 617
904 197
234 811
667 726
379 79
159 678
517 245
429 557
228 427
232 244
6 545
812 313
886 777
100 3
821 187
204 74
420 684
113 721
970 161
664 102
891 465
196 815
102 255
840 466
29 322
656 996
23 845
745 540
224 114
807 865
877 830
724 55
877 985
355 813
690 719
192 788
662 646
573 502
189 157
339 95
415 691
306 21
3 236
961 709
72 167
507 915
242 441
551 801
869 105
789 534
976 789
667 557
543 525
673 932
334 853
344 233
408 919
862 953
566 79
339 783
190 370
11 343
696 514
48 868
841 872
246 990
621 639
393 119
711 259
504 686
975 809
66 122
127 150
543 561
689 934
144 495
984 576
345 139
385 32
932 754
901 745
649 426
403 917
788 495
756 167
898 354
239 941
706 967
491 555
428 465
645 132
646 415
745 948
308 822
937 170
762 826
287 522
307 805
785 977
753 962
647 107
690 616
254 38
77 722
410 73
419 281
929 864
967 864
572 841
586 501
999 105
998 277
562 4
418 792
432 142
882 81
851 61
397 670
727 483
228 722
117 451
284 354
601 229
162 833
572 251
63 388
952 204
246 173
115 988
588 710
40 713
837 472
324 944
212 198
78 811
755 86
173 77
264 156
288 210
419 911
740 423
407 321
697 11
33 706
638 158
237 917
542 930
537 92
951 654
647 894
880 50
702 918
927 185
283 205
335 791
916 378
994 620
770 16
998 250
921 302
529 339
327 622
449 283
251 758
145 232
312 187
246 307
30 890
497 215
645 825
854 510
519 959
846 215
459 469
18 616
868 178
36 492
421 408
216 747
67 937
268 190
416 503
856 196
800 547
252 480
459 326
986 395
469 903
92 378
252 855
848 923
561 196
322 217
575 175
544 444
557 363
293 44
867 442
39 736
521 609
59 617
67 765
733 25
526 172
591 464
894 455
278 244
469 911
687 12
173 470
329 185
878 742
194 787
533 709
895 652
652 275
879 141
253 244
816 270
17 987
771 353
739 37
971 898
340 437
662 15
812 757
516 392
199 303
27 84
821 836
779 975
718 684
953 492
977 562
968 577
739 523
695 870
442 576
313 305
303 680
404 211
73 403
664 854
910 259
610 823
999 856
565 859
504 689
178 99
610 743
304 106
348 937
24 73
282 298
233 934
156 511
349 80
343 840
629 257
387 205
114 956
609 713
882 306
55 488
347 544
720 906
279 268
688 450
475 907
216 469
327 333
411 510
912 118
614 1
976 736
428 400
825 101
919 81
143 684
56 786
343 328
544 350
729 997
200 9
405 274
553 636
945 475
389 985
38 891
444 211
121 694
573 163
195 861
970 532
683 158
95 537
663 703
706 370
290 89
169 584
493 224
960 919
623 764
281 418
976 300
487 677
438 793
227 235
750 448
573 926
476 459
293 411
881 846
993 395
638 470
527 384
495 776
354 574
297 302
302 967
477 288
450 312
65 924
587 974
622 256
948 71
2 980
486 722
959 80
211 590
152 623
297 992
569 231
346 525
610 519
100 183
235 990
850 790
114 874
286 845
43 458
739 514
855 5
3 901
574 718
686 981
282 360
576 493
