13
30
3
9
13
12
6
23
28
30
14
4
8
14
30
28
22
27
30
4
2
4
11
28
20
15
1
2
23
25
11
25
27
20
5
27
13
18
13
29
1
11
9
4
25
30
8
2
26
4
0
21
17
6
30
20
8
22
6
9
28
29
9
28
9
29
19
30
14
26
2
22
26
30
20
25
30
19
7
1
15
19
6
19
11
5
11
26
7
16
7
0
20
30
19
26
21
15
23
15
22
17
17
16
26
3
15
6
7
23
10
27
24
17
22
23
18
26
21
9
5
20
10
1
25
9
24
11
13
18
13
17
16
6
16
19
18
24
20
6
4
22
22
10
8
21
17
25
11
18
29
1
11
19
3
12
26
4
3
7
7
2
25
9
28
17
18
19
27
16
27
28
3
14
12
14
27
30
6
15
29
30
16
23
2
14
1
13
2
19
28
25
17
19
6
16
18
26
19
3
12
13
20
7
8
4
19
24
12
1
24
26
22
30
16
13
8
15
10
0
23
17
29
9
27
1
28
5
19
2
28
11
23
18
4
12
24
20
27
25
21
1
24
19
11
18
2
6
27
21
1
13
15
11
13
14
5
3
22
19
29
0
8
29
0
28
15
2
13
30
23
18
17
24
18
23
19
15
4
23
24
17
23
28
8
12
10
6
9
19
21
13
27
11
8
13
13
27
16
0
4
1
17
21
17
9
24
10
3
6
2
13
0
26
10
6
21
9
18
14
11
25
7
0
8
2
26
20
1
27
3
28
16
16
25
6
0
8
30
7
24
14
1
4
26
26
2
2
19
27
5
30
17
22
12
24
16
26
25
2
16
25
19
2
3
19
6
3
17
0
5
2
11
29
16
2
29
2
30
0
14
2
29
0
16
30
8
7
1
6
20
1
4
13
18
20
12
27
19
28
23
1
21
10
6
2
13
19
7
4
8
10
15
25
24
3
0
21
12
1
7
14
29
15
28
7
12
28
17
6
9
29
1
1
16
16
11
19
5
5
18
30
27
20
8
5
17
19
11
9
29
28
10
11
27
22
15
15
26
29
14
26
0
2
26
25
28
13
4
11
16
2
11
3
28
3
30
4
11
2
18
19
29
22
28
6
12
4
8
10
27
28
15
7
21
9
7
14
17
0
3
1
23
9
18
24
28
7
22
20
13
7
22
14
7
22
25
14
30
10
24
30
29
27
26
28
9
9
2
2
4
17
23
29
14
20
30
14
10
16
8
2
24
22
22
14
25
2
28
12
10
2
8
26
22
0
29
5
25
22
29
0
27
30
8
14
2
5
28
4
0
13
30
2
29
0
1
10
16
20
28
16
7
24
16
29
4
5
20
5
14
3
28
1
26
11
7
4
3
9
14
12
11
23
13
19
26
25
21
9
6
21
2
7
10
20
4
16
30
11
27
27
18
3
17
17
25
15
10
14
4
18
5
4
28
15
24
26
16
3
28
29
25
29
11
19
12
17
9
16
21
8
19
18
28
25
27
20
3
11
2
28
15
26
15
29
20
21
28
24
5
9
18
24
1
6
7
12
8
17
12
17
10
5
12
25
22
27
25
25
17
3
5
24
27
14
0
23
11
14
13
11
18
0
5
30
7
28
7
27
21
1
26
10
29
29
15
24
8
5
5
27
6
6
28
1
13
12
12
4
0
24
6
25
4
29
29
1
25
1
30
25
22
0
2
11
28
9
26
17
7
22
11
18
6
14
26
26
24
17
10
5
27
27
19
12
29
15
24
1
30
2
4
28
4
1
25
3
6
19
23
23
17
1
0
21
8
25
9
20
5
9
30
29
28
27
18
28
24
2
27
11
14
11
19
11
12
13
23
22
27
29
4
22
17
7
20
21
29
25
28
18
17
18
3
27
7
18
11
25
6
18
24
5
18
19
0
0
3
8
16
0
14
13
20
14
13
22
21
28
23
17
13
2
8
9
9
4
11
14
6
1
12
8
29
21
30
15
4
27
3
7
16
19
8
7
28
19
25
18
25
4
24
14
2
2
14
26
29
29
0
25
18
23
22
25
20
7
15
14
17
1
9
25
16
0
3
1
2
27
18
17
28
2
11
17
9
11
0
6
6
15
28
7
5
11
23
17
4
26
17
15
20
6
23
10
10
17
20
0
2
25
7
7
27
2
10
5
30
28
15
2
28
1
16
6
17
30
22
2
18
25
24
15
3
19
8
27
22
2
28
9
27
8
9
17
4
6
0
21
15
5
15
24
1
22
2
30
7
18
8
7
5
29
10
10
17
15
0
19
