0
113238
194998
0
0
0
0
131007
0
454069
318936
0
930232
89052
149007
0
0
803344
0
0
0
332046
0
0
732752
520747
0
0
0
0
0
0
84267
279081
0
196176
1451713
1451294
461481
1978445
589007
0
453432
90065
0
0
0
0
0
0
0
0
35081
0
345448
82611
40072
125590
225828
444047
0
630950
0
96763
792902
220866
1067022
0
0
98484
0
393355
581108
0
156712
0
0
433188
379290
0
409370
21150
822369
154027
0
74508
0
477859
0
312594
0
780797
0
0
0
0
0
0
0
0
0
0
426765
0
50216
0
1075510
45927
0
60897
0
0
0
63960
0
0
0
37800
0
44820
0
0
0
0
48314
485325
0
0
0
0
0
848182
0
174570
122472
0
823446
0
0
92890
0
0
0
306997
224640
106968
126480
0
314860
0
514403
208577
0
33849
0
0
0
0
73692
426420
661094
128702
0
0
291454
87450
0
0
233672
551033
26887
122688
405332
81644
0
32513
0
0
0
13992
263300
0
125148
0
557365
0
0
501858
0
0
0
1257317
23883
0
0
0
0
0
0
513182
3638
0
1372909
561120
0
91403
0
780018
0
0
0
153075
0
0
315559
152778
93955
0
266684
54634
0
0
17527
0
0
0
1222500
0
0
773979
0
408264
44334
0
0
253137
470
107421
471930
0
1339009
0
293836
496
41323
43865
431513
216969
0
0
511296
255969
738429
269591
80310
189202
0
74095
0
271148
0
0
556500
44192
356110
555826
65712
198912
526274
0
225808
0
101640
45216
0
0
0
319576
0
0
389314
483394
297375
0
378220
0
480698
245885
89712
69776
0
0
399158
0
0
655707
137132
61320
34955
0
0
0
397114
0
0
947101
0
0
124689
0
0
357077
0
0
173673
545352
0
0
0
0
83953
0
463250
182106
0
0
0
5124
338771
278844
0
474782
128598
0
0
0
221924
0
293392
113360
