228402
0
115613
604212
210449
1595
0
474259
0
0
282887
28078
0
397704
4690
60021
84686
0
0
4160
243134
289204
0
0
0
0
59340
0
550752
0
1194
0
0
105872
33444
81249
238992
0
1620
209442
0
0
485467
951726
0
0
364278
0
196908
84735
0
0
270426
160352
0
137648
170327
0
60423
0
0
0
390881
0
0
177787
1424348
0
0
956533
38920
389862
0
766045
0
0
309024
795974
0
0
91626
0
0
166004
0
0
355628
497644
0
109328
100172
285628
0
0
57840
336183
0
189232
149526
608086
924647
0
0
0
1993977
0
0
455465
2081630
0
0
1193324
0
48762
142416
634398
239940
246582
0
0
0
0
0
0
0
0
0
0
166323
327482
0
274820
0
0
0
0
0
0
146880
0
376152
0
64421
123561
29548
0
0
0
137795
771028
402933
0
0
212033
1080753
1126261
0
0
193123
0
588240
0
85000
0
0
84501
328963
674409
0
843563
684160
0
26676
16320
218637
0
713245
0
157356
449280
0
0
0
0
0
784359
0
541812
623920
647709
0
0
0
180046
226119
0
0
0
588516
0
910866
0
1311980
0
105291
49665
17325
0
0
0
0
0
0
90714
81662
0
302442
0
208211
525942
591843
0
0
918215
70642
0
0
0
1454001
630700
0
98658
0
74889
285075
29450
0
0
0
58872
0
945388
1029091
0
0
0
342502
151112
0
0
39060
1226116
1322536
92723
866407
0
372678
374422
0
0
589214
0
0
1883080
1782902
0
915503
787199
553470
421100
0
868456
51587
0
0
0
0
220037
0
0
319887
245744
497650
0
187144
74014
403071
28310
0
70589
0
363277
840686
0
1029789
397195
629875
0
0
0
1373849
50688
7980
722447
0
443959
114585
24464
62024
0
0
22795
172691
0
0
0
0
501267
501221
0
0
0
0
142686
302417
0
0
209104
0
121910
0
0
248224
306626
0
233189
0
22714
519137
385889
16283
0
0
0
0
0
0
0
925943
738724
153927
2385
384001
119577
0
0
0
