1000 1000
513 292 448 310 450 912 543 567 177 726 185 470 297 962 764 389 440 165 200 921 105 580 811 673 378 96 473 245 69 59 463 845 49 413 295 700 434 296 725 184 429 1 178 220 451 453 141 120 622 251 678 792 545 549 430 216 371 778 547 428 605 681 669 807 760 185 526 997 346 378 980 404 660 290 857 194 332 67 92 513 836 216 890 404 926 135 599 579 1000 856 919 432 41 41 303 879 696 759 556 386 821 671 495 761 276 123 42 445 178 707 243 846 968 696 698 127 299 925 786 820 599 817 668 708 546 665 312 324 855 217 117 731 623 757 387 135 494 914 750 502 484 155 163 211 618 515 901 651 115 549 258 45 248 153 294 651 520 572 787 81 93 155 897 741 862 320 44 261 155 263 241 743 722 922 364 51 694 656 661 437 783 769 744 277 891 468 201 745 831 269 645 983 372 875 163 385 367 781 536 810 310 628 545 228 841 354 42 562 492 764 953 713 525 225 174 65 973 37 38 776 927 833 805 407 284 962 13 25 954 832 323 628 62 123 41 240 421 900 681 284 443 13 259 467 809 238 516 7 10 17 330 240 728 128 490 696 669 949 661 181 550 162 705 102 564 200 106 820 830 857 98 756 314 620 627 258 426 427 468 128 390 516 844 446 273 153 152 781 366 954 588 745 176 282 545 669 989 843 855 801 979 479 371 555 835 120 409 888 646 557 952 552 709 468 269 138 254 518 918 312 659 89 518 219 238 552 405 832 144 94 643 232 844 766 55 378 879 915 676 54 323 825 854 293 434 620 636 510 281 984 114 242 349 283 332 794 515 902 685 683 618 777 138 817 64 817 243 719 235 407 925 776 364 701 550 941 271 802 974 653 88 337 817 231 331 514 808 910 80 47 487 322 890 131 307 286 781 916 415 510 969 827 459 266 409 694 472 799 205 657 57 740 446 426 284 359 991 256 988 633 126 781 46 738 689 374 30 968 693 346 494 718 51 163 127 304 716 290 115 933 946 915 706 132 22 415 79 654 348 247 325 881 44 772 179 20 44 289 768 433 951 216 818 273 591 814 378 645 777 219 864 898 569 48 771 116 52 135 473 249 482 483 491 263 443 550 478 554 443 827 843 67 507 870 5 593 341 189 379 144 1 683 222 376 817 805 550 215 576 238 243 196 695 49 944 805 81 996 172 571 977 565 415 677 470 957 170 650 277 711 679 802 189 710 197 25 292 940 452 616 471 177 530 570 263 716 185 927 878 803 624 656 471 22 231 343 570 803 57 551 357 603 902 171 871 901 202 815 368 611 323 428 603 375 699 201 108 44 635 735 44 417 519 806 616 996 207 956 302 312 609 963 77 252 1 885 226 687 686 475 482 333 94 991 1 251 469 987 33 524 355 745 808 195 744 384 466 223 573 637 832 656 928 677 713 324 672 819 253 477 188 959 797 156 598 541 984 826 411 669 630 256 708 695 753 295 858 980 122 705 972 760 339 506 865 674 617 883 616 716 813 353 803 580 736 337 314 422 324 834 809 633 208 824 900 117 653 392 339 900 179 673 468 506 595 198 618 789 295 62 591 293 888 522 684 509 276 597 156 296 60 263 542 737 72 276 234 931 542 512 931 135 598 684 79 528 166 162 433 834 331 730 642 872 330 240 12 666 358 578 224 202 965 96 187 959 360 734 633 324 709 201 482 457 324 70 635 668 844 459 674 235 25 284 781 270 83 139 799 601 945 244 222 95 777 988 692 235 81 22 667 916 523 805 641 15 549 622 158 370 208 113 732 830 79 971 971 310 593 804 128 655 974 178 388 79 13 182 864 544 985 924 580 939 794 765 267 994 272 620 825 306 938 970 321 543 190 527 259 588 268 750 27 327 661 880 840 637 420 623 411 880 306 236 262 495 503 396 67 136 75 810 79 995 851 121 508 481 316 708 902 687 813 913 688 714 874 909 744 836 335 822 752 352 813 368 452 364 501 656 719 112 555 1000 72 939 127 664 651 901 48 921 932 135 626 226 577 768 803 411 10 182 733 865 34 612 513 951 39 459 41 772 173 503 960 890 35 284 544 238 659 285 874 243 784 16 466 531 703 127 204 792 608 75 509 625 844 83 150 775 363 486 528 901 408 823 506 629 654 112 428 449 292 38 625 611 784 918 154 99 836 82 196 76 940 719 129 389 797 205 573 296 101 352 761 81 229 602 495 997 814 901 241 605 668 204 439 778 822 936 669 520 384 139 522 636 476 623 266 662 973 680 572 552 846 682 792 191 258 947modify 788 733 350
modify 303 115 231
modify 82 108 230
query 924 992
query 8 361
modify 703 271 795
change 349 418 642
modify 176 722 791
modify 579 211 793
modify 676 953 216
query 67 355
modify 534 196 721
query 869 665
query 447 88
query 88 902
modify 581 909 517
query 806 260
modify 166 580 808
query 803 655
modify 306 318 384
change 998 226 591
change 988 226 582
query 419 880
modify 607 892 767
query 806 473
change 173 429 956
query 642 21
query 747 928
modify 99 292 629
change 803 599 197
modify 176 908 350
query 102 125
change 728 381 45
modify 517 829 958
change 898 309 930
query 97 604
modify 969 41 318
modify 382 928 130
modify 259 370 787
modify 687 999 756
change 780 424 486
query 204 946
change 706 743 49
modify 968 625 751
query 718 771
modify 979 856 868
query 651 403
change 235 265 244
change 509 436 395
modify 951 192 171
modify 391 346 679
query 237 127
query 308 994
modify 712 674 528
query 357 140
change 926 1 904
change 994 984 615
change 234 750 93
change 118 255 759
change 72 285 256
change 547 456 784
modify 238 930 579
modify 677 913 976
modify 846 184 658
query 557 792
query 328 944
query 866 703
change 104 879 337
modify 277 864 220
change 226 467 348
change 11 142 588
modify 347 530 773
modify 567 928 249
modify 388 347 502
change 946 753 919
modify 925 477 279
query 883 418
query 106 661
change 238 880 137
modify 435 830 914
query 960 872
query 550 307
query 889 781
query 974 885
query 732 661
modify 701 47 675
query 457 662
query 448 670
modify 465 651 784
change 127 65 238
modify 771 335 756
change 637 801 870
change 366 689 924
modify 203 633 228
modify 706 27 576
query 324 250
modify 580 56 559
change 397 838 738
change 292 918 243
change 982 392 203
change 399 419 201
query 790 564
query 465 129
change 727 85 568
modify 185 8 216
modify 629 399 134
modify 542 963 937
query 962 537
modify 890 946 11
modify 205 30 384
change 472 893 745
modify 416 767 34
query 791 543
change 307 659 896
change 929 717 506
change 920 264 181
query 358 824
change 771 469 551
modify 812 516 292
modify 565 471 928
change 67 297 483
query 347 595
query 834 880
change 118 406 343
modify 949 468 905
change 526 946 376
modify 892 957 928
modify 111 991 467
change 65 901 520
modify 148 846 78
query 24 525
change 293 412 327
modify 767 342 887
query 636 224
change 213 331 345
query 231 456
query 404 898
modify 652 293 561
change 556 510 315
change 552 654 37
change 987 297 469
modify 999 676 850
query 711 907
change 797 942 720
change 594 353 826
modify 112 831 459
query 989 963
modify 694 481 839
modify 633 512 359
modify 739 794 59
change 720 918 232
query 73 582
modify 678 816 147
modify 41 766 271
change 568 842 982
modify 325 357 609
modify 692 408 522
change 119 668 135
modify 120 125 768
modify 936 649 281
query 612 529
change 689 263 921
query 982 68
query 400 82
query 735 360
modify 393 524 297
change 967 450 279
change 153 613 205
modify 181 12 702
modify 903 458 252
query 740 428
query 232 48
modify 883 821 403
modify 122 402 954
change 582 870 929
change 793 685 339
query 593 599
change 192 769 774
query 153 446
query 492 167
modify 433 236 910
query 601 13
query 12 494
query 118 340
query 912 308
query 573 662
query 177 562
modify 122 810 120
query 704 618
query 185 98
query 914 642
change 778 906 189
query 13 130
change 425 189 171
query 306 968
modify 528 594 656
change 454 523 726
query 735 363
change 933 230 861
modify 259 759 714
change 261 380 56
modify 827 487 501
change 545 430 69
change 628 544 31
modify 673 71 926
change 613 591 781
change 228 281 254
query 335 894
change 801 242 564
change 353 173 656
change 566 207 906
query 200 262
modify 170 657 23
query 991 720
change 526 285 175
change 626 357 50
change 360 435 486
query 310 650
modify 454 53 437
query 414 497
change 647 870 382
modify 512 254 839
query 997 784
change 721 800 519
modify 341 851 687
modify 614 706 409
change 911 773 310
change 820 652 469
query 732 852
modify 970 798 535
query 898 819
query 760 197
change 12 896 742
query 141 691
modify 374 464 738
query 675 439
change 100 423 653
modify 802 340 92
query 856 550
change 883 262 906
query 970 856
query 85 428
modify 521 782 108
modify 538 230 813
modify 923 185 500
change 25 106 543
query 794 705
change 69 944 694
modify 110 158 602
change 947 975 400
modify 699 200 497
change 255 736 653
change 339 58 550
query 790 869
query 581 82
query 68 3
change 327 452 989
modify 922 134 140
change 344 192 752
query 692 468
query 329 759
modify 635 105 286
modify 829 657 49
query 854 842
query 865 81
change 593 339 814
query 340 722
query 207 586
change 473 887 642
modify 61 830 217
modify 615 858 284
modify 508 777 782
modify 443 40 251
modify 482 535 279
query 374 164
modify 820 840 926
change 954 962 915
modify 707 907 729
query 847 130
modify 945 818 13
modify 130 804 596
query 614 172
change 622 682 195
query 710 993
modify 939 8 854
query 791 919
modify 729 474 669
query 232 942
change 17 571 971
query 562 981
query 943 921
modify 416 109 397
change 63 178 823
modify 563 145 797
query 693 424
modify 718 988 590
query 663 243
modify 737 11 66
change 699 823 565
query 798 76
change 204 827 393
modify 220 474 349
modify 52 906 181
change 571 541 805
change 867 203 148
modify 630 979 813
modify 57 983 102
query 939 883
modify 657 934 150
query 333 843
modify 157 876 652
change 861 131 623
modify 453 160 958
change 201 266 834
modify 851 391 725
change 780 117 727
change 564 528 156
modify 497 169 627
query 233 138
modify 903 693 324
change 435 289 392
query 116 682
change 568 293 745
change 546 219 356
modify 210 272 841
modify 202 553 729
change 48 793 839
modify 281 206 917
modify 953 248 240
modify 283 500 448
modify 84 593 509
modify 780 99 874
modify 671 512 56
modify 735 488 257
change 320 398 605
query 701 779
change 395 344 908
modify 279 754 414
modify 148 567 536
query 177 336
change 112 320 447
change 753 920 211
query 114 917
modify 440 155 421
modify 760 436 769
modify 990 20 449
query 668 377
modify 208 885 583
change 198 404 197
change 202 236 706
change 740 896 614
change 494 733 124
query 133 225
modify 109 510 765
query 482 109
query 73 211
query 814 942
query 348 833
change 855 959 335
query 561 911
change 940 370 988
modify 638 63 417
modify 647 409 742
change 19 105 161
modify 139 774 149
change 522 276 725
query 779 701
modify 895 563 477
change 306 146 454
modify 491 292 38
query 111 941
query 79 8
change 308 234 322
modify 939 680 543
query 696 776
change 715 991 774
query 686 892
change 626 778 423
modify 569 244 630
query 311 612
modify 194 865 468
query 923 51
modify 381 548 651
query 283 592
query 921 749
query 241 681
modify 207 581 736
change 241 715 678
query 839 538
change 780 577 509
modify 206 369 319
modify 87 210 421
modify 331 728 553
modify 936 44 166
change 378 550 384
query 66 35
modify 344 255 975
query 501 702
modify 305 396 849
change 985 351 820
query 852 753
change 923 475 843
query 553 963
change 109 641 384
modify 492 297 161
modify 307 244 826
query 456 83
modify 691 258 310
change 511 176 76
query 142 486
modify 498 463 51
change 58 361 819
modify 427 751 335
change 363 876 600
query 444 187
modify 77 194 233
query 316 810
change 305 496 877
change 535 274 535
change 946 745 266
query 45 676
modify 884 558 452
modify 191 188 179
change 865 995 507
modify 958 419 620
query 30 729
query 28 972
query 207 806
modify 92 275 686
query 708 133
query 825 772
query 201 4
modify 409 955 547
change 762 278 712
change 947 761 364
change 654 370 419
change 856 172 533
modify 113 972 931
query 120 663
change 217 522 501
modify 896 345 603
change 607 796 824
query 633 380
change 64 77 601
modify 443 384 59
change 296 653 342
modify 892 527 608
query 154 577
query 870 146
change 838 930 997
query 797 520
change 40 288 70
modify 512 841 183
modify 163 611 602
query 178 468
modify 684 677 787
query 147 193
change 576 14 975
change 37 244 306
query 161 327
modify 237 373 533
query 895 969
modify 482 926 806
modify 205 252 745
change 210 234 348
query 917 64
modify 85 361 665
query 563 722
change 187 727 218
change 954 135 581
change 417 32 518
change 250 734 440
modify 264 122 215
change 856 735 59
change 295 762 801
query 669 831
query 521 138
change 54 352 771
modify 897 517 313
change 237 587 11
modify 76 109 381
change 19 419 374
modify 359 877 367
change 100 25 340
change 953 999 836
change 327 813 924
change 826 191 183
modify 912 15 862
modify 891 385 785
query 653 653
modify 618 378 407
change 87 644 423
modify 977 717 185
modify 554 865 734
modify 793 94 208
query 293 154
change 817 400 714
change 365 325 555
modify 6 816 289
query 973 692
query 189 323
change 423 182 523
modify 221 810 112
change 194 162 600
change 859 315 224
modify 58 995 185
change 903 631 339
change 982 88 893
change 331 173 318
modify 690 117 340
query 904 176
query 238 85
change 54 114 854
modify 753 171 469
modify 809 566 792
modify 756 659 313
change 588 905 526
modify 599 587 328
modify 308 977 530
query 910 41
change 638 608 635
modify 116 434 566
modify 537 756 557
change 125 375 663
query 598 684
modify 748 38 86
change 658 293 231
change 622 999 170
change 260 709 921
query 404 726
change 189 338 709
query 714 797
modify 895 627 237
modify 158 449 147
change 817 309 780
modify 948 573 508
query 310 570
change 172 284 221
modify 884 346 285
query 376 659
modify 523 508 891
change 915 60 530
change 701 697 469
modify 466 76 611
change 182 736 476
query 822 500
change 578 606 190
change 182 712 298
change 532 65 982
modify 563 272 705
query 279 539
change 451 78 770
modify 209 989 74
modify 57 514 751
modify 860 524 749
query 33 592
change 326 391 962
modify 592 702 525
modify 706 840 47
modify 551 737 331
change 253 393 804
modify 92 423 239
query 72 148
change 493 184 127
query 777 216
query 390 737
modify 628 489 807
change 314 798 583
change 889 720 317
change 768 228 67
modify 537 465 559
query 581 917
modify 301 344 237
query 927 59
modify 331 263 448
modify 203 43 155
modify 343 893 104
modify 518 472 278
query 999 395
change 425 941 12
change 277 438 423
modify 118 950 123
query 458 156
query 231 365
modify 353 181 237
query 709 475
query 760 143
modify 616 924 955
modify 13 927 730
change 983 778 567
modify 973 983 633
change 839 196 713
modify 906 225 891
modify 699 425 434
query 141 699
query 264 116
modify 506 998 178
modify 283 389 16
query 380 542
query 364 363
query 779 665
change 863 104 990
query 223 577
modify 584 306 188
change 718 699 355
change 848 348 587
change 803 395 752
modify 517 553 185
change 824 100 681
modify 396 274 932
change 262 331 950
change 530 853 180
change 772 287 647
modify 391 595 86
query 735 13
change 55 332 852
query 590 760
modify 650 985 422
query 445 132
query 787 218
change 462 791 657
modify 773 278 469
query 51 724
query 888 889
modify 812 309 30
query 926 625
modify 789 655 190
query 185 528
query 725 507
modify 234 319 921
modify 558 223 437
modify 886 890 875
query 393 611
query 546 40
change 358 121 766
query 570 420
modify 320 395 756
modify 541 1 119
change 317 825 900
modify 711 303 148
query 457 6
modify 287 239 333
change 479 145 823
modify 801 871 982
modify 319 476 413
modify 368 815 703
change 376 811 159
query 945 898
query 110 230
modify 758 955 331
query 150 686
query 516 389
query 87 441
modify 799 230 906
modify 211 602 70
query 182 729
modify 903 64 652
change 38 484 888
query 846 393
change 406 259 638
change 824 269 288
modify 978 778 943
modify 232 797 539
modify 565 143 105
change 460 247 174
change 47 210 148
modify 385 170 29
change 660 441 475
change 340 680 435
modify 600 72 904
change 272 238 302
modify 701 793 328
query 223 724
modify 985 193 515
change 634 761 71
change 258 131 899
change 448 387 352
modify 104 806 271
change 659 274 918
modify 442 785 457
query 884 414
change 404 52 841
modify 429 734 167
change 180 926 788
modify 369 266 601
query 331 537
change 142 532 104
change 615 483 403
query 251 785
query 757 912
modify 714 193 104
change 289 848 885
query 955 181
change 778 615 946
query 669 440
modify 47 615 153
change 725 391 670
change 786 837 279
change 10 6 585
query 218 551
change 444 89 833
modify 980 839 153
query 309 828
query 210 513
modify 532 731 249
modify 302 782 289
query 904 775
modify 974 91 394
change 713 545 574
query 126 445
change 13 847 879
query 532 360
modify 945 184 24
query 670 473
change 789 213 23
query 756 585
query 964 775
query 723 825
modify 817 174 556
modify 132 695 126
modify 607 237 941
modify 200 299 5
query 417 231
change 239 463 632
change 242 753 301
modify 407 691 249
query 879 681
query 311 345
modify 429 435 399
change 503 783 92
modify 689 493 676
modify 150 188 728
modify 455 477 288
query 414 433
modify 916 544 169
query 641 548
modify 410 75 534
query 796 101
modify 346 243 293
change 254 818 135
modify 725 770 456
query 803 742
query 648 549
modify 302 236 309
query 674 713
query 786 799
change 237 384 543
modify 414 10 499
query 429 175
modify 531 434 103
modify 818 182 426
modify 94 890 346
change 146 200 426
query 341 545
change 924 130 139
modify 323 330 370
change 484 700 702
query 271 475
modify 836 54 749
query 328 782
change 29 861 521
change 127 667 726
change 641 963 161
query 839 141
change 688 666 808
change 214 370 89
change 849 237 240
query 210 992
change 961 256 942
query 319 104
query 484 568
modify 72 92 193
change 37 367 101
modify 226 526 604
change 971 530 999
change 806 648 211
modify 407 384 690
modify 608 66 307
query 417 578
change 84 897 885
query 882 88
query 715 840
query 955 653
query 448 125
change 757 60 771
modify 536 859 570
modify 390 330 30
modify 306 902 973
change 337 934 94
modify 256 629 931
modify 139 371 15
change 273 850 166
modify 240 795 120
change 840 818 342
modify 147 531 39
change 686 83 245
modify 824 768 892
query 732 306
query 383 514
change 920 667 448
query 728 470
change 186 364 499
query 655 906
query 574 230
query 884 546
query 265 521
modify 117 719 354
modify 951 659 612
modify 959 129 95
change 634 141 210
change 846 521 189
query 835 906
change 212 897 52
modify 13 237 618
modify 956 849 660
change 653 289 366
change 386 909 645
query 763 325
change 142 578 85
modify 151 30 932
query 139 217
change 424 585 313
query 542 658
modify 252 207 964
change 268 695 30
modify 324 791 174
modify 939 274 682
query 843 785
query 895 808
change 259 290 209
query 984 975
query 151 25
query 676 786
modify 473 150 178
query 805 870
modify 230 636 720
modify 442 812 194
query 706 740
modify 159 137 94
query 540 221
query 492 354
change 814 220 386
query 475 755
change 667 425 581
query 811 604
modify 416 998 302
change 374 450 916
change 851 634 657
change 591 715 43
change 907 357 167
query 415 153
change 744 493 289
modify 112 532 744
query 721 532
modify 699 855 250
change 686 835 27
modify 61 134 578
query 36 385
query 455 288
query 885 973
modify 354 399 220
change 886 937 281
modify 16 525 53
change 796 466 70
change 953 231 615
modify 481 47 784
modify 791 495 308
change 299 986 630
change 872 532 180
query 818 176
query 450 374
change 261 822 14
modify 324 190 295
change 231 489 268
modify 587 528 636
query 459 299
query 453 720
modify 276 182 341
change 250 268 578
query 694 250
change 399 65 189
change 379 913 146
query 195 515
change 279 406 192
change 17 689 449
query 645 864
change 598 760 913
change 207 57 385
modify 475 25 663
query 967 445
modify 281 76 675
query 555 855
query 548 254
modify 467 277 264
change 738 955 427
change 831 833 673
modify 755 767 436
change 602 148 378
change 176 360 734
query 274 391
query 963 744
change 399 333 109
change 433 717 457
modify 28 773 195
change 371 49 985
modify 525 173 990
query 640 290
query 433 644
modify 271 484 769
modify 565 770 702
change 54 907 408
modify 286 464 356
query 551 614
query 253 286
query 556 785
query 400 984
change 250 468 778
change 859 467 804
change 543 348 270
modify 98 83 167
modify 557 625 58
change 735 915 134
query 575 589
modify 303 669 530
modify 389 56 609
modify 865 813 354
change 242 111 757
query 329 839
change 53 653 440
modify 579 294 931
query 409 735
query 220 904
query 154 418
modify 733 43 673
change 554 812 36
change 326 726 660
modify 994 416 207
modify 767 135 346
query 355 731
modify 443 908 743
change 747 472 891
modify 980 206 423
modify 948 303 72
query 308 37
modify 727 51 721
modify 438 983 821
change 824 445 455
change 763 519 885
query 435 424
query 589 449
modify 15 973 385
query 990 848
change 848 942 786
modify 470 653 13
modify 530 338 596
query 162 914
modify 813 111 436
change 954 409 222
modify 992 416 616
modify 426 8 332
query 118 167
query 701 524
modify 994 372 375
change 523 593 85
modify 278 948 654
modify 979 434 997
modify 741 912 666
modify 675 401 404
modify 604 274 689
modify 475 678 701
modify 32 561 489
query 130 429
change 255 475 367
change 31 744 324
query 662 843
change 339 695 714
change 984 616 65
change 858 99 61
modify 731 13 571
change 654 573 615
query 654 458
change 863 227 363
modify 889 406 169
query 883 836
modify 929 636 522
query 33 595
query 816 933
modify 172 927 724
change 712 533 117
modify 210 708 938
modify 497 230 284
query 289 142
query 325 735
query 617 165
change 859 279 953
query 386 905
change 19 127 783
query 517 977
query 366 350
modify 827 934 113
