1000 1000
434 257 127 597 992 923 60 136 842 400 511 654 82 799 898 52 678 75 842 526 206 623 824 116 63 947 203 700 299 38 244 885 116 771 110 529 87 575 959 958 649 430 384 65 186 709 976 118 359 933 69 75 619 112 619 198 313 454 850 908 588 274 424 4 409 117 442 394 380 35 879 942 955 447 765 922 650 154 431 669 358 770 978 160 948 409 351 994 861 953 140 41 118 626 314 81 868 366 363 443 480 758 115 640 181 501 97 114 918 520 222 892 52 46 196 98 161 184 810 254 72 156 162 515 198 345 586 824 305 818 507 597 467 125 448 83 258 248 768 309 579 26 897 846 365 13 206 559 625 980 99 388 412 483 689 720 489 722 951 690 153 530 957 217 191 380 223 143 223 435 91 738 399 992 875 636 850 568 709 452 82 11 16 28 394 960 452 378 87 799 291 991 295 550 877 711 696 659 217 406 236 294 75 424 729 715 231 424 795 984 15 691 81 792 858 364 309 103 598 913 206 960 240 960 956 783 246 2 220 255 499 565 533 492 423 159 699 735 500 419 960 349 38 139 596 223 970 690 932 266 926 130 460 781 95 703 184 805 680 957 207 144 417 295 303 495 762 521 50 362 348 433 223 757 753 227 367 672 984 770 318 220 421 180 347 874 105 14 681 602 952 320 587 620 796 127 609 856 312 813 151 184 353 560 47 548 720 683 278 534 694 795 86 823 133 378 15 966 273 45 22 21 52 712 642 812 177 341 361 993 927 251 963 743 88 105 116 915 601 475 689 989 766 636 775 368 549 41 90 358 924 430 130 552 242 843 211 777 775 283 667 81 403 401 396 906 687 716 605 401 879 403 541 944 701 433 741 904 519 280 75 285 81 427 358 201 28 946 265 203 52 921 212 887 961 699 865 491 109 152 889 712 571 173 856 471 862 633 758 986 297 922 870 799 670 534 628 10 952 292 788 118 233 852 42 999 748 673 397 22 403 605 641 683 528 733 827 357 377 500 751 908 869 892 994 127 268 856 100 752 789 58 134 924 258 563 395 119 562 562 616 800 637 759 187 17 491 340 873 647 590 640 38 219 811 169 85 208 520 989 416 352 486 751 464 325 88 256 156 330 865 545 104 107 871 223 588 889 171 564 375 543 27 73 780 299 786 177 647 259 260 987 481 816 372 386 933 276 509 12 632 461 118 245 545 805 554 910 737 15 31 479 170 196 1000 25 223 394 582 843 860 185 682 677 634 451 9 903 588 217 34 776 72 640 101 150 400 69 187 272 91 706 126 839 240 608 440 810 901 122 642 149 376 612 553 794 581 422 959 518 442 639 209 702 644 672 974 565 650 881 196 899 704 961 387 824 489 819 245 987 138 418 114 481 175 952 832 766 157 641 994 381 683 318 557 106 172 916 383 643 338 420 55 877 96 228 868 979 347 448 408 781 174 624 529 854 466 249 831 796 817 396 784 399 807 167 837 997 617 2 647 65 218 993 366 794 759 932 955 735 388 324 347 926 100 739 81 547 670 683 165 967 873 823 359 451 539 798 645 669 948 210 361 893 271 409 303 503 523 471 227 565 192 765 194 392 578 523 25 869 253 84 529 665 708 82 615 475 247 565 553 167 912 198 857 339 986 806 618 648 662 475 98 472 799 266 510 715 939 854 1 828 182 568 420 199 58 367 781 408 757 992 37 909 834 684 596 9 319 926 938 558 681 883 400 251 79 71 336 446 766 67 406 855 737 401 754 635 576 414 385 543 638 227 489 932 159 590 460 153 112 846 974 171 527 962 574 264 283 290 771 251 847 596 156 486 881 541 792 24 119 638 493 230 651 858 147 527 591 72 398 495 795 173 520 938 7 190 158 972 739 274 592 714 140 513 832 728 345 454 877 627 20 366 444 322 767 280 178 112 297 740 146 561 32 238 53 167 586 951 429 262 879 469 939 609 494 90 459 774 37 439 131 904 942 483 667 869 483 233 422 769 821 764 983 289 308 969 104 774 220 565 634 834 503 825 417 195 40 207 408 704 372 707 156 944 519 583 692 78 764 446 403 733 696 948 601 450 206 707 916 98 504 474 746 452 848 48 512 918 212 745 813 290 654 167 211 51 83 700 612 476 394 861 264 725 577 984 165 688 928 627 167 946 822 726 900 321 77 180 98 578 960 291 976 968 611 819 907 899 431 730 555 36 43 312 155 624 907 916 91 702 491 776 64 581 508 869 133 332 34 1000 740 159 758 830 305 215 104 835 194 700 481 338 696 82 163 176 40 91modify 991 255 608
query 964 273
query 90 334
query 452 844
change 712 908 108
modify 749 633 342
change 749 238 972
modify 383 151 815
change 604 853 880
change 80 561 262
query 944 275
change 263 336 426
query 913 622
modify 338 628 571
change 109 310 859
change 770 290 402
change 73 29 628
query 646 217
change 200 613 153
query 986 14
change 607 190 542
query 44 168
modify 651 896 827
modify 894 525 193
query 507 408
query 1 341
query 262 585
modify 766 497 763
change 164 404 811
query 160 92
query 177 922
modify 556 547 620
query 417 539
query 610 778
modify 142 198 843
query 410 32
change 743 485 477
query 388 150
change 690 543 675
query 150 776
change 454 354 146
query 772 453
query 419 133
modify 137 314 783
query 592 134
change 590 658 766
change 385 701 163
query 290 584
query 500 239
modify 582 687 247
change 470 700 96
query 948 373
query 55 877
modify 978 195 229
change 411 117 856
query 293 860
change 8 19 108
query 874 439
query 488 88
query 929 591
modify 719 960 916
modify 193 990 486
query 689 52
query 325 168
modify 267 300 315
query 978 32
change 486 124 683
modify 529 236 495
modify 527 889 315
modify 381 365 979
modify 689 412 491
query 410 613
query 166 848
modify 840 590 417
change 59 65 379
modify 835 854 157
query 235 65
modify 532 974 563
change 75 614 78
change 817 502 189
change 245 172 552
change 954 236 785
change 944 190 875
query 93 366
change 319 932 908
change 186 761 861
query 214 963
query 116 864
modify 906 535 589
modify 752 174 263
change 128 873 971
query 433 571
query 239 907
modify 700 940 165
change 824 22 626
change 512 711 333
change 19 298 205
query 558 985
change 212 143 139
query 414 271
query 586 897
modify 969 535 734
query 694 985
query 845 201
query 537 381
modify 127 967 260
modify 826 382 225
query 768 317
modify 887 611 285
modify 600 599 167
change 988 45 662
change 47 892 314
modify 882 436 207
modify 730 58 188
query 194 39
modify 392 450 978
change 747 355 456
modify 609 767 407
query 705 135
query 603 476
change 704 52 478
modify 489 598 559
change 857 514 193
change 519 631 502
query 880 41
query 819 359
modify 374 615 360
change 842 840 901
modify 584 283 457
query 594 662
modify 982 755 537
change 236 502 684
modify 933 86 307
query 737 365
query 273 701
change 237 895 351
modify 681 817 520
change 995 204 926
modify 27 874 411
modify 745 935 268
change 774 551 586
query 149 349
change 169 512 696
query 802 951
query 499 799
change 559 15 1000
query 281 484
modify 11 771 767
change 740 942 666
modify 226 462 449
change 108 709 123
query 69 657
modify 780 302 244
modify 676 273 395
query 814 422
change 730 167 941
query 96 870
change 37 705 261
query 988 347
change 468 252 362
change 611 539 313
query 380 486
change 81 720 509
change 188 813 429
change 413 992 764
query 264 603
modify 314 802 501
modify 832 311 132
change 45 239 624
query 802 929
modify 412 670 950
modify 143 597 875
modify 333 708 993
query 7 952
change 256 504 932
modify 387 52 468
query 767 307
change 990 714 873
query 954 753
modify 73 525 344
query 816 873
modify 237 546 898
query 168 101
change 269 272 452
change 674 170 779
change 257 718 832
query 346 571
change 989 902 460
change 861 703 416
query 267 598
modify 257 860 773
modify 988 174 247
modify 991 32 495
query 740 330
modify 444 522 619
change 651 610 304
modify 98 475 52
modify 40 642 66
modify 581 117 133
query 611 842
change 863 445 648
change 360 749 350
change 456 440 51
modify 612 306 293
modify 919 242 120
modify 887 975 34
query 960 814
change 703 801 389
change 25 669 729
modify 914 872 813
change 68 697 924
change 244 455 442
modify 998 37 286
modify 608 784 948
modify 228 711 322
modify 883 676 674
change 498 423 312
modify 86 384 940
change 232 623 88
modify 181 963 470
query 882 859
modify 97 107 191
change 641 624 676
query 53 838
query 109 843
query 652 637
query 108 905
modify 343 426 829
modify 248 512 850
query 777 821
modify 579 316 283
modify 220 86 459
modify 232 832 729
change 269 600 799
modify 295 238 750
change 217 328 324
modify 632 9 310
change 936 410 342
query 47 736
modify 791 216 296
change 488 542 597
query 62 239
modify 531 631 141
modify 876 977 788
modify 161 899 887
query 991 610
query 394 477
modify 618 781 727
change 136 319 902
query 670 568
query 54 394
query 844 640
query 446 827
query 455 131
query 36 737
change 384 510 735
modify 228 166 350
change 939 450 931
query 678 1
modify 737 92 545
query 952 594
change 847 368 112
modify 507 639 893
query 191 137
query 301 198
modify 874 322 336
change 94 906 815
change 432 258 54
query 346 218
query 914 26
query 769 137
change 105 71 134
modify 560 685 974
change 786 817 482
modify 83 215 202
query 974 777
modify 622 268 536
change 425 12 678
query 836 585
query 860 268
query 370 572
modify 417 23 648
modify 791 962 788
modify 681 40 152
change 327 500 426
change 590 219 898
change 21 473 334
change 624 894 931
query 580 260
change 389 752 900
query 891 949
change 446 215 563
query 301 21
modify 55 193 67
change 551 45 650
query 472 908
modify 218 147 490
modify 306 913 729
modify 727 272 808
modify 562 956 614
change 898 615 520
change 536 271 556
change 11 97 238
query 459 521
change 457 401 105
change 323 509 524
modify 510 978 383
change 618 408 728
query 297 270
query 632 790
change 391 917 1000
change 363 339 909
query 653 444
query 894 330
modify 691 599 852
change 989 375 451
query 758 331
change 309 60 80
change 324 659 429
modify 78 768 39
modify 63 931 984
query 571 635
query 998 714
query 784 55
change 966 543 968
modify 497 438 23
modify 106 3 46
change 382 331 292
modify 64 358 612
change 747 457 818
modify 923 38 138
change 428 557 777
query 655 193
change 833 723 497
change 694 137 212
modify 252 143 898
change 765 726 840
modify 752 683 255
modify 387 410 845
change 558 284 89
change 62 422 189
change 338 888 860
modify 411 309 249
modify 40 852 90
change 419 19 912
query 169 588
query 476 18
query 228 725
modify 897 336 695
modify 858 679 59
query 807 737
modify 75 591 833
change 962 203 80
modify 324 205 334
modify 606 949 135
change 801 392 83
change 967 688 913
modify 308 278 835
query 652 639
query 722 55
query 954 113
query 334 391
change 557 322 560
modify 800 343 833
change 934 461 818
query 21 702
change 190 90 72
query 490 268
modify 111 560 672
change 932 88 872
modify 631 344 572
modify 265 953 975
change 237 637 198
change 154 713 586
modify 321 957 582
query 304 56
query 288 197
modify 710 803 6
modify 162 736 613
query 930 232
modify 341 786 739
modify 399 276 730
change 241 78 581
change 143 418 431
change 748 688 748
change 182 922 543
query 957 228
query 81 706
modify 426 897 972
change 400 187 989
change 549 570 462
change 468 459 379
change 345 35 334
query 985 593
query 203 312
query 664 789
modify 929 572 920
query 991 915
query 18 710
query 856 364
modify 656 896 515
query 955 390
modify 57 456 370
query 606 741
query 950 630
change 838 341 984
change 477 709 277
query 884 63
query 707 528
change 314 966 479
modify 961 845 137
query 101 521
change 188 856 831
modify 33 871 300
change 648 773 891
change 183 497 336
query 139 534
modify 746 443 862
modify 733 122 166
query 21 245
modify 408 793 963
query 37 312
change 596 182 144
modify 28 205 922
modify 665 666 113
query 284 6
query 310 671
modify 748 403 689
change 405 788 694
modify 235 560 516
modify 715 459 428
change 395 529 38
modify 184 351 29
change 272 700 740
query 926 545
query 567 892
query 643 743
modify 521 962 610
modify 761 480 418
query 884 678
change 469 747 117
modify 589 716 898
change 415 560 628
modify 745 741 640
query 192 312
modify 250 108 652
change 156 555 111
modify 639 967 650
modify 466 946 490
query 938 4
change 815 490 484
query 983 362
modify 814 520 298
modify 238 512 125
change 790 660 814
change 140 457 400
modify 136 978 828
query 329 273
modify 659 503 157
query 970 91
change 14 59 457
query 392 480
change 459 439 838
change 987 557 243
query 429 943
change 100 329 710
change 798 385 605
change 16 363 302
change 397 981 902
query 265 671
modify 751 930 125
query 13 96
query 762 377
modify 341 717 513
modify 489 230 826
query 505 6
modify 84 629 518
change 189 670 50
query 315 816
change 886 596 65
query 785 970
modify 400 349 444
query 306 89
modify 896 98 31
query 345 279
query 58 446
query 72 995
modify 741 851 793
query 636 684
query 268 483
change 127 533 190
query 255 806
query 472 594
modify 651 167 914
query 635 124
change 699 722 314
modify 883 799 389
change 287 123 835
query 749 789
query 593 472
modify 781 81 232
change 502 256 133
modify 249 538 866
change 514 270 925
modify 881 593 379
change 850 988 201
change 718 645 762
change 684 838 246
modify 569 157 139
modify 298 260 504
modify 43 251 430
change 539 767 923
modify 519 732 606
modify 686 979 424
modify 133 549 807
query 838 178
query 987 420
change 841 252 338
modify 812 309 258
modify 865 896 203
change 487 275 793
modify 907 118 898
query 773 805
change 218 794 564
query 614 979
query 779 590
modify 692 24 755
modify 922 511 766
modify 610 697 224
query 492 588
modify 672 289 21
query 877 585
query 331 979
change 985 502 905
modify 500 751 298
modify 12 349 543
modify 784 140 797
change 431 568 287
change 437 578 891
change 916 939 523
query 983 465
query 553 539
query 102 557
modify 33 480 983
change 17 951 836
modify 785 748 348
query 789 686
query 957 89
modify 492 636 330
modify 153 173 288
modify 374 220 901
change 743 68 858
change 849 136 992
modify 716 214 32
change 461 409 100
query 908 444
query 42 946
change 277 454 521
change 176 728 673
query 17 33
change 601 878 862
query 331 196
query 322 232
query 688 203
query 752 183
query 390 153
modify 994 94 535
modify 477 693 109
modify 708 494 526
query 786 158
query 310 673
query 59 60
query 785 373
modify 760 313 70
query 76 842
change 86 408 280
query 632 986
query 654 632
query 639 725
change 408 27 77
change 665 600 279
change 101 670 628
change 946 557 785
query 931 860
modify 524 605 901
change 796 458 435
change 995 799 648
change 960 220 777
query 261 467
change 490 575 34
modify 507 757 17
modify 547 922 582
modify 313 519 632
modify 144 639 948
modify 143 562 641
modify 131 429 399
modify 376 898 952
query 768 632
query 187 54
change 268 193 767
modify 349 493 972
query 397 134
change 228 521 724
query 332 427
modify 212 293 265
modify 369 100 258
change 391 719 291
modify 193 44 550
change 143 446 820
modify 174 829 645
query 541 503
change 869 276 97
modify 557 397 110
query 375 316
change 202 32 545
modify 742 42 344
query 158 632
modify 481 931 590
query 97 204
change 259 615 787
modify 452 282 835
modify 155 814 19
modify 259 157 136
modify 15 675 715
change 292 531 395
modify 35 749 215
change 387 129 977
modify 957 388 196
query 227 663
change 906 928 603
modify 71 600 415
change 130 845 744
modify 600 914 199
modify 675 253 914
query 866 273
modify 666 494 301
change 351 358 247
modify 250 288 144
query 396 751
modify 966 504 925
modify 587 639 331
query 796 938
modify 2 451 40
change 930 422 244
change 316 912 754
change 724 706 811
change 31 786 410
change 734 165 21
change 251 757 643
modify 546 905 109
query 660 643
modify 558 264 187
query 477 254
change 936 207 460
change 781 746 460
modify 404 740 216
change 166 802 111
change 458 416 876
query 821 915
query 709 14
query 663 567
modify 514 677 841
change 164 889 358
change 99 821 860
modify 834 991 907
modify 726 745 962
change 340 639 936
change 984 380 279
change 262 31 537
query 873 361
modify 125 202 822
change 427 371 784
change 648 468 383
query 135 617
modify 776 552 561
modify 504 92 897
modify 794 822 496
query 914 460
modify 102 89 999
modify 852 867 686
change 533 482 933
modify 821 536 960
query 949 455
change 582 796 486
query 295 550
query 867 325
change 118 688 880
query 139 302
modify 547 105 792
modify 701 399 596
modify 192 929 441
modify 966 339 223
query 885 956
change 542 348 961
query 909 839
change 363 916 454
query 453 379
query 39 354
modify 846 646 433
query 997 1000
change 476 839 866
query 773 833
change 63 730 120
change 752 249 188
query 631 948
change 375 747 581
query 998 77
change 702 800 24
modify 751 508 165
change 66 425 455
change 33 369 279
query 179 893
query 144 36
change 168 274 868
change 409 671 453
change 230 554 260
query 34 183
change 545 573 331
change 962 50 239
change 876 688 451
modify 21 977 62
query 260 267
change 585 58 824
change 202 341 950
change 716 108 103
modify 119 545 961
query 164 206
change 701 383 879
query 527 958
change 721 609 961
query 8 780
query 327 650
modify 436 753 689
modify 278 458 117
modify 202 437 792
query 672 517
change 371 76 729
query 827 320
change 137 893 686
change 594 704 199
modify 602 449 585
modify 676 866 715
query 328 699
query 386 576
modify 106 471 465
change 718 389 338
change 649 916 538
query 208 991
change 978 982 983
query 33 540
query 5 265
modify 528 149 670
change 279 493 327
modify 948 48 311
modify 49 632 70
modify 960 603 547
modify 624 777 130
modify 158 571 7
query 273 971
query 860 512
change 183 728 175
modify 473 58 1000
query 51 547
change 771 934 317
query 941 237
modify 678 238 112
query 284 882
modify 19 997 42
change 52 503 784
query 593 264
change 785 281 329
query 613 507
change 234 866 616
change 738 387 218
query 226 747
query 2 102
modify 401 501 804
modify 350 882 526
change 406 525 915
change 415 243 682
change 984 625 246
query 55 413
query 57 601
modify 187 977 888
query 444 517
modify 797 349 646
modify 855 749 190
modify 839 149 643
query 340 563
query 182 774
change 590 20 113
change 304 605 395
modify 501 1000 280
query 597 1
query 319 494
change 950 914 71
change 45 109 522
modify 832 29 12
query 755 339
change 836 314 596
change 46 41 19
modify 635 962 314
query 487 781
modify 299 758 589
change 689 165 972
modify 413 6 698
modify 272 724 404
query 807 950
modify 499 564 610
query 338 130
query 528 64
modify 402 250 614
change 571 224 854
modify 186 518 210
modify 85 532 824
modify 940 672 63
modify 598 178 276
modify 789 947 841
query 278 254
change 323 857 296
query 154 483
modify 969 235 512
change 822 98 671
change 983 393 540
modify 814 168 831
modify 472 727 849
change 393 32 478
modify 537 214 107
change 861 126 23
change 575 257 208
query 736 127
modify 885 510 19
query 874 160
query 187 601
modify 530 838 210
query 123 876
modify 340 926 771
modify 442 212 257
query 192 560
modify 632 500 224
query 404 27
modify 288 949 255
query 63 992
modify 148 638 918
query 450 52
change 231 895 151
query 93 566
query 420 667
change 1 924 177
query 557 628
query 392 447
query 751 387
query 928 639
query 145 475
modify 916 792 890
query 399 289
modify 461 56 22
query 266 118
query 233 895
change 79 932 54
modify 147 303 607
modify 947 253 889
query 228 373
modify 580 847 709
modify 236 631 420
change 997 217 759
modify 900 585 566
change 933 240 176
query 394 539
modify 399 476 901
query 231 311
query 951 273
change 732 683 571
change 3 676 178
modify 286 484 510
query 289 123
query 786 59
query 166 793
modify 915 530 514
change 70 795 848
query 377 341
change 293 555 663
query 391 109
modify 691 99 52
modify 673 834 325
change 389 988 550
query 253 689
modify 385 109 231
change 491 385 233
query 915 41
modify 598 633 449
modify 19 906 493
modify 715 232 628
modify 46 849 71
modify 659 473 804
change 820 55 269
modify 469 511 122
query 543 245
query 50 947
modify 608 103 142
query 206 172
modify 234 965 360
modify 332 988 839
modify 94 166 21
modify 843 466 19
query 591 452
change 151 74 620
query 29 693
modify 603 641 716
modify 297 84 300
query 900 768
modify 760 654 492
query 765 690
modify 16 351 56
query 381 587
change 280 382 324
modify 595 546 871
query 218 958
query 691 50
change 461 921 103
change 655 696 449
query 118 82
change 716 550 574
change 727 662 462
change 251 780 538
change 994 84 150
modify 469 525 406
change 20 33 311
query 688 169
modify 464 639 276
modify 318 709 746
modify 583 895 465
query 546 484
query 21 337
change 35 726 59
change 266 84 137
change 564 408 867
change 132 834 986
modify 441 344 180
change 218 60 921
modify 264 973 96
change 379 98 876
change 191 455 228
modify 372 917 262
modify 551 956 854
change 561 189 924
change 500 186 558
modify 310 568 846
query 802 84
query 414 964
query 278 512
change 174 420 21
change 452 627 644
change 328 691 785
modify 40 815 275
query 860 541
query 724 277
query 280 125
change 689 525 475
modify 817 388 43
modify 768 8 166
change 151 559 948
query 836 841
query 221 497
modify 698 536 791
modify 617 744 183
query 219 446
query 796 776
modify 299 734 399
change 497 666 732
query 133 710
query 560 685
change 387 7 258
modify 389 206 961
modify 872 606 553
change 79 790 695
modify 54 897 594
modify 945 84 612
modify 133 340 286
modify 625 61 478
modify 359 594 932
modify 422 361 467
change 361 300 30
modify 323 193 307
modify 381 323 548
query 545 115
modify 35 25 777
modify 973 231 376
query 955 131
modify 617 366 304
modify 11 151 898
change 844 875 843
query 882 757
modify 211 936 436
query 313 821
modify 944 538 549
query 482 410
query 268 938
modify 603 371 990
query 354 613
