1000
794 3828 909 3479 2125 2273 4767 4460 4038 3564 217 1600 374 3704 2488 4947 1525 4579 2769 2355 3761 8 2664 1745 1465 2428 263 3341 4756 3224 4700 2281 4565 1105 4613 3498 2265 1276 2825 3534 513 3650 1614 1355 571 3275 4711 3182 4237 782 1671 3273 2014 1929 2181 959 4104 4832 1374 4411 3087 4578 2807 4124 2631 2638 4710 4038 330 2919 2967 290 4052 4315 2481 942 4167 1787 3021 2272 1451 1733 1554 1529 4526 3731 3115 2915 1364 3697 171 4076 873 1900 2005 3462 2281 1374 4221 4491 1482 2991 1202 138 4001 4023 2908 834 136 2313 1709 639 2518 3540 2694 1205 1223 3252 3974 2445 4341 3312 4751 1568 286 1226 3777 527 1805 1899 2452 4714 3744 3551 1115 2973 3646 1087 229 4384 2028 1695 4437 193 4007 2326 4439 76 4161 3055 2066 2294 4500 960 2436 1373 559 4661 992 3242 1399 4970 716 454 399 411 2970 697 1186 777 1639 4340 1502 3634 3467 3657 719 2371 209 652 4062 3062 1726 76 2410 466 2315 3383 1301 2934 2038 4450 4237 3026 3450 935 2292 592 490 1680 4947 3911 2127 1255 1590 1657 3253 4758 895 440 4797 4532 1746 3655 4660 1843 1580 2466 3724 4064 1153 284 4875 2953 3452 1018 334 3976 2908 2870 1798 3219 29 3089 4248 4842 1531 3063 4864 2924 2367 1761 1478 915 2465 1938 220 519 3756 1179 2911 690 684 2261 561 1745 4216 836 3382 4596 1213 3676 441 2870 4912 2942 572 3102 555 4166 4919 4814 948 4627 3161 2860 2448 424 2420 2693 4127 2693 3413 12 4396 33 643 2702 383 2822 2130 4239 3530 4225 2273 2167 3935 3988 3290 1658 4625 1949 4350 4869 4004 3070 92 104 3685 15 1001 4442 929 3192 459 4849 2643 2286 4051 4115 4004 1054 177 3488 1006 3558 3052 4478 1894 2503 649 2034 139 898 667 4151 3283 3499 2929 3590 2966 1181 2675 509 1475 4388 3369 3827 57 4209 986 1443 1233 1995 2066 4959 693 903 2862 4831 624 2720 827 3707 3749 3576 4165 4437 2258 3267 1553 3015 1403 2426 2410 2807 303 3177 474 2215 43 3966 3316 3749 91 4556 3275 4028 3409 757 3857 2614 1138 1024 708 4130 4069 3859 1859 2102 1920 1170 3912 414 804 2135 4771 2353 3666 2442 3108 1982 1666 1360 3322 1542 1857 589 3940 1179 322 707 3013 611 1186 1618 3208 3407 3619 312 4219 1199 952 4588 2832 1019 281 1791 3778 4587 769 3574 1561 2156 4784 3812 3321 295 98 3443 4599 4861 3786 281 318 4699 3331 2221 4828 2138 4057 4835 4070 2162 742 2993 3010 4973 1764 4224 3950 984 1194 3471 3630 3597 1359 3702 1346 4239 594 1103 3822 2578 1656 771 1156 3855 721 1840 3425 1179 2108 2427 2961 3647 2657 264 3767 3170 600 64 1072 1521 369 810 1430 3574 745 1957 806 4313 2072 880 2154 4937 4609 4001 1170 4106 4845 1060 150 3801 3159 718 3052 4877 1308 2509 4244 4696 3276 1310 4914 3032 4891 3723 412 1744 2130 4655 4712 2973 3997 3169 2361 1986 2773 3989 2401 2140 3436 3872 326 146 720 2047 3419 665 319 1288 4019 857 3545 3601 4486 1641 2622 1466 1506 4714 1248 2386 660 4917 3401 159 3921 3174 363 4705 4539 4916 2242 2919 2566 3366 1918 3180 887 4354 4631 4082 541 1496 4545 4834 4417 603 4089 4880 2585 1812 1479 3399 4604 4808 4526 1254 3240 1112 2519 2822 3426 3529 1430 344 13 2445 3243 1158 3321 1172 2523 1740 102 1308 497 3614 1170 4920 3688 1979 214 102 43 766 4391 1462 2047 4980 2559 1941 4258 486 4570 2702 2359 1212 4702 1810 465 2148 4639 4048 1950 3507 3851 2240 4736 112 3297 1728 44 861 2623 2371 1993 1705 1719 143 1980 4303 3776 4348 3076 2508 4158 867 1141 2543 2922 1170 2922 4543 2619 4214 1270 1883 93 4032 1226 1903 893 4143 2705 347 1020 1819 3426 1110 3439 651 3005 3120 4962 874 3845 36 4169 2002 710 2161 1739 1197 1 3491 807 3706 1480 1588 809 4605 4222 861 2734 365 3528 4748 2868 3222 3861 3922 2164 2179 4298 4887 4802 2292 1157 370 4863 3153 461 1717 4677 4993 1293 4171 960 805 72 4364 115 1256 302 985 873 1135 4317 3628 802 158 1152 3054 4039 1960 2022 1230 4598 1756 2350 1724 344 10 44 2328 2843 1161 4176 4199 4150 868 3150 2886 3660 3978 1539 3696 1234 2543 505 4168 1527 2566 1766 2365 4352 3446 4772 1506 2982 2572 2134 2156 2033 4329 2957 2300 1228 4253 1741 3358 1786 3187 1455 3689 235 1521 90 3440 1322 2779 1348 3483 3669 3137 1883 1272 2743 4267 2393 3762 2249 4259 2225 2567 1362 4075 4530 2046 1748 1865 1129 1119 327 225 2817 184 4021 1332 3950 2273 300 4338 1656 2823 2524 4473 3723 378 563 871 2410 4927 454 1903 1069 1760 1404 4207 3823 1293 4530 2754 458 3729 397 170 1624 1960 4401 4385 2627 1157 3657 4011 3016 3218 623 445 2025 1102 4176 4927 1786 1494 3504 607 624 418 4782 2720 1317 435 3821 2764 4115 567 4623 3353 1630 1226 843 4032 4798 2985 636 4853 358 1635 4802 3246 290 4880 1141 473 3361 2262 416 2268 2909 4890 4235 3805 3988 831 3926 3058 3704 2554 2462 986 387 4322 1846 646 7 2125 409 717 3529 4101 2774 3692 2623 1460 1652 1672 1973 1676 3161 4804 1495 2604 3235 1623 1293 4015 1961 1598 3047 4883 1788 3264 3997 219 3969 2018 1857 4496 3998 1496 3147 1410 2467 1757 3694 4069 3509 34 2299 162 2707 4472 3691 2011 3710 42 
1000
query 511 581
query 1000 1000
modify 253 651 1453
modify 584 730 3746
query 150 851
query 130 539
query 75 327
query 552 912
modify 152 717 4348
modify 971 973 1491
modify 969 996 3282
query 120 393
modify 617 845 3166
query 371 624
modify 280 859 1637
query 683 736
modify 790 950 3505
query 494 905
query 71 599
modify 683 744 1625
query 476 835
modify 156 925 2529
modify 14 462 4870
modify 370 959 2175
modify 542 617 4032
modify 523 946 4442
query 142 828
modify 463 540 3319
query 235 694
query 507 552
query 163 745
query 79 951
query 885 906
query 163 878
modify 756 785 1345
modify 553 987 1250
modify 605 996 696
query 162 716
modify 449 556 4429
modify 809 966 4466
modify 590 765 2362
query 873 920
modify 306 451 3068
query 315 591
modify 451 648 2649
query 243 418
query 837 880
query 391 917
modify 231 354 4245
query 858 868
query 598 983
modify 727 829 2550
query 93 984
query 941 954
modify 261 816 1798
query 131 609
modify 910 996 3
modify 250 800 169
query 678 764
modify 740 800 3989
modify 381 614 4493
modify 642 810 1635
query 976 989
query 688 949
modify 953 966 1544
modify 705 987 1831
modify 678 789 424
query 287 433
modify 133 595 3027
modify 681 951 3392
modify 343 922 1543
modify 787 863 1584
query 24 520
modify 878 901 1893
query 600 807
modify 38 46 3412
query 705 747
query 154 940
query 437 628
modify 120 985 1699
query 396 912
modify 748 950 146
modify 886 909 2337
modify 229 624 2484
query 382 533
modify 543 854 4132
modify 235 312 4033
modify 53 984 984
query 886 925
modify 109 377 2794
modify 174 733 1090
query 410 992
query 32 565
query 960 973
modify 641 900 1140
query 87 376
query 131 976
query 707 872
modify 882 974 209
query 791 869
modify 504 634 3206
query 478 617
query 508 780
query 887 915
query 145 730
modify 880 906 2373
modify 270 512 2870
query 394 861
modify 550 999 4918
modify 385 801 1663
query 627 929
query 377 709
query 418 941
query 127 790
modify 210 264 3504
modify 978 985 3219
query 591 634
modify 64 466 4590
modify 212 430 948
modify 900 954 1271
query 9 41
query 65 489
modify 441 813 3265
modify 553 604 3922
query 19 200
modify 823 829 1942
modify 215 523 1890
modify 945 981 3096
query 26 199
query 284 890
query 714 848
query 800 981
modify 643 705 4085
query 241 342
modify 237 513 4032
modify 308 387 3661
modify 597 915 3899
query 755 996
query 493 807
query 293 818
modify 198 501 309
modify 250 585 4689
modify 182 593 687
modify 977 980 3252
query 199 717
query 108 966
modify 718 931 1958
query 766 930
modify 147 583 3683
modify 514 750 2678
modify 276 666 448
query 947 978
query 852 987
query 910 966
query 557 900
modify 799 811 4709
modify 331 674 4405
modify 148 933 1357
query 322 787
modify 252 998 152
query 324 941
modify 637 932 1893
modify 45 544 4105
modify 174 981 2555
query 772 841
modify 18 522 4672
query 685 790
modify 693 837 490
modify 254 634 2154
query 754 856
modify 784 924 1450
query 297 388
query 860 914
modify 802 808 759
modify 166 346 3611
query 657 660
query 950 1000
query 638 643
modify 609 739 2438
query 234 942
query 609 749
query 101 123
query 438 778
modify 827 920 3152
modify 720 802 4380
query 564 681
query 233 721
query 360 947
modify 58 530 3769
query 366 836
query 347 758
modify 731 772 3070
query 597 754
query 745 977
modify 227 257 1806
query 968 990
modify 586 811 4339
query 297 458
modify 839 975 4571
modify 156 403 1292
query 474 541
query 210 627
query 736 975
query 699 849
query 94 716
query 326 776
query 616 654
modify 548 830 540
modify 706 963 1868
query 903 982
modify 319 689 1334
modify 328 533 2767
modify 934 939 3167
query 316 500
query 897 995
query 729 795
modify 368 790 4489
query 131 884
query 826 830
modify 158 856 3286
query 746 983
modify 555 736 4634
query 473 694
modify 422 678 1203
query 244 732
modify 119 868 1182
modify 215 471 4012
query 49 417
modify 610 630 3601
query 446 464
query 305 518
modify 597 745 4894
modify 523 742 3690
query 732 850
modify 601 750 3534
query 278 852
modify 222 599 3792
query 95 976
query 779 865
modify 117 965 3481
query 450 803
modify 772 805 30
query 630 726
modify 503 546 2556
query 561 776
modify 294 679 3436
query 704 807
modify 856 949 3183
modify 907 918 849
query 549 751
modify 347 475 3119
query 510 750
query 384 962
query 334 988
query 375 903
query 814 869
modify 58 248 3444
query 94 841
query 144 698
query 78 631
query 241 391
query 95 852
modify 350 499 700
modify 399 750 20
modify 811 831 9
modify 339 363 447
query 788 871
modify 935 965 3173
modify 207 901 1261
modify 322 340 3424
modify 82 875 2516
query 827 911
modify 404 456 1539
modify 486 619 3620
query 164 297
modify 921 973 4020
query 226 758
modify 79 348 4179
query 702 838
query 141 148
query 191 805
query 225 864
query 193 464
modify 798 970 4154
modify 335 571 4058
modify 221 665 1601
modify 206 546 4099
modify 554 697 3957
modify 493 983 1324
query 788 932
query 75 421
query 98 308
query 674 759
query 887 959
modify 511 937 3292
query 821 898
modify 336 471 1914
modify 415 736 69
modify 358 685 3286
query 93 824
query 183 998
query 155 545
modify 223 560 4589
query 72 241
modify 1000 1000 2020
query 681 786
query 711 977
modify 624 690 876
modify 613 628 450
modify 49 227 4718
modify 304 760 2921
modify 253 315 1628
modify 374 426 44
modify 791 966 3334
modify 113 502 2216
query 727 829
modify 941 971 2046
modify 952 956 4198
query 641 714
query 325 934
query 95 596
modify 763 906 1801
query 543 784
modify 553 778 923
query 832 923
modify 884 993 4700
modify 244 719 3142
query 162 635
query 166 717
modify 417 1000 1619
query 846 916
modify 633 951 819
query 598 747
modify 834 970 4139
modify 72 322 252
modify 90 957 3952
query 53 915
modify 991 997 4450
modify 382 490 1005
query 36 939
query 761 836
modify 574 837 384
query 757 913
query 637 797
modify 244 774 2093
query 124 691
query 78 857
modify 469 941 1949
modify 795 936 4708
query 394 905
modify 810 967 3760
query 257 724
modify 985 995 1782
modify 252 594 3283
query 394 783
modify 516 553 317
modify 197 640 307
query 958 975
modify 53 585 4066
modify 284 395 1255
query 648 944
query 968 990
query 976 977
query 930 935
modify 340 892 2551
query 958 968
query 876 907
modify 884 953 2777
query 852 879
modify 889 971 2455
query 415 687
modify 383 538 4668
query 714 719
query 44 582
modify 36 433 2914
modify 550 614 629
modify 936 984 4784
query 726 845
modify 779 851 4538
modify 119 139 3931
query 702 985
query 232 614
modify 883 965 4826
modify 581 649 4514
modify 98 835 3865
modify 451 972 4165
modify 923 973 543
modify 806 973 3718
query 73 245
modify 800 829 4632
modify 606 930 3292
modify 83 769 2793
query 414 452
modify 352 791 958
query 591 611
query 828 989
modify 529 890 757
modify 907 994 2057
modify 542 740 693
query 725 911
query 983 997
query 736 933
modify 47 616 3606
modify 190 928 1143
modify 949 952 1456
query 5 769
modify 798 833 550
query 215 671
modify 160 183 4746
modify 583 633 166
query 231 855
query 954 1000
modify 280 488 3409
query 102 780
modify 162 756 3812
query 241 883
query 411 998
query 314 439
modify 904 915 2853
modify 939 950 3288
query 255 533
modify 118 539 2762
modify 685 1000 2548
query 719 984
modify 337 637 2963
modify 502 512 4203
modify 186 724 1708
modify 754 915 438
query 730 973
query 652 775
query 251 796
query 85 149
modify 257 293 2127
modify 34 528 1196
modify 634 815 1846
modify 500 925 1568
modify 939 999 4416
query 655 799
modify 800 980 1682
modify 939 966 451
modify 786 881 1979
query 697 889
modify 574 858 1503
query 229 471
modify 439 492 4659
query 481 923
modify 170 810 3821
modify 431 681 4789
query 722 950
query 517 696
modify 446 735 2484
modify 378 700 1307
query 807 956
modify 126 524 3524
modify 872 923 4254
query 939 1000
modify 681 907 4384
modify 777 820 3321
query 365 945
modify 527 923 263
query 596 962
query 197 842
query 605 974
modify 100 988 1812
modify 307 666 136
modify 109 113 3938
modify 107 912 117
modify 385 658 4804
modify 87 555 1031
modify 897 899 81
query 618 695
modify 849 903 492
modify 523 678 1346
modify 206 588 4849
modify 275 540 197
query 319 507
query 994 994
modify 394 531 2576
query 381 940
query 816 999
query 637 699
query 991 1000
modify 542 875 189
query 263 285
modify 227 914 4494
query 702 855
modify 522 985 2744
modify 16 218 33
modify 524 644 4446
query 763 952
query 461 663
query 122 961
query 179 477
query 140 836
modify 866 950 2072
modify 700 961 2512
modify 223 366 2594
modify 89 289 256
query 688 858
query 717 837
modify 473 739 857
query 571 714
modify 840 927 159
modify 821 987 4459
query 627 700
modify 655 703 420
query 669 841
query 834 885
query 873 900
modify 321 753 4528
modify 264 902 780
query 924 941
query 180 707
modify 294 822 3869
query 356 780
query 804 872
modify 948 967 3760
query 219 534
modify 664 898 2441
modify 73 348 2376
modify 625 682 3119
modify 567 812 1488
modify 288 330 3859
modify 30 505 4073
query 970 996
modify 355 943 3716
modify 747 771 625
modify 115 816 2763
query 55 813
modify 946 964 380
modify 660 699 1848
modify 812 865 1888
query 350 750
modify 951 990 1366
modify 256 426 722
modify 183 281 707
query 432 956
modify 503 763 1095
modify 602 711 4226
query 825 956
modify 854 920 2777
modify 329 862 619
modify 688 998 4000
query 598 841
query 303 544
query 116 196
query 988 994
query 662 954
query 474 803
modify 736 920 3154
modify 896 989 2659
modify 190 879 3420
query 681 977
query 640 890
query 205 631
query 664 678
query 636 919
modify 362 944 3269
query 740 814
query 393 645
query 855 968
query 572 642
modify 625 667 2759
modify 801 984 4873
modify 567 840 120
query 98 445
query 423 563
query 176 980
query 739 956
query 730 874
modify 48 639 3877
query 819 999
query 142 371
query 153 269
modify 845 907 1912
query 392 395
query 556 973
query 879 961
query 314 759
query 586 901
query 90 836
modify 598 859 1016
query 409 431
query 419 917
modify 671 767 12
query 132 303
query 691 821
query 69 976
query 684 800
modify 878 888 2976
modify 99 469 1719
query 135 640
query 511 955
query 538 811
modify 556 903 776
query 450 610
query 815 915
query 363 411
modify 327 803 4983
modify 449 543 4730
modify 120 744 4978
modify 986 994 75
query 712 780
modify 154 360 1639
query 974 975
query 858 867
query 569 680
query 979 985
query 86 94
query 911 961
query 1000 1000
query 369 373
modify 125 876 881
modify 475 670 3934
modify 174 471 4807
query 701 944
modify 242 880 949
query 893 981
modify 255 318 3792
query 912 921
query 6 806
modify 281 874 4926
modify 909 1000 508
query 631 955
query 414 844
query 436 519
modify 573 729 873
modify 691 815 1451
query 752 808
modify 868 908 1710
query 930 979
modify 449 714 1121
query 653 954
modify 722 906 551
query 401 492
modify 749 913 2416
modify 673 911 3045
modify 385 581 3644
modify 606 672 3575
query 458 871
modify 914 938 3726
modify 418 457 2087
modify 405 636 1492
query 30 55
modify 993 999 3968
query 143 737
query 57 134
query 531 808
query 418 978
modify 597 930 1053
modify 179 518 1525
query 361 727
query 800 992
modify 430 791 1138
query 823 834
modify 764 954 1239
modify 748 893 1905
modify 898 995 402
modify 5 889 459
query 573 853
query 714 986
modify 18 473 2295
modify 675 686 3345
modify 542 964 1435
modify 134 679 3549
modify 845 972 23
modify 212 824 229
modify 790 992 1342
modify 536 726 1616
query 502 637
query 415 968
query 607 776
modify 44 977 4096
modify 889 929 1597
query 56 306
modify 180 531 2299
modify 864 918 3159
query 121 476
modify 264 860 1304
modify 470 742 1194
query 407 643
query 147 716
query 137 437
modify 769 977 905
modify 274 547 952
query 622 994
query 901 971
query 187 787
modify 911 986 1402
modify 885 926 4490
modify 215 743 2758
query 219 536
modify 981 996 750
query 834 889
modify 418 592 1086
query 536 781
query 28 201
query 335 417
query 647 998
modify 688 863 2283
query 733 983
modify 1000 1000 1631
modify 734 934 28
modify 469 749 4192
query 353 984
modify 766 919 87
modify 296 521 240
query 137 718
modify 280 996 928
query 238 496
query 648 917
modify 992 997 1142
query 137 293
query 449 454
modify 354 657 4609
query 488 663
modify 564 891 4888
query 161 728
query 740 986
modify 142 832 2956
query 600 659
modify 732 918 2136
query 128 151
modify 506 840 1658
query 59 585
modify 118 922 2353
query 995 998
query 648 949
modify 288 402 1363
query 895 896
query 215 847
query 299 327
query 187 770
modify 742 755 331
query 397 506
modify 168 842 2536
query 527 814
query 68 642
query 718 723
query 128 516
modify 845 982 4921
modify 231 796 966
query 133 994
query 923 988
query 486 580
query 213 749
query 391 751
query 367 696
modify 684 929 1010
modify 552 665 2450
modify 783 973 952
query 164 838
modify 434 706 1806
query 774 875
modify 760 881 1662
query 993 997
query 538 651
query 230 286
modify 588 949 3329
query 926 937
query 912 994
modify 846 996 312
query 848 993
modify 784 792 2836
query 46 655
modify 82 929 2569
query 237 913
modify 608 649 1710
query 274 584
query 5 899
modify 256 930 4776
query 647 759
query 534 777
query 410 512
query 506 626
modify 757 873 1106
query 708 951
query 780 842
query 807 819
modify 160 517 2544
modify 209 788 4245
query 619 981
modify 870 954 3156
modify 629 713 818
modify 331 701 4514
modify 991 995 2822
query 496 825
modify 982 986 2447
modify 338 862 2072
modify 361 947 1012
modify 252 261 3983
query 75 885
query 233 476
query 730 938
modify 459 841 485
modify 881 903 1613
modify 848 973 2139
query 153 344
modify 305 902 3943
query 939 971
query 561 941
modify 86 892 3438
modify 498 510 4051
modify 791 849 588
modify 906 971 4586
modify 986 987 1624
modify 88 640 1217
query 171 438
modify 655 671 1039
modify 916 987 970
query 414 805
query 190 489
query 780 961
query 833 909
query 368 526
modify 463 973 4656
modify 309 967 3977
query 490 609
modify 656 921 4252
modify 679 698 2536
modify 317 417 4596
query 681 790
query 371 385
modify 906 975 4380
modify 733 800 4328
modify 331 342 2650
query 285 579
modify 143 609 83
query 253 690
query 774 875
query 621 752
modify 781 881 4975
modify 370 400 2750
query 390 449
query 158 315
query 500 991
modify 746 772 2034
modify 888 934 2815
modify 497 587 1958
query 251 862
query 873 977
modify 405 690 1086
query 350 509
query 376 772
modify 295 533 463
modify 356 955 2533
modify 422 567 2356
query 161 671
modify 364 398 1194
query 806 855
modify 321 493 2784
modify 519 833 253
modify 656 746 4050
query 998 1000
modify 148 273 1578
modify 762 804 2549
query 162 302
modify 980 983 4001
query 577 955
query 963 969
modify 184 890 2741
query 392 429
modify 489 773 433
query 643 854
query 113 221
query 976 983
query 936 978
query 482 1000
query 393 636
query 568 889
modify 776 939 3364
query 966 973
modify 250 901 4003
modify 627 1000 2841
modify 583 871 3978
modify 334 958 4299
modify 539 732 41
query 590 896
query 399 762
modify 871 944 676
modify 886 932 3435
modify 42 764 3390
modify 748 764 1871
modify 559 983 3776
query 989 992
modify 308 966 3360
modify 245 510 1912
query 4 791
modify 523 867 282
query 517 669
query 768 770
query 405 704
query 31 786
modify 767 996 4611
modify 927 953 2996
query 148 833
query 249 253
modify 55 623 4029
modify 530 649 2285
modify 608 825 572
modify 704 808 3650
modify 333 861 3825
query 135 923
query 847 912
modify 274 731 2208
query 193 804
query 25 210
modify 754 776 2664
query 335 890
modify 32 827 2619
query 215 906
modify 899 950 644
query 343 622
query 603 620
modify 384 493 4363
modify 631 988 4403
query 160 337
query 681 936
query 94 738
query 602 933
modify 691 792 2801
query 448 938
query 615 939
query 131 795
modify 953 962 4276
modify 644 915 3143
modify 764 809 4985
modify 37 436 682
modify 956 999 3773
query 651 844
query 539 759
modify 77 322 2007
modify 759 779 3468
query 473 490
query 852 976
modify 410 423 81
modify 594 759 1528
modify 22 557 3781
modify 660 773 2259
query 508 823
query 35 712
query 962 990
modify 68 83 3933
query 444 677
query 678 798
modify 649 788 4375
modify 301 972 4118
modify 17 297 3448
query 772 911
query 232 672
modify 846 958 3561
modify 138 547 2867
query 383 447
query 648 774
modify 245 271 62
modify 657 681 2483
modify 395 543 2174
modify 258 330 622
modify 305 495 1404
modify 192 923 4049
query 57 389
modify 260 326 1434
query 700 729
query 54 814
query 176 932
query 723 812
modify 561 850 2271
query 611 800
query 992 998
query 364 640
query 382 665
query 130 476
modify 158 472 312
modify 304 631 1821
query 553 604
modify 127 796 3720
modify 196 205 3978
modify 163 907 3582
modify 902 980 2834
query 698 838
query 483 643
query 4 306
modify 262 685 1718
query 430 753
query 827 874
modify 987 987 2606
query 635 892
modify 481 607 340
query 821 901
query 548 688
modify 276 433 81
modify 551 904 1153
modify 562 573 395
query 992 993
modify 394 721 4207
query 203 328
modify 402 810 1433
query 188 570
modify 345 850 4523
modify 630 769 4104
