100
958059006 822789088 86353003 111350527 419814170 797958127 22091921 533647434 554586106 839513697 276889641 102494841 486970633 272818444 125750460 981533341 585999762 278245250 736949837 150613443 7605978 396960910 212376711 212154612 853233784 718019401 794536386 257681820 339670463 215051575 153887951 106715567 506443616 172067475 631111344 33090011 96110293 187607243 526420270 602412661 841648763 122069421 625279289 969720492 300965620 439473630 61779058 305949112 146416967 376267165 185776209 638617096 385802298 523909391 308488732 566599996 424064706 255123448 731293940 293325599 699347030 663989933 370307980 752377850 761817108 876758639 684502482 958580272 884339131 928119520 988013144 127426796 913300668 905303275 106483832 620881297 708839035 351600379 553383952 482777110 350801439 533903639 907368456 540045955 429767156 540561675 407376336 537952986 633177280 192681216 427965663 521571831 603583346 774635815 593827775 400238571 630431921 398644858 617977711 445886312 
100
modify 73 137759184
modify 41 36820658
back 2
modify 35 735305935
modify 65 794647711
back 3
back 0
modify 36 5313824
modify 60 748051246
query 41
back 1
back 11
modify 16 308249219
query 87
query 45
back 5
modify 69 459420643
modify 52 628573399
modify 37 760681254
modify 43 487099598
query 34
back 15
modify 15 740305051
modify 58 12441326
modify 79 869513265
query 97
query 20
back 27
back 20
back 20
query 89
query 49
modify 39 5239063
back 10
modify 85 551136774
query 9
query 9
query 26
modify 91 827541874
modify 40 309925171
modify 89 685265348
back 16
modify 36 312295358
modify 84 520182355
back 40
query 44
modify 35 212972601
back 12
back 11
modify 14 458838130
query 18
modify 17 151037883
query 27
back 50
modify 68 429461520
modify 55 544154880
back 46
back 31
back 24
back 8
back 18
modify 52 490285020
query 74
back 62
modify 87 501904277
back 20
query 75
query 47
modify 81 277228653
back 8
modify 2 629844956
back 40
back 36
modify 74 649113222
modify 60 496082703
modify 21 614654701
query 97
query 18
back 29
query 5
back 32
back 64
modify 25 834204851
modify 37 222124849
query 40
query 67
query 10
back 50
query 23
modify 61 745902771
modify 48 966731292
back 69
modify 43 742591044
modify 35 846129467
back 47
modify 58 266341797
back 8
modify 58 3071145
query 77
modify 90 813156815
