1000
372 983 562 916 44 992 483 422 614 835 281 264 463 293 730 343 234 976 540 833 609 603 156 724 205 886 527 991 179 234 185 384 377 852 646 867 729 236 198 872 613 886 855 321 783 644 650 774 787 801 467 897 470 921 641 586 435 530 473 634 68 554 203 93 136 511 33 81 925 535 387 643 866 722 451 258 476 471 430 838 483 193 737 301 256 418 510 348 670 450 83 460 807 612 195 728 394 305 114 511 90 409 399 637 547 598 263 23 108 603 388 232 333 462 841 653 768 168 318 443 970 305 764 788 987 93 935 715 680 133 242 387 807 255 118 839 153 854 576 967 463 429 441 934 235 697 126 653 382 479 869 382 576 24 673 19 861 640 728 32 592 110 911 763 180 694 566 470 270 503 999 190 72 636 83 428 919 716 783 391 676 138 145 792 55 814 553 58 72 872 738 692 918 2 729 352 27 377 78 596 319 421 206 626 171 218 854 204 970 847 764 119 120 818 986 510 988 451 335 444 165 746 584 324 407 356 238 928 65 489 644 26 937 349 635 803 243 793 56 990 46 722 498 419 807 203 712 219 48 926 546 214 571 637 964 519 836 866 899 780 417 14 789 345 861 71 44 940 414 590 962 340 940 337 886 918 912 568 821 15 447 174 281 464 383 88 408 424 743 66 69 678 409 925 836 826 629 277 136 498 943 359 698 247 906 668 223 138 100 394 940 259 776 883 786 109 259 516 364 513 96 903 842 711 127 399 91 242 729 776 930 107 822 419 395 323 79 986 843 201 865 396 589 987 988 955 388 802 52 639 904 998 289 267 702 869 244 749 590 395 837 237 423 629 775 750 456 474 221 258 238 919 714 540 556 514 502 382 443 73 496 764 234 185 619 643 671 7 990 6 1000 965 175 977 549 474 969 840 366 181 401 672 251 222 819 982 15 722 1000 928 972 759 533 274 60 22 435 927 279 49 570 476 846 198 150 534 612 282 545 791 695 137 843 480 387 231 751 494 872 16 84 517 761 74 358 344 202 93 888 502 111 584 896 731 698 690 974 330 9 232 226 123 608 104 410 803 589 851 816 289 29 43 757 266 344 121 255 428 2 32 991 202 987 245 964 988 626 61 204 514 867 957 603 514 907 312 589 552 394 916 464 710 868 975 201 29 406 559 916 191 924 144 931 546 862 490 588 653 91 930 974 860 840 553 136 300 351 907 697 61 146 970 36 857 520 553 837 798 734 106 759 618 984 428 33 866 926 74 296 214 69 837 20 495 635 302 20 6 859 255 994 508 30 198 739 837 988 765 859 390 913 188 804 704 75 489 324 894 872 458 154 143 837 320 16 323 831 566 274 96 936 562 416 620 984 35 263 928 411 431 887 220 844 910 26 733 462 167 309 288 689 854 645 876 563 855 60 399 547 223 308 740 918 516 493 422 990 311 242 815 411 765 602 718 624 979 274 415 201 632 39 311 891 140 320 521 561 685 367 333 190 259 777 408 744 780 753 201 860 238 473 777 847 107 564 391 107 65 960 70 959 942 817 394 130 551 338 346 451 410 947 268 276 645 614 35 749 488 445 634 803 19 745 347 611 450 551 454 496 418 111 486 552 679 502 797 410 580 724 964 542 841 498 659 71 726 719 844 868 556 445 22 702 689 640 738 459 591 223 197 281 911 168 256 855 492 578 616 621 705 836 421 688 698 711 908 46 550 222 107 596 912 377 594 562 363 323 491 653 961 15 107 244 14 959 534 73 48 713 839 385 283 405 855 506 976 772 471 46 888 638 991 276 935 80 931 158 918 699 606 423 760 449 601 984 725 14 19 958 788 222 61 11 902 112 843 317 840 963 610 863 487 861 982 787 354 504 608 803 907 22 390 57 713 692 771 941 434 291 951 65 981 68 107 429 539 995 708 824 845 432 462 944 361 745 193 253 749 84 669 665 201 324 711 487 750 638 105 812 172 713 464 620 859 583 569 565 421 827 333 849 207 340 585 451 755 966 521 947 790 660 911 968 562 869 57 590 795 351 570 528 27 616 358 959 233 329 813 253 412 595 166 443 901 844 973 732 198 314 135 208 443 29 411 246 512 549 22 792 701 893 142 88 660 308 980 801 135 53 775 183 16 380 662 778 172 186 440 671 961 8 869 340 383 864 691 955 48 848 417 743 716 675 650 127 408 165 835 144 423 628 163 793 371 518 36 182 692 504 34 381 340 820 453 903 365 419 859 18 270 549 950 323 75 566 453 638 984 274 581 133 836 74 659 14 864 270 940 374 913 
1000
query 866
modify 566 782 159
modify 314 644 386
query 175
modify 834 876 698
query 543
modify 664 722 287
query 300
modify 972 998 452
modify 119 721 315
modify 842 915 28
query 77
query 125
modify 629 830 294
modify 588 860 378
query 370
query 626
query 10
query 265
modify 957 989 812
modify 561 613 133
modify 330 940 404
query 214
modify 597 796 321
modify 160 439 238
modify 541 971 486
query 765
modify 513 546 720
modify 236 787 579
query 329
modify 938 965 860
query 557
query 18
query 611
modify 824 846 660
modify 822 995 795
query 751
query 541
query 493
modify 720 787 706
query 963
query 179
query 935
modify 862 944 634
modify 115 124 296
query 978
query 189
query 895
modify 778 784 61
query 82
query 254
query 934
modify 756 967 828
query 263
modify 93 421 239
modify 224 988 291
modify 294 909 379
query 182
query 780
query 822
modify 549 560 53
modify 910 955 109
modify 272 354 599
query 64
query 96
modify 383 506 977
modify 503 999 77
modify 200 464 625
modify 857 880 572
query 44
modify 747 975 227
query 241
query 700
query 378
modify 432 841 668
modify 28 581 829
modify 116 278 130
modify 178 514 320
query 133
query 679
modify 772 865 421
query 24
query 800
modify 781 979 17
query 156
query 831
query 26
query 593
modify 234 769 681
modify 551 905 249
query 345
query 256
query 769
query 393
modify 935 994 619
modify 820 832 655
modify 976 983 270
modify 584 820 721
query 402
query 238
query 39
query 466
modify 511 772 603
query 753
modify 780 829 155
query 860
query 552
query 616
modify 429 434 112
query 24
modify 418 905 627
query 284
modify 696 792 651
modify 83 322 721
modify 413 596 49
modify 512 938 26
query 320
query 459
query 310
modify 280 618 592
modify 668 705 723
query 357
query 805
modify 588 821 41
query 893
modify 508 844 641
query 760
modify 897 921 699
modify 213 312 926
query 597
modify 575 747 101
modify 206 985 486
query 943
query 656
query 414
query 637
modify 785 807 180
modify 678 883 821
modify 377 903 402
query 114
modify 669 677 386
modify 918 966 683
query 845
query 651
query 704
query 196
modify 551 705 612
query 427
modify 444 929 690
query 537
modify 384 968 853
query 503
modify 398 847 558
query 100
query 647
query 588
modify 510 928 735
modify 396 429 896
query 762
query 493
query 158
modify 850 999 291
modify 711 917 738
modify 64 250 844
modify 1000 1000 416
query 858
modify 963 1000 505
modify 54 505 585
query 594
query 551
query 949
modify 572 949 109
modify 639 681 880
modify 525 591 157
query 767
modify 187 801 391
modify 71 926 70
modify 293 442 841
query 685
query 318
modify 603 817 41
query 36
query 193
query 430
query 822
modify 593 878 452
query 308
query 574
modify 50 798 44
query 810
modify 904 990 324
query 73
query 787
query 370
query 350
modify 291 629 160
modify 178 959 884
query 395
modify 632 731 74
query 98
modify 332 970 773
query 354
query 398
query 72
query 372
query 663
query 850
modify 782 934 613
query 689
query 280
query 146
modify 221 610 173
modify 418 705 720
query 261
query 115
query 384
modify 65 496 42
modify 62 973 788
modify 863 865 934
query 491
query 901
query 296
modify 816 988 33
modify 200 934 387
modify 725 770 464
query 845
modify 640 732 172
query 228
modify 106 989 929
query 822
query 24
query 122
query 973
modify 107 882 935
query 309
modify 243 271 96
modify 294 348 4
modify 145 703 969
query 480
query 405
query 377
modify 945 969 504
modify 670 670 679
query 879
query 631
modify 177 779 226
query 870
query 471
query 132
query 95
query 570
query 948
query 959
query 933
modify 819 950 878
modify 364 431 151
modify 811 986 55
modify 241 470 622
query 804
query 419
modify 268 924 998
modify 387 579 604
query 522
query 986
modify 267 448 387
query 837
modify 444 678 843
modify 33 439 717
query 838
modify 25 497 834
modify 909 954 502
modify 324 632 896
modify 166 224 859
query 726
query 684
modify 63 255 457
query 522
modify 411 761 262
modify 455 916 69
modify 169 791 215
modify 504 806 74
modify 315 702 19
modify 298 860 383
query 174
modify 768 891 666
modify 430 932 223
modify 701 891 299
query 944
query 801
query 940
modify 672 821 8
modify 498 738 880
modify 879 939 84
query 526
query 821
modify 601 603 388
query 996
modify 377 492 844
modify 24 67 759
query 459
modify 359 474 510
query 985
modify 653 857 814
modify 358 665 277
modify 891 996 648
query 143
modify 739 865 373
query 263
modify 457 951 361
modify 290 451 666
modify 627 808 783
modify 30 63 747
modify 363 869 118
modify 658 855 391
modify 178 949 650
modify 160 334 916
modify 855 867 78
modify 259 892 683
modify 558 847 655
query 543
query 260
query 484
modify 638 870 494
modify 905 978 589
modify 331 647 719
modify 878 963 260
modify 711 868 999
query 158
query 915
query 312
modify 503 773 579
modify 537 834 252
modify 507 740 108
query 114
modify 884 989 107
query 462
query 683
modify 628 881 132
query 169
modify 52 499 664
modify 786 978 328
modify 830 948 45
query 843
query 390
query 977
modify 379 941 612
modify 315 960 287
query 977
query 168
query 789
modify 536 771 830
query 931
modify 74 139 470
modify 788 974 942
modify 395 677 626
query 897
query 198
query 479
modify 784 864 235
modify 216 242 251
modify 224 378 989
modify 146 519 436
modify 197 629 105
modify 168 843 220
modify 224 843 403
query 176
modify 994 997 859
modify 10 203 66
modify 640 837 583
query 655
query 558
modify 463 784 832
query 421
modify 871 902 225
modify 547 870 10
modify 933 971 117
query 861
query 559
modify 430 671 900
modify 118 796 622
query 111
modify 201 657 521
query 14
query 429
modify 935 994 574
modify 600 927 511
modify 418 442 6
modify 26 850 595
modify 22 80 747
modify 604 833 903
query 294
modify 301 514 804
modify 349 752 529
modify 329 474 587
modify 850 854 942
modify 761 839 853
query 770
modify 359 699 424
modify 657 795 447
modify 116 270 834
modify 722 828 467
query 198
query 634
modify 677 763 230
query 716
query 743
modify 55 817 606
query 435
modify 703 719 169
modify 892 970 400
query 802
query 916
modify 509 520 433
query 318
modify 258 386 502
modify 12 805 787
query 874
modify 665 690 866
query 935
query 971
query 979
modify 251 846 331
query 510
query 851
modify 404 765 473
query 891
modify 112 162 33
query 652
query 207
modify 597 826 330
query 782
modify 839 967 93
query 250
query 438
modify 757 878 444
modify 623 771 816
query 722
modify 940 989 569
query 95
query 638
query 41
modify 525 648 355
query 533
modify 609 831 411
modify 220 789 269
modify 236 496 65
modify 397 598 405
query 501
query 214
query 134
query 3
modify 804 855 497
modify 609 844 108
query 171
query 278
modify 809 819 5
modify 416 907 298
query 740
modify 587 595 171
query 284
query 151
query 76
modify 187 437 988
modify 59 856 171
query 798
modify 46 633 841
query 335
modify 89 883 629
query 187
modify 414 566 158
query 423
modify 250 873 53
modify 115 768 888
query 176
query 752
query 511
query 357
query 807
modify 806 826 478
modify 641 814 852
query 84
query 659
modify 703 864 708
modify 36 95 884
query 309
modify 160 751 407
query 734
query 439
modify 100 581 370
query 739
modify 366 479 827
query 856
query 781
modify 961 996 57
modify 324 379 200
modify 692 733 171
modify 261 440 139
modify 283 598 146
query 183
query 296
query 562
modify 223 549 307
query 569
modify 900 940 22
modify 412 526 209
query 837
modify 523 839 573
query 156
modify 329 782 726
query 220
query 138
query 713
modify 290 881 643
modify 345 412 668
query 391
modify 99 292 779
modify 556 704 945
modify 161 578 332
modify 133 319 361
modify 135 695 116
modify 807 926 307
query 616
modify 730 804 195
modify 502 530 144
modify 204 544 456
modify 230 357 239
modify 283 625 428
modify 746 824 702
query 960
query 671
modify 983 988 315
query 412
query 879
query 358
query 97
modify 743 887 791
modify 687 802 844
modify 66 806 365
query 814
modify 544 581 164
query 771
modify 619 905 422
query 338
query 794
query 348
modify 724 880 579
query 463
modify 261 963 790
query 59
query 894
modify 607 690 284
modify 267 678 640
modify 795 964 696
query 957
query 396
query 725
query 363
query 273
modify 370 664 180
query 954
query 582
query 688
modify 740 860 356
modify 597 604 717
modify 447 606 537
modify 362 789 68
query 800
query 332
modify 990 993 627
modify 432 815 139
modify 653 811 597
modify 366 424 866
modify 256 584 112
modify 201 403 799
modify 651 859 254
modify 764 993 972
query 173
query 828
modify 672 822 60
modify 138 230 54
query 662
modify 152 399 578
query 730
query 831
modify 820 832 250
modify 904 982 596
modify 239 991 656
modify 118 960 383
modify 592 654 884
modify 346 839 137
modify 169 263 467
modify 230 953 473
modify 322 579 107
modify 417 642 330
modify 401 817 244
modify 191 349 585
modify 993 998 719
query 986
modify 248 981 430
query 479
modify 580 742 262
modify 437 874 852
query 603
query 143
query 916
query 324
modify 389 913 73
modify 17 288 586
query 23
modify 603 708 920
modify 105 236 404
query 622
modify 833 963 6
modify 336 338 535
query 514
modify 954 973 628
query 468
modify 573 676 541
query 240
query 952
modify 687 886 577
query 75
modify 916 935 313
query 811
query 342
modify 711 736 424
modify 168 473 926
modify 937 960 975
modify 934 962 452
query 516
modify 120 169 224
query 808
modify 482 970 495
query 551
query 838
modify 397 642 983
modify 828 891 67
modify 518 765 11
query 497
query 119
modify 557 762 787
modify 213 536 852
modify 426 811 730
modify 561 734 774
query 10
modify 351 601 728
modify 109 970 874
query 281
query 590
modify 73 811 845
modify 689 829 807
modify 839 865 183
modify 614 877 30
query 103
query 944
query 36
query 35
query 904
modify 763 953 37
query 756
query 723
modify 274 681 465
modify 510 575 299
modify 176 916 298
modify 740 782 946
modify 335 421 404
modify 492 866 873
modify 537 580 561
modify 129 456 536
query 774
modify 62 985 841
query 215
query 757
query 871
query 167
modify 107 941 870
modify 228 838 470
query 802
modify 115 344 574
query 683
query 674
query 116
query 911
modify 882 936 399
modify 791 839 243
query 868
query 967
query 517
query 472
query 674
modify 424 921 364
query 887
query 475
query 598
query 990
query 341
modify 19 635 659
query 277
modify 40 197 665
modify 110 507 298
modify 42 410 923
query 94
query 116
modify 414 692 967
query 551
modify 835 948 675
modify 685 778 777
query 150
query 435
query 387
modify 929 933 779
query 723
modify 306 897 928
query 40
modify 332 897 249
modify 411 731 635
modify 512 567 47
query 934
modify 869 965 193
query 4
modify 427 542 463
modify 265 399 331
modify 113 737 440
query 233
modify 72 835 555
modify 157 360 73
query 162
modify 382 925 337
query 13
query 55
modify 34 422 252
modify 940 992 31
query 246
modify 562 777 631
query 85
modify 985 993 919
query 929
modify 81 291 627
query 179
modify 527 748 822
query 87
modify 741 743 814
query 382
modify 284 857 564
query 709
modify 28 414 900
modify 675 994 882
modify 60 677 87
modify 222 942 988
modify 714 858 379
modify 726 991 779
modify 440 532 122
query 670
query 77
modify 251 305 758
query 827
modify 209 467 308
query 299
query 244
query 236
query 282
query 116
query 995
query 618
query 535
modify 688 759 696
modify 609 1000 442
query 757
query 787
modify 412 912 81
modify 183 579 146
modify 494 695 171
query 271
query 858
query 499
modify 579 802 240
query 941
modify 161 964 338
modify 405 600 806
query 613
query 174
modify 136 704 722
query 842
query 865
modify 570 811 573
query 271
query 308
modify 119 660 65
query 411
modify 166 840 556
query 3
modify 573 600 919
modify 633 947 770
modify 541 730 306
query 840
query 642
query 337
query 524
query 881
modify 493 709 603
modify 430 735 74
modify 325 362 416
query 724
query 581
query 256
modify 314 965 585
query 379
modify 787 862 39
modify 500 866 7
modify 104 338 401
query 933
modify 392 882 554
query 450
modify 240 836 511
modify 303 757 148
modify 776 850 159
query 259
query 870
query 863
modify 853 988 976
modify 546 625 991
modify 615 772 837
modify 897 976 746
modify 829 830 647
query 740
modify 453 514 999
query 228
query 879
query 203
modify 886 974 319
query 209
modify 20 898 209
query 855
query 274
modify 549 908 122
modify 10 673 86
modify 6 189 763
query 242
modify 405 610 548
query 23
query 732
modify 564 780 176
modify 716 907 471
modify 30 855 606
modify 111 190 576
query 36
modify 21 80 807
query 293
query 750
modify 542 599 967
query 255
query 241
query 723
modify 758 980 921
query 939
query 192
modify 802 808 881
modify 683 742 681
query 863
query 158
query 889
modify 47 477 665
modify 49 597 499
modify 633 982 580
query 433
modify 619 854 850
query 899
modify 791 876 90
query 465
query 301
query 69
modify 740 949 780
query 183
modify 102 155 385
modify 577 975 533
query 540
modify 756 903 622
modify 271 973 20
query 675
modify 445 840 162
query 126
query 741
query 660
query 221
modify 585 1000 356
modify 706 778 2
modify 54 749 497
query 675
query 846
modify 466 557 728
modify 874 973 818
query 631
modify 114 244 174
modify 409 976 763
query 960
query 229
modify 95 380 937
modify 831 903 473
modify 136 782 605
modify 763 942 788
modify 588 987 417
modify 723 767 996
modify 402 532 303
query 561
query 958
query 33
query 570
query 375
query 639
query 843
query 232
modify 322 492 191
query 51
query 909
query 611
modify 666 853 864
modify 700 820 75
modify 375 594 707
modify 564 887 101
query 686
modify 988 992 774
query 273
query 106
modify 986 998 301
query 256
modify 321 635 547
query 576
query 701
modify 112 430 524
modify 558 674 983
query 736
modify 333 406 237
query 974
modify 590 864 790
query 712
query 449
modify 436 812 943
query 103
query 232
query 28
query 810
query 653
query 300
modify 798 930 242
modify 144 700 922
query 785
modify 815 870 523
modify 205 599 565
query 191
modify 733 792 492
query 70
query 640
modify 290 505 233
query 470
query 443
modify 588 848 539
modify 523 935 868
modify 579 784 625
query 846
modify 535 856 42
modify 508 552 57
modify 552 796 958
query 603
query 739
query 84
query 86
modify 895 946 308
modify 773 866 240
modify 298 472 68
query 573
query 942
modify 886 925 717
query 861
query 600
modify 684 939 259
query 44
modify 104 331 446
query 820
query 727
query 269
modify 269 546 835
modify 135 871 136
query 393
modify 617 780 971
query 66
modify 38 49 6
query 463
modify 514 927 548
modify 765 918 894
modify 485 642 265
query 841
query 216
query 440
modify 501 742 589
query 421
query 659
modify 263 410 935
modify 425 694 264
modify 570 906 160
query 158
