380 560
424 945
668 78
784 363
656 536
43 578
78 329
259 569
611 71
118 78
37 620
855 352
150 797
708 816
535 118
339 628
178 276
611 370
71 42
80 593
525 511
816 708
579 708
343 439
620 37
37 620
668 78
579 556
42 71
476 777
611 370
149 43
130 277
71 42
668 78
983 535
668 78
149 786
287 593
634 524
37 620
668 78
805 680
611 71
751 680
611 71
380 560
668 78
43 815
80 593
399 745
80 593
429 27
620 37
680 751
201 294
42 71
816 329
80 593
259 407
245 843
104 136
560 380
37 620
149 786
245 27
606 981
668 78
732 301
668 78
611 370
78 329
708 579
149 236
732 950
42 536
380 560
571 318
680 751
429 675
78 816
816 708
718 747
339 628
271 583
818 422
850 269
71 42
668 78
152 494
822 895
301 855
245 843
680 751
708 816
680 423
71 42
579 556
399 745
42 71
519 416
341 937
611 919
795 487
580 304
243 936
458 1000
950 732
619 875
517 113
273 173
57 532
130 277
334 123
905 789
474 352
559 656
173 273
322 559
823 729
64 372
611 919
611 919
974 970
342 152
341 918
839 246
956 17
882 582
243 936
559 322
389 919
618 822
305 135
385 962
507 841
611 830
79 950
816 802
919 370
472 108
713 743
780 655
970 210
389 290
507 841
559 322
553 230
263 165
448 721
482 955
4 10
243 936
784 363
85 842
559 560
937 641
737 982
105 215
828 607
245 843
943 545
882 567
950 79
368 618
78 118
882 10
777 232
311 553
372 64
518 581
482 396
125 216
982 875
243 936
970 974
611 830
317 436
611 919
310 425
246 839
347 958
261 351
995 273
585 181
711 306
672 809
914 5
559 322
924 656
137 473
282 331
559 322
943 564
248 652
536 560
482 396
909 294
119 245
611 559
1 2
2 1
1 2
2 1
1 2
1 2
2 1
2 1
1 2
2 1
2 1
1 2
2 1
2 1
2 1
2 1
2 1
1 2
2 1
1 2
1 2
2 1
2 1
2 1
2 1
1 2
2 1
1 2
1 2
2 1
1 2
2 1
2 1
1 2
1 2
2 1
1 2
1 2
2 1
2 1
1 2
2 1
2 1
2 1
2 1
2 1
2 1
1 2
2 1
2 1
1 2
2 1
1 2
2 1
1 2
2 1
1 2
1 2
2 1
1 2
1 2
2 1
1 2
2 1
1 2
2 1
2 1
1 2
2 1
1 2
1 2
1 2
2 1
1 2
2 1
1 2
2 1
1 2
2 1
2 1
2 1
1 2
2 1
1 2
2 1
1 2
2 1
1 2
2 1
2 1
2 1
2 1
1 2
1 2
2 1
1 2
2 1
2 1
2 1
2 1
150 357
777 584
777 643
359 868
538 895
152 494
538 895
569 152
271 804
848 845
280 266
373 357
271 804
197 226
634 524
113 569
197 950
23 280
571 768
637 558
150 405
280 266
23 266
23 549
777 584
643 804
494 152
150 385
61 23
296 113
637 558
271 804
23 549
61 549
271 804
784 363
637 848
569 113
866 856
385 150
150 385
373 357
152 494
108 296
783 39
150 385
855 61
569 259
777 868
868 554
850 269
179 445
637 280
494 152
494 152
643 804
637 558
533 222
994 2
558 388
478 271
538 895
538 226
152 494
359 895
637 280
150 385
424 945
476 584
777 584
150 405
569 152
637 280
251 791
152 494
150 385
150 405
538 226
385 150
538 895
584 868
994 981
108 385
538 226
150 405
848 845
23 266
538 226
373 848
23 549
855 61
569 259
569 113
672 809
712 809
848 558
538 895
538 895
152 494
271 804
424 945
424 945
909 491
717 688
5 983
868 554
868 554
385 962
809 975
945 424
783 39
67 493
945 424
784 783
768 691
672 809
97 145
1 2
5 983
622 975
5 983
868 424
983 5
777 236
232 236
783 39
622 493
643 607
425 310
983 5
983 5
868 554
385 962
385 310
67 493
868 554
909 983
975 809
784 5
385 962
424 945
983 5
983 5
983 909
385 975
385 962
771 580
385 962
717 342
783 945
643 607
425 310
983 5
983 5
67 493
783 784
983 909
983 5
67 493
232 607
236 232
310 385
783 39
232 607
385 962
622 493
868 424
117 975
983 5
385 117
232 643
425 310
385 310
425 310
425 407
385 962
424 868
784 136
342 407
606 691
643 607
983 909
643 376
117 269
909 491
643 376
983 909
236 232
425 310
5 983
232 607
809 975
5 983
342 407
783 784
607 232
232 607
643 607
425 310
983 5
2 1
1 2
2 1
1 2
2 1
2 1
1 2
1 2
2 1
2 1
1 2
2 1
2 1
1 2
2 1
2 1
1 2
1 2
1 2
1 2
2 1
1 2
1 2
1 2
1 2
2 1
2 1
2 1
2 1
1 2
2 1
2 1
2 1
2 1
2 1
1 2
2 1
2 1
2 1
2 1
1 2
1 2
2 1
2 1
1 2
2 1
2 1
1 2
2 1
2 1
1 2
2 1
1 2
1 2
1 2
2 1
1 2
2 1
1 2
2 1
2 1
2 1
2 1
2 1
2 1
1 2
1 2
2 1
2 1
2 1
1 2
2 1
2 1
1 2
2 1
2 1
2 1
2 1
1 2
1 2
2 1
1 2
1 2
1 2
2 1
1 2
1 2
2 1
2 1
2 1
2 1
2 1
2 1
1 2
2 1
1 2
2 1
2 1
1 2
2 1
2 1
2 1
1 2
2 1
1 2
2 1
1 2
2 1
2 1
1 2
2 1
2 1
1 2
1 2
2 1
2 1
2 1
2 1
2 1
1 2
1 2
2 1
2 1
1 2
1 2
1 2
1 2
2 1
1 2
2 1
2 1
1 2
2 1
1 2
1 2
2 1
2 1
2 1
1 2
2 1
1 2
2 1
1 2
1 2
1 2
2 1
1 2
2 1
1 2
1 2
1 2
2 1
2 1
1 2
2 1
1 2
1 2
1 2
2 1
2 1
1 2
2 1
2 1
2 1
1 2
2 1
2 1
1 2
2 1
1 2
1 2
1 2
1 2
1 2
1 2
2 1
1 2
2 1
2 1
2 1
1 2
2 1
2 1
2 1
2 1
1 2
1 2
1 2
1 2
1 2
2 1
2 1
2 1
1 2
1 2
2 1
2 1
1 2
2 1
2 1
265 276
254 753
71 611
179 126
136 462
141 433
604 920
433 141
268 48
828 607
437 48
277 233
794 602
967 39
136 104
594 37
745 399
620 229
497 602
611 71
78 829
403 579
63 245
919 370
437 680
437 680
403 579
399 745
628 80
80 593
227 814
437 48
421 475
612 79
437 680
297 456
297 759
403 433
265 276
80 593
179 126
751 437
919 370
339 628
919 290
80 593
109 222
602 794
164 986
164 986
232 607
227 914
732 950
437 680
598 109
822 538
63 245
237 229
437 680
433 403
914 227
623 850
579 403
602 794
802 816
919 611
656 675
132 95
718 830
525 511
399 745
49 343
433 141
723 656
150 405
237 229
339 80
268 49
451 318
399 745
611 919
399 745
497 744
437 680
71 611
237 229
399 745
491 558
768 691
732 950
71 611
675 867
297 759
403 579
27 867
227 914
399 745
437 680
297 343
954 297
77 403
619 154
34 360
561 369
526 791
952 547
458 356
982 875
964 382
267 176
827 501
583 718
236 149
7 734
699 904
448 721
458 839
842 85
733 452
510 223
867 675
529 265
178 253
188 321
57 394
903 979
626 453
780 655
201 909
580 845
439 815
306 510
847 16
489 243
584 236
79 612
721 448
175 290
652 489
140 652
713 743
508 457
581 518
773 233
177 199
697 445
484 854
178 623
458 839
107 938
597 365
489 248
620 37
303 906
458 903
396 727
329 201
438 906
484 405
526 109
248 489
652 140
559 798
458 903
458 356
964 47
458 839
360 34
806 839
508 400
597 699
791 526
243 489
526 636
588 409
938 107
458 356
396 827
569 259
405 975
58 980
848 838
842 85
656 536
982 875
623 850
221 322
993 12
655 529
974 970
949 391
298 117
470 604
883 416
807 949
899 535
479 726
248 498
199 705
982 377
255 649
649 586
649 255
318 451
318 606
318 451
649 529
649 255
649 255
255 649
856 866
318 451
856 866
856 866
649 529
649 529
649 529
606 318
318 451
255 318
529 856
856 866
649 586
529 649
856 866
856 866
318 451
529 649
856 529
529 649
856 866
529 856
856 866
649 529
318 255
255 649
318 451
856 866
255 451
255 318
255 649
318 451
866 856
318 606
856 866
318 451
255 451
649 255
649 529
856 866
529 649
318 451
606 866
649 529
866 856
318 451
318 606
856 866
649 529
606 866
856 866
318 451
856 529
255 649
255 649
529 649
255 318
856 866
649 529
318 255
866 856
606 318
866 856
649 529
606 866
649 255
606 866
318 451
255 649
606 866
856 866
255 451
255 318
318 451
318 451
856 866
255 649
255 649
856 866
255 318
856 866
606 866
318 451
649 586
606 866
856 866
856 866
856 866
255 451
856 866
509 194
509 194
62 810
463 473
381 227
150 611
452 692
947 624
493 781
879 200
340 294
584 45
50 23
354 13
493 781
562 991
947 227
629 855
781 585
95 25
845 224
493 781
340 294
991 560
584 45
566 641
62 340
319 320
810 243
452 775
678 788
280 829
845 224
624 492
463 473
584 45
555 879
622 556
781 493
62 810
658 339
509 194
122 505
584 45
452 775
861 125
584 45
455 550
646 826
223 629
50 861
340 294
310 161
566 641
947 227
253 464
845 224
670 58
584 45
452 692
621 885
532 581
584 45
224 679
452 692
845 224
509 194
532 310
122 679
560 991
845 692
463 473
744 194
509 194
769 885
584 222
50 861
62 810
991 562
493 463
473 463
273 505
122 679
150 49
180 276
535 104
310 509
680 208
150 611
340 294
340 294
62 810
781 585
473 444
131 855
122 679
273 505
651 822
452 403
584 822
955 967
769 544
556 339
258 261
550 118
670 855
654 130
977 955
339 556
356 722
955 977
955 967
619 329
486 330
329 522
955 977
551 187
616 180
566 261
977 955
180 616
955 977
556 339
322 118
670 855
556 608
303 852
767 96
950 414
261 197
566 261
118 550
890 726
855 670
608 12
74 424
329 522
955 967
608 556
329 522
967 184
258 977
172 936
855 587
550 852
522 356
855 587
967 955
356 522
195 25
556 339
96 767
339 556
670 855
556 339
566 261
258 683
261 460
339 556
654 130
955 967
654 115
96 767
339 556
955 967
96 767
550 852
550 118
339 556
977 516
683 258
258 261
184 967
977 516
200 767
261 258
96 767
622 556
303 96
955 967
339 556
258 261
184 621
118 550
950 734
329 522
339 556
329 522
619 329
955 967
356 522
619 329
356 522
339 556
654 130
356 522
83 295
180 508
303 15
654 130
726 545
947 227
759 66
647 508
901 973
380 25
947 227
645 258
947 227
645 683
645 568
180 616
683 759
660 551
645 568
377 713
759 66
683 645
645 568
508 647
910 276
901 80
380 25
624 875
508 647
380 25
645 568
645 683
380 973
759 486
645 683
486 330
486 330
624 875
380 676
745 632
284 616
624 947
676 380
683 645
947 227
759 66
947 551
947 624
947 227
947 551
380 25
486 330
947 624
947 227
624 645
973 901
759 66
901 973
947 624
759 66
645 568
901 973
947 227
645 568
647 508
683 645
647 508
380 25
676 380
380 676
947 624
354 508
901 80
380 25
486 330
645 568
566 551
759 66
947 227
645 683
2 1
380 25
486 330
486 330
676 380
645 683
947 227
947 227
624 875
80 134
551 566
380 25
258 826
380 25
380 676
380 25
759 66
647 508
645 568
947 227
508 647
901 169
486 330
676 380
683 460
937 27
202 476
997 562
176 306
155 409
593 555
202 802
567 565
948 130
770 384
306 176
937 997
566 551
937 997
852 39
476 202
463 127
770 384
447 338
997 184
778 27
184 936
184 621
712 209
221 698
997 937
184 621
778 27
831 905
493 781
912 745
936 184
937 997
683 936
626 733
476 202
826 646
338 447
683 936
937 27
937 997
476 905
476 905
202 476
936 172
566 197
130 654
176 546
566 297
475 131
476 905
956 493
10 872
297 566
12 608
89 929
306 821
770 384
566 297
10 176
174 179
937 27
262 319
670 308
566 297
201 353
10 872
566 197
937 997
476 905
982 23
997 906
297 566
184 621
997 937
447 338
566 197
951 416
476 905
184 936
566 297
297 566
313 145
937 27
81 847
334 984
349 788
202 476
127 98
771 654
342 782
98 127
997 906
326 890
566 197
476 202
176 10
202 218
842 733
713 2
680 713
680 713
680 745
451 632
680 745
713 680
451 632
713 680
745 680
451 632
713 680
680 713
680 745
713 680
632 745
451 2
745 632
713 680
451 2
632 451
632 451
680 745
713 1
713 1
632 745
713 680
713 680
713 451
713 680
680 713
451 2
632 451
451 2
451 2
680 745
713 1
745 632
745 632
451 632
451 632
632 745
632 745
680 745
745 680
451 2
451 2
632 745
451 2
713 680
713 451
713 680
680 713
451 2
713 1
713 680
680 745
451 632
680 713
632 745
745 680
713 680
451 632
745 680
632 745
713 451
713 680
713 680
632 745
680 713
680 713
713 1
745 680
680 745
680 713
680 713
713 1
632 745
680 713
745 680
451 632
632 745
451 2
713 680
632 745
745 632
713 680
680 713
713 1
713 680
680 745
632 745
680 745
713 680
713 2
632 745
451 632
713 680
451 2
713 680
405 619
598 714
640 419
76 41
144 490
497 840
635 169
686 958
906 562
692 403
782 748
872 626
936 755
551 187
233 484
215 12
886 28
116 290
265 902
991 270
350 728
580 841
432 707
928 222
303 96
315 101
38 736
657 667
762 585
660 632
703 783
275 284
480 85
126 880
540 636
632 745
906 950
723 785
563 823
470 959
743 608
839 479
655 711
80 134
745 912
484 772
231 671
452 802
108 958
86 381
479 649
233 350
549 664
207 350
65 276
352 913
686 900
350 728
678 576
492 194
64 516
872 626
861 125
58 770
772 538
997 404
233 484
452 802
303 15
128 902
528 3
254 47
616 284
847 409
720 825
872 626
951 176
233 484
126 866
903 629
52 576
821 163
236 449
276 423
66 321
240 463
609 491
705 59
910 232
233 686
55 410
605 204
772 484
64 895
906 30
762 790
939 620
545 405
882 683
528 479
873 934
128 902
246 610
440 383
873 294
55 226
774 26
767 200
394 753
977 784
827 342
664 455
58 311
656 948
440 359
496 320
664 549
218 564
535 369
187 405
874 935
664 549
873 340
128 902
342 782
342 413
871 31
624 871
246 402
342 55
456 42
402 246
456 42
55 226
664 549
920 540
246 402
873 934
342 782
37 756
656 226
873 294
139 311
234 421
664 549
58 311
342 782
920 456
246 402
664 549
456 920
439 655
402 949
664 549
218 564
169 901
827 496
55 226
339 748
827 342
873 294
949 906
128 902
58 311
440 359
58 311
743 413
664 549
949 906
664 852
564 218
385 439
535 256
920 128
691 139
920 540
664 455
58 311
496 262
785 472
456 881
920 540
564 535
152 289
664 549
226 55
456 920
256 535
827 262
342 782
402 483
226 656
949 483
664 549
949 30
934 383
664 549
385 128
535 256
218 564
280 891
722 619
131 855
722 397
566 381
947 624
722 397
879 308
26 903
280 161
79 674
70 895
280 79
22 26
79 280
879 308
665 811
79 280
683 172
308 879
903 131
22 769
70 895
79 674
903 131
79 674
879 308
70 895
670 308
131 855
903 855
22 769
619 382
722 397
670 308
74 811
947 227
68 573
100 891
79 674
665 811
79 280
624 381
879 308
947 297
879 308
280 891
308 670
722 397
22 769
891 100
619 722
26 508
722 619
131 855
722 397
619 382
22 769
79 674
879 308
879 74
891 100
551 566
131 903
722 397
22 769
619 397
405 189
670 308
131 855
79 674
947 227
619 382
713 1
722 397
22 769
22 769
879 74
79 674
26 22
79 280
70 895
722 397
22 769
131 855
74 811
79 674
321 66
405 189
70 895
79 674
26 22
308 670
885 769
382 619
308 670
131 903
22 26
22 769
879 74
693 1
2 1
1 2
1 2
2 1
693 1
2 1
693 1
1 2
2 1
2 1
693 1
1 2
1 2
2 1
2 1
1 2
693 1
693 1
2 1
693 1
2 1
2 1
1 2
1 2
1 2
2 1
693 2
693 2
2 1
693 2
2 1
693 1
693 2
693 1
2 1
693 1
693 1
1 2
1 2
693 2
1 2
693 1
693 1
693 1
2 1
2 1
1 2
693 1
693 1
2 1
2 1
2 1
2 1
693 1
2 1
2 1
693 2
693 1
693 1
1 2
693 1
693 2
2 1
693 1
693 1
2 1
693 1
2 1
2 1
693 1
2 1
693 1
693 1
1 2
2 1
693 1
1 2
1 2
2 1
693 1
693 1
693 2
2 1
693 1
693 1
693 1
2 1
693 1
1 2
693 1
693 1
693 1
1 2
1 2
693 1
693 1
693 2
693 1
693 1
26 622
119 57
570 250
409 155
50 723
841 580
879 593
842 103
65 276
155 125
447 338
486 330
65 713
133 14
738 890
721 913
334 59
734 544
570 250
481 920
842 103
933 106
532 33
202 218
842 103
698 342
866 640
447 576
381 566
387 148
463 493
447 338
125 861
473 444
250 388
640 866
700 533
585 790
842 103
386 904
702 429
920 481
481 920
891 100
898 510
951 614
220 784
614 366
387 832
463 473
550 852
493 463
493 956
230 926
101 361
101 631
380 643
825 720
834 222
190 889
827 262
100 936
951 416
841 802
781 493
570 250
174 948
128 902
493 463
469 375
250 388
678 349
447 576
476 898
170 51
832 735
956 221
951 416
265 902
125 861
463 493
375 469
200 879
439 825
128 902
447 576
493 781
570 250
349 788
920 481
983 510
476 388
920 481
457 295
510 462
197 292
937 34
532 964
32 92
524 157
399 310
626 225
727 568
692 255
752 356
752 370
647 310
468 293
851 46
52 165
675 550
468 293
423 29
428 779
973 277
201 636
171 793
576 380
814 861
647 310
947 40
599 176
208 35
895 776
468 40
52 165
40 343
750 510
468 293
156 556
343 947
727 248
52 870
870 430
638 475
727 932
382 408
516 252
323 945
897 647
299 15
692 155
449 252
155 784
213 430
727 568
155 692
516 197
52 870
995 310
626 225
575 245
52 165
248 479
52 870
752 356
310 647
19 971
310 399
34 171
727 568
727 680
665 404
752 356
714 628
400 784
468 370
248 727
647 310
171 646
516 197
897 647
647 310
52 870
130 81
380 238
727 568
733 47
897 647
402 530
818 431
356 752
434 502
973 277
897 973
52 870
434 502
516 269
52 165
20 217
380 238
910 687
476 733
210 735
34 171
516 269
239 968
516 197
636 757
647 310
220 50
474 582
582 474
474 582
600 408
600 140
582 474
408 600
408 600
582 474
250 617
474 582
674 582
582 474
408 600
474 582
582 474
140 600
674 140
408 600
50 66
250 220
674 140
408 66
250 220
474 582
617 250
674 140
408 600
674 140
408 600
250 220
474 582
674 140
408 66
600 408
250 617
408 66
674 582
582 474
408 600
250 617
674 140
600 140
474 582
674 140
600 140
582 474
600 140
153 268
408 66
408 600
600 140
50 66
600 140
250 220
474 582
674 140
582 474
600 408
674 140
674 582
408 66
50 66
250 220
220 50
674 140
408 600
250 617
50 66
582 474
250 617
250 617
304 644
600 408
408 600
674 593
474 582
600 408
600 140
582 474
674 140
250 220
474 582
674 140
582 674
582 474
408 600
250 617
582 474
250 617
474 582
250 617
582 474
474 582
617 250
250 184
50 66
50 66
674 140
789 796
642 34
995 256
779 995
325 831
642 34
789 796
822 19
681 417
144 309
964 306
213 430
52 165
687 417
668 260
789 15
399 619
789 796
52 165
238 395
417 687
583 896
485 26
213 831
831 908
423 29
681 85
575 245
144 35
861 628
423 29
831 213
681 417
248 789
546 587
52 870
971 726
974 165
870 430
52 870
634 877
239 968
248 479
750 261
687 417
870 430
35 278
52 583
779 913
456 642
870 430
681 687
456 642
377 110
582 474
541 959
196 164
423 29
760 400
248 74
277 973
556 872
399 738
995 913
258 797
423 29
399 317
973 277
423 29
44 53
156 475
757 636
399 317
687 796
831 325
129 386
325 831
52 165
155 760
52 165
641 70
456 642
52 583
52 870
818 853
687 789
248 479
165 974
456 309
196 793
793 196
642 456
355 812
423 317
768 845
333 877
674 212
789 15
508 464
399 995
93 212
212 674
548 250
50 220
548 858
548 250
93 212
140 600
93 212
212 674
250 548
250 220
212 93
93 212
600 140
818 858
250 184
818 582
66 50
93 212
818 858
93 212
250 548
220 250
858 548
50 220
582 93
50 66
153 935
250 617
140 600
50 66
548 540
408 600
818 858
50 66
818 858
220 50
93 212
818 858
250 184
93 582
818 858
818 582
548 858
220 50
641 776
600 140
66 50
50 66
140 600
818 266
818 858
220 50
818 858
93 212
93 212
858 540
858 548
600 140
600 140
250 548
408 600
93 212
818 858
250 220
50 220
50 220
600 408
212 93
548 250
582 474
818 582
250 184
212 140
93 212
818 858
93 212
220 50
600 408
250 220
93 212
600 140
858 818
50 66
250 220
548 250
250 184
593 903
220 50
548 858
600 140
50 66
250 548
212 674
250 548
212 674
250 220
250 184
600 140
948 113
619 738
576 669
576 669
681 417
576 380
309 918
619 738
129 386
619 386
858 431
576 669
824 98
931 144
576 669
85 476
681 417
918 309
309 203
20 217
910 687
910 687
129 125
187 133
738 913
309 747
619 738
309 918
502 747
681 85
546 861
675 911
187 590
619 738
44 819
910 687
681 85
576 669
431 858
546 113
20 217
576 92
382 408
951 50
104 125
681 417
328 812
546 113
918 309
323 788
104 125
813 913
636 757
82 278
747 309
747 223
104 125
738 619
918 309
576 669
619 738
556 872
383 572
706 286
675 113
187 590
20 217
738 619
20 217
648 971
910 796
309 788
913 1000
675 550
675 911
92 576
476 433
85 681
910 687
918 309
85 486
546 113
619 738
15 451
738 619
133 753
187 133
576 669
195 472
434 502
576 669
217 278
239 968
582 949
910 796
910 687
104 125
675 911
309 747
675 550
747 502
526 416
788 323
747 502
472 306
328 56
299 15
112 736
788 747
576 380
546 861
92 351
299 829
948 113
687 417
747 788
585 903
687 417
687 796
829 299
112 1000
417 841
113 948
526 416
913 112
855 730
855 730
15 299
736 112
112 736
788 526
813 428
502 768
913 813
328 56
687 796
395 133
813 428
112 736
112 913
662 481
133 753
526 416
687 417
861 628
913 112
526 416
546 113
92 351
687 417
217 35
747 502
526 416
15 299
526 416
687 417
113 546
829 299
913 112
829 244
133 753
813 428
526 416
855 730
35 82
417 687
576 92
328 812
390 245
736 634
92 576
855 730
510 750
546 628
112 736
747 223
261 323
569 718
813 428
169 330
112 736
913 813
15 796
112 913
169 330
113 546
747 223
526 416
736 768
913 112
502 747
813 428
217 35
133 753
819 508
945 404
217 35
123 734
576 669
757 636
791 856
404 945
587 861
841 862
791 856
73 339
16 770
351 92
244 820
966 82
203 152
791 643
203 152
841 862
203 152
92 351
152 203
428 812
628 861
35 82
587 948
35 82
92 351
266 858
791 643
992 66
92 351
203 152
92 351
92 351
35 82
351 92
203 526
428 812
16 770
428 812
92 351
862 841
351 141
203 152
73 820
44 404
203 152
750 261
92 351
35 82
203 152
839 728
339 820
548 981
17 44
428 56
829 244
56 328
351 92
948 829
862 73
949 361
244 829
152 203
628 861
203 152
92 351
35 82
966 700
56 428
82 35
659 542
73 820
161 967
526 203
820 73
44 260
587 948
428 56
44 17
351 92
35 82
945 152
203 152
820 73
824 98
428 56
428 812
44 17
971 726
750 261
404 44
92 861
510 750
203 152
404 945
791 856
73 820
44 260
638 587
351 141
203 152
203 152
203 152
20 217
576 669
144 931
995 428
910 687
576 92
931 144
829 244
995 738
714 92
855 730
931 20
113 948
428 995
931 203
829 244
597 102
829 948
714 861
995 428
113 948
597 839
417 841
913 738
995 738
428 995
386 129
428 995
910 687
931 648
738 386
133 753
428 839
902 602
931 144
576 92
861 92
788 203
383 103
576 669
910 687
203 152
386 129
931 144
597 921
203 152
829 948
101 822
92 351
910 687
244 377
829 244
995 428
995 738
995 738
428 995
995 428
910 687
502 104
910 687
995 738
910 687
910 687
104 81
203 931
223 502
223 788
451 244
714 546
576 92
212 93
104 125
822 19
20 217
995 428
910 796
502 223
995 428
910 417
238 700
417 855
931 203
829 948
648 931
417 910
829 948
386 129
998 152
250 184
910 796
636 757
738 386
223 788
576 669
428 839
386 129
364 878
995 738
971 19
417 910
830 874
346 872
464 508
830 464
758 6
510 853
830 464
510 853
758 6
636 757
636 757
757 636
220 857
852 806
220 857
510 853
819 508
346 872
556 872
872 556
852 806
510 757
569 734
830 440
758 6
636 757
734 569
636 757
510 819
830 464
510 853
510 853
510 757
346 542
636 757
757 636
464 508
819 508
758 6
556 872
346 734
830 440
878 364
575 556
464 830
510 853
734 569
346 734
830 464
830 464
346 872
346 872
575 556
556 872
830 464
510 853
758 6
510 853
757 636
758 688
734 346
636 757
874 830
757 636
758 688
346 734
464 508
872 759
575 636
220 718
510 853
346 872
734 346
636 757
510 853
758 688
510 853
464 508
346 734
819 508
819 510
575 556
346 542
510 853
510 853
830 440
830 440
758 688
636 757
440 830
636 757
575 636
636 757
874 830
556 872
830 440
636 757
510 853
510 853
556 872
950 61
261 971
701 141
261 58
950 61
141 158
572 78
971 19
78 572
261 58
971 19
572 902
440 830
971 19
333 44
261 58
971 19
572 78
156 475
615 902
572 78
342 158
141 342
333 44
156 342
874 355
333 44
921 355
261 750
872 556
328 260
971 726
261 750
971 726
333 44
337 78
971 19
141 342
615 950
950 615
328 830
261 750
950 61
156 342
572 78
342 156
726 989
156 342
333 44
921 355
569 602
726 701
950 61
902 615
328 355
156 342
141 390
921 355
921 355
615 902
333 44
572 78
368 705
582 949
261 750
950 615
58 705
572 78
333 44
141 390
572 78
328 260
921 337
260 328
333 44
569 602
156 475
333 44
333 44
328 260
971 19
328 260
6 330
156 342
201 757
328 260
261 750
696 346
261 19
971 726
572 78
572 78
902 602
726 701
902 383
328 260
337 78
572 78
333 260
337 78
242 181
907 959
555 834
915 209
222 110
794 589
815 556
65 653
737 717
132 203
407 863
158 756
309 352
242 394
110 284
245 471
842 660
554 592
245 471
390 987
527 921
966 30
987 428
149 105
615 825
714 788
394 181
252 332
180 866
202 809
857 601
158 1000
586 79
637 835
106 539
375 150
532 745
212 51
88 805
774 230
482 680
706 554
203 132
532 39
260 913
531 264
131 132
966 30
221 158
4 993
34 779
560 144
774 265
527 925
99 618
249 199
512 354
905 974
245 471
805 88
887 94
464 38
556 705
794 779
737 65
861 233
69 809
339 520
774 394
599 228
120 762
203 132
527 925
171 536
265 99
458 916
716 139
796 930
629 600
106 539
901 643
242 394
340 382
791 86
112 924
116 502
199 582
772 248
120 577
120 762
197 508
791 86
915 209
408 352
14 796
915 108
805 455
815 30
660 842
108 209
17 890
463 243
160 359
243 463
482 607
890 25
17 519
144 128
714 788
207 122
164 977
498 512
498 512
128 144
164 977
890 25
164 977
603 609
890 17
178 996
493 993
714 463
199 582
463 714
603 609
463 714
128 449
164 977
164 977
519 104
890 17
714 788
714 788
463 714
512 609
128 449
764 4
128 449
164 207
890 17
164 977
128 449
155 604
155 607
17 890
164 977
463 714
463 714
144 560
604 155
498 603
17 104
17 890
482 607
164 207
498 714
890 25
207 122
890 17
128 449
498 714
128 449
243 979
714 788
890 25
164 977
714 788
607 482
128 449
144 482
128 144
17 890
603 609
285 243
207 122
890 17
607 155
482 607
607 155
603 609
264 531
890 17
498 512
164 977
17 104
603 609
435 160
890 25
494 714
603 609
714 463
519 764
482 607
482 607
498 714
164 207
144 560
890 25
164 977
603 609
48 765
901 808
693 884
752 601
901 808
412 442
214 979
898 946
27 796
946 385
765 51
901 27
671 937
27 930
809 69
647 275
221 728
691 52
881 358
881 358
637 773
385 756
760 809
765 51
649 671
615 457
492 147
82 878
586 79
425 601
519 459
809 69
215 537
425 601
878 82
425 343
425 343
199 1
216 920
425 343
802 818
649 671
309 69
903 765
492 27
425 343
965 479
169 29
309 581
425 601
937 615
27 930
696 472
601 425
425 343
216 920
881 358
156 141
760 633
379 70
946 385
113 440
71 436
982 777
442 412
243 979
457 615
27 492
777 561
436 82
765 51
901 808
903 765
615 440
425 881
809 69
809 69
671 937
309 581
809 69
942 686
903 765
898 946
809 69
48 761
649 537
216 221
946 898
898 829
379 70
309 581
978 199
671 645
760 633
693 764
654 426
216 317
901 808
268 138
158 1000
842 555
703 696
215 986
62 243
986 215
986 207
686 47
47 686
658 246
870 628
599 218
215 986
686 47
215 986
47 686
62 284
835 988
62 110
447 972
268 599
870 628
37 18
965 988
978 249
671 666
122 982
243 62
835 842
215 986
268 599
599 228
62 243
268 599
986 215
285 62
986 215
599 228
686 870
599 228
561 982
671 666
986 982
686 978
62 284
965 666
62 285
649 671
599 228
561 982
561 870
978 870
285 62
686 47
870 628
243 979
649 884
268 599
268 138
243 979
215 537
268 138
243 979
965 666
978 870
986 215
988 773
988 773
264 531
561 982
842 660
671 666
686 47
671 649
218 599
870 628
62 243
215 986
243 979
686 47
62 243
986 982
666 965
599 228
686 47
649 671
284 218
104 531
215 986
982 986
870 561
243 47
62 243
988 773
268 599
215 986
986 215
243 979
62 285
599 228
47 686
138 374
386 606
128 110
377 811
377 270
138 730
733 968
961 463
285 222
496 519
128 110
628 870
128 110
447 143
811 377
811 377
733 968
138 730
986 207
110 128
180 866
733 968
128 110
733 968
110 128
37 576
811 377
561 413
138 730
110 128
138 730
17 972
953 942
374 138
811 377
986 207
463 714
986 207
606 429
663 607
447 972
374 138
386 968
110 128
447 143
128 110
447 972
377 270
447 143
374 138
463 714
733 968
693 764
377 270
138 730
386 968
806 180
143 25
986 693
986 207
17 972
496 17
447 972
585 723
138 730
463 243
606 429
138 730
811 377
463 243
138 374
128 110
374 138
447 143
811 714
463 714
811 714
496 693
811 377
811 377
714 788
468 498
377 270
285 463
972 890
285 222
972 17
447 972
606 429
374 138
972 447
429 606
138 730
733 968
222 110
693 764
386 733
954 665
138 730
986 693
355 576
284 62
672 280
513 280
284 110
635 986
671 645
125 818
593 135
513 280
649 537
76 207
842 660
135 593
268 138
672 280
830 619
463 935
860 284
914 671
818 125
215 537
555 834
965 666
284 62
818 635
914 671
513 280
671 914
513 349
593 135
447 143
842 660
2 1
349 818
671 645
268 138
672 593
818 125
513 349
884 645
660 842
555 834
672 280
513 349
62 284
818 635
62 135
280 672
268 138
135 593
848 603
593 135
349 733
649 645
447 143
95 354
284 860
818 606
635 818
447 143
284 860
135 62
268 138
593 135
986 207
215 635
672 280
680 194
818 125
635 818
671 649
672 811
671 645
593 135
965 666
135 593
593 672
284 860
672 280
818 606
635 818
493 355
447 143
672 280
215 537
284 860
349 733
635 606
531 264
284 62
268 555
660 842
576 723
268 860
537 215
178 996
135 62
671 645
672 280
594 469
343 545
22 581
723 665
12 405
429 635
69 809
466 725
622 253
385 756
674 252
730 138
469 594
786 875
707 392
405 932
594 469
706 131
249 978
674 252
113 440
35 945
268 138
786 875
920 216
875 712
373 606
489 250
783 206
783 206
863 137
594 237
959 907
525 145
615 237
103 146
131 807
594 237
864 848
864 977
35 945
479 965
916 458
466 863
622 162
592 554
693 764
554 592
473 443
769 376
198 907
222 285
113 615
35 743
674 545
615 440
594 237
113 615
88 567
907 198
35 743
407 863
268 374
113 615
594 659
237 615
35 343
113 615
560 449
716 139
134 525
19 803
449 128
498 549
907 959
811 672
237 594
444 736
892 994
384 252
965 666
537 764
932 282
903 783
786 188
343 674
907 959
665 414
35 743
674 252
384 252
741 591
134 525
384 252
664 154
594 803
401 473
313 913
343 35
384 252
435 336
806 180
494 47
806 866
95 354
954 472
43 688
435 160
531 37
531 37
531 37
494 356
531 459
234 993
806 180
494 356
494 549
435 806
494 356
806 47
494 356
43 688
806 180
43 688
435 336
494 356
95 43
435 160
993 234
531 37
494 356
806 866
95 43
993 234
254 830
549 736
435 806
435 336
37 750
549 736
993 234
549 354
531 459
435 806
43 95
435 160
234 254
806 435
531 37
234 43
47 686
234 43
435 160
494 356
435 160
494 356
531 37
459 993
234 993
806 180
993 234
531 37
95 354
435 806
494 356
494 356
160 750
43 688
806 180
993 531
806 180
234 993
43 688
494 549
95 354
435 160
494 356
806 180
43 95
435 472
435 160
494 356
494 356
806 180
806 180
806 180
37 531
494 356
37 750
993 234
494 356
43 234
95 354
531 37
472 696
494 356
494 356
494 356
435 160
531 37
43 95
549 354
494 961
961 47
494 961
4 531
582 56
961 494
549 736
531 37
531 37
4 234
4 993
459 576
549 736
993 4
531 37
806 180
472 954
43 4
4 993
806 180
549 736
549 354
806 180
806 180
95 354
160 336
531 37
359 37
4 234
160 359
43 4
961 494
43 688
494 961
806 180
961 494
531 4
359 37
531 37
43 688
961 494
549 736
494 356
4 993
336 472
4 993
549 494
494 356
249 978
531 4
961 494
359 160
549 494
961 806
806 180
531 37
806 180
95 354
494 356
531 37
531 37
4 993
43 95
531 37
95 354
4 993
472 180
494 356
472 336
531 37
95 354
806 180
354 549
806 961
472 336
4 234
806 180
531 37
494 356
549 736
95 354
43 95
576 723
549 354
4 234
549 736
961 47
494 356
531 37
961 494
4 993
494 356
494 356
494 356
961 494
549 736
961 494
4 993
359 160
374 144
627 121
797 489
282 479
797 489
121 455
1000 853
446 163
217 968
236 461
121 627
1000 158
797 840
655 832
282 307
797 489
280 377
292 573
701 140
282 307
797 489
292 918
292 918
627 937
236 186
461 236
581 22
581 186
986 635
581 22
693 884
163 1000
282 307
986 635
455 121
280 377
236 461
282 307
280 377
627 121
489 797
195 835
853 1000
764 4
280 513
455 121
282 307
655 832
797 840
195 842
853 1000
635 986
627 937
914 937
606 429
635 986
264 531
986 207
282 307
655 832
158 1000
655 292
701 140
140 599
158 701
430 195
17 104
386 125
275 647
282 307
482 607
282 479
195 430
430 555
1000 853
285 222
282 479
853 1000
292 918
461 140
797 489
292 918
270 377
635 986
292 655
853 840
1000 853
236 461
979 243
292 655
645 884
628 688
701 140
461 140
236 461
581 22
835 195
836 860
158 701
900 299
393 307
475 582
234 607
792 299
475 792
428 545
22 703
291 619
612 251
703 22
582 328
475 792
792 299
299 878
669 122
806 618
466 595
688 170
393 186
517 574
703 467
534 218
101 91
466 595
516 428
818 349
703 22
516 843
101 554
703 22
100 746
703 467
595 976
418 556
974 32
258 921
291 619
807 212
299 878
190 763
887 688
100 746
447 58
995 949
101 554
582 962
475 792
632 614
475 582
595 466
703 467
22 703
299 878
475 582
466 595
792 299
932 712
200 40
545 122
900 299
851 528
393 806
595 686
818 809
101 554
703 22
101 554
669 122
299 900
299 792
545 669
884 929
307 186
818 349
704 92
170 977
307 186
237 143
475 932
186 307
58 496
299 878
433 108
307 186
669 122
977 525
887 307
393 806
595 686
669 122
170 507
100 746
669 545
686 40
703 467
170 507
949 705
535 992
806 697
404 624
610 892
856 735
558 257
661 638
344 314
475 328
479 111
676 950
50 477
142 487
811 876
132 655
317 696
624 375
930 290
708 111
140 617
874 142
967 715
791 888
715 76
260 903
98 836
34 514
252 273
132 535
254 462
335 815
744 811
322 981
500 178
720 879
878 900
142 874
507 170
989 523
73 875
931 280
142 487
8 776
805 50
612 551
404 624
254 811
995 440
878 42
260 273
401 569
193 398
587 927
80 913
716 529
858 856
500 903
178 127
243 847
407 521
952 374
564 54
291 619
874 945
50 805
275 879
246 826
610 140
708 787
858 511
142 874
462 254
466 668
100 373
564 54
500 903
979 554
517 313
610 837
405 380
452 767
913 103
142 487
930 290
265 834
31 298
532 799
142 487
984 297
140 617
122 669
142 487
59 214
871 148
667 598
477 532
708 787
671 684
984 297
997 172
415 922
840 673
761 668
67 936
761 619
704 781
310 475
582 475
810 392
697 618
134 266
392 614
951 643
810 392
761 619
478 14
365 974
994 266
697 618
994 725
936 843
91 507
91 507
618 889
994 16
541 350
156 200
976 466
976 987
686 40
818 809
818 809
541 16
267 428
200 686
976 987
603 92
412 667
466 761
949 803
686 40
91 507
42 310
699 459
56 302
310 42
337 350
600 449
267 669
951 810
643 951
994 725
42 222
245 258
686 40
475 582
582 936
310 973
994 725
810 951
310 475
490 705
686 200
987 976
170 977
392 810
291 614
310 973
475 310
686 987
39 964
976 987
62 266
686 987
734 2
291 619
267 428
994 725
926 818
970 848
686 40
475 310
310 475
704 7
541 350
643 951
716 529
926 137
310 973
291 619
454 7
466 976
697 618
669 122
994 62
976 987
686 200
184 600
668 955
760 530
541 16
582 936
1 2
136 1
471 1
471 474
136 1
474 734
474 471
474 471
471 474
136 734
136 734
474 734
474 136
471 474
136 734
471 1
136 1
136 734
136 1
471 474
474 734
136 474
1 2
471 1
474 471
471 474
471 1
474 136
471 474
136 734
474 471
474 471
474 734
474 471
136 474
471 474
474 734
136 734
471 474
136 1
474 136
136 1
471 1
474 734
471 474
474 471
136 1
471 474
136 474
471 474
136 1
474 471
471 474
471 474
474 734
474 471
471 474
136 734
136 734
1 2
136 734
474 734
474 471
1 2
471 1
471 1
136 734
474 734
136 734
1 2
136 474
136 1
136 734
136 734
471 1
474 734
136 734
136 734
474 734
474 471
471 474
474 471
136 734
474 471
474 471
471 1
471 474
471 1
1 2
474 471
471 474
136 734
471 1
136 734
471 1
136 734
474 734
136 734
474 734
136 474
712 932
237 713
190 282
395 657
848 437
464 156
152 692
655 464
446 743
222 173
134 756
545 408
316 337
699 459
737 800
957 42
45 558
957 152
45 772
792 236
134 756
670 466
68 541
420 692
68 541
953 603
517 574
743 446
68 541
822 385
930 290
880 196
930 290
191 201
464 156
859 516
152 957
546 869
78 697
930 290
464 655
654 550
152 692
134 953
280 718
420 475
191 483
152 692
953 603
655 464
152 692
444 643
68 337
957 792
68 337
756 316
957 152
604 546
152 692
930 290
122 408
202 200
68 541
936 67
756 134
624 375
324 236
136 558
492 567
545 869
316 756
356 449
184 975
747 782
561 623
743 930
697 618
930 290
737 75
316 756
957 42
375 624
316 756
134 756
756 316
201 718
191 483
633 800
596 42
561 202
464 156
446 743
201 718
152 692
45 281
697 618
201 718
800 633
697 618
134 756
474 471
1 2
136 625
471 474
136 1
136 625
136 1
136 625
625 474
471 1
625 136
625 474
471 474
474 471
136 1
625 474
136 625
474 625
136 625
474 471
136 1
471 1
474 471
625 474
474 625
474 625
136 1
471 474
474 625
1 2
1 2
625 474
625 474
471 1
474 625
471 1
471 474
471 1
474 471
471 1
136 625
136 625
625 474
474 625
136 1
136 625
474 625
136 1
136 625
471 1
625 136
625 474
471 1
625 474
471 1
136 625
474 625
474 625
625 474
136 1
471 1
1 2
471 1
136 625
474 625
471 1
136 1
136 625
471 474
625 136
471 474
1 2
136 1
136 734
474 625
136 625
625 474
471 474
136 625
1 2
136 625
136 625
1 2
471 474
471 1
625 474
474 625
625 474
136 734
625 474
471 474
471 1
471 1
136 625
474 471
471 1
471 1
625 474
471 1
474 471
99 525
404 624
600 449
99 525
377 42
101 507
282 814
528 851
42 596
377 42
534 819
42 596
251 342
99 525
600 449
717 311
251 342
716 529
377 42
819 534
377 42
251 342
716 529
939 535
99 525
404 624
101 507
939 433
101 979
251 342
847 257
404 624
101 91
251 673
335 939
574 153
970 600
847 12
939 433
673 504
251 342
251 342
404 535
716 529
56 486
377 42
534 42
251 342
600 449
404 624
525 99
42 534
251 342
600 975
377 42
251 342
101 979
251 342
251 673
335 490
525 99
970 356
600 449
101 507
100 746
99 525
42 377
404 535
507 977
716 529
362 240
671 699
99 525
404 624
772 59
377 42
534 819
251 342
858 511
335 433
404 624
825 943
534 451
716 529
101 507
600 970
101 507
342 251
716 529
624 251
108 143
44 528
691 699
404 624
101 507
666 535
939 433
325 888
882 807
975 814
664 214
928 195
928 195
943 138
61 474
61 540
943 138
214 540
928 195
928 195
664 214
214 664
928 195
928 195
943 195
61 474
943 471
928 195
214 664
943 471
664 214
540 214
214 664
214 664
664 214
136 928
943 471
136 664
136 664
61 540
61 474
928 195
928 195
928 195
928 195
928 136
928 195
943 138
928 195
928 136
943 471
474 61
928 195
136 928
664 214
61 474
136 664
214 664
61 474
928 195
943 138
540 214
214 664
943 138
928 195
943 138
664 214
943 471
214 540
214 664
664 214
136 928
540 61
943 471
943 471
928 136
928 195
61 474
471 474
61 474
540 625
61 540
943 138
61 540
943 138
928 195
928 195
943 471
61 540
214 664
61 540
928 195
943 471
61 474
136 664
943 138
214 664
664 214
214 664
214 664
471 943
943 471
136 664
195 928
928 195
214 664
928 195
928 195
943 471
928 195
136 734
474 734
471 1
471 1
474 471
136 734
471 1
474 734
474 136
136 474
471 1
136 734
136 734
474 136
471 1
471 1
474 471
474 136
1 2
136 734
471 1
136 734
471 1
474 734
1 2
136 734
471 1
474 136
471 474
136 734
136 734
474 471
136 734
471 474
471 1
471 474
474 734
1 2
471 1
136 474
471 474
474 471
1 2
471 474
471 1
136 734
136 734
136 474
471 1
471 1
471 1
474 734
136 734
471 1
474 471
474 471
474 136
136 734
471 1
474 734
471 474
136 474
136 734
471 474
474 471
474 471
474 471
474 734
471 474
136 734
474 136
136 1
136 1
474 136
136 734
136 1
474 734
471 1
471 1
471 1
471 1
471 1
471 1
474 734
136 1
471 474
474 471
136 734
474 734
136 734
474 136
136 734
136 1
471 1
1 2
136 734
474 734
136 734
471 474
1 2
817 388
75 936
756 134
249 374
559 223
643 951
48 443
420 823
959 984
80 380
170 977
188 247
401 452
663 854
182 183
894 820
190 763
452 767
443 523
611 228
928 195
192 685
374 249
984 959
169 703
466 668
337 550
172 901
211 283
761 394
917 855
202 448
313 71
815 896
98 898
109 224
805 790
422 203
111 438
860 694
260 273
299 389
337 550
915 837
694 860
931 590
657 395
859 75
811 369
828 776
620 740
239 672
686 40
502 986
823 387
452 401
785 532
727 587
860 694
401 438
753 615
900 377
997 148
696 317
54 297
590 931
333 748
211 283
680 867
211 817
750 431
756 134
594 38
762 907
744 762
738 754
599 333
452 615
976 955
589 928
111 438
178 127
762 165
616 806
111 438
428 267
991 819
1 2
604 869
602 848
532 799
402 392
89 824
337 550
738 762
365 789
477 785
733 806
787 111
101 91
556 503
702 639
734 680
302 218
302 626
351 336
440 727
702 894
351 336
677 436
906 7
894 702
734 7
351 440
734 7
702 639
906 7
351 336
734 7
702 894
734 7
556 503
894 702
734 680
894 875
894 875
906 7
440 351
677 436
440 351
302 677
906 7
894 702
680 875
906 7
556 503
875 680
440 727
734 7
302 906
734 671
556 702
680 875
7 481
152 361
440 351
677 634
351 336
302 218
218 302
556 503
556 702
702 556
677 634
556 503
302 218
677 436
677 436
351 336
440 503
875 680
881 436
875 680
556 702
906 302
906 7
894 702
702 639
677 436
734 7
302 218
556 440
875 894
734 7
677 634
702 556
556 702
702 639
556 503
734 7
556 503
702 639
336 351
712 815
108 736
894 632
734 7
680 734
875 680
677 634
906 7
556 503
351 336
440 503
556 526
906 7
702 639
734 680
556 503
351 746
54 224
436 52
259 121
576 389
167 790
174 943
204 210
228 772
241 811
420 657
436 881
249 582
88 432
769 924
774 188
691 88
395 801
20 4
259 22
220 18
922 744
811 728
810 20
872 447
305 121
56 759
728 449
828 199
916 28
241 811
702 495
426 200
879 514
3 331
523 222
357 41
363 952
562 968
728 449
289 601
532 944
847 359
642 626
28 916
344 832
249 582
706 130
316 888
825 464
610 44
123 936
533 345
181 226
691 388
33 907
233 907
73 695
406 695
702 177
249 582
728 449
357 41
20 810
730 682
249 582
357 41
118 401
907 585
802 343
76 195
241 79
241 79
731 810
300 104
825 464
873 277
145 199
959 955
802 343
888 316
142 801
650 72
343 505
825 959
586 282
304 122
888 316
828 895
867 86
668 211
20 810
839 264
428 472
408 980
168 895
916 210
168 895
825 662
4 496
241 418
230 572
75 153
568 844
934 522
934 522
934 522
10 159
806 252
159 10
677 274
934 522
882 26
701 780
192 727
851 774
767 745
344 832
744 922
624 865
922 744
502 344
806 674
26 882
468 526
86 165
467 568
507 131
503 440
806 252
467 568
744 922
502 344
121 922
451 429
546 882
546 10
467 568
467 568
86 165
882 26
165 426
882 26
301 597
806 252
336 351
674 806
467 209
934 522
612 867
502 744
806 252
882 26
763 209
86 867
507 131
10 159
467 209
922 121
934 522
244 729
26 882
862 376
447 872
763 186
882 26
467 568
86 165
10 159
934 426
906 327
794 554
10 159
794 806
86 867
806 674
632 639
635 444
554 522
794 635
467 568
716 305
832 344
26 882
568 467
26 882
10 159
763 186
26 882
832 344
467 209
86 812
86 867
26 131
806 674
934 522
507 131
794 554
522 6
763 209
165 426
774 47
642 774
484 300
436 881
108 484
30 103
2 1
642 626
642 774
484 300
436 881
774 642
642 774
302 218
468 108
482 632
302 626
436 302
468 526
436 52
436 52
47 188
436 881
639 526
484 108
302 626
526 468
300 484
302 626
774 642
484 300
632 639
639 632
302 626
632 482
774 47
642 626
482 47
526 639
47 188
774 642
632 639
774 642
632 639
484 300
468 526
639 632
642 626
774 642
639 632
302 642
484 300
302 626
436 300
288 526
774 47
632 482
228 772
639 632
47 774
626 642
482 737
484 104
639 632
47 188
302 626
436 52
639 632
526 639
484 300
774 642
484 108
484 300
774 47
436 881
482 47
218 436
302 626
302 626
436 52
632 482
774 642
47 188
302 218
642 774
408 854
302 218
436 52
482 737
526 639
302 218
47 482
642 626
436 300
892 712
526 468
302 626
47 774
774 642
632 639
396 651
716 305
487 153
565 387
498 909
598 565
387 565
305 827
514 322
524 231
724 963
86 867
123 936
683 86
524 231
18 192
498 909
396 900
736 727
75 487
396 636
86 867
243 312
75 498
724 963
514 322
305 716
683 86
909 498
396 636
568 844
87 857
387 565
524 231
524 231
213 396
213 284
243 209
231 524
568 844
75 487
396 636
75 487
177 498
200 86
612 857
568 844
387 524
812 953
514 322
75 487
218 337
284 603
487 153
387 565
568 844
75 969
177 702
177 498
75 487
252 548
524 231
498 909
7 481
233 312
495 230
7 481
387 565
683 568
305 716
396 636
305 716
526 468
909 827
305 716
396 636
37 751
598 777
487 153
524 387
387 565
75 487
200 120
568 844
498 139
514 233
75 487
86 867
827 909
565 387
980 272
203 701
598 387
396 636
86 867
498 909
651 900
396 636
75 487
103 30
248 297
248 785
136 751
319 879
319 131
531 866
451 429
654 534
416 103
654 534
531 866
806 674
806 674
894 482
233 243
531 866
347 718
803 654
319 325
489 986
7 481
534 654
323 864
803 654
220 16
177 702
287 348
531 866
744 502
875 764
866 531
467 844
255 531
914 534
654 725
177 720
969 75
680 764
248 297
489 502
319 325
803 864
121 922
803 864
744 922
233 243
986 914
507 131
650 500
626 862
489 502
632 894
467 866
347 718
806 262
879 233
500 650
243 209
650 500
986 914
772 228
347 718
547 765
986 914
986 914
500 650
319 131
137 86
489 986
879 514
61 865
674 806
654 185
220 169
255 531
879 514
879 514
500 255
272 290
489 502
228 62
348 248
262 547
489 986
243 312
261 938
262 547
531 866
744 922
243 209
914 135
489 502
323 325
325 319
502 489
547 765
866 531
325 69
531 866
262 806
660 830
699 661
576 475
601 56
530 295
583 496
900 476
794 93
295 500
562 266
282 89
500 650
496 583
835 128
33 371
894 482
220 18
530 295
108 736
706 846
841 835
588 259
475 576
272 290
259 588
496 750
33 589
266 469
22 63
454 326
706 130
371 74
454 326
425 980
203 976
938 261
325 69
266 562
266 562
243 763
295 530
634 336
290 272
781 839
583 496
33 589
496 583
447 872
74 952
371 456
256 894
758 703
266 562
475 839
554 163
710 469
962 589
846 588
576 219
323 325
495 230
931 354
698 55
452 15
266 706
586 282
266 706
312 64
74 952
841 835
962 879
454 326
530 363
698 55
74 952
698 55
530 363
434 856
158 926
839 475
839 9
396 882
108 484
475 839
83 794
219 15
803 59
356 180
530 295
266 469
255 531
530 295
698 496
583 968
452 883
697 806
99 200
336 746
192 220
266 469
436 881
84 455
914 135
661 758
866 179
703 883
968 562
952 926
930 684
734 6
6 645
683 779
530 363
922 144
660 59
634 677
177 498
180 356
734 671
6 645
63 710
3 914
930 684
363 952
883 703
363 952
3 110
2 1
830 326
562 968
104 300
972 834
883 703
84 930
6 645
6 734
6 645
699 883
844 209
84 455
701 436
33 589
84 455
961 594
502 710
952 371
305 256
562 710
734 671
684 930
632 482
56 110
680 671
6 645
703 883
971 354
110 654
758 703
486 326
371 952
930 684
3 110
952 363
351 336
530 295
601 56
326 486
256 305
326 486
63 710
371 952
326 830
436 701
883 703
660 59
654 110
926 363
952 371
562 710
486 326
6 734
562 968
883 703
305 63
864 323
562 710
6 645
864 59
63 305
883 703
562 710
7 6
6 734
305 144
1 2
3 110
562 968
601 56
812 137
875 594
546 451
677 274
716 305
486 319
342 287
706 846
274 978
790 221
75 27
289 601
919 440
835 128
452 15
730 332
97 32
562 489
706 846
730 332
74 371
289 601
744 922
188 228
897 841
32 97
952 363
54 264
589 501
846 706
32 97
54 713
589 33
589 486
810 731
894 875
706 130
180 356
289 731
311 660
846 480
702 177
486 319
231 262
969 414
332 223
841 835
221 713
585 33
456 312
274 978
150 564
54 221
4 810
259 32
730 332
810 731
612 867
806 252
486 319
994 158
706 130
311 486
221 713
517 790
97 32
706 130
150 564
452 15
919 640
589 486
730 332
879 514
87 857
517 54
980 408
883 452
150 564
665 603
730 332
969 75
486 589
502 344
453 101
311 289
514 61
835 841
835 128
74 952
730 332
150 469
790 221
744 922
129 564
311 660
498 720
730 530
897 32
643 502
844 568
150 469
321 408
248 137
547 765
467 844
487 732
528 137
535 623
677 436
623 265
722 879
734 671
643 744
486 319
489 643
994 467
262 806
643 744
325 69
179 467
330 765
528 137
287 342
606 997
489 832
489 832
121 922
907 722
487 732
179 606
643 489
69 325
330 765
248 297
994 467
812 86
854 851
894 482
486 319
643 744
489 832
994 467
732 487
502 643
503 468
486 319
489 832
330 765
643 744
683 123
179 606
502 489
467 179
325 486
487 75
467 844
487 732
806 262
467 166
325 69
429 201
456 994
489 832
489 502
487 75
623 265
643 744
994 456
489 832
606 779
461 973
643 744
689 35
487 153
623 265
486 319
643 744
287 342
330 765
623 535
535 623
623 265
643 744
330 765
907 722
486 325
528 997
643 121
325 486
907 722
330 765
944 482
489 502
436 881
486 319
262 547
489 832
643 744
319 69
528 606
489 832
287 348
106 894
944 632
482 746
800 13
986 213
106 894
152 507
980 118
389 514
704 106
704 106
508 104
497 831
194 737
832 881
457 460
650 612
244 97
413 590
106 894
918 678
119 374
369 215
591 164
673 893
424 863
105 374
629 424
844 706
424 629
106 704
935 707
276 668
823 482
98 818
51 119
161 352
406 130
105 374
472 533
150 621
160 388
159 51
981 15
374 105
400 113
398 473
491 767
379 240
608 332
302 240
105 374
193 907
407 445
349 893
464 555
815 275
737 194
105 374
424 863
438 987
105 374
342 897
776 498
98 818
426 552
832 881
704 106
637 286
390 493
800 458
878 504
912 508
194 139
250 37
696 720
51 159
858 349
316 238
498 411
909 329
105 857
110 244
424 629
172 844
424 869
472 794
690 660
873 392
944 462
802 711
605 481
193 404
578 981
629 105
800 13
51 119
989 138
912 245
490 969
789 130
56 573
615 406
130 406
406 130
573 149
56 688
573 149
56 688
573 149
56 149
573 149
56 573
56 688
56 149
573 149
56 688
130 406
56 615
130 406
56 615
615 406
130 406
615 543
130 406
615 543
130 406
56 615
130 406
615 406
130 406
406 130
130 789
56 573
615 406
56 688
56 688
789 130
573 149
56 688
789 573
573 149
406 130
615 406
615 406
573 789
789 573
56 688
56 688
56 149
130 789
789 573
615 406
130 406
573 149
615 406
615 406
573 149
573 149
615 543
789 130
406 130
573 149
615 56
56 149
56 688
56 688
56 688
615 406
130 406
789 130
573 149
573 149
573 789
56 688
573 149
56 688
615 543
615 543
130 406
573 149
615 406
615 406
573 149
130 406
406 130
573 149
130 406
130 406
573 789
56 688
573 149
56 688
573 149
130 406
789 573
615 56
130 406
573 149
56 688
875 623
604 985
904 271
411 498
875 623
99 904
604 264
681 882
904 271
326 717
129 75
875 623
129 59
99 904
210 630
217 208
604 985
776 717
681 776
210 630
790 43
776 717
718 882
604 985
623 126
230 746
142 919
129 488
717 326
75 99
271 904
604 264
634 182
634 182
875 623
230 746
129 488
875 623
488 59
210 55
681 718
604 985
230 746
210 630
623 875
326 971
875 623
604 985
717 326
271 904
681 882
919 116
604 264
488 59
210 630
129 59
623 875
875 623
210 630
614 634
875 623
717 776
604 985
875 623
623 875
99 75
210 630
718 145
717 776
904 271
210 630
262 114
210 630
271 985
614 145
634 614
882 681
182 564
614 145
217 208
681 882
687 55
634 182
614 145
129 75
23 701
875 623
717 776
875 623
904 99
230 746
904 271
99 75
55 538
271 985
681 498
681 882
604 985
623 326
271 904
450 186
492 215
316 238
492 215
870 605
138 989
412 305
411 498
555 487
143 976
536 120
850 876
492 438
571 163
940 260
487 138
186 507
186 450
487 555
650 969
138 989
630 228
299 744
614 680
412 305
412 305
186 450
507 920
242 411
940 544
412 305
593 266
260 940
438 462
142 919
882 718
260 234
210 630
920 507
492 215
449 724
258 663
143 594
717 776
234 956
767 142
544 176
945 369
487 555
487 555
299 744
630 210
492 215
412 305
459 604
450 186
605 954
528 260
548 140
956 796
487 555
138 989
611 129
299 803
120 536
940 346
138 989
718 882
44 358
891 959
120 983
605 481
873 392
3 143
493 369
143 3
643 974
555 487
492 215
271 613
795 895
412 895
849 712
487 555
643 974
3 143
487 555
110 244
546 542
3 143
986 213
895 412
217 759
299 744
571 976
234 260
462 854
97 712
579 982
462 438
97 242
228 501
767 751
242 404
751 767
242 404
238 849
404 907
767 751
228 558
560 849
238 751
767 142
751 767
97 849
228 558
228 558
228 26
228 392
751 767
242 569
767 751
907 404
392 558
142 767
404 31
242 569
238 849
392 228
242 97
751 491
907 392
228 392
767 142
392 558
97 849
238 751
767 751
238 751
97 849
767 142
228 501
142 767
392 558
751 767
242 97
751 767
751 491
751 767
751 238
228 558
238 751
404 907
228 558
767 142
907 392
228 392
751 238
228 558
242 97
228 558
751 238
228 558
97 242
228 392
97 849
392 228
751 238
404 907
228 392
751 767
228 392
228 558
392 228
751 491
404 907
228 26
404 31
97 849
404 31
97 242
228 558
404 907
228 558
228 392
606 615
228 501
404 31
751 767
97 849
751 491
228 558
751 767
228 558
242 97
97 849
392 558
238 849
767 751
228 558
161 352
647 834
821 417
426 486
63 724
937 289
822 713
492 678
940 475
822 713
492 438
486 426
141 609
486 426
861 713
877 841
534 79
249 929
426 470
222 141
59 488
203 195
141 609
937 289
289 739
84 697
230 875
405 830
289 937
538 5
886 486
544 940
459 983
861 423
70 598
486 426
689 333
462 438
352 161
544 475
544 359
707 331
289 937
558 392
486 426
438 987
533 472
738 602
492 215
544 475
161 352
352 161
753 333
352 161
902 65
299 279
486 886
492 462
114 262
895 192
969 490
141 609
379 29
834 292
482 823
486 426
940 909
992 354
496 151
647 578
940 909
333 753
141 609
462 438
866 239
877 273
357 618
138 989
976 423
352 161
299 279
520 917
917 520
438 215
861 976
426 470
492 678
492 678
141 609
940 260
449 789
161 689
289 739
544 895
678 366
84 821
143 3
738 520
544 895
718 145
141 609
611 129
487 428
609 141
520 827
738 602
953 408
883 583
390 579
896 950
167 936
827 980
834 292
239 866
883 583
631 696
148 597
26 228
338 88
267 84
719 557
697 84
315 720
462 944
602 935
75 99
342 142
478 468
468 478
696 720
720 696
834 292
413 633
630 674
492 215
996 842
834 292
753 279
79 847
883 583
478 468
842 996
23 701
953 408
213 116
552 426
520 827
468 478
420 728
143 3
920 330
976 423
984 548
842 996
631 830
413 633
488 538
62 257
896 950
736 883
552 426
469 68
834 292
647 428
738 251
44 358
492 215
478 785
468 478
989 138
883 736
366 678
434 165
408 100
267 84
785 240
834 292
996 410
267 141
469 719
300 883
478 21
665 854
504 878
618 550
842 996
883 300
464 683
896 583
478 468
883 583
803 69
148 694
148 597
834 408
694 625
68 469
907 343
877 273
918 684
420 728
719 557
271 248
488 59
944 785
913 293
989 600
88 338
240 29
725 950
542 357
736 175
678 918
142 767
736 903
201 338
950 526
240 785
597 434
544 176
576 903
974 823
33 597
725 526
719 944
989 600
88 338
736 175
240 29
372 99
919 116
966 406
736 903
88 338
870 666
576 450
950 526
982 579
950 526
141 434
240 29
597 574
828 186
597 574
88 338
222 612
365 331
694 625
597 574
605 870
329 722
46 900
866 239
490 969
392 558
502 192
240 29
141 597
240 29
725 950
88 338
201 707
736 903
88 338
33 597
472 533
666 600
719 557
270 633
576 903
377 875
201 338
240 29
491 767
33 36
475 722
694 625
903 470
487 88
201 338
971 244
983 120
725 899
450 828
913 461
558 392
270 123
167 936
88 338
46 900
944 785
828 186
597 574
828 152
152 240
736 903
88 338
915 330
257 48
870 666
751 238
501 354
193 404
919 142
193 404
501 354
193 404
501 354
501 354
751 238
404 31
501 354
919 142
242 244
193 907
193 404
514 112
354 873
919 751
514 112
919 751
514 112
501 354
919 767
193 404
193 907
907 193
501 354
573 149
501 919
751 919
514 112
433 966
919 767
919 751
789 449
501 354
919 142
501 354
501 354
907 354
501 354
751 238
193 404
501 354
919 142
244 242
193 907
433 966
242 193
919 751
919 767
501 354
919 767
919 751
751 491
873 354
543 559
501 354
193 404
514 112
501 354
244 242
751 919
751 433
501 354
789 449
242 244
751 919
242 193
919 767
919 142
193 404
242 569
242 193
501 354
514 112
501 354
242 244
242 569
751 491
514 112
193 242
919 142
919 767
242 193
919 767
242 244
514 112
712 244
919 751
919 767
569 449
193 404
193 907
501 354
919 767
238 112
238 441
193 404
193 343
110 244
112 514
941 712
193 404
751 767
767 751
751 491
256 142
343 392
110 242
193 404
941 514
112 514
228 558
941 244
228 256
242 110
256 228
751 238
110 244
751 767
228 256
343 392
343 392
767 142
767 751
343 392
256 228
228 256
767 142
751 767
228 558
193 404
242 110
543 688
941 244
751 238
256 228
751 767
110 242
767 142
256 228
767 751
941 514
558 392
256 228
142 767
193 404
142 767
343 193
873 83
751 238
343 392
751 238
256 228
256 228
767 751
228 256
941 514
193 404
112 514
110 242
767 142
767 142
343 392
110 242
767 751
193 343
228 256
751 491
228 558
751 767
751 767
941 514
256 228
751 238
767 751
767 142
110 242
343 392
767 751
751 238
751 238
941 244
751 491
110 244
256 228
110 242
242 110
110 242
256 142
110 244
256 228
242 110
751 238
941 514
193 343
751 767
767 751
339 811
76 959
339 658
296 960
76 235
296 645
798 390
658 339
335 960
335 960
339 811
296 76
296 645
296 960
296 645
76 235
296 76
296 645
296 76
658 339
798 335
658 390
339 959
335 960
76 959
960 335
339 959
798 390
339 811
335 960
76 235
798 390
296 645
960 296
296 645
798 390
296 960
339 959
296 357
296 645
339 811
296 645
76 235
76 235
296 645
798 390
339 76
680 798
798 390
296 960
339 959
296 645
960 296
798 335
76 235
339 959
658 339
798 390
296 645
76 235
76 296
296 645
798 390
798 390
798 390
798 390
76 235
296 76
296 960
76 296
959 76
960 296
76 959
960 335
798 390
296 960
658 390
390 798
960 335
798 390
76 235
798 390
798 335
798 335
798 390
296 645
76 959
798 390
76 296
339 811
76 235
76 235
339 959
76 959
296 645
339 959
390 798
76 296
76 235
296 645
301 393
597 577
247 788
187 703
541 525
325 719
10 122
853 593
36 785
317 267
531 808
130 612
922 35
10 122
531 130
499 381
593 325
36 785
35 36
676 513
393 396
676 513
35 247
36 35
593 719
246 747
808 531
246 747
265 589
676 513
36 35
499 381
35 36
586 612
676 513
305 301
100 470
944 317
593 719
944 247
69 892
676 513
36 785
89 519
130 586
566 463
265 589
265 89
35 36
944 247
10 344
466 212
998 648
499 393
519 89
531 808
944 247
282 434
35 247
499 381
10 344
496 742
130 531
317 28
785 36
369 122
499 381
122 369
450 658
246 69
130 586
499 381
998 676
808 853
35 36
170 948
130 531
464 627
72 895
301 170
325 719
808 531
369 499
531 130
28 212
998 581
246 747
247 944
247 944
531 808
424 612
676 513
296 815
130 586
130 586
36 35
499 393
531 130
899 1
235 959
811 797
923 899
350 718
350 718
923 797
350 718
923 2
811 797
811 797
923 899
350 811
811 797
923 797
923 718
923 718
811 797
811 797
350 811
923 2
350 718
923 2
923 718
923 718
923 899
350 718
811 797
350 718
811 797
350 811
350 718
811 797
811 797
350 718
350 718
718 350
923 718
811 797
811 797
811 350
811 350
350 718
811 797
811 797
923 718
923 899
811 797
350 718
923 718
350 811
811 797
718 350
811 797
350 718
350 718
797 923
797 811
811 797
811 797
811 797
350 718
923 718
811 797
811 797
811 797
718 350
923 718
811 350
811 797
350 718
811 797
811 797
811 797
350 811
923 718
811 797
797 811
923 718
718 350
811 797
811 797
923 718
350 718
350 718
923 718
923 718
811 797
2 1
923 899
923 899
350 718
350 811
811 797
718 350
811 797
811 797
923 718
923 718
811 797
923 718
923 718
824 820
750 126
273 877
535 47
518 427
491 678
531 306
461 466
273 877
279 344
990 74
877 273
47 154
355 247
312 641
323 147
624 707
618 770
437 479
766 59
106 891
681 721
978 455
429 460
978 455
654 795
475 433
978 455
350 680
6 683
333 25
979 185
398 830
655 692
847 466
242 504
351 303
16 415
33 290
387 490
351 303
242 74
592 99
876 298
64 821
528 262
941 640
622 781
273 877
594 472
803 194
79 707
531 808
303 351
672 953
51 995
956 877
808 531
119 877
911 653
350 1
74 351
433 97
504 621
92 418
677 240
960 627
666 337
28 685
842 75
862 641
309 3
412 491
620 711
658 350
661 87
746 583
815 627
122 884
590 434
968 41
212 314
603 938
351 303
165 990
830 755
74 242
654 319
487 491
692 655
197 579
456 537
803 194
349 164
588 941
692 655
316 108
194 803
941 258
995 51
127 113
40 830
51 106
525 948
642 309
948 53
995 106
642 309
562 897
562 847
40 830
525 598
425 40
434 282
314 945
642 309
924 424
562 897
525 830
788 945
106 891
680 390
924 424
891 106
562 223
309 924
282 434
619 486
683 597
14 995
127 732
830 755
788 945
357 296
642 948
525 598
627 815
710 136
525 541
562 223
830 755
127 113
434 282
562 847
830 755
424 924
995 671
127 113
642 309
235 959
562 897
237 142
847 562
223 282
788 945
14 995
830 40
223 282
40 425
525 598
891 106
424 924
788 945
449 336
924 424
127 891
945 788
788 703
891 106
40 830
891 106
847 314
562 223
525 948
986 514
282 223
788 127
788 945
788 619
788 945
127 113
434 282
282 434
985 103
127 788
891 106
100 470
642 309
338 327
106 891
525 598
496 985
525 948
6 985
891 106
282 223
830 40
223 282
788 945
424 14
2 1
1 2
1 2
899 2
899 2
2 1
1 2
1 2
2 1
1 2
899 2
2 1
2 1
899 2
2 1
899 1
1 2
1 2
899 2
899 2
1 2
2 1
899 2
899 1
899 1
899 2
1 2
1 2
1 2
899 2
899 2
899 1
1 2
2 1
899 2
1 2
899 2
899 2
1 2
1 2
1 2
1 2
2 1
899 2
2 1
899 2
1 2
1 2
899 2
899 2
1 2
899 2
899 1
899 1
1 2
2 1
899 2
899 2
1 2
899 2
1 2
899 2
899 1
899 1
1 2
1 2
1 2
1 2
1 2
899 2
899 2
899 2
899 2
899 2
899 2
899 2
899 1
899 2
1 2
2 1
2 1
899 2
899 1
1 2
1 2
899 1
899 2
899 2
899 2
1 2
1 2
899 1
899 2
2 1
1 2
1 2
899 1
899 2
1 2
1 2
193 82
491 412
502 471
308 290
173 60
973 882
422 433
920 115
975 758
762 127
530 679
431 294
822 576
783 882
808 145
822 82
537 456
840 758
573 724
402 966
816 714
487 491
686 701
463 663
313 583
370 431
395 530
840 758
82 193
170 578
793 777
975 758
372 136
582 997
243 159
584 657
193 402
370 431
489 661
597 683
433 996
104 596
812 321
370 816
395 530
850 430
679 958
398 445
230 726
679 958
145 853
87 130
15 840
433 845
333 86
897 562
687 822
847 466
687 576
486 112
975 758
996 433
466 367
15 321
487 491
431 294
104 596
983 955
812 321
486 411
22 675
679 958
618 120
433 845
193 82
184 979
265 37
409 537
592 99
732 619
583 646
822 687
812 394
624 640
679 624
807 596
822 687
857 104
313 600
137 714
35 802
530 395
797 235
973 882
79 707
537 456
14 863
193 402
537 456
822 687
296 76
296 645
330 335
152 664
664 152
156 152
152 664
156 152
664 152
76 664
664 152
76 296
296 645
76 664
156 152
390 330
390 658
296 645
296 645
296 645
296 645
156 152
156 152
390 658
156 390
76 664
76 296
296 645
664 152
296 645
296 645
330 335
664 152
664 152
330 335
390 658
390 680
156 658
296 335
390 156
156 152
330 335
390 658
390 658
330 335
664 152
296 645
664 152
664 152
296 645
296 335
330 335
664 152
156 390
76 664
330 335
156 658
296 645
330 390
390 658
330 335
390 658
296 645
664 152
296 645
357 923
664 152
664 967
390 658
664 76
390 658
664 152
390 658
296 76
330 335
156 152
296 645
330 335
664 76
330 335
296 76
330 335
296 645
296 645
156 152
390 658
296 645
664 76
156 152
390 330
390 658
156 658
156 152
664 152
664 152
156 152
296 645
390 658
76 664
76 296
308 290
47 154
938 603
99 340
47 154
219 647
767 793
372 136
184 822
47 154
47 154
497 742
578 62
384 887
500 302
645 296
98 28
807 857
23 428
23 872
683 6
47 154
572 58
302 500
463 663
581 294
807 857
47 154
47 154
571 549
887 384
891 106
872 593
243 159
337 666
219 647
159 243
407 105
240 58
47 822
265 589
510 765
881 469
372 136
308 290
675 767
155 328
279 344
451 391
815 627
742 496
882 783
155 328
822 184
872 243
822 184
857 807
666 719
572 230
451 391
184 822
219 308
451 122
648 430
302 23
430 648
265 558
306 740
350 658
857 807
302 675
296 645
294 155
807 857
663 463
497 742
306 612
834 169
219 647
294 279
230 572
247 944
76 943
464 804
597 771
302 675
55 780
882 783
887 374
47 154
834 184
180 159
23 428
966 716
47 154
308 290
243 872
156 592
51 464
23 872
230 92
230 974
974 828
566 100
974 230
136 92
784 100
665 597
100 470
230 92
665 943
566 100
566 100
566 100
566 100
566 100
665 597
943 815
815 627
100 470
92 418
627 815
815 627
627 815
665 597
943 815
943 414
136 566
665 597
943 414
627 815
100 566
100 470
974 828
100 470
974 828
230 974
943 414
815 627
230 92
815 627
974 828
943 414
974 828
665 597
597 665
943 815
100 470
566 100
230 974
92 230
136 566
974 828
566 100
665 597
136 92
566 100
815 627
597 665
974 828
974 828
136 92
815 627
665 597
665 597
100 566
815 627
784 100
943 414
92 418
943 815
943 414
815 627
92 418
92 418
100 470
92 418
784 100
665 597
566 136
566 100
566 100
597 665
974 828
943 414
230 92
974 828
665 597
974 828
784 100
100 470
92 418
136 92
566 100
566 100
974 828
943 414
566 100
974 828
815 627
296 473
473 296
134 77
919 473
919 134
296 473
296 473
473 296
134 77
919 1
134 919
134 919
473 296
296 473
134 77
919 1
296 473
134 77
919 134
296 77
296 473
473 296
134 77
134 919
296 473
134 919
134 77
1 2
296 473
473 296
134 77
919 1
134 77
134 919
919 134
134 919
296 473
473 296
296 473
134 77
134 919
919 1
473 296
134 77
296 473
296 473
134 77
296 473
134 77
919 134
134 77
473 296
296 473
296 473
296 473
134 77
919 77
919 134
919 1
296 473
296 473
134 77
473 296
473 919
296 473
134 919
134 77
919 134
296 473
134 919
473 296
134 77
296 473
296 473
919 1
296 77
134 77
473 296
919 134
296 473
919 1
134 77
296 473
296 473
296 473
919 134
134 77
296 473
296 473
919 134
134 919
296 473
296 473
296 473
296 473
134 919
919 134
296 473
919 1
296 473
600 639
47 342
47 342
416 967
503 390
967 23
503 48
600 639
764 809
600 639
503 927
659 541
342 864
600 63
503 927
416 541
47 561
342 864
503 927
63 600
47 561
541 416
47 342
503 390
764 23
47 561
47 342
327 831
503 927
650 170
600 63
561 47
503 927
47 305
541 416
291 675
600 63
496 508
659 541
63 600
503 561
764 23
47 561
503 927
503 390
496 508
47 561
496 508
63 600
503 390
503 390
600 639
764 23
63 600
47 342
541 659
600 639
416 541
496 508
864 648
496 508
503 561
541 659
47 561
541 416
541 416
503 561
63 600
503 390
342 47
503 390
503 927
342 864
503 561
63 600
47 561
47 561
496 342
390 63
600 639
541 659
390 503
47 561
541 416
342 496
63 600
1 2
47 561
47 342
390 927
508 496
342 864
541 416
63 600
496 508
47 561
659 541
541 659
496 342
764 600
102 315
326 32
777 157
157 294
861 247
368 95
153 509
205 706
954 885
80 509
166 911
52 172
559 6
102 334
463 104
59 105
816 258
852 687
68 813
109 156
258 673
333 870
391 52
368 557
743 307
128 762
861 247
734 654
505 273
717 353
375 54
368 202
316 914
650 170
868 978
625 154
209 126
187 6
307 95
871 578
286 825
109 425
676 454
13 391
659 716
677 719
717 669
516 796
401 977
391 13
445 793
714 284
625 154
109 80
353 283
513 380
839 55
701 593
714 284
154 752
816 258
614 804
460 98
885 954
80 509
153 80
391 13
717 669
502 880
205 649
52 885
34 929
106 178
673 75
764 23
351 178
109 80
669 717
913 13
37 855
106 178
153 482
80 153
686 62
251 728
177 101
145 769
466 206
205 590
579 943
796 389
425 95
284 642
861 247
170 650
184 149
215 593
162 184
843 466
672 800
559 901
927 390
750 51
105 592
750 734
498 95
174 75
75 816
648 864
533 710
69 905
18 789
949 559
142 109
327 967
816 75
559 92
988 395
75 174
105 592
935 322
942 698
75 174
106 178
559 92
62 686
307 498
75 174
105 194
789 960
201 787
825 994
140 106
47 305
713 935
467 364
216 908
713 935
813 322
55 839
105 592
106 439
109 988
174 75
105 592
825 225
813 106
949 505
216 908
498 95
935 322
105 592
901 486
106 178
592 105
60 713
472 350
559 92
216 908
307 743
92 988
140 847
216 908
75 816
18 789
559 92
225 847
51 505
765 179
988 92
713 60
105 595
51 949
75 174
713 60
92 559
18 789
75 174
498 95
498 307
43 318
988 92
995 388
543 930
216 908
106 178
994 825
960 705
789 194
813 322
802 668
750 994
765 312
105 592
351 68
306 882
151 787
65 772
142 109
559 901
543 930
792 510
300 890
323 290
351 781
163 522
718 104
611 428
719 652
859 637
166 597
720 15
489 311
571 888
597 166
120 513
76 459
858 535
197 929
225 693
178 106
681 960
543 551
590 277
579 943
79 810
814 947
802 668
597 719
370 664
538 256
711 440
970 759
595 820
740 385
588 80
987 638
632 754
158 344
560 942
940 290
398 447
540 821
407 479
885 954
486 559
520 140
549 671
323 290
557 751
376 428
166 597
243 88
565 639
622 104
36 819
295 709
751 557
385 740
625 154
812 769
669 717
686 300
701 777
297 370
36 940
671 303
873 643
823 361
632 735
805 235
227 909
557 719
858 535
166 911
187 605
535 338
611 709
283 998
102 823
428 611
808 129
869 735
116 698
154 858
705 646
597 719
486 901
146 530
351 68
295 709
740 385
62 686
640 812
583 640
556 223
243 989
290 323
719 557
308 819
737 693
805 235
737 693
153 569
640 812
124 935
851 904
956 153
851 326
737 854
368 202
163 318
6 80
208 211
956 784
776 551
81 904
640 812
737 854
851 326
546 890
349 512
977 140
398 447
854 737
952 591
776 759
81 904
719 597
776 551
68 351
851 904
990 977
534 333
60 713
784 689
81 904
187 901
398 515
708 597
81 904
652 719
327 967
597 845
531 60
81 904
640 812
595 105
773 575
291 831
956 784
81 640
977 140
602 905
388 995
81 59
134 77
588 875
72 124
990 977
390 927
597 845
140 947
809 343
245 466
349 512
245 708
719 652
876 599
559 486
597 510
140 947
719 652
851 326
854 218
956 784
719 652
719 652
737 562
693 737
977 990
81 904
719 597
415 173
784 956
187 218
486 901
673 816
354 860
597 719
187 6
599 876
124 935
901 187
520 439
218 854
693 947
988 779
977 990
640 812
601 467
919 77
827 838
601 467
827 141
827 838
388 601
111 838
586 633
316 388
388 995
467 810
388 995
467 810
111 633
467 810
388 995
467 810
601 467
467 810
111 633
586 633
601 467
827 838
467 810
601 388
586 633
586 633
467 810
388 995
827 141
586 633
586 633
388 316
586 633
586 633
467 810
601 388
601 467
827 838
388 995
827 141
467 810
388 995
467 810
467 810
586 316
388 601
601 467
467 810
111 633
601 467
388 995
586 633
467 810
827 838
141 827
467 601
586 633
388 995
388 316
388 601
827 838
316 388
388 995
388 995
111 838
827 838
586 633
586 633
388 995
467 810
601 388
601 467
467 810
827 141
827 838
586 316
586 633
827 838
388 601
827 838
388 995
467 601
467 810
586 633
388 601
827 838
586 633
388 995
586 633
467 810
467 810
601 995
111 838
827 141
388 995
316 388
467 810
586 633
416 770
940 819
169 614
781 125
290 940
213 712
860 948
754 711
264 881
201 276
314 176
88 819
264 711
782 556
922 940
622 813
889 711
264 991
984 787
900 253
779 109
51 505
418 490
282 782
625 752
353 717
69 981
88 819
701 777
990 771
109 156
394 169
711 754
702 513
176 389
176 314
394 614
770 416
264 711
313 880
176 314
933 314
427 850
92 559
640 583
492 904
457 819
415 173
711 754
720 82
169 489
714 284
342 350
176 314
332 875
128 177
44 35
169 489
358 873
264 711
625 154
933 314
313 880
686 62
805 987
586 656
124 56
984 787
618 93
290 323
724 179
154 625
820 595
513 215
72 276
990 771
77 134
311 489
284 900
538 256
415 173
129 808
715 456
777 157
701 593
900 284
58 812
712 341
306 18
933 314
970 811
77 2
765 312
176 314
390 927
777 157
255 989
900 666
724 86
741 481
890 163
350 342
492 59
583 789
225 835
673 258
492 713
333 870
688 138
351 68
187 949
923 583
225 814
48 910
538 256
92 395
256 538
942 560
208 68
918 547
559 92
225 947
831 291
770 416
970 216
64 421
163 890
673 258
163 318
322 208
416 560
92 774
890 472
256 538
225 814
538 256
835 225
225 947
839 491
92 559
492 713
92 559
92 395
773 575
230 78
836 673
92 559
256 51
92 559
836 399
492 65
496 641
187 559
258 816
492 713
258 673
92 559
868 37
923 216
671 994
505 949
836 890
744 699
225 835
225 814
258 970
59 592
981 98
560 541
673 258
970 258
361 731
505 949
508 458
225 835
48 687
423 399
225 814
350 342
673 698
348 485
258 970
673 836
671 835
60 713
673 836
970 216
890 836
592 105
348 56
930 447
592 443
538 256
187 949
258 816
538 256
505 273
522 472
693 225
970 216
46 379
984 952
984 868
534 12
952 984
979 760
361 823
534 377
952 379
67 864
67 12
67 12
127 683
127 683
464 823
447 64
823 361
984 952
12 67
984 868
560 64
46 379
447 64
534 12
127 683
984 868
683 127
534 377
12 67
560 64
952 984
984 868
127 683
910 48
46 379
683 127
984 503
127 683
952 379
534 377
979 760
12 67
534 12
377 534
952 379
534 377
67 12
560 64
447 979
984 952
984 868
534 377
864 648
64 560
838 699
534 12
64 447
823 361
48 561
984 868
984 503
823 496
46 377
534 377
984 868
127 683
831 327
586 656
534 12
127 683
952 503
78 127
952 379
141 744
447 979
952 503
496 864
127 683
560 361
683 978
447 64
127 683
379 952
447 64
379 952
683 127
952 379
64 560
984 868
64 560
984 503
952 46
984 503
952 503
127 78
496 823
67 12
864 648
67 12
984 503
820 552
817 924
332 95
593 137
116 514
422 781
443 956
820 514
594 700
113 817
882 566
452 245
223 526
355 798
443 956
650 531
443 956
443 956
137 535
539 250
544 566
692 79
593 173
882 566
332 95
23 242
817 924
173 593
445 419
817 113
668 273
113 419
332 95
223 531
544 566
604 996
820 552
452 355
924 817
817 113
594 882
882 566
864 811
113 502
531 223
113 817
113 419
196 272
541 651
811 689
223 526
169 129
538 410
113 502
924 68
113 817
420 668
820 514
223 526
531 223
332 95
355 452
113 817
997 407
445 689
798 332
376 116
650 594
811 542
563 173
820 535
30 92
173 273
594 882
531 223
531 223
594 882
113 502
116 514
817 113
443 956
443 956
552 535
817 924
443 956
798 202
563 173
563 332
332 798
173 273
563 175
332 95
566 882
221 443
531 650
300 700
820 535
864 223
223 526
420 888
1 2
2 1
2 1
1 2
1 2
1 2
2 1
2 1
2 1
2 1
2 1
1 2
2 1
2 1
2 1
1 2
1 2
1 2
1 2
1 2
2 1
2 1
1 2
2 1
1 2
2 1
1 2
1 2
1 2
1 2
2 1
1 2
2 1
1 2
2 1
2 1
2 1
2 1
2 1
2 1
1 2
2 1
2 1
2 1
1 2
1 2
1 2
2 1
1 2
1 2
2 1
2 1
1 2
2 1
2 1
1 2
2 1
2 1
1 2
2 1
1 2
2 1
2 1
1 2
2 1
1 2
2 1
1 2
1 2
1 2
2 1
1 2
2 1
2 1
2 1
2 1
2 1
2 1
1 2
1 2
1 2
1 2
1 2
1 2
2 1
1 2
2 1
1 2
2 1
1 2
1 2
2 1
2 1
1 2
2 1
1 2
1 2
1 2
1 2
2 1
625 92
187 822
625 187
242 407
212 683
625 206
21 796
516 394
551 996
394 516
32 695
634 21
394 516
206 639
206 639
673 796
516 394
625 206
394 673
583 861
239 624
711 859
242 407
21 775
673 155
953 634
673 484
673 796
625 187
249 821
625 206
625 206
551 996
953 711
711 859
394 673
394 516
822 777
673 796
32 407
21 634
350 212
953 711
878 61
206 625
187 822
516 394
242 407
212 683
427 752
833 350
625 92
625 206
32 407
23 239
796 65
212 683
673 155
551 683
212 683
740 840
350 212
551 683
953 634
350 833
634 21
394 516
711 859
551 683
634 953
551 996
625 206
187 822
683 212
777 822
212 683
695 32
859 639
394 516
407 32
683 212
21 796
394 516
242 23
407 32
953 634
551 683
407 32
206 625
407 32
516 394
516 833
551 996
551 683
90 344
625 704
833 516
206 639
32 407
212 337
675 642
737 440
587 147
47 635
259 154
15 843
439 299
134 973
826 452
471 755
803 739
142 440
587 451
15 843
259 582
582 259
117 273
614 243
270 245
650 228
440 142
225 714
439 299
587 451
659 525
154 259
941 514
471 656
73 786
451 587
440 737
471 755
742 351
587 451
471 656
778 134
73 786
216 778
539 541
778 216
582 259
144 870
582 259
379 682
638 425
577 544
991 972
991 972
582 259
47 635
471 656
105 213
661 670
826 452
3 253
471 755
259 11
176 437
73 786
991 972
785 144
259 582
855 325
142 826
15 843
154 259
223 526
379 298
505 870
216 972
471 755
505 870
216 972
303 670
202 397
737 440
803 739
582 11
587 451
134 778
154 235
587 451
803 739
87 425
360 824
638 425
505 826
587 451
582 15
298 379
19 381
216 972
737 440
587 451
264 279
523 391
339 673
744 673
87 425
84 488
140 539
3 572
140 539
161 850
243 925
249 243
572 3
297 539
297 539
346 161
249 572
140 861
249 572
249 572
431 346
539 140
249 572
297 539
431 3
140 539
140 539
539 140
344 850
297 539
249 572
243 249
346 161
858 297
3 572
431 346
140 539
243 249
243 925
431 3
140 539
346 161
140 861
249 572
346 431
346 140
572 3
346 161
243 925
431 346
572 249
140 539
431 346
858 925
539 140
297 858
3 572
249 572
346 161
243 925
572 249
344 90
297 858
861 957
346 161
572 249
3 431
3 431
572 249
858 925
431 346
297 858
572 249
346 431
572 249
431 3
539 140
3 572
140 539
243 249
140 539
539 140
346 161
249 243
539 140
297 858
539 297
431 3
297 858
539 140
431 346
3 572
140 861
572 249
243 925
249 572
140 861
3 572
572 3
140 539
539 140
539 140
572 3
858 925
249 243
297 539
860 546
365 743
23 624
305 332
405 515
494 500
488 84
159 1000
558 715
400 629
445 762
205 833
725 246
578 307
204 221
826 847
436 480
578 959
33 724
675 428
581 729
246 725
597 467
284 28
41 94
251 558
31 747
870 592
358 725
497 217
591 408
802 250
941 481
853 236
947 252
788 349
33 515
204 368
558 629
329 476
204 221
33 724
11 259
220 691
635 47
752 185
902 685
477 702
795 981
676 21
725 246
755 906
158 415
368 204
556 337
565 432
18 214
41 94
408 591
246 227
144 870
111 326
963 319
665 170
597 231
609 610
159 579
223 526
860 546
918 947
727 455
936 724
599 489
598 181
52 114
170 665
597 467
388 125
33 724
620 71
31 747
364 848
906 201
738 208
432 565
193 111
136 822
7 449
995 594
546 724
514 116
394 516
373 999
329 476
327 57
231 597
337 556
306 805
477 1000
546 936
451 575
121 655
572 253
515 402
328 290
45 710
14 531
24 552
515 402
723 651
527 610
42 576
121 247
27 80
578 959
995 594
432 830
425 43
432 702
137 535
723 541
204 368
521 654
40 434
739 803
812 352
899 990
307 825
655 121
981 123
188 918
847 142
449 473
605 475
759 319
620 71
148 405
246 227
815 42
579 808
959 483
73 786
628 751
303 670
432 702
808 254
636 232
55 851
213 640
791 299
154 728
188 918
568 230
609 561
101 881
551 996
738 208
55 414
702 432
477 1000
580 73
460 793
80 43
944 246
42 558
110 811
78 276
579 808
515 402
121 25
558 42
519 954
376 928
702 477
620 690
270 245
515 402
819 245
515 402
369 261
604 996
987 28
519 954
854 738
805 199
504 675
839 393
425 87
477 702
941 389
373 212
64 255
188 947
493 925
45 710
264 678
477 1000
405 515
620 71
476 329
213 420
676 67
86 334
122 859
86 334
270 744
23 86
23 86
81 591
65 507
36 81
743 365
234 20
243 79
270 744
473 663
591 81
153 129
171 683
844 743
624 239
114 52
250 23
35 744
999 373
760 694
663 473
117 420
36 481
86 621
743 844
117 373
473 663
272 196
3 734
334 86
86 23
153 129
213 420
420 117
270 339
663 473
61 491
420 117
117 373
36 81
153 129
67 676
234 20
334 621
999 373
117 420
23 86
117 373
234 20
104 351
117 373
86 334
925 493
117 373
389 481
473 449
238 796
153 129
86 334
270 744
859 122
270 234
270 234
859 122
270 234
844 743
334 621
81 591
663 473
744 394
859 663
23 86
516 66
117 373
250 694
2 1
36 81
334 621
129 153
234 676
743 859
117 420
663 473
234 20
117 373
420 350
153 129
844 694
270 234
859 122
117 420
676 234
663 473
743 365
453 351
982 79
781 76
427 858
821 800
427 858
781 3
427 858
842 427
781 76
781 3
781 76
781 3
982 79
821 800
351 453
800 76
982 79
76 781
842 427
842 427
427 842
821 249
842 427
781 3
982 79
427 858
3 781
842 453
781 734
781 3
781 76
842 453
427 842
982 79
351 742
351 453
453 842
351 453
781 76
842 427
982 79
982 821
781 3
427 858
781 76
3 734
76 800
781 3
781 76
427 858
76 781
427 858
427 842
842 427
76 800
842 427
427 842
821 800
427 842
427 842
781 734
427 842
781 3
427 79
427 858
982 79
781 3
427 842
842 427
427 858
781 76
453 742
800 76
781 76
427 858
781 76
821 800
427 858
781 3
781 3
821 249
821 800
800 821
781 3
821 800
453 842
427 858
982 79
821 800
982 79
351 3
351 742
427 858
982 79
427 842
427 842
781 734
427 842
781 76
859 122
945 647
65 155
859 92
30 756
859 122
213 420
777 704
491 65
516 66
859 112
23 997
491 65
777 704
57 327
65 507
777 23
516 213
996 604
92 112
337 420
996 604
420 213
491 945
196 272
945 491
241 337
420 213
92 112
241 643
777 23
777 704
420 350
996 584
704 92
516 66
704 92
516 213
213 420
777 704
704 92
777 23
945 491
996 584
420 213
599 489
92 30
155 65
241 643
250 624
491 945
777 23
516 66
104 599
65 155
516 66
516 66
859 92
996 604
777 704
213 420
516 66
92 704
65 155
859 122
241 337
241 643
777 704
365 743
92 30
241 643
704 777
23 777
996 604
491 945
337 241
23 997
23 777
213 420
23 997
92 30
982 430
945 491
539 250
337 241
420 350
859 122
996 604
278 771
92 859
155 65
23 997
491 65
65 491
484 155
996 604
92 112
945 859
996 604
92 30
