313 27
511 46
583 490
931 883
931 883
368 189
368 189
313 27
69 637
313 27
368 189
931 222
368 189
69 637
773 490
511 529
172 729
729 734
368 189
368 189
368 189
871 883
46 222
871 411
773 490
313 27
529 172
931 883
399 683
313 27
490 773
773 490
313 27
490 167
313 27
236 671
313 27
877 22
511 529
368 189
27 808
46 511
511 46
46 511
490 773
773 490
69 637
27 313
27 313
368 189
773 490
368 313
490 773
948 156
773 511
931 829
734 172
27 313
69 198
583 490
368 189
368 189
46 222
313 27
27 808
313 27
490 583
490 773
27 313
931 222
490 773
46 222
1 2
189 368
368 189
490 583
313 27
27 808
189 368
368 189
27 313
490 773
674 536
773 490
490 583
368 931
399 189
529 511
368 189
46 222
862 683
313 27
46 222
490 773
189 399
236 671
511 529
511 529
773 511
490 583
756 269
885 830
321 368
446 590
618 633
830 885
423 412
561 280
830 919
830 919
379 730
807 530
633 423
530 359
65 769
830 885
446 590
379 730
830 885
129 232
323 809
116 868
885 830
756 269
654 395
379 730
827 769
574 718
769 65
933 484
294 173
323 423
574 628
756 269
328 71
887 446
699 33
887 807
830 885
830 885
756 269
887 583
423 323
830 885
730 756
461 484
887 583
827 769
695 679
129 252
171 175
830 919
73 951
830 919
885 830
830 919
599 552
323 232
771 214
423 323
446 590
73 767
349 188
756 590
379 730
887 898
827 830
679 145
590 446
328 77
769 827
933 484
885 188
446 590
769 827
446 887
887 898
756 269
789 966
887 583
379 730
827 769
446 590
807 386
252 129
756 269
808 27
574 628
830 919
730 379
590 446
323 423
572 252
660 269
379 730
830 827
574 618
461 679
328 77
830 919
119 103
218 656
218 656
919 662
103 541
674 559
843 541
321 433
119 868
559 674
843 446
559 665
843 541
843 677
119 868
218 656
119 868
218 656
559 665
559 665
843 677
559 665
559 613
559 446
843 541
843 677
119 868
662 218
559 665
559 674
674 559
677 843
119 868
321 433
218 656
218 656
119 868
321 433
559 665
321 433
321 433
559 674
103 541
446 843
119 868
843 677
868 119
567 520
843 446
559 674
103 541
119 868
103 541
218 656
843 677
119 868
321 827
843 541
613 520
446 583
119 868
541 103
103 541
613 559
559 665
119 862
843 677
446 583
919 613
919 662
559 674
218 827
843 677
559 674
386 630
321 827
674 559
541 103
559 426
119 868
559 665
559 426
559 665
399 433
843 677
119 868
827 218
559 665
662 218
119 868
887 674
218 656
119 868
119 868
218 656
103 541
559 665
843 541
103 541
446 595
196 636
481 410
481 388
773 295
481 388
152 297
871 215
236 671
814 544
77 447
98 152
98 152
201 588
384 945
447 573
446 590
481 388
77 756
189 433
330 260
814 830
349 520
470 606
478 752
694 655
410 771
152 297
481 388
476 958
330 384
407 118
356 945
334 900
481 388
481 388
148 987
407 118
470 86
958 651
152 98
447 573
77 447
980 900
544 12
660 427
12 722
656 208
98 152
481 388
481 388
388 966
871 680
756 77
172 503
954 500
364 577
814 830
152 98
447 573
481 388
871 12
382 436
170 656
114 156
152 297
544 814
77 447
77 756
407 118
729 114
173 968
651 124
447 573
900 334
272 306
382 97
98 152
481 388
152 98
900 980
447 573
314 603
544 12
447 573
843 660
77 447
773 295
260 330
77 447
710 276
900 980
118 218
816 246
371 672
77 447
968 98
470 606
152 98
470 606
98 968
276 305
276 305
808 758
613 868
276 305
984 604
215 341
491 188
808 758
808 175
758 808
613 868
276 305
195 809
491 188
871 854
613 349
984 588
349 613
349 613
604 984
349 188
871 215
809 195
604 984
809 195
588 604
868 119
854 871
588 604
604 588
868 119
984 604
871 854
491 450
613 349
604 984
561 758
276 809
503 854
491 450
938 813
341 507
868 862
349 613
167 877
588 604
289 483
808 175
871 854
588 503
552 813
349 188
758 561
349 613
561 758
613 349
276 938
604 984
503 172
175 808
809 195
188 349
809 195
604 588
175 808
809 195
276 305
503 854
877 22
561 758
561 809
613 349
491 188
175 868
758 561
809 195
214 182
809 195
349 613
809 195
561 758
686 954
276 305
984 604
854 871
341 507
503 529
588 503
503 529
871 215
871 854
491 450
276 984
809 195
588 503
588 604
897 410
604 588
613 868
190 938
815 919
566 328
938 950
190 813
190 813
148 466
148 466
148 466
221 566
815 769
50 343
931 999
815 827
190 813
65 769
474 260
410 355
885 754
937 627
190 813
919 815
355 214
815 769
937 931
221 566
343 116
885 188
190 813
328 950
190 813
984 315
984 315
956 198
885 754
885 754
685 992
713 516
713 797
343 116
713 797
797 713
815 827
148 466
815 827
992 685
328 71
885 754
221 566
685 992
190 813
815 827
371 155
190 813
950 938
815 769
328 566
919 120
328 566
221 566
666 155
65 50
797 713
328 566
885 754
685 693
355 388
209 246
105 358
885 754
797 713
190 813
50 65
815 827
950 938
50 65
588 334
566 221
713 516
653 610
713 516
713 516
190 328
566 221
119 868
674 653
713 516
919 349
713 937
999 931
190 813
62 151
190 813
815 769
797 29
685 992
198 175
343 198
566 747
217 42
281 30
368 321
813 938
98 141
246 952
958 476
142 262
433 321
325 93
885 544
325 93
999 931
251 813
609 87
325 958
875 570
311 512
826 246
873 972
418 427
246 952
628 33
875 570
251 950
482 873
246 952
734 600
769 815
281 609
314 262
30 238
30 393
650 563
281 609
788 813
246 952
383 907
510 303
826 752
826 752
87 609
251 950
33 699
609 281
609 87
813 788
628 33
314 262
214 182
251 813
649 958
251 950
311 939
50 368
817 829
873 972
628 33
875 952
87 609
998 225
251 950
137 303
410 355
314 262
349 188
251 950
875 570
33 628
281 609
314 262
770 295
87 609
815 769
87 609
427 418
33 699
175 83
246 826
752 427
427 752
251 950
30 137
246 826
752 427
701 215
649 476
952 875
628 33
281 609
427 418
87 609
672 371
281 609
649 476
314 262
649 958
433 399
875 570
481 895
281 121
398 981
520 613
460 169
649 815
383 884
577 563
215 444
649 958
48 204
649 476
958 476
958 476
402 332
460 169
723 608
696 723
690 712
958 476
460 231
690 10
958 476
862 683
383 441
383 441
460 265
383 441
649 476
265 460
927 561
654 395
114 877
383 441
938 813
383 441
877 22
513 82
195 809
383 441
120 827
383 441
827 120
231 580
383 441
383 441
771 410
383 441
869 336
649 476
613 441
649 476
402 332
696 712
265 460
520 613
741 113
654 395
120 827
120 827
660 843
383 441
398 981
613 520
634 608
383 441
383 441
958 476
654 395
520 613
270 513
265 884
792 635
674 653
265 460
696 712
788 813
383 441
265 460
398 981
402 332
425 792
815 827
958 476
884 246
265 460
383 441
773 877
265 460
114 877
27 313
520 62
120 827
270 513
460 231
689 27
958 476
690 712
827 120
690 696
460 231
232 372
423 204
475 83
396 918
65 364
300 714
321 664
114 479
26 773
26 773
26 773
730 77
447 329
993 563
396 918
30 479
773 490
65 120
225 142
26 773
939 618
712 926
712 926
450 665
26 773
447 251
329 784
784 329
712 926
396 918
396 918
830 814
114 167
329 784
834 851
712 926
894 142
26 773
447 329
919 567
26 773
773 490
894 548
175 83
30 393
660 843
30 479
784 329
142 996
204 607
894 142
423 412
784 329
26 773
65 364
26 773
993 65
567 520
904 950
65 993
142 996
142 894
745 551
187 855
120 919
813 938
401 512
30 479
26 773
447 710
447 573
26 773
26 773
30 187
251 552
142 894
784 329
995 71
114 665
862 475
65 120
204 607
26 773
26 773
690 204
479 370
552 251
712 396
993 563
447 329
114 887
712 396
993 563
114 773
30 238
30 187
50 801
552 251
622 138
300 714
479 370
731 903
872 231
872 231
568 447
398 63
974 720
664 120
77 566
769 368
590 446
872 231
827 769
829 931
412 963
817 931
974 361
231 872
595 800
817 931
974 361
398 63
566 77
196 645
664 88
507 426
62 664
62 151
995 427
412 280
817 931
827 120
144 361
705 484
758 280
769 368
413 5
872 231
630 386
77 568
769 827
827 120
872 231
361 619
705 553
280 412
827 120
817 931
69 791
871 854
566 77
566 645
361 974
950 481
872 231
769 827
144 619
361 974
361 974
280 758
568 553
120 827
974 361
62 151
872 231
911 189
553 705
120 827
872 231
280 412
827 769
120 827
769 368
24 446
599 413
507 341
966 710
69 475
62 120
645 747
361 974
62 426
568 553
144 636
769 827
769 827
72 398
872 231
590 446
120 664
63 398
269 756
77 566
507 341
418 920
280 561
231 636
817 931
827 769
553 568
769 827
686 281
669 541
430 401
505 542
362 110
679 380
938 385
686 281
686 281
110 362
110 362
362 33
918 387
505 542
362 110
606 973
505 542
669 33
380 870
686 281
542 505
918 387
686 281
110 362
367 2
362 110
110 362
33 335
938 316
686 281
669 541
110 362
387 679
841 385
110 362
505 542
918 387
110 506
362 33
362 110
1 2
380 679
362 110
870 380
686 281
686 281
362 110
686 111
387 918
938 385
606 973
358 281
870 111
686 281
686 281
669 541
387 918
505 542
870 111
686 281
380 267
679 380
110 362
926 387
160 297
505 542
110 362
505 542
362 110
686 281
387 918
380 870
505 542
316 841
505 542
387 918
110 506
387 918
669 541
938 385
505 542
926 387
362 110
362 110
669 541
669 541
110 362
686 281
938 841
505 542
362 33
380 870
679 380
686 281
362 110
505 542
362 110
110 362
505 542
33 335
972 751
846 452
2 1
718 843
367 2
641 651
72 486
718 843
1 2
1 2
641 651
367 2
718 843
641 21
452 134
641 651
367 2
367 2
718 843
367 2
2 1
641 651
464 720
745 102
641 651
641 651
148 316
627 272
367 2
641 21
641 651
367 2
447 501
367 2
367 2
1 2
641 651
641 651
641 651
846 452
843 718
745 501
2 1
433 846
346 501
433 846
893 641
972 751
346 447
718 843
1 2
1 2
627 272
367 2
651 403
346 501
2 1
367 2
972 751
72 486
641 651
718 843
720 346
641 651
367 2
367 2
641 651
641 651
367 272
808 415
272 627
718 843
367 2
718 843
272 627
452 134
2 1
367 2
641 651
641 651
348 601
718 627
272 627
745 102
367 2
367 2
627 272
452 134
433 846
641 21
367 2
272 367
641 651
272 938
641 651
846 452
486 72
367 2
983 486
2 1
175 546
527 294
876 527
415 115
83 939
294 829
558 56
744 175
440 885
614 829
115 231
175 546
614 27
744 152
440 956
178 317
202 737
744 175
415 971
115 231
380 365
387 453
900 961
727 876
22 902
152 744
614 27
845 287
614 27
76 666
115 367
920 361
971 415
184 737
57 525
554 164
920 361
845 287
956 440
415 971
939 83
566 986
920 361
744 417
900 971
710 361
900 850
83 939
83 256
115 231
317 178
853 560
184 202
184 202
845 438
178 317
527 294
415 115
415 115
960 463
115 367
744 217
184 202
317 178
732 489
900 971
939 83
614 27
900 850
387 453
845 73
83 256
301 8
415 231
83 256
326 688
184 737
956 440
996 677
175 546
614 829
115 231
939 152
646 688
415 971
440 956
202 133
184 737
936 497
956 440
744 175
440 956
920 440
527 829
184 202
469 1
900 850
83 256
317 413
415 115
871 943
961 431
435 227
943 955
191 57
181 348
96 388
57 191
57 191
80 961
57 191
265 885
602 601
601 602
96 652
705 871
705 871
191 57
601 602
871 705
451 383
885 573
265 885
226 894
456 587
943 866
701 738
96 652
871 705
385 841
871 705
602 601
601 602
326 191
57 191
401 383
943 866
602 601
181 810
705 871
602 601
943 955
57 191
265 885
7 8
273 394
885 265
226 431
96 652
885 265
943 866
841 385
705 871
181 810
57 191
57 191
226 76
80 626
943 866
943 866
871 705
431 520
871 705
943 955
935 626
652 96
305 651
602 935
326 191
935 626
602 935
181 810
871 705
573 226
955 490
705 871
181 705
601 602
301 260
935 626
326 191
705 871
602 601
265 885
871 705
885 265
57 191
601 602
181 810
80 303
705 871
181 810
705 871
701 57
601 602
885 573
652 96
601 602
885 265
871 705
422 943
222 358
766 716
886 524
544 184
116 891
943 422
222 920
222 886
707 458
886 222
707 162
410 360
575 847
886 524
891 498
498 866
886 222
422 943
774 926
824 104
751 628
751 628
222 920
716 533
227 435
222 766
184 544
524 886
222 920
415 104
544 330
422 943
2 1
751 628
415 808
184 544
860 460
409 216
422 943
751 628
766 774
116 313
544 184
943 866
222 716
498 866
707 458
422 943
162 707
864 628
707 458
498 866
337 658
588 874
358 222
116 401
751 628
751 628
469 1
751 628
222 886
498 891
222 886
295 51
184 544
28 774
514 524
498 891
817 391
919 946
544 184
222 920
751 628
184 737
358 920
707 458
97 291
886 524
934 893
295 751
391 620
524 886
273 394
544 184
707 458
751 628
886 222
751 628
28 905
222 886
661 904
751 628
524 514
184 544
891 498
751 628
544 330
227 132
817 80
115 301
688 326
358 160
719 658
115 301
196 526
269 170
498 476
267 358
267 380
358 297
646 402
115 719
115 469
78 292
803 62
525 57
358 160
996 903
939 717
358 160
341 525
115 719
203 627
358 160
301 741
115 301
488 526
78 292
267 380
267 380
123 803
871 392
78 292
191 57
115 719
838 78
301 741
488 526
123 31
757 196
488 526
115 301
196 526
425 430
78 292
203 627
301 115
341 408
203 658
402 365
115 301
115 719
301 741
115 719
115 719
996 663
341 408
1 2
78 292
341 408
115 301
488 526
267 380
203 658
599 116
31 123
488 526
203 658
301 741
115 301
129 267
267 380
341 525
341 525
719 658
212 494
115 301
267 380
358 301
719 115
341 408
123 803
663 903
663 996
267 380
341 408
996 903
123 803
301 741
408 341
358 297
488 526
78 292
115 719
408 341
115 719
203 719
31 123
203 627
341 471
358 191
798 512
773 510
963 360
774 56
518 115
43 150
773 510
388 460
393 798
175 546
963 360
893 626
824 115
963 471
773 121
773 510
191 57
935 464
518 824
341 471
360 410
391 561
963 360
512 174
507 900
935 464
512 174
773 510
341 175
773 373
471 341
145 106
620 817
57 525
393 564
773 510
76 510
518 115
393 564
373 358
963 360
393 564
471 341
963 360
326 358
358 160
773 510
97 371
963 360
794 820
507 900
798 393
798 393
963 360
963 360
773 510
931 33
97 371
518 824
393 564
393 564
741 235
935 464
341 175
518 824
963 360
700 694
518 83
773 510
358 373
773 510
926 453
510 773
935 464
518 325
345 926
946 919
518 325
183 326
518 824
356 555
471 963
518 325
934 709
518 325
773 121
183 399
89 373
358 373
227 435
57 525
518 824
393 564
393 564
773 510
518 325
373 358
518 325
893 709
845 57
475 613
845 57
1000 127
655 788
843 509
845 525
709 893
1000 127
972 230
1000 761
421 276
509 843
447 602
845 525
1000 127
212 494
483 433
893 709
212 494
1000 127
276 145
845 525
893 626
509 843
709 893
110 148
525 57
893 709
709 893
509 788
845 525
557 302
421 276
421 905
509 843
509 843
709 893
709 749
57 525
421 276
433 467
212 494
893 709
845 57
843 785
57 183
56 494
845 57
843 355
845 57
788 655
1000 127
56 494
845 212
421 905
893 709
494 212
1000 127
843 355
655 197
483 134
421 183
421 905
845 57
709 893
183 421
1000 127
433 32
291 1000
709 934
845 525
57 845
345 430
134 483
709 893
845 57
302 557
893 1000
843 509
843 509
788 655
788 655
845 57
843 509
421 183
421 183
575 291
788 655
655 788
56 494
212 525
845 57
1000 127
602 601
345 625
845 57
845 525
845 57
202 268
295 151
649 439
112 863
380 649
995 600
269 663
446 335
451 10
425 658
360 410
803 62
808 415
380 365
649 439
447 501
499 184
501 745
803 347
995 600
649 439
447 501
367 2
744 704
501 447
295 151
380 129
360 410
273 808
295 426
330 743
760 822
407 995
360 410
112 863
360 410
360 743
749 415
300 845
653 325
297 7
926 453
360 653
749 808
339 479
347 380
803 62
995 600
447 501
501 745
600 760
600 995
749 808
649 439
803 62
501 447
600 995
808 273
120 863
745 501
803 62
360 410
653 425
418 348
62 803
745 501
824 231
649 439
347 803
649 439
649 439
112 499
501 251
348 816
995 600
995 151
749 808
112 863
439 273
649 439
749 808
410 360
360 410
330 743
360 743
406 339
424 625
72 882
360 410
995 600
380 129
745 251
360 743
447 501
330 184
501 745
600 797
749 808
295 995
745 501
8 669
187 373
936 766
951 217
52 887
951 217
373 89
134 102
654 827
89 373
784 494
217 951
654 827
52 404
887 52
373 89
784 494
98 272
52 627
373 89
995 929
183 784
89 373
995 929
110 506
936 766
89 669
373 89
187 183
929 151
106 625
887 891
183 679
373 187
887 52
52 887
89 373
654 827
654 827
627 203
929 51
951 742
373 89
251 745
373 89
89 373
882 927
89 373
669 110
887 891
52 404
784 494
52 404
373 358
887 891
187 455
396 766
89 373
373 187
995 929
187 183
89 373
373 89
760 467
995 929
187 373
654 827
110 506
654 827
887 52
951 217
766 396
187 455
373 89
654 827
373 89
187 455
396 766
766 936
373 187
995 929
373 89
52 404
766 396
52 887
719 658
187 358
373 89
995 760
784 183
110 506
627 574
654 827
89 373
654 827
52 887
52 887
183 784
373 89
396 766
398 451
172 5
489 603
530 919
180 343
447 491
785 96
451 347
628 853
234 113
398 451
347 713
785 96
447 491
898 853
420 421
451 398
398 451
122 714
172 75
248 847
172 5
172 5
918 432
451 398
172 5
79 772
714 122
248 785
79 89
117 206
248 785
79 447
451 398
854 597
398 514
785 248
172 398
451 252
767 636
172 5
530 657
719 910
206 117
862 895
484 278
79 9
116 437
511 907
814 199
514 398
172 5
9 772
772 61
248 847
79 447
172 5
854 717
862 895
337 916
340 814
819 916
785 96
785 96
79 447
634 432
801 33
814 97
398 451
172 5
862 895
172 398
814 97
79 447
172 5
329 41
79 89
366 318
862 714
819 916
284 431
79 447
172 5
713 347
164 428
955 422
779 645
220 399
602 637
75 529
79 89
265 218
398 514
749 974
172 75
447 491
248 785
79 713
79 89
451 398
56 102
872 459
872 459
251 37
373 603
340 48
800 928
50 267
872 459
798 52
161 437
974 162
216 770
576 485
48 340
798 52
774 743
340 48
52 251
93 203
94 540
340 48
76 114
50 430
431 341
807 254
975 430
485 857
671 61
314 657
671 56
56 325
254 770
807 254
48 540
146 857
340 48
164 633
484 423
817 329
501 459
872 459
807 557
56 671
50 430
916 880
857 485
633 428
459 872
48 340
798 52
627 671
489 873
907 511
847 248
807 557
50 267
872 459
825 968
298 148
916 819
797 584
732 424
975 430
241 22
774 743
798 323
671 444
48 340
340 458
423 444
431 146
633 428
798 774
50 267
404 511
340 48
918 432
48 540
50 267
807 557
251 596
916 819
325 584
872 459
880 916
340 48
311 736
241 22
366 261
916 880
284 66
50 267
50 267
540 707
540 94
644 311
633 161
48 302
872 325
447 162
468 321
198 446
451 468
621 447
631 836
447 621
284 162
621 447
967 944
864 198
252 423
222 743
343 180
447 621
151 162
517 918
857 626
709 701
447 162
517 432
432 517
29 732
621 447
284 944
451 468
621 447
621 447
836 631
621 447
432 517
517 77
602 416
701 732
631 836
621 447
152 308
866 574
626 857
944 967
447 621
574 511
484 278
631 836
321 631
468 836
621 447
451 468
517 432
626 857
451 603
284 151
621 447
574 222
621 447
621 447
198 446
603 423
447 621
447 162
967 242
294 77
256 603
836 631
684 866
621 447
621 447
323 743
866 684
447 162
574 866
447 162
944 417
631 321
574 511
864 446
284 857
447 621
631 321
621 447
423 252
574 222
198 446
447 162
864 251
857 626
798 323
798 864
621 447
864 198
268 684
451 468
967 918
631 321
967 918
52 798
603 423
631 321
967 242
944 417
397 837
252 95
576 485
468 730
825 513
468 173
877 930
44 759
859 530
295 286
865 159
576 485
155 607
337 880
877 714
616 854
343 750
155 607
736 968
576 859
910 667
343 656
645 639
736 968
397 837
450 415
468 115
343 656
468 115
106 730
397 837
69 336
280 585
576 530
155 607
397 837
408 261
576 859
888 946
736 295
736 650
443 155
397 837
512 690
736 968
180 343
468 115
484 278
443 337
468 451
714 122
443 155
576 530
944 485
252 684
530 657
397 837
155 607
720 978
512 106
470 401
106 730
397 837
397 837
512 95
239 763
397 295
512 106
814 828
455 714
736 968
337 880
155 607
106 730
173 204
343 750
468 451
397 837
736 968
298 221
968 736
397 295
576 485
197 906
512 690
871 239
512 106
44 978
336 155
968 736
468 115
650 639
512 106
877 930
106 730
397 837
295 397
155 607
155 607
155 607
932 392
268 684
178 478
571 763
946 180
171 949
153 178
220 868
548 932
153 648
648 884
101 650
267 50
932 548
932 548
932 392
193 50
401 286
79 419
153 648
153 178
153 884
684 268
81 436
178 478
684 81
437 161
548 932
153 884
220 868
628 853
956 392
32 644
193 975
101 286
12 221
101 286
932 548
665 750
218 265
185 327
586 391
701 116
178 153
50 267
684 268
484 667
311 967
644 311
548 932
857 485
229 401
932 548
932 392
485 146
401 286
193 218
178 571
932 548
180 484
392 956
50 267
648 884
152 308
684 268
178 478
430 975
932 548
99 537
802 202
220 265
178 478
392 956
153 884
932 548
356 581
178 478
267 50
684 268
101 286
267 50
932 392
278 484
919 884
932 392
81 220
229 178
152 308
153 884
684 81
956 392
548 922
178 478
101 286
932 392
267 430
932 392
648 153
229 401
101 975
990 392
511 907
325 102
93 990
450 415
611 992
450 415
426 967
907 511
927 901
383 415
93 203
992 633
626 608
834 182
29 424
990 93
927 901
148 109
585 182
29 152
834 182
422 955
907 570
465 611
570 907
901 84
383 415
992 116
990 392
992 116
182 585
570 907
143 359
927 901
992 901
992 116
325 102
93 203
927 143
967 644
450 415
927 143
901 927
450 415
429 271
383 415
834 182
383 415
825 967
999 823
392 990
383 422
570 354
89 79
992 611
484 910
29 424
423 444
143 359
901 927
992 940
914 832
570 907
611 992
383 422
834 182
907 511
611 99
392 990
585 182
901 927
383 415
992 633
907 511
298 109
657 854
927 901
511 907
585 182
383 415
990 392
927 901
644 834
901 927
834 644
834 29
834 182
89 79
182 834
511 907
901 927
570 907
570 907
511 907
182 585
992 611
450 415
834 182
158 256
791 288
857 489
261 358
791 288
736 968
791 288
935 798
261 358
772 671
261 358
519 964
261 358
853 639
261 358
261 358
798 849
261 358
823 870
671 772
910 964
910 158
261 358
671 772
791 288
261 358
671 713
857 148
994 164
96 785
671 713
261 358
791 288
853 639
164 750
671 772
719 289
288 671
656 750
416 904
671 772
798 935
671 713
671 713
14 173
465 684
1 2
261 358
626 551
857 489
671 713
671 713
671 713
785 853
791 288
261 853
639 645
288 684
935 798
791 288
935 798
261 358
994 514
857 489
772 671
671 713
261 358
671 713
288 514
671 713
261 358
671 772
261 358
148 618
164 994
791 288
671 713
261 358
148 857
798 164
261 358
489 301
994 514
857 626
164 904
791 514
791 288
750 164
935 798
261 358
261 358
261 358
671 772
853 261
618 148
671 713
791 288
671 713
935 798
261 358
857 626
639 736
122 862
731 542
639 628
862 895
159 757
603 373
380 628
657 597
709 888
84 901
817 329
628 380
777 122
626 551
229 628
206 884
464 686
464 342
660 503
234 618
398 451
394 171
686 933
639 628
731 791
263 902
263 500
171 394
171 940
957 856
736 968
164 940
639 736
464 933
628 229
181 751
171 940
171 940
79 840
464 933
979 790
856 630
665 750
901 84
146 576
660 503
979 790
79 840
731 542
394 171
104 677
862 122
229 628
206 884
862 895
171 940
686 464
642 542
991 542
394 171
731 791
862 895
159 822
779 834
991 691
263 500
159 757
691 609
171 940
464 342
616 197
151 162
686 933
979 790
458 129
736 639
639 628
350 791
263 500
991 691
686 933
817 329
278 486
909 212
757 159
329 41
777 122
759 104
263 902
736 968
731 791
171 394
229 628
171 940
957 279
862 895
777 122
709 164
940 164
128 149
486 278
576 485
741 306
934 806
741 306
197 616
860 291
486 278
741 306
825 967
271 113
12 221
617 306
348 994
271 113
644 32
701 308
430 267
348 994
348 994
404 701
291 50
627 815
597 314
617 306
777 94
860 291
314 148
741 306
271 113
860 291
860 291
50 267
271 113
262 934
741 306
419 79
50 267
955 422
152 308
244 312
777 94
348 994
244 815
348 50
50 267
825 967
777 94
648 441
955 422
50 348
348 50
815 627
860 262
348 81
50 267
291 267
644 271
244 815
50 267
50 267
860 291
161 806
417 944
152 308
404 806
741 306
244 815
348 994
271 113
348 994
306 617
777 94
815 627
934 262
633 428
640 860
860 291
450 859
975 430
244 815
348 994
348 994
79 419
356 581
419 79
934 806
79 93
777 94
815 627
618 314
860 640
348 994
860 640
404 934
946 999
860 640
356 465
113 234
845 320
286 898
72 845
898 650
660 503
263 205
503 660
576 301
503 187
14 81
81 14
318 955
485 576
329 41
72 845
845 72
155 607
845 72
755 155
635 566
755 336
547 514
597 717
253 212
244 815
755 155
187 503
845 320
859 450
910 484
76 800
845 320
14 173
187 211
845 320
72 898
845 320
143 377
755 155
866 425
597 657
415 383
454 75
311 271
459 566
635 566
288 836
845 320
122 714
383 906
72 845
938 868
635 566
171 992
512 690
755 155
755 336
72 650
459 566
755 155
845 320
631 321
263 205
845 320
311 639
454 75
635 566
244 56
872 459
566 635
252 268
454 75
459 872
755 155
66 705
919 648
627 815
459 566
631 288
631 321
72 845
187 211
503 631
459 872
635 797
639 650
288 836
212 253
72 845
454 75
705 41
946 484
671 627
648 441
329 41
977 155
942 718
529 454
845 320
650 242
107 501
240 135
247 529
132 868
132 676
495 710
107 501
240 246
107 501
251 584
868 132
240 135
240 246
347 584
251 934
132 676
107 501
107 501
132 868
107 501
934 879
240 246
251 584
240 135
251 934
165 502
132 676
934 879
107 501
107 856
107 856
107 501
694 627
347 859
868 879
107 501
240 135
240 246
868 879
934 251
132 868
868 132
107 501
107 501
132 12
495 710
107 501
107 501
132 676
132 12
107 501
12 132
251 727
107 856
731 859
107 501
353 869
12 51
247 529
247 415
934 251
251 584
495 710
107 12
132 868
240 135
246 710
132 868
436 501
495 710
132 12
347 584
329 695
934 200
132 676
710 246
868 132
240 135
384 58
495 710
107 12
856 382
856 382
107 12
240 135
12 107
240 135
200 727
107 501
251 934
251 934
251 934
240 246
666 495
251 584
868 879
495 710
240 135
12 51
107 501
463 45
359 988
184 685
478 485
103 704
183 135
207 736
868 79
973 276
485 405
776 280
478 776
183 135
277 503
183 699
300 613
991 527
300 613
973 276
715 508
405 485
572 513
277 503
183 246
384 710
359 988
300 613
776 478
300 973
603 293
183 699
478 776
283 690
183 135
183 246
300 613
280 503
753 232
183 699
405 673
359 988
359 988
673 405
704 653
247 529
276 239
753 283
613 874
776 79
183 246
911 103
478 776
183 699
583 478
783 247
753 232
485 405
363 911
753 232
186 144
753 232
673 405
753 232
485 89
478 583
300 613
150 926
808 637
783 277
183 699
276 973
283 359
405 673
666 378
572 988
485 405
503 809
135 415
485 405
572 988
359 988
485 89
359 257
277 503
501 436
451 933
410 722
300 973
637 808
277 783
150 99
808 613
276 973
637 410
776 79
478 776
354 753
135 966
864 448
277 783
483 421
77 192
395 415
125 62
853 984
369 216
822 201
510 787
483 421
26 22
844 161
264 523
16 515
560 984
513 572
572 513
216 318
278 293
483 421
648 822
24 278
264 523
264 523
421 483
263 404
144 781
232 753
629 195
753 318
24 421
281 54
483 371
560 984
483 371
369 216
560 984
24 278
421 483
395 415
116 51
201 822
483 421
318 753
292 513
23 606
937 650
807 68
772 42
483 415
264 523
263 361
290 201
753 318
263 404
626 995
483 421
85 221
209 201
560 984
264 523
626 369
395 415
24 421
263 404
451 232
415 99
560 772
991 824
427 243
335 937
950 209
369 380
369 216
560 984
114 45
264 523
23 626
263 404
264 523
263 404
263 648
241 555
483 421
23 626
318 753
909 77
572 195
369 216
560 984
24 421
513 572
560 984
278 293
560 772
354 241
369 216
395 42
369 380
572 195
483 371
118 330
979 451
735 491
118 330
531 807
620 231
735 491
620 231
451 979
638 82
224 508
620 231
620 231
68 807
813 52
620 231
620 231
653 856
620 231
68 807
82 638
807 68
531 931
330 318
620 231
979 312
653 856
428 421
491 52
82 312
354 933
884 735
620 231
546 826
620 231
231 620
868 962
620 231
68 807
68 807
638 118
620 231
620 231
884 428
82 638
163 552
620 231
620 231
546 373
163 108
620 231
68 807
735 491
546 68
735 491
735 884
491 735
68 807
546 163
354 97
807 531
807 531
531 807
810 52
735 491
68 807
779 635
118 330
884 735
330 118
894 948
620 231
620 231
68 807
12 51
92 657
735 491
620 231
118 845
163 552
884 735
428 884
82 638
620 231
68 807
491 735
531 931
68 807
491 735
807 531
884 637
620 231
428 637
68 807
491 735
491 735
478 931
118 845
620 231
68 807
198 29
907 446
467 759
322 49
322 49
322 49
973 952
973 24
86 29
976 207
371 687
926 211
467 347
198 29
546 373
436 272
211 593
431 322
976 207
211 277
207 736
371 687
207 736
431 114
952 596
24 84
56 322
344 397
759 353
973 875
344 56
86 29
322 49
79 546
441 100
371 427
207 976
211 677
515 480
973 128
198 337
480 926
24 84
687 826
24 84
480 515
371 24
906 565
836 576
198 29
79 546
322 431
114 976
467 347
826 687
952 596
114 431
79 546
574 94
322 431
24 371
322 49
198 817
198 817
56 322
24 371
467 86
695 329
212 831
952 596
319 450
353 869
207 736
952 596
56 344
211 889
79 546
431 322
480 826
337 936
114 976
952 596
973 128
24 84
327 100
759 79
79 546
952 596
211 277
79 759
467 347
706 116
822 450
393 859
952 907
277 379
114 192
467 347
49 322
211 593
695 525
706 116
76 742
933 232
76 742
84 24
421 24
933 232
76 742
45 715
933 45
695 742
84 24
695 2
103 704
45 695
769 272
287 719
84 24
118 719
84 24
82 312
82 638
84 431
695 45
76 742
695 2
695 2
82 638
76 509
472 746
92 933
76 742
76 742
82 638
76 742
509 24
695 2
695 329
378 666
84 24
509 483
84 24
933 92
45 695
76 742
76 742
695 2
76 742
84 431
719 287
76 742
742 254
287 368
84 24
92 948
933 354
312 82
76 742
695 2
84 24
76 742
695 329
695 329
695 742
76 509
742 254
825 909
695 742
76 742
76 742
84 24
933 354
76 742
84 431
76 509
76 742
82 638
82 638
695 2
76 742
76 742
76 742
421 24
92 657
76 742
76 742
695 525
76 695
695 525
933 232
45 525
666 742
431 472
509 483
82 638
92 933
76 742
76 742
695 2
463 114
106 150
114 463
161 844
463 114
104 196
161 844
421 483
151 860
421 483
666 378
106 150
161 844
150 106
421 704
107 190
704 363
150 781
94 574
483 371
887 107
150 141
161 844
844 161
161 844
106 150
844 161
107 887
151 161
704 363
106 150
666 254
107 887
844 161
254 165
196 844
463 417
844 161
417 104
463 114
106 150
114 463
887 190
161 844
421 704
161 844
106 150
421 704
106 150
844 161
151 860
844 161
106 150
887 107
887 190
887 107
887 107
114 463
107 363
421 483
196 151
628 373
421 483
666 483
114 463
114 887
161 844
165 728
104 417
106 150
106 150
114 463
421 483
421 704
161 844
107 887
844 161
887 107
106 150
150 701
421 704
704 653
106 254
196 339
421 483
161 844
161 844
887 272
887 272
161 151
421 483
196 104
254 150
106 150
666 483
421 483
421 704
844 161
421 483
421 483
353 393
804 919
129 971
183 189
664 858
618 491
448 883
59 742
367 598
494 434
96 8
790 518
229 919
233 723
911 351
189 246
879 718
767 953
451 292
280 212
810 491
644 365
183 663
298 516
192 451
281 452
767 953
627 188
706 981
212 288
54 281
919 229
451 292
804 32
327 100
451 292
292 172
618 790
451 292
276 239
790 518
189 246
96 336
721 741
987 152
319 494
19 713
335 219
189 183
531 807
189 183
45 192
428 421
281 54
528 183
192 448
790 518
927 858
319 494
189 246
954 52
189 183
54 1000
618 790
19 441
790 518
494 434
658 373
618 518
239 912
319 648
19 441
542 100
954 667
767 546
801 542
618 491
542 100
421 704
189 183
189 183
192 451
83 317
417 976
189 183
246 699
653 856
451 292
246 188
770 200
801 542
893 81
189 183
801 600
32 418
811 796
581 89
192 272
801 600
292 451
666 325
909 825
828 395
599 745
909 825
269 643
825 909
90 599
683 571
879 68
650 9
666 378
404 68
828 692
666 378
367 256
909 825
683 571
462 78
909 825
666 378
745 942
666 165
909 825
580 432
769 687
996 36
715 45
9 956
769 825
571 683
290 950
580 432
290 950
478 962
950 683
666 378
909 825
196 844
116 51
184 928
78 462
9 956
909 825
666 325
561 831
950 683
666 378
666 325
650 956
666 378
909 825
950 683
580 650
580 432
9 956
666 378
769 687
512 248
666 325
666 325
404 68
828 692
694 165
196 104
666 378
926 831
9 196
362 104
196 339
909 97
666 325
879 807
909 825
580 432
666 325
196 151
546 373
643 404
184 928
928 430
269 643
683 950
650 9
909 825
97 909
269 643
909 825
325 666
269 643
909 825
666 325
666 378
290 950
325 378
950 290
909 97
580 650
529 247
97 715
428 923
823 922
765 723
179 840
628 373
807 841
840 426
922 823
627 165
627 165
292 840
125 673
508 98
808 656
192 923
627 165
192 769
627 165
179 98
923 830
627 666
820 152
820 152
807 617
192 769
808 656
627 808
808 656
627 165
808 656
808 656
456 723
807 617
627 165
152 270
627 165
808 656
922 823
627 165
179 98
292 840
823 922
679 142
808 656
627 165
627 165
666 627
807 841
192 769
832 765
627 165
807 841
382 243
147 18
192 769
868 628
627 165
808 656
765 832
807 617
627 165
627 808
483 421
820 152
723 233
292 426
292 426
922 820
627 165
362 104
808 656
192 382
808 656
808 656
292 840
292 840
292 426
765 723
125 426
656 808
152 820
426 292
656 808
627 165
426 292
292 840
463 399
656 923
627 165
627 165
765 832
981 94
808 656
192 656
292 840
752 142
179 292
292 840
922 820
627 666
897 304
990 785
892 175
785 385
693 813
385 785
299 528
424 545
897 612
872 315
385 536
665 913
744 214
442 845
897 304
744 286
442 845
897 304
897 304
785 990
175 744
234 815
175 994
173 884
872 3
244 437
853 970
385 785
990 785
318 273
665 913
744 214
744 214
447 684
175 994
990 315
103 775
892 175
990 785
214 286
173 752
615 941
175 892
413 813
884 752
872 315
385 785
649 529
561 654
447 684
143 935
580 684
665 913
580 447
529 155
844 649
897 304
299 157
884 173
649 900
225 665
990 872
442 845
536 604
897 612
990 315
225 665
897 304
649 844
271 337
442 900
897 612
665 225
52 582
872 3
785 385
897 304
744 232
744 232
665 225
746 25
744 214
884 752
57 928
225 665
604 742
913 665
173 529
990 980
884 752
744 175
892 175
897 304
442 423
872 3
785 385
225 665
529 155
980 315
848 956
645 37
437 247
545 424
366 894
171 805
445 709
11 499
339 247
82 185
867 975
743 574
991 894
867 975
323 561
880 136
756 269
973 808
973 808
330 409
11 499
867 51
973 808
330 409
492 733
756 545
39 293
867 51
645 37
645 37
973 808
235 208
867 51
543 614
973 235
973 808
973 808
756 269
735 574
409 330
258 437
973 808
858 82
39 293
145 538
209 808
424 545
319 273
402 808
208 973
858 82
867 51
258 703
935 145
238 821
867 51
735 574
894 895
645 37
735 574
858 82
858 82
973 235
82 858
867 51
975 867
858 82
620 499
258 975
958 980
756 545
867 51
614 209
853 970
858 82
37 645
11 499
756 409
344 299
858 82
756 545
756 991
872 315
538 145
808 402
867 258
409 756
973 235
973 808
39 293
538 207
244 437
756 409
39 293
655 590
645 156
756 409
351 919
538 207
538 145
258 975
178 551
771 688
127 335
666 355
80 621
879 771
216 787
127 216
216 787
879 254
155 363
975 610
155 363
855 862
80 858
216 787
8 1000
771 688
314 308
447 684
845 221
845 643
431 123
405 499
832 714
658 586
916 698
127 216
308 643
845 405
832 714
80 621
209 254
405 499
498 857
437 691
879 787
323 561
832 551
935 145
178 314
29 855
175 892
845 643
155 363
551 79
127 582
771 341
892 127
405 499
975 610
216 787
771 688
771 688
216 787
216 127
80 621
538 19
827 768
879 787
551 79
832 155
209 254
787 879
100 596
474 833
928 57
405 729
771 688
879 254
80 621
308 314
482 769
216 787
988 930
771 688
845 221
445 644
498 857
787 216
190 405
254 879
596 100
580 684
80 621
308 643
216 787
771 688
209 214
587 236
39 562
620 406
127 335
959 19
771 688
127 582
879 254
127 582
688 604
879 12
612 271
969 178
445 482
56 891
43 264
612 271
888 158
888 965
158 178
158 178
561 323
271 612
43 808
908 474
158 178
912 613
612 271
612 271
613 513
424 908
612 271
613 513
613 513
888 965
424 965
782 100
782 148
25 746
424 965
21 33
965 424
424 908
888 965
612 271
271 612
271 612
416 305
271 823
424 965
43 264
613 912
286 25
612 271
782 148
158 178
908 424
171 561
158 178
424 965
912 808
613 912
148 782
158 178
286 25
271 823
271 612
43 264
100 782
912 613
171 868
158 178
823 873
33 21
891 56
158 178
148 782
613 513
912 613
271 823
823 271
912 613
888 965
271 56
612 271
43 912
782 148
613 912
43 264
158 178
888 965
612 271
613 513
587 323
782 148
612 271
158 178
888 965
912 613
613 513
612 271
888 965
424 965
888 965
33 21
912 613
158 178
158 178
612 271
158 888
912 613
970 508
782 880
782 880
483 508
29 857
29 857
782 136
788 148
29 857
29 857
447 857
483 508
782 880
136 782
768 691
970 508
29 857
782 880
970 508
29 857
483 970
857 29
970 508
857 29
483 508
768 746
970 483
970 508
483 236
447 857
136 782
782 136
483 236
782 880
51 867
788 782
483 236
691 768
508 10
768 746
857 29
236 788
782 880
447 857
746 970
483 970
857 29
891 768
970 508
136 782
136 51
483 236
483 236
970 508
746 247
29 857
483 508
782 880
483 236
746 247
970 508
483 508
447 857
970 508
483 508
970 508
970 508
970 508
970 508
136 782
788 236
136 782
782 788
782 880
857 447
236 788
136 782
29 857
970 508
857 447
768 691
970 508
768 891
136 782
136 29
768 247
970 508
788 782
857 29
236 788
970 508
51 266
29 857
483 236
746 970
136 782
266 850
857 29
136 782
768 891
531 468
976 648
596 709
823 873
735 809
654 323
258 658
443 987
203 41
809 707
250 488
468 531
531 468
100 258
531 468
865 699
823 715
968 976
865 699
819 291
100 596
264 99
968 976
865 250
260 197
346 260
41 979
267 990
968 976
892 301
416 305
653 88
403 531
206 267
865 699
976 589
402 808
206 267
99 404
403 531
681 506
57 928
264 99
865 250
231 158
865 786
468 531
823 873
267 990
517 41
260 197
968 100
968 976
699 687
823 873
34 630
87 648
41 979
968 976
468 531
100 178
589 976
699 865
699 865
968 976
735 574
10 25
990 267
267 990
206 267
999 223
636 812
636 812
807 192
865 786
823 258
100 968
292 55
990 267
968 976
206 707
22 301
644 189
258 658
123 601
879 264
651 423
100 596
531 403
990 267
270 351
203 41
258 658
865 786
574 723
865 250
8 227
976 968
681 291
258 658
262 654
897 711
855 862
227 435
7 511
410 179
401 162
401 511
602 85
410 85
410 85
262 805
907 1
262 805
897 711
855 862
410 85
175 912
673 711
227 435
262 805
410 85
1000 262
855 862
401 654
7 511
613 351
673 210
483 109
711 673
7 511
127 897
855 862
109 435
179 85
805 262
262 1000
262 805
673 711
262 805
401 511
401 7
1000 8
855 862
654 561
262 805
7 855
673 711
533 298
351 197
673 711
410 85
654 298
262 805
410 85
602 85
262 805
127 892
673 210
602 197
262 805
602 197
827 768
258 658
602 85
949 437
1000 227
907 10
262 1000
318 273
673 210
262 805
410 85
262 805
818 912
1000 227
654 561
410 85
855 862
260 346
262 805
401 654
855 7
175 994
410 85
673 210
855 862
1000 8
912 175
654 561
262 805
654 561
912 818
197 351
855 862
175 994
262 805
127 612
410 179
673 210
273 318
697 479
301 479
602 85
853 483
868 171
301 428
529 230
868 821
654 637
529 230
897 500
602 85
529 230
447 684
959 19
897 304
602 179
230 529
197 602
602 197
208 179
868 273
447 580
273 318
868 821
447 684
187 163
247 668
301 428
897 304
868 821
549 264
404 99
419 428
529 230
602 187
867 447
346 260
264 549
868 821
529 230
19 959
868 171
19 714
868 821
602 197
654 821
316 422
580 447
818 803
868 171
868 171
529 230
945 528
301 500
264 21
697 479
697 479
301 428
529 230
868 821
483 273
868 821
85 179
868 171
529 230
273 318
273 3
868 171
602 85
301 500
145 642
561 323
626 305
529 230
602 85
273 3
868 171
301 479
145 945
654 821
351 197
868 273
430 967
286 970
187 163
697 479
714 19
753 430
602 85
230 714
529 230
868 821
3 853
273 318
301 559
850 867
19 959
529 230
845 221
877 901
399 51
51 867
808 402
877 69
690 338
690 338
399 123
845 399
877 69
402 803
845 221
850 51
877 69
845 221
845 221
845 221
399 123
780 3
850 51
687 156
727 633
877 69
247 152
399 431
564 668
399 123
967 430
645 834
221 845
69 780
877 69
967 808
251 450
967 808
845 399
602 96
690 338
845 221
51 867
845 221
727 633
845 221
246 292
590 655
51 850
338 690
69 877
727 633
845 221
877 69
260 197
690 338
845 221
835 664
967 430
445 644
877 69
664 162
221 845
51 850
399 845
877 69
727 633
845 221
845 221
690 338
845 221
999 3
51 850
845 221
51 850
690 338
753 430
399 431
845 221
238 88
51 867
238 654
69 687
957 410
247 746
967 430
399 123
877 69
51 867
967 633
967 430
399 431
221 845
51 850
877 69
727 633
772 993
845 221
246 88
867 51
690 338
163 187
635 880
497 969
330 11
760 192
958 749
649 844
900 234
377 608
49 649
449 649
409 330
377 608
760 192
760 192
330 11
812 636
377 409
958 749
435 227
435 943
760 192
449 900
958 749
236 298
760 192
49 635
435 227
812 608
760 192
958 749
653 601
330 11
958 435
958 227
760 192
445 482
449 649
409 330
943 435
377 608
377 608
760 192
969 497
880 782
635 984
635 984
601 653
192 760
749 958
449 649
364 624
192 760
635 984
760 192
958 749
377 608
769 189
958 749
649 844
377 608
760 192
377 608
435 227
649 49
958 749
760 192
449 649
435 943
449 649
377 409
760 192
449 649
435 227
227 435
377 608
760 192
760 192
409 330
760 192
760 192
958 749
377 608
943 435
377 608
23 282
958 435
958 749
635 880
11 248
958 749
958 435
449 649
845 636
880 782
760 192
900 234
635 984
958 435
449 900
760 192
30 327
195 894
193 971
9 746
156 702
533 612
502 505
213 505
502 213
156 993
30 615
403 246
156 702
702 993
769 746
615 30
387 2
568 685
937 793
72 499
101 516
793 403
533 612
101 390
888 174
30 615
228 315
213 739
319 770
784 195
156 769
502 213
64 67
564 557
9 746
156 702
644 625
755 476
599 660
784 195
755 875
625 374
516 246
694 894
769 746
427 557
937 673
156 702
476 755
476 455
246 403
228 315
156 702
195 784
516 101
476 455
156 702
615 30
77 808
784 195
228 505
769 746
937 99
793 403
193 971
156 702
770 319
195 784
516 246
246 403
195 784
533 784
505 228
246 403
502 213
755 476
502 213
502 213
9 746
976 811
156 702
793 499
101 390
840 464
478 615
615 30
195 784
755 476
993 702
476 490
319 961
30 327
476 455
228 505
702 993
156 702
784 533
478 337
569 333
564 557
165 392
392 926
779 950
557 85
946 309
557 427
472 85
119 59
151 85
95 946
867 475
571 295
392 165
867 59
95 514
151 85
946 572
427 557
85 472
946 95
219 472
779 950
638 808
378 219
95 514
95 899
946 95
427 557
165 392
392 165
165 392
557 427
392 165
286 232
557 427
946 95
392 165
219 472
286 464
392 165
219 472
779 950
95 946
165 392
638 584
557 427
867 946
779 427
392 165
867 309
85 472
392 165
472 219
219 472
899 319
165 392
458 13
946 572
946 95
286 232
779 950
867 475
286 464
392 165
464 286
392 165
427 557
13 458
946 867
779 427
779 950
427 557
392 926
779 950
392 165
417 367
286 232
759 950
557 427
392 165
427 557
557 85
286 464
126 625
779 950
165 149
392 165
472 85
427 557
779 950
392 926
950 867
286 464
392 165
165 149
946 95
427 557
779 950
427 557
392 165
282 354
435 855
246 785
770 319
860 960
800 538
568 685
342 711
192 903
711 687
342 755
960 860
785 282
875 755
195 556
58 145
282 785
587 549
354 282
755 875
342 755
960 954
768 564
711 158
504 121
800 538
650 109
943 328
20 58
354 101
397 192
116 940
755 875
342 711
584 16
328 943
342 711
917 271
823 414
746 304
282 785
20 58
943 854
940 175
354 64
769 746
414 823
58 20
568 685
342 158
354 282
785 246
800 538
20 58
587 549
318 504
64 67
587 549
397 192
943 328
232 99
20 854
271 596
800 414
397 401
356 279
770 319
612 897
587 549
823 414
800 538
375 561
755 846
800 711
711 342
342 711
711 899
973 170
755 342
800 491
711 899
282 354
342 711
232 888
397 192
246 403
2 1
64 67
761 940
538 371
58 145
10 183
116 542
973 170
58 145
943 120
939 641
785 282
822 891
319 770
58 111
369 547
475 620
571 153
16 378
324 778
194 267
296 581
223 861
768 564
791 872
791 872
570 732
748 100
510 20
197 475
527 406
813 220
887 284
620 475
854 622
20 791
854 20
707 791
197 579
136 509
677 293
585 667
719 496
326 60
685 568
568 685
813 220
791 707
235 428
427 557
887 517
748 445
27 650
295 835
887 517
510 111
579 144
403 474
579 197
111 510
474 403
579 144
232 268
316 724
197 579
980 207
194 267
719 496
788 193
791 872
817 267
273 813
197 579
719 158
585 667
860 902
579 144
791 872
475 224
928 208
197 579
273 272
445 748
481 272
579 144
421 719
568 685
283 44
854 872
527 406
748 100
510 111
817 267
579 144
887 719
510 20
940 175
685 568
791 872
707 593
20 111
707 791
20 510
20 510
474 326
273 272
993 513
739 222
183 629
585 667
268 495
496 719
272 273
607 849
664 432
653 669
574 314
941 197
975 532
504 318
876 777
846 906
56 763
941 197
498 373
875 521
651 357
350 593
56 763
197 941
875 21
941 197
211 702
211 513
211 702
783 246
427 975
72 881
211 702
752 758
940 175
577 246
975 513
356 779
574 314
56 763
715 197
993 499
197 715
444 13
653 669
77 447
121 504
918 371
941 197
937 673
211 702
574 314
941 197
326 60
783 184
941 197
651 357
94 461
574 314
161 428
783 246
651 357
532 975
242 567
941 197
651 357
270 918
219 472
577 481
8 561
604 495
651 357
800 491
211 664
56 421
651 593
211 432
125 994
783 56
495 268
941 197
567 242
651 593
270 918
44 715
653 669
99 673
301 574
56 763
651 593
495 268
296 581
574 314
783 246
10 356
246 577
715 44
387 942
783 161
375 449
651 357
783 246
941 197
211 702
211 702
56 763
651 593
13 439
488 467
872 651
681 945
809 522
561 1
681 945
30 543
625 126
840 449
428 477
568 685
681 945
840 428
488 467
860 902
428 840
681 739
788 193
106 166
719 421
488 467
106 166
872 651
872 651
488 467
521 719
30 245
337 666
488 467
860 316
872 651
872 651
488 467
568 685
521 243
496 861
872 651
488 467
561 584
719 421
488 467
561 1
488 467
872 651
958 749
681 945
488 467
488 467
106 869
521 681
681 945
584 387
488 467
561 1
872 651
414 430
245 478
267 921
568 428
660 488
488 660
945 928
554 766
477 149
30 615
488 467
30 543
245 615
316 545
170 973
568 685
561 1
488 467
428 477
375 561
681 945
872 651
187 143
945 681
872 651
279 278
973 501
1 2
318 504
170 839
681 945
625 860
521 719
245 478
488 467
428 477
719 496
428 840
872 651
488 467
872 651
681 739
414 226
106 166
269 501
430 475
430 371
430 950
475 224
430 371
788 839
570 310
719 421
354 953
475 224
387 2
89 116
976 1
775 936
749 131
570 310
430 371
570 310
430 371
570 310
570 310
950 958
570 310
953 354
953 354
475 224
430 371
430 371
421 763
775 936
235 392
763 421
13 458
953 354
570 310
570 116
570 310
430 371
59 119
184 783
374 876
421 719
570 116
184 783
430 371
570 310
570 310
430 371
835 749
475 224
840 449
430 950
89 184
25 60
719 421
475 224
184 604
570 310
430 371
430 371
475 224
570 310
310 570
775 893
950 958
430 950
570 89
570 310
950 430
89 673
604 184
475 224
570 310
89 184
775 936
354 184
995 224
430 371
570 310
570 310
644 876
953 354
953 354
232 840
475 224
475 224
995 119
953 354
371 962
430 950
430 371
570 310
570 310
430 950
475 224
89 184
570 310
60 326
763 421
570 310
980 332
113 373
764 77
980 332
980 332
278 494
366 674
113 373
980 332
461 116
593 784
593 784
605 503
113 373
403 771
113 373
27 109
788 193
674 605
504 318
980 332
938 953
784 692
980 332
850 230
980 788
849 607
980 332
788 971
113 373
759 835
113 373
674 366
568 685
788 971
113 373
113 373
414 823
605 503
980 788
788 193
980 414
414 823
510 605
938 953
953 938
101 390
593 651
980 332
414 226
953 938
593 651
980 332
113 373
788 392
980 788
246 403
113 403
854 622
109 27
64 67
235 428
113 373
938 953
373 881
980 332
980 332
674 366
958 950
64 67
938 953
788 971
593 651
113 373
246 516
788 971
373 881
230 850
788 392
953 938
980 332
113 373
788 193
246 516
788 193
366 674
113 373
593 784
516 101
953 516
113 373
953 938
660 692
674 366
938 64
980 332
64 67
113 373
510 20
366 872
295 835
77 2
939 124
153 724
94 461
349 776
57 30
124 939
222 506
509 124
599 660
112 55
506 222
112 106
509 175
506 222
939 124
222 506
55 112
153 724
474 184
349 470
939 124
474 184
165 149
495 604
447 77
30 327
34 731
863 728
950 958
124 939
506 222
377 641
477 428
918 430
324 650
953 101
863 728
953 101
184 474
509 124
509 175
506 222
939 641
506 222
724 797
349 963
222 154
724 154
106 869
337 646
599 660
731 953
550 797
337 646
506 222
57 245
869 430
918 430
506 222
166 112
488 467
55 112
474 184
509 175
428 477
166 112
783 326
337 646
976 378
506 222
509 124
55 112
470 488
694 179
165 685
724 153
488 467
477 464
724 153
30 327
474 184
506 222
357 318
337 550
55 112
222 506
235 428
965 544
728 863
550 797
509 124
30 327
349 515
869 106
112 55
509 175
506 222
918 430
326 495
500 333
809 973
946 95
599 427
809 783
69 740
291 355
867 500
205 120
476 206
783 326
545 205
783 326
331 630
783 326
205 533
331 998
809 973
590 221
495 268
205 120
748 395
227 353
69 271
271 50
960 902
946 867
256 73
205 533
545 333
342 476
331 630
599 427
507 874
205 533
740 984
652 711
500 867
809 973
867 500
599 427
271 50
331 998
783 326
353 630
69 740
227 353
271 69
271 50
545 333
69 271
205 533
973 170
545 533
205 533
809 973
514 946
205 348
271 50
149 477
205 533
946 514
783 326
998 331
271 50
205 120
809 170
867 567
545 333
149 797
867 946
205 120
783 326
867 946
545 333
783 809
545 724
378 16
205 120
205 533
783 326
783 326
85 151
783 326
998 331
69 271
946 342
205 533
809 973
545 333
331 630
205 533
248 193
205 120
476 342
205 120
326 783
777 47
333 545
189 387
592 198
91 324
141 186
1 2
1 2
148 607
288 336
141 263
288 336
712 978
148 607
689 793
689 607
288 336
897 618
712 978
881 405
925 220
596 288
288 596
1 2
932 596
91 1
148 607
141 263
596 288
342 26
321 284
148 607
148 607
405 881
954 615
288 91
712 978
961 304
596 932
615 666
424 876
932 848
148 607
148 607
954 26
881 925
141 186
976 910
405 424
288 596
596 288
219 782
992 28
148 607
336 288
925 220
405 881
141 186
978 544
596 288
141 263
263 141
321 284
148 607
607 148
607 148
288 336
925 284
932 596
148 607
288 596
148 607
607 148
321 148
141 263
596 932
689 607
284 960
91 689
596 932
607 148
148 607
887 6
881 544
607 148
141 263
592 174
148 607
689 607
881 405
253 551
244 952
148 607
894 416
342 666
689 793
91 689
932 848
148 607
288 596
636 500
932 848
717 168
887 42
342 529
717 687
915 711
554 156
245 974
342 529
457 774
125 983
457 774
510 734
13 16
42 362
270 974
100 775
42 887
165 689
941 433
689 543
42 781
637 362
457 774
687 783
941 433
362 637
110 8
342 193
543 91
118 883
781 883
165 546
637 362
781 883
611 470
24 130
781 42
543 369
42 781
213 974
457 711
342 529
456 371
637 529
941 790
717 548
781 883
543 689
342 529
165 546
100 581
915 242
118 906
342 529
915 711
941 433
182 775
42 266
165 546
342 529
637 362
543 91
342 529
449 669
187 245
689 95
510 274
781 883
125 611
677 165
245 213
165 689
689 793
974 270
165 546
637 362
677 642
548 773
974 270
135 125
915 242
270 974
42 781
717 168
781 883
717 168
457 677
543 91
458 371
110 887
717 168
883 781
941 456
637 529
362 637
165 636
677 642
456 941
42 781
510 734
31 435
655 805
906 416
683 84
837 158
263 849
906 416
785 287
906 416
93 125
379 145
906 416
785 906
785 287
687 788
554 39
420 655
507 669
384 156
906 785
263 849
687 788
906 416
287 785
60 123
633 580
790 802
182 158
906 416
785 287
782 849
655 805
507 669
263 782
455 158
455 837
906 416
906 785
906 785
564 330
486 44
263 849
420 805
263 782
420 805
908 633
655 805
263 849
507 669
906 416
837 158
782 849
263 849
263 849
420 144
906 785
908 633
93 125
655 805
263 849
633 908
785 287
906 416
906 785
41 790
906 416
906 785
906 416
906 785
50 330
908 633
802 145
145 802
263 782
507 790
906 416
655 805
782 849
906 416
808 580
785 287
790 507
420 805
263 782
802 41
655 805
906 416
908 39
263 849
906 416
906 416
849 782
906 416
785 287
263 782
31 435
420 655
580 633
263 849
906 416
500 636
46 384
150 636
150 636
91 494
71 500
187 619
369 71
443 576
150 636
191 629
150 636
369 837
41 790
847 683
847 191
187 371
191 629
67 956
443 576
984 212
710 576
847 444
191 629
847 444
150 636
559 444
46 384
71 500
150 636
443 576
150 542
46 384
46 559
191 847
847 444
191 847
984 187
710 371
636 150
636 500
636 500
369 837
46 289
984 187
187 984
636 500
46 384
636 500
837 91
559 588
369 71
150 636
150 636
710 576
46 2
187 984
369 71
559 444
93 125
559 46
187 984
46 369
636 500
150 636
150 636
694 629
444 559
46 384
150 636
187 984
984 187
559 847
443 576
71 500
46 289
559 46
46 559
369 71
806 542
984 187
46 384
444 84
46 384
46 559
150 542
187 984
46 369
191 847
150 542
46 559
629 694
187 984
847 191
46 384
847 444
443 878
559 46
629 191
847 444
66 635
107 238
939 214
371 541
932 848
185 266
542 479
369 363
512 736
371 541
66 109
542 479
371 541
66 635
42 712
635 66
504 616
942 34
542 806
338 785
914 913
842 323
371 995
504 542
66 109
214 536
400 616
976 914
237 595
893 189
237 584
531 237
635 66
914 976
542 479
229 301
569 710
584 823
66 635
531 120
504 616
542 479
66 635
914 976
504 616
697 849
733 595
942 34
142 219
531 237
66 635
66 109
542 806
616 34
531 584
331 455
531 584
402 564
598 155
531 237
479 542
486 740
28 893
66 109
15 76
120 107
635 66
371 541
338 318
141 263
584 823
384 502
806 542
371 541
369 23
635 584
371 458
584 531
635 66
214 939
877 283
635 836
541 995
504 542
66 109
371 229
324 2
420 805
338 785
120 939
237 584
338 704
66 109
229 301
120 107
635 66
120 107
913 109
382 73
214 536
688 813
605 716
609 783
105 950
688 980
688 980
402 564
399 242
688 980
609 728
774 298
587 133
609 734
688 813
950 563
27 241
284 972
728 189
587 765
977 349
609 815
981 137
977 349
687 783
369 32
688 980
609 544
783 687
587 133
504 896
609 815
688 980
688 980
812 986
813 714
687 449
972 284
242 399
609 815
587 133
609 734
609 728
144 784
587 133
687 783
958 46
813 688
587 133
609 189
587 133
805 812
587 133
991 759
734 783
502 44
609 728
581 100
189 609
609 728
775 46
972 284
144 805
815 393
242 902
250 774
972 284
609 734
587 449
688 813
376 391
105 950
805 420
144 805
687 783
587 133
800 661
688 980
958 189
587 133
734 783
587 133
52 439
977 349
90 101
587 133
587 133
688 813
587 133
358 784
972 284
369 158
609 734
105 950
144 698
688 813
687 783
609 734
688 980
587 133
402 709
556 242
703 621
486 740
493 495
493 522
887 876
887 387
633 621
28 597
559 588
952 682
348 852
522 637
952 682
8 911
852 804
887 961
362 637
493 584
348 486
118 173
173 118
559 486
362 522
556 118
852 804
775 958
298 399
486 740
633 559
118 173
348 852
287 224
100 581
852 804
348 486
298 399
399 242
556 242
173 118
493 495
852 804
952 682
118 173
852 804
952 682
130 887
493 495
493 522
298 399
887 876
962 376
556 118
559 588
556 242
493 553
493 584
556 242
852 804
559 633
556 118
399 298
118 173
852 804
486 740
703 621
584 952
493 584
362 876
100 992
887 876
362 876
852 804
887 961
118 173
348 806
852 804
852 804
362 876
173 118
130 581
556 906
298 399
952 682
818 902
362 876
348 486
852 804
584 823
493 495
493 495
584 495
348 68
852 804
556 242
362 876
298 399
887 876
703 621
609 911
167 182
672 415
167 318
415 733
318 167
569 768
885 733
569 768
502 44
318 167
41 373
125 93
182 991
486 182
318 991
569 768
318 991
182 486
39 550
672 595
318 167
318 167
318 167
182 486
318 167
569 768
580 773
318 167
550 469
318 167
318 167
318 167
318 167
318 167
885 733
569 768
318 167
569 768
182 486
318 167
885 595
569 373
885 733
318 167
885 733
672 595
550 672
318 167
569 768
569 768
956 540
41 373
956 540
885 733
569 768
885 733
182 167
885 733
167 318
580 548
318 167
768 373
885 733
768 373
672 595
470 777
318 167
580 548
41 252
956 540
885 733
550 469
318 991
2 1
167 318
956 540
318 167
318 167
885 733
318 167
318 167
569 768
41 768
318 167
569 768
569 373
41 768
559 588
885 733
991 167
318 991
569 768
569 768
885 733
41 373
255 252
569 768
167 182
569 768
550 672
148 607
214 939
148 607
343 393
112 332
536 214
112 332
148 607
332 112
148 607
112 332
182 775
984 619
148 607
536 214
984 212
574 953
689 607
992 958
992 958
952 682
607 148
619 984
939 214
952 682
670 98
458 941
95 793
670 768
95 793
847 313
574 536
148 607
574 953
120 939
992 958
289 384
148 607
670 768
107 120
148 607
148 607
148 607
214 939
952 682
884 904
847 178
992 958
884 904
984 212
415 383
672 97
148 607
98 878
607 148
112 332
984 212
992 182
107 746
793 95
619 984
682 912
381 694
992 958
148 607
992 958
148 607
694 984
46 958
952 682
619 984
992 958
214 939
214 939
95 793
670 768
984 619
486 468
112 332
952 682
112 332
992 958
148 607
355 600
112 332
790 41
484 176
992 952
37 689
112 332
607 98
158 95
112 332
112 332
158 182
112 332
952 682
984 212
884 904
95 793
904 717
355 548
703 548
486 502
904 507
78 728
355 548
355 953
904 507
78 728
554 775
3 39
904 847
728 327
355 548
189 893
393 343
728 327
486 444
728 78
486 502
904 507
904 507
728 78
554 775
904 847
703 550
355 953
486 44
486 502
486 444
502 486
355 953
486 444
554 289
189 728
548 703
551 253
554 775
486 502
355 953
992 958
486 502
78 728
904 507
355 953
486 502
554 775
289 502
728 327
502 486
728 327
502 44
486 502
486 502
728 327
355 953
502 44
78 14
355 953
904 168
189 728
904 168
502 554
703 548
486 502
904 507
554 775
847 507
486 502
783 233
502 486
554 775
551 253
904 507
486 444
728 327
717 904
728 327
502 486
728 327
486 502
554 775
355 953
486 502
78 728
486 502
444 847
78 728
703 551
904 507
904 168
78 728
551 253
486 502
78 327
355 548
904 507
355 548
3 559
874 948
213 514
302 146
156 829
213 514
209 558
624 935
687 83
213 514
95 339
874 846
874 846
424 100
304 546
874 948
304 546
316 156
213 514
81 970
624 935
316 156
406 839
625 81
714 156
874 846
831 460
624 935
640 962
640 288
266 632
874 846
935 624
316 941
618 846
514 213
618 874
970 81
266 632
948 736
618 846
81 970
252 790
357 979
624 935
213 514
874 846
93 146
479 66
624 935
998 637
252 687
213 514
624 935
316 156
619 313
624 935
998 725
81 970
701 251
998 725
846 109
372 839
97 728
624 935
30 227
725 998
935 624
569 725
624 935
302 146
998 725
252 790
339 66
874 846
640 962
687 83
790 770
251 701
43 42
790 659
339 304
213 514
81 970
935 624
559 439
624 935
874 846
488 20
514 700
266 632
129 911
581 649
488 831
316 266
624 935
666 685
81 970
156 316
687 252
81 970
499 48
941 275
231 865
176 748
115 176
231 858
132 128
231 865
380 701
275 941
380 701
201 803
176 115
275 941
128 132
979 905
132 128
515 378
499 48
468 708
132 128
995 160
538 463
128 722
128 132
619 313
380 115
128 132
748 176
128 132
275 325
499 48
748 309
526 722
538 263
526 722
275 941
526 722
176 115
380 701
380 701
325 86
48 499
128 132
499 48
675 750
748 499
275 325
231 858
309 468
128 132
325 275
128 132
275 325
128 132
128 132
538 463
722 526
231 865
128 132
941 86
380 701
128 132
380 701
499 748
619 313
275 941
231 865
858 231
128 132
747 858
995 160
128 132
275 941
499 48
325 275
231 865
128 132
380 115
499 48
263 901
275 325
865 231
831 460
128 132
380 941
176 115
748 537
263 901
359 378
747 858
176 115
619 526
325 275
128 132
858 747
128 722
176 748
397 538
231 865
213 468
786 20
446 852
353 854
369 883
487 137
406 926
837 799
852 225
4 799
852 225
74 159
837 799
406 263
865 286
167 789
629 879
773 353
854 353
723 787
458 826
446 852
926 406
435 794
586 32
446 852
951 387
263 406
158 926
353 854
852 937
353 773
837 799
951 861
837 799
837 799
53 547
926 505
544 157
156 829
446 852
458 826
852 225
167 789
879 723
167 789
167 789
854 415
263 789
199 819
938 507
573 689
852 446
487 137
852 446
533 990
999 700
377 824
852 225
325 275
523 777
167 789
446 852
4 487
869 387
115 407
446 852
223 802
773 458
642 503
276 761
838 62
48 89
167 789
866 74
159 9
4 861
852 446
364 583
167 789
4 487
852 446
572 336
649 575
799 837
852 446
794 518
649 575
773 14
448 162
852 225
775 643
167 789
649 167
407 899
281 999
879 328
406 263
121 15
176 569
42 330
460 320
76 366
717 715
603 342
538 463
460 320
294 740
320 460
460 320
294 510
320 929
147 795
603 509
320 929
294 482
146 335
460 199
335 328
76 717
506 509
199 460
366 372
460 366
506 509
129 88
147 829
147 829
42 330
335 222
506 509
715 510
294 510
366 460
312 313
460 199
335 328
147 829
366 76
147 829
42 330
123 533
147 795
372 460
88 108
294 42
795 147
717 807
777 523
147 829
533 123
460 366
123 533
294 510
795 147
147 10
294 740
717 76
787 879
147 795
839 926
829 123
320 929
929 795
240 43
147 829
147 829
460 320
147 10
320 929
926 839
335 328
147 829
42 330
147 795
147 10
146 93
457 505
147 829
88 342
795 147
460 320
147 829
294 510
147 829
717 807
460 320
76 717
509 603
717 807
147 829
335 93
506 146
42 330
190 257
147 10
342 705
146 93
926 482
129 88
640 288
439 559
190 787
1000 500
375 359
342 705
101 439
676 573
640 288
722 526
439 342
407 709
853 165
407 709
787 190
705 342
640 288
676 231
573 834
407 251
531 795
636 787
853 229
190 388
858 747
165 957
640 288
853 229
636 742
313 619
705 541
709 957
839 406
290 579
190 787
705 342
952 445
853 229
952 445
853 229
640 288
676 231
853 229
573 676
190 388
342 705
952 490
468 213
952 490
853 229
490 722
705 342
577 795
281 5
468 213
676 865
853 165
636 407
952 445
858 231
858 231
865 231
676 231
733 227
979 905
952 445
165 229
101 439
640 288
445 490
640 288
229 165
468 254
342 705
636 407
636 795
454 30
705 342
190 787
575 649
640 288
747 858
853 229
676 231
375 633
649 575
705 342
853 229
406 839
858 747
342 705
640 288
640 288
847 802
468 213
407 115
787 723
1000 747
190 787
787 190
839 926
638 765
844 250
926 771
880 780
823 521
255 768
798 589
569 115
408 459
744 931
330 43
408 844
780 674
935 637
533 352
880 780
250 844
694 823
692 289
780 674
935 765
426 43
426 330
408 776
880 744
308 647
844 408
164 569
281 537
765 935
823 694
916 780
926 771
718 536
748 537
330 426
926 771
789 167
935 637
330 539
330 43
330 426
426 330
844 250
926 771
619 633
330 43
748 537
454 750
326 656
539 240
765 638
537 281
408 459
935 637
569 164
844 250
771 408
330 43
935 765
935 765
263 926
823 164
880 780
780 520
926 771
164 521
330 539
426 581
935 637
809 638
330 240
823 521
926 539
637 558
744 931
844 250
780 880
115 677
844 81
694 996
926 771
164 16
426 330
780 674
312 271
589 798
400 894
408 844
880 780
880 780
823 694
330 43
823 164
880 744
748 537
256 931
935 637
748 537
307 953
115 677
406 926
131 152
953 307
42 330
896 17
442 901
725 209
737 981
26 39
914 426
333 739
777 523
547 884
551 26
677 928
650 186
43 426
642 307
748 545
419 485
650 846
547 884
884 235
792 859
547 171
748 809
146 195
640 288
884 857
372 963
131 152
748 545
426 43
551 26
798 642
640 288
97 526
677 115
176 115
765 131
765 131
642 307
807 715
597 520
907 39
263 253
551 953
235 135
442 42
97 442
42 442
517 459
235 135
640 288
739 333
39 26
547 171
875 907
884 547
984 706
765 209
131 152
642 3
97 640
263 894
545 748
839 771
846 451
547 884
209 765
547 171
97 288
456 717
209 765
640 288
600 157
618 287
886 70
547 171
152 131
375 372
953 307
650 186
131 152
547 884
764 545
131 152
235 135
547 171
235 135
765 209
547 884
307 589
833 896
42 442
406 926
42 442
235 135
831 460
247 978
566 849
482 926
647 317
819 199
277 135
384 678
247 978
247 978
378 250
742 160
384 74
115 677
798 156
683 76
189 250
566 957
247 978
277 135
277 189
647 317
247 978
566 957
647 317
901 263
378 460
647 317
776 459
970 81
647 990
566 957
156 701
894 400
566 957
583 137
647 317
805 137
277 135
566 849
459 517
476 74
189 438
531 251
583 957
901 526
329 589
160 742
901 263
589 805
566 957
647 317
647 317
901 247
566 957
156 829
901 247
247 978
901 247
247 978
135 277
964 347
247 978
247 978
290 400
901 526
742 160
683 482
277 189
849 189
566 957
957 566
406 926
247 683
566 957
683 347
849 566
247 978
957 709
189 438
829 868
683 347
189 438
683 347
189 438
583 957
647 990
347 360
566 957
868 10
247 978
247 978
566 849
277 438
566 849
160 742
901 247
135 920
583 805
742 430
975 440
251 701
43 240
603 509
164 148
563 489
164 148
166 96
563 489
563 489
460 831
563 420
609 850
489 563
609 850
609 850
966 869
164 148
706 342
609 704
240 43
460 831
240 43
642 405
166 393
563 420
963 515
240 43
619 313
240 43
460 515
963 515
365 55
418 706
463 538
365 619
460 831
302 146
609 704
240 43
515 963
869 966
619 313
563 420
164 148
375 963
789 167
706 342
704 302
831 827
563 489
609 704
609 850
563 489
619 313
400 894
831 460
706 418
240 365
563 96
365 55
164 148
609 704
619 375
240 43
240 43
166 393
460 831
489 966
609 704
240 789
93 297
963 375
793 251
563 420
827 831
195 983
164 148
251 869
251 701
164 148
375 963
829 868
619 313
963 375
43 240
460 831
460 831
365 619
240 43
230 851
489 563
251 701
995 648
365 240
240 43
963 375
515 460
966 489
342 705
765 152
881 294
131 765
881 475
406 365
739 475
846 618
406 365
749 851
294 881
406 294
505 482
326 656
643 775
587 357
765 131
507 178
7 423
90 765
572 312
171 884
507 178
881 475
765 131
759 340
171 476
533 990
749 230
765 131
547 178
768 336
759 131
513 774
739 475
739 475
7 536
787 723
547 178
749 230
765 152
759 131
739 475
618 846
937 726
739 475
765 152
792 907
701 795
266 937
759 340
90 809
780 261
406 294
471 948
765 152
406 894
739 475
294 881
406 294
294 881
744 931
739 475
701 793
765 131
188 749
3 90
90 3
814 395
765 131
759 340
294 881
846 618
649 575
600 485
765 131
547 171
775 643
406 365
765 131
7 536
401 814
780 674
739 547
739 475
547 171
739 475
881 475
775 643
739 475
846 186
765 131
90 3
649 575
765 131
739 475
171 547
102 265
881 475
320 477
749 188
996 304
902 446
806 194
875 688
423 857
446 902
996 538
538 996
334 218
446 902
882 692
996 538
334 218
305 238
996 538
943 609
173 205
996 538
902 159
902 446
446 902
487 551
295 773
996 538
996 538
23 205
446 902
423 379
379 295
875 771
334 218
996 538
295 773
284 538
23 173
379 607
238 305
103 773
295 773
817 103
446 902
690 98
902 446
446 902
446 902
512 194
23 173
159 902
185 362
23 173
727 722
902 446
446 902
295 773
996 538
902 446
411 580
23 173
950 492
185 875
23 173
23 173
23 173
159 902
159 334
346 31
334 159
295 773
609 943
379 423
159 750
295 773
295 773
446 902
334 218
423 379
237 291
897 762
996 538
996 538
88 912
334 218
902 446
722 727
139 69
446 902
446 902
535 569
23 173
23 173
305 334
218 752
857 96
446 902
23 173
334 305
185 916
334 159
160 817
238 305
859 592
867 686
953 996
998 633
30 968
953 996
836 157
836 656
794 998
184 748
656 565
229 370
940 716
387 515
694 621
953 996
318 788
940 861
229 370
51 420
872 304
770 392
715 979
958 305
130 514
370 553
996 953
241 615
229 370
592 625
556 805
724 534
872 996
940 861
241 836
461 947
996 953
241 615
940 716
370 229
961 878
940 861
697 141
716 861
30 968
370 553
694 621
744 420
996 872
228 584
492 950
569 535
968 30
744 420
651 262
512 228
996 872
464 31
805 556
328 117
632 652
372 496
785 985
840 596
239 583
859 592
387 945
958 953
996 872
902 836
836 615
996 872
346 31
996 953
515 881
958 785
996 953
953 304
859 592
996 953
632 68
975 420
701 248
387 515
694 940
458 88
902 656
420 51
115 463
241 615
697 448
861 940
902 621
30 968
636 100
492 950
836 615
229 370
694 621
824 561
865 572
159 367
140 874
880 363
855 722
641 181
800 806
159 934
159 750
203 173
145 945
414 345
159 367
159 367
414 345
869 6
750 159
874 930
173 743
743 173
950 492
750 101
3 574
874 930
697 141
874 930
414 345
572 488
103 850
743 412
218 752
98 688
970 155
414 758
145 655
603 328
173 205
970 155
414 345
875 115
414 345
159 750
743 278
411 790
908 584
934 159
743 278
750 159
173 203
750 159
750 159
414 345
414 345
489 170
159 367
345 414
140 874
385 6
519 121
414 345
519 929
762 897
557 441
173 205
489 170
743 412
750 101
572 488
159 367
874 930
159 750
312 191
159 367
140 930
3 574
414 345
159 367
806 850
489 140
806 850
414 345
848 481
159 750
874 930
159 750
414 345
489 170
865 572
140 489
140 489
414 345
489 170
743 412
111 920
170 530
489 140
865 572
572 865
173 205
173 205
417 452
441 183
417 452
240 608
366 683
588 924
897 550
409 752
164 110
366 683
913 372
244 357
853 222
214 776
608 690
240 214
417 452
483 558
417 452
913 372
366 683
913 372
913 588
240 608
441 214
771 721
913 372
189 452
913 588
359 102
913 372
913 588
214 356
721 169
913 588
913 496
417 452
417 452
357 664
366 683
214 776
403 759
417 452
897 721
849 976
522 492
913 372
602 403
417 452
452 189
913 372
913 496
244 357
869 6
897 920
189 452
849 976
366 683
913 372
417 452
417 452
240 608
644 462
608 240
976 382
417 452
417 452
849 452
913 588
346 164
721 771
240 214
189 897
913 588
608 690
452 417
409 683
664 357
771 721
214 776
644 6
913 496
244 644
849 382
771 608
240 441
913 372
759 752
913 372
913 372
356 664
771 721
913 372
357 664
608 240
240 608
189 897
240 608
644 6
715 720
268 710
519 268
268 785
571 71
982 71
519 806
875 512
71 573
519 919
71 573
986 623
127 630
167 445
874 652
227 966
519 919
546 539
785 268
519 919
519 806
982 71
268 785
268 785
773 194
694 621
71 573
47 836
785 268
785 439
519 919
721 771
283 369
53 445
571 37
117 328
718 47
508 309
773 806
167 439
268 710
71 573
773 194
167 632
875 512
632 652
806 773
785 268
623 734
986 618
508 309
773 806
785 268
773 194
571 37
508 309
871 562
773 194
741 700
127 630
623 508
773 806
519 919
771 875
167 439
982 71
445 899
550 920
773 194
519 919
519 919
283 369
512 806
242 967
773 194
283 369
519 268
573 71
773 806
371 683
508 309
519 268
983 446
439 760
773 806
986 773
47 718
773 194
986 773
439 760
226 218
37 571
445 53
519 919
71 573
773 194
71 134
583 239
519 919
762 897
519 806
535 853
853 535
255 936
615 491
929 222
780 686
492 67
108 842
849 842
605 672
853 535
674 463
853 222
853 222
535 853
787 48
222 853
687 201
615 491
605 564
463 115
758 188
676 817
233 411
679 846
491 836
919 522
134 573
679 846
233 532
121 519
780 615
535 853
676 188
780 686
758 655
780 686
929 222
574 118
490 573
849 842
240 737
121 519
615 780
535 853
853 222
929 519
655 877
255 936
255 936
982 134
615 491
535 569
338 333
509 27
883 314
849 842
718 740
853 535
849 382
842 108
185 312
269 759
338 333
931 269
846 883
535 853
309 314
849 382
929 519
27 509
780 686
817 228
676 817
679 338
853 222
880 1000
780 615
450 936
877 655
690 608
679 846
780 686
508 309
931 535
780 686
550 649
929 222
758 188
929 222
655 877
159 367
574 237
879 737
929 519
201 687
877 655
574 237
491 201
849 382
518 546
692 882
518 546
573 571
522 233
522 233
690 788
553 314
734 618
944 800
571 314
218 752
951 961
595 332
318 788
690 522
771 721
233 752
292 188
595 332
518 546
931 218
571 573
729 406
518 967
686 967
292 188
571 314
134 917
595 264
752 233
692 882
218 752
332 264
233 752
539 27
522 233
867 315
780 518
788 318
690 522
690 363
672 605
788 318
674 947
944 800
882 692
595 332
518 967
944 800
522 624
882 314
134 982
595 264
264 595
292 800
620 692
522 233
967 931
539 241
571 111
573 490
573 490
518 967
595 264
218 752
522 690
292 944
752 218
288 108
982 112
690 522
672 605
522 233
362 77
902 983
522 624
752 233
788 318
788 318
573 490
233 752
564 605
571 490
944 775
227 917
595 332
692 882
269 403
692 882
882 692
292 188
752 233
134 917
111 99
288 108
690 67
573 490
672 605
518 546
237 3
429 985
606 217
673 366
961 878
919 522
3 237
602 269
233 36
771 48
702 753
606 408
429 985
520 60
334 218
166 413
477 64
227 901
621 159
919 569
987 602
951 750
555 889
919 522
771 48
771 48
48 771
583 867
555 889
348 392
476 477
490 573
838 429
762 769
48 771
543 200
736 146
3 237
48 771
70 682
735 896
3 237
583 239
408 606
348 392
919 522
985 673
901 227
48 771
651 262
535 366
464 978
429 838
429 985
48 771
48 771
429 985
867 686
3 237
735 652
919 569
901 520
896 735
771 48
11 792
60 200
771 48
867 686
197 729
48 919
227 573
985 268
48 771
771 48
985 268
621 227
371 411
203 173
555 889
429 838
142 678
985 429
48 771
680 738
159 867
985 268
901 227
520 452
227 621
771 721
686 867
48 771
583 239
583 867
919 522
919 48
748 184
60 452
429 838
673 710
82 262
645 23
227 134
620 734
953 597
164 719
312 191
734 623
391 604
679 63
785 262
748 117
745 518
842 134
745 546
391 604
734 623
674 463
679 63
620 734
785 985
458 88
239 583
620 734
620 734
134 227
620 734
391 400
185 115
842 645
134 227
40 597
652 874
458 305
140 82
627 238
396 416
734 620
842 134
627 569
40 597
957 893
123 825
842 134
391 745
463 115
416 396
277 961
391 140
463 674
715 979
745 539
966 621
463 115
931 226
463 115
117 328
277 961
354 923
912 88
979 717
539 546
70 569
396 416
715 979
40 953
912 88
966 917
388 857
388 389
338 559
407 346
745 938
960 178
407 70
23 173
658 834
262 82
391 400
620 734
40 953
241 539
734 623
115 463
620 623
82 262
328 117
716 762
679 819
101 715
40 597
140 391
70 701
923 785
110 191
463 115
40 597
627 569
40 953
604 400
93 965
162 923
743 412
481 848
332 539
110 164
632 354
269 226
60 452
632 652
60 452
545 943
965 93
110 164
545 943
545 943
545 93
110 164
60 452
913 677
743 291
291 743
110 291
751 517
60 452
545 943
452 60
162 923
332 539
6 644
452 60
60 520
632 652
621 717
85 912
545 943
627 238
110 164
743 412
520 60
678 856
743 412
520 598
545 943
632 652
632 652
162 923
836 157
840 596
88 912
743 412
743 412
520 598
571 37
291 743
853 222
545 943
110 164
743 412
856 291
60 520
545 943
110 164
110 164
332 539
743 412
520 60
853 222
110 164
958 8
545 943
162 923
490 227
110 164
545 943
110 164
162 923
291 743
545 943
99 920
162 923
412 743
162 923
965 93
743 412
563 611
60 452
741 332
550 920
810 282
60 520
110 164
632 652
332 491
550 762
332 539
60 452
517 740
93 965
85 851
361 783
462 975
831 496
902 442
301 100
551 387
789 189
57 404
831 496
789 189
83 301
374 271
57 529
83 301
921 975
789 189
408 363
10 647
83 467
404 57
635 659
778 191
696 447
789 189
462 682
559 694
83 301
83 301
301 83
57 422
547 380
495 576
542 840
83 301
467 100
398 285
840 140
789 189
975 921
921 975
462 975
462 682
902 335
361 965
694 189
545 335
422 361
57 404
840 403
696 447
462 682
57 404
404 692
403 156
696 447
783 361
83 301
975 921
379 311
57 422
83 301
301 100
462 545
789 189
83 467
10 781
680 396
647 447
789 189
301 83
127 758
442 874
789 83
789 189
545 335
83 301
301 83
840 140
647 10
789 189
462 682
83 467
191 778
58 510
831 403
404 529
551 694
696 447
694 189
921 975
462 975
542 921
696 447
57 404
403 140
975 921
789 189
462 682
57 422
83 301
999 391
54 567
824 962
892 346
808 915
310 525
459 154
824 397
346 391
14 744
154 459
459 269
431 154
808 892
14 744
397 271
310 973
967 668
459 154
397 271
54 567
391 999
154 459
397 271
840 894
346 892
154 459
824 962
581 425
154 459
824 962
154 459
310 973
154 459
744 14
54 567
391 999
397 824
321 374
892 808
744 14
668 967
459 154
973 310
459 154
892 808
459 154
744 668
54 567
459 269
346 391
808 567
999 391
425 226
54 567
855 339
52 454
346 892
403 156
744 14
52 454
54 567
54 52
54 52
967 431
54 567
391 999
425 846
397 271
54 581
744 14
915 808
454 52
962 824
744 14
824 962
459 154
397 758
310 525
154 459
744 14
52 454
668 967
987 628
888 468
397 271
154 459
744 14
752 844
459 154
346 391
915 468
892 346
54 567
915 567
67 156
154 459
346 892
154 459
14 785
320 954
320 859
468 808
708 561
320 859
926 283
320 859
830 452
452 830
656 866
320 954
426 183
283 926
768 319
568 721
230 814
708 55
455 387
831 496
320 785
619 561
830 338
220 335
866 656
320 452
370 697
220 785
55 671
582 238
478 376
320 452
338 830
325 901
28 785
741 253
320 859
183 842
41 656
926 283
785 28
496 18
220 335
830 452
320 859
62 859
785 28
582 238
808 452
325 403
220 335
582 338
785 28
926 890
656 41
989 283
830 452
821 220
568 721
830 338
866 318
708 55
283 926
619 561
320 859
582 238
220 335
32 860
220 335
469 650
335 902
785 28
338 830
335 701
866 318
774 348
629 796
619 944
177 783
494 721
721 941
431 689
320 859
672 995
58 510
663 238
41 174
906 671
568 721
220 335
582 568
926 644
926 644
361 783
721 941
254 650
320 954
320 954
906 671
793 171
220 821
835 212
835 212
956 954
414 291
835 212
956 954
989 40
752 860
989 40
956 695
414 291
863 414
62 752
989 40
717 941
414 863
863 291
989 40
109 824
941 795
835 549
989 40
717 941
414 863
956 954
494 941
956 954
831 373
954 956
414 934
863 414
78 549
859 62
109 824
511 855
62 752
989 863
956 859
2 1
154 399
694 834
2 1
956 954
989 40
109 824
835 212
863 414
956 954
695 831
956 695
835 212
78 549
752 62
414 291
956 954
989 40
989 40
745 934
494 922
989 40
956 954
860 805
989 40
860 745
752 364
956 695
989 40
989 40
956 695
989 40
846 230
814 107
253 768
989 40
941 795
989 40
860 752
768 78
109 824
863 214
956 695
109 989
848 364
549 347
956 695
989 40
745 934
423 461
170 31
253 768
414 863
863 291
956 859
717 941
414 291
989 40
62 752
989 40
989 40
956 954
624 841
758 321
845 632
906 116
871 435
230 195
995 179
778 948
461 423
196 583
461 423
948 778
438 514
778 948
177 793
639 949
871 435
461 423
309 27
730 629
730 560
901 790
624 841
695 956
38 501
624 215
845 784
845 632
605 8
628 790
325 403
901 790
995 322
58 510
784 845
649 553
948 778
177 948
177 196
624 841
628 790
628 790
845 632
778 705
423 461
38 501
901 325
32 860
628 790
632 845
901 325
461 116
38 501
845 632
628 790
116 671
443 730
561 285
455 387
628 790
639 949
79 781
116 671
116 671
177 793
560 629
196 583
461 423
639 68
644 511
895 959
730 629
730 629
179 380
501 38
560 438
375 784
784 461
68 639
639 949
705 119
423 461
510 874
639 68
901 790
628 790
845 632
901 790
309 27
628 790
730 629
778 948
639 949
845 632
845 632
215 624
901 790
845 632
68 639
309 27
75 326
442 874
586 380
442 874
75 326
52 745
442 874
442 58
356 108
90 195
895 566
442 510
954 780
442 874
52 454
52 454
356 108
469 802
75 326
586 114
728 874
356 23
315 648
52 454
442 58
469 75
549 582
52 454
549 248
848 227
728 635
442 874
812 729
75 326
658 625
549 582
895 566
442 874
549 582
581 425
895 566
895 566
549 582
469 802
23 356
442 874
326 75
895 566
347 248
442 874
956 933
819 38
347 248
58 745
391 999
238 582
549 582
745 179
895 566
170 752
52 454
52 454
75 326
356 23
566 895
152 504
114 586
326 75
75 326
75 326
452 563
860 805
52 454
52 454
728 802
52 454
920 278
52 454
954 697
52 454
326 75
566 895
90 195
356 108
549 347
996 927
52 454
442 874
582 238
549 582
566 895
183 85
566 158
326 75
434 688
31 170
745 995
356 23
549 582
895 421
56 901
301 653
881 926
254 75
881 926
659 819
881 154
659 819
56 165
881 926
680 373
846 680
680 373
659 254
373 888
881 926
766 788
227 831
254 75
901 56
881 926
680 373
766 788
766 788
373 680
496 34
2 1
846 680
881 926
831 496
881 926
888 467
301 467
764 406
881 926
991 653
254 659
846 680
659 819
467 301
788 766
301 653
301 653
301 653
301 653
788 766
766 788
680 846
844 227
766 788
56 901
764 846
254 75
881 926
373 842
373 573
254 659
373 888
511 855
881 926
934 995
56 901
659 819
34 991
373 680
301 653
881 926
846 680
659 819
881 926
881 926
766 788
659 414
888 544
301 653
373 888
301 467
846 680
56 901
881 926
846 680
373 842
56 901
788 766
881 926
881 926
766 788
301 653
766 788
788 766
373 680
766 788
680 846
301 653
766 788
511 926
496 831
881 926
881 926
301 467
920 899
928 361
73 887
154 361
468 544
73 887
511 302
920 899
511 374
468 915
414 934
73 887
920 915
928 361
887 251
177 928
887 251
920 899
987 844
510 177
928 177
887 73
885 271
154 302
700 251
885 920
928 361
73 887
885 271
920 885
928 361
73 887
468 915
154 302
73 887
501 38
700 251
887 251
915 468
403 156
987 700
73 887
928 361
928 361
322 995
73 887
885 52
32 1
927 648
885 52
885 271
885 271
885 52
73 887
468 544
920 899
468 915
915 468
73 887
885 271
32 844
177 510
410 559
177 510
361 928
321 764
501 38
154 302
887 251
920 899
38 501
177 928
885 52
73 887
920 885
915 468
361 154
928 361
18 700
510 514
567 899
73 887
514 38
73 887
885 271
920 899
177 510
73 887
514 635
38 501
887 251
177 510
700 987
468 915
928 361
885 52
73 887
165 844
920 899
510 514
253 485
635 514
906 671
362 65
485 85
364 485
514 635
907 362
485 364
38 514
635 514
230 521
635 659
906 671
485 253
460 279
635 659
485 85
348 253
485 85
434 688
308 676
514 38
38 501
860 32
473 403
485 85
90 195
907 362
362 56
348 774
485 253
56 901
455 779
362 907
485 85
710 678
514 635
285 944
194 690
194 690
56 65
179 504
710 678
364 85
514 38
253 348
56 65
38 501
710 678
485 364
148 518
56 65
514 635
362 56
364 752
848 185
485 253
485 85
907 362
485 253
362 65
253 348
907 362
907 362
485 253
485 253
485 906
514 635
460 279
85 88
635 514
907 604
325 604
194 640
514 635
56 65
485 85
518 148
27 309
907 362
710 678
22 425
485 85
828 927
907 362
348 423
65 56
67 380
710 678
362 907
38 819
485 85
362 65
710 678
411 526
485 253
148 518
485 906
907 604
758 321
547 380
194 758
152 504
909 925
152 672
431 339
152 672
194 339
799 170
909 274
925 909
925 752
152 504
230 521
925 610
194 758
431 672
194 758
194 758
364 848
909 925
909 925
200 904
364 848
194 339
194 339
194 758
194 758
321 521
979 200
339 431
194 758
758 194
194 758
152 504
274 693
431 339
194 758
194 758
194 339
758 321
848 227
758 194
152 672
321 521
194 758
321 758
152 504
752 860
504 152
758 321
688 434
194 758
152 504
194 758
925 909
321 521
979 200
860 504
610 799
572 799
364 170
925 909
200 904
194 758
194 758
170 62
925 909
152 504
925 909
925 909
979 572
194 339
521 321
688 434
672 152
274 904
758 194
274 904
152 672
339 194
170 364
979 200
170 364
672 152
758 321
364 170
758 321
745 934
170 364
688 434
194 758
194 758
170 364
431 339
758 321
194 758
321 758
672 152
