610 767
583 544
251 542
855 389
76 166
964 177
908 615
856 193
899 10
952 159
982 609
435 890
306 170
464 170
610 767
583 544
236 696
982 228
758 834
193 938
609 837
982 583
170 290
35 117
553 177
899 440
487 594
583 6
964 236
964 177
964 177
982 228
236 696
751 615
899 440
964 177
55 940
159 856
964 177
155 576
155 942
716 319
899 10
583 982
319 963
302 891
228 982
177 938
610 767
938 193
591 885
380 943
964 177
610 767
583 547
982 228
964 177
964 177
440 899
899 440
942 155
610 14
651 589
964 177
237 306
982 228
440 899
911 952
964 177
885 591
464 43
899 440
331 796
964 610
177 192
622 526
964 177
610 236
155 942
159 952
193 938
952 911
982 228
938 193
911 885
952 159
193 856
155 942
834 538
859 359
964 177
14 640
127 363
192 938
716 108
228 982
859 359
170 663
177 964
938 222
618 238
373 126
716 50
861 785
373 827
373 240
240 583
592 146
140 544
373 827
860 308
907 129
547 254
69 861
319 963
129 907
134 907
168 656
358 188
253 690
768 995
272 231
126 827
768 129
168 656
861 66
860 308
253 690
240 373
308 860
907 129
583 544
720 420
308 315
827 808
240 583
373 827
373 827
861 69
373 126
373 827
134 907
720 711
860 308
373 240
134 907
253 690
827 808
168 656
253 223
168 656
373 827
907 134
240 583
827 808
671 555
860 308
622 526
455 827
69 861
219 778
373 827
373 827
860 272
536 645
253 223
860 308
253 690
455 827
240 126
232 618
460 134
168 656
63 649
861 69
373 827
272 231
219 778
861 69
240 583
168 656
460 247
860 308
460 134
253 690
827 808
444 552
168 656
852 544
129 768
272 231
649 273
373 827
134 460
116 555
373 827
860 963
373 126
284 223
768 995
216 703
856 222
79 633
720 297
720 297
672 121
894 829
237 117
720 297
908 959
65 975
856 222
995 416
683 302
25 920
720 297
894 829
720 297
802 108
978 785
388 511
683 302
555 852
683 302
720 297
913 389
716 319
978 274
5 978
633 79
388 593
633 79
683 302
849 683
856 222
894 986
534 388
894 986
633 79
388 164
856 222
856 222
25 995
404 957
308 416
216 894
534 685
683 302
555 852
605 263
359 363
555 852
555 852
894 216
302 683
856 222
416 995
633 79
388 511
5 297
978 246
416 995
593 883
923 159
644 170
856 222
978 184
633 79
555 852
593 883
170 306
683 849
894 829
593 511
302 927
555 534
155 692
593 511
593 883
274 978
555 908
908 959
416 535
25 995
649 63
79 633
720 297
842 766
683 59
856 222
555 908
683 302
274 717
815 535
908 959
720 297
720 297
978 785
555 534
216 703
514 529
296 456
795 920
713 66
713 855
839 965
859 453
736 168
66 839
839 553
713 770
713 770
736 168
795 920
795 920
713 855
452 1
920 381
296 896
649 940
795 108
795 920
859 231
736 168
713 770
713 855
839 296
736 168
66 717
713 855
313 896
456 256
795 920
456 296
713 906
736 168
50 701
713 906
937 184
713 855
452 395
795 108
713 770
795 920
795 920
713 855
713 906
453 856
456 256
795 920
795 920
736 168
920 381
713 855
713 770
795 920
713 855
795 108
713 855
920 381
273 556
713 452
839 965
839 965
713 906
839 965
795 920
713 906
795 920
713 855
839 965
839 553
839 965
66 855
713 855
896 296
839 965
66 713
453 859
839 965
795 920
713 855
713 770
313 456
736 168
713 906
713 855
526 859
839 553
456 453
313 896
713 855
920 381
736 168
713 770
736 168
713 855
713 770
795 920
456 453
117 306
420 696
272 231
302 862
251 589
223 219
789 346
219 810
789 346
272 231
971 862
741 274
527 268
97 212
223 789
331 63
591 298
529 514
977 55
696 420
129 435
219 223
927 378
223 533
251 129
464 663
420 696
420 696
862 971
789 346
97 558
201 395
129 435
591 231
219 223
752 117
696 752
231 272
272 231
272 331
862 971
741 274
66 717
718 489
420 696
741 274
696 752
117 464
696 752
789 346
272 331
117 752
420 645
129 435
129 591
789 346
789 346
231 272
272 231
219 741
465 558
789 346
251 843
251 589
810 246
306 736
696 855
789 346
231 591
789 346
789 346
971 862
558 465
789 346
331 717
591 298
558 97
219 223
117 464
117 464
10 52
272 331
862 464
117 752
272 231
741 274
741 274
591 298
927 378
272 231
231 272
212 97
465 971
97 212
251 843
117 306
97 212
696 420
591 231
251 843
760 574
479 837
923 471
972 378
741 189
308 923
162 774
923 471
76 718
736 600
473 768
398 18
718 336
923 308
985 266
965 177
718 336
127 363
718 465
368 120
485 478
985 266
63 649
985 155
246 5
632 566
862 366
508 853
299 776
299 776
299 356
78 167
308 315
754 471
923 952
253 757
985 155
55 977
251 843
985 398
464 646
339 904
906 770
594 487
718 336
713 855
336 265
120 368
162 774
760 574
290 35
366 862
754 471
983 277
985 78
471 754
479 837
18 180
754 471
983 277
299 754
816 349
834 795
985 398
768 890
473 129
985 155
652 301
336 574
923 952
985 398
985 479
776 299
299 356
983 277
117 35
299 368
308 860
475 305
720 297
337 152
983 277
754 299
471 754
78 167
308 473
78 167
120 368
718 336
76 251
640 167
716 50
231 622
120 368
998 853
589 76
754 299
302 862
985 692
253 277
832 879
218 167
129 843
485 933
843 435
398 263
802 50
389 185
843 435
218 167
942 692
129 315
263 398
849 263
609 534
843 435
398 263
822 562
822 698
42 534
426 933
609 629
534 42
849 933
843 435
822 562
129 843
273 556
129 843
167 78
822 698
13 42
553 274
843 435
263 849
843 435
398 263
849 263
398 263
129 435
822 417
849 263
42 13
995 768
218 167
849 933
822 562
48 33
305 475
566 478
162 774
417 822
609 629
78 167
534 685
851 476
55 556
843 435
129 843
417 562
129 435
843 435
843 435
843 435
885 438
278 762
129 435
933 849
417 453
485 263
315 860
534 685
609 629
129 843
274 612
274 553
849 263
781 162
218 162
452 237
822 417
398 263
274 553
802 108
305 553
843 435
534 42
534 685
398 13
398 13
453 417
167 78
116 555
170 644
609 629
25 995
685 534
766 842
534 685
781 6
703 923
939 252
995 802
727 941
923 856
222 938
657 47
624 557
695 670
657 945
102 598
945 657
81 727
164 522
544 140
193 938
986 624
624 557
937 863
178 975
338 959
102 598
945 995
464 943
703 434
81 784
102 941
598 102
703 550
164 312
624 557
945 676
164 312
632 842
829 434
945 657
380 943
475 305
703 550
102 941
720 711
828 294
121 427
556 201
632 842
657 47
839 305
544 140
995 172
102 941
839 475
544 140
140 544
522 164
995 108
288 33
164 522
945 657
55 977
839 524
464 943
140 544
434 829
159 127
727 941
395 201
164 522
995 945
557 47
522 164
434 703
923 952
995 802
308 315
657 47
720 297
464 943
711 784
434 703
911 270
27 861
164 522
35 117
496 508
434 829
464 644
159 127
649 273
164 312
102 941
784 711
102 941
544 140
331 717
81 727
102 598
140 544
140 544
308 315
164 522
398 637
618 392
315 618
240 116
274 978
240 116
53 755
618 392
53 755
53 212
720 297
272 231
720 297
240 583
315 963
618 960
53 755
315 963
981 5
398 637
240 583
274 978
315 618
272 231
981 720
331 63
240 583
240 116
240 583
392 232
240 116
380 802
978 274
692 155
315 963
507 584
981 720
901 387
395 237
981 720
52 10
272 231
392 232
240 583
452 201
752 733
687 849
720 981
981 5
981 720
507 584
263 398
272 231
387 392
755 53
981 720
240 583
274 978
240 583
272 231
701 50
272 231
155 692
272 231
129 907
240 116
274 978
315 963
212 53
720 297
978 274
274 331
240 583
332 836
972 43
53 755
63 331
272 331
755 53
507 584
240 583
901 387
981 5
272 331
272 231
272 231
53 755
996 254
981 720
240 116
687 849
478 398
978 274
978 274
274 331
240 583
720 981
802 108
240 116
755 899
236 861
609 629
632 613
126 827
837 479
655 512
591 298
170 632
315 591
861 27
861 27
33 48
62 354
655 691
36 655
861 27
208 471
852 671
861 27
879 512
315 591
879 512
273 556
609 629
404 13
837 479
236 162
837 162
512 879
613 632
354 675
613 176
772 861
632 566
62 293
772 27
861 27
236 162
655 512
298 591
298 591
36 655
315 591
837 609
126 827
110 823
650 985
591 298
666 110
394 170
394 600
772 27
240 126
62 354
837 609
837 609
404 957
315 591
655 36
977 622
632 613
293 62
298 591
591 315
861 27
861 27
863 208
837 162
772 861
240 126
62 293
879 832
837 162
632 566
837 162
632 842
240 126
717 341
879 476
655 36
717 110
827 126
126 827
609 837
613 176
27 861
231 622
298 591
512 655
837 479
879 512
762 188
358 149
591 315
837 609
655 691
591 298
298 591
609 629
879 512
776 17
462 849
131 206
68 227
853 489
497 296
131 82
376 37
242 851
304 35
527 317
629 342
667 776
787 830
777 629
729 206
497 296
131 898
206 729
629 744
777 744
35 304
729 206
304 35
35 304
131 82
894 286
701 132
629 777
888 928
361 742
17 745
497 296
777 629
729 206
742 170
717 139
776 667
131 206
943 539
898 75
361 304
888 541
907 49
360 183
929 642
527 317
527 317
206 729
35 304
907 49
131 898
304 35
596 113
527 317
131 898
35 304
629 777
131 898
642 929
361 742
35 304
629 342
642 929
629 342
131 898
729 745
131 898
787 830
206 729
873 678
206 729
375 701
642 504
283 972
504 656
497 296
776 17
131 206
497 296
29 719
206 729
304 35
937 349
742 170
131 898
29 861
305 633
776 17
131 898
304 742
35 642
131 82
907 49
542 908
729 206
777 744
776 667
742 170
206 729
320 298
486 714
415 178
711 131
606 465
856 354
361 641
719 5
542 766
742 997
861 651
985 506
419 844
419 844
2 1
361 641
320 387
844 419
751 563
29 739
985 458
320 298
419 83
320 387
320 298
320 298
298 320
751 930
320 387
178 452
373 699
280 342
73 595
59 726
320 298
764 855
269 165
985 458
266 699
300 766
794 414
470 794
886 280
711 131
320 298
985 506
466 534
794 414
320 298
641 183
719 942
320 298
506 985
366 687
844 419
198 249
465 365
794 414
639 139
73 751
594 941
942 719
992 703
268 564
376 236
266 362
165 269
300 766
691 844
280 236
320 298
886 138
419 844
641 183
908 542
320 298
419 844
465 606
373 766
810 714
978 249
465 365
506 985
606 540
280 365
506 985
641 361
639 368
856 354
280 365
73 706
506 985
641 183
699 354
465 365
465 365
305 633
473 8
850 930
606 465
551 25
868 356
469 399
838 412
564 56
852 162
901 963
868 356
868 356
868 356
868 356
868 356
242 763
13 963
907 49
516 743
25 773
286 338
804 625
129 14
607 317
641 242
551 540
540 607
641 317
13 963
641 242
641 242
148 317
673 373
13 963
908 542
317 607
412 838
957 222
641 963
13 963
13 963
13 963
222 957
868 356
970 935
356 698
907 597
641 242
356 208
222 957
53 652
887 625
13 963
356 208
907 49
641 242
978 249
551 540
957 970
255 447
776 153
13 963
673 908
13 963
868 356
868 356
804 625
222 804
868 356
601 173
317 607
13 963
907 49
947 939
597 907
356 868
970 935
868 356
988 350
868 356
607 317
174 354
551 32
13 963
13 963
641 963
868 356
766 300
551 540
641 242
970 935
868 356
957 222
868 356
208 56
868 356
153 776
540 607
174 354
868 356
198 673
887 469
641 242
742 170
787 830
33 167
888 541
973 890
888 541
592 299
928 888
504 656
6 443
443 6
853 33
794 414
794 541
497 296
592 299
6 443
443 648
413 103
787 830
6 589
776 667
787 830
787 830
992 573
78 6
592 440
78 626
601 173
318 733
497 787
318 635
596 198
896 976
6 443
555 987
33 167
360 154
573 181
24 987
742 170
787 830
742 170
673 644
592 33
502 170
733 614
440 533
78 6
742 170
742 170
888 928
592 33
318 733
593 860
888 541
504 228
592 228
181 573
6 78
33 167
742 170
742 170
742 170
765 228
6 589
888 541
620 194
33 167
733 614
33 167
888 541
742 504
794 414
776 17
555 987
184 373
360 154
592 299
573 268
181 614
181 56
504 656
63 982
33 167
6 443
742 170
504 656
742 170
742 170
733 170
594 633
592 765
504 656
228 504
173 601
6 78
56 564
318 896
318 733
634 556
853 232
923 99
395 695
308 232
413 782
413 635
553 824
413 635
413 635
330 54
184 373
853 699
634 320
413 635
462 149
553 635
853 699
721 139
462 849
853 232
853 232
286 302
413 635
342 284
286 651
413 635
853 232
699 266
699 853
49 907
853 186
231 583
266 699
850 997
739 699
739 413
395 695
461 99
634 320
461 696
231 583
485 647
398 597
149 522
384 992
413 635
780 696
109 48
891 842
739 699
739 413
764 109
553 635
972 283
413 635
712 59
701 132
635 318
824 664
699 186
8 997
780 696
553 824
721 780
362 954
462 849
149 737
721 780
563 47
461 99
546 504
413 739
149 737
320 479
634 556
231 583
413 635
413 635
664 824
462 149
842 65
779 330
462 849
853 232
385 912
360 183
231 583
553 824
664 824
302 767
853 232
699 266
862 7
639 368
853 232
320 298
853 232
413 635
699 739
947 988
781 68
412 227
50 474
286 338
352 532
205 656
901 361
59 910
250 450
474 5
656 504
318 792
654 500
450 920
792 318
970 577
50 474
988 350
949 245
50 474
205 183
366 792
41 288
824 216
41 288
198 373
350 798
798 12
312 853
970 743
364 43
474 50
318 792
203 781
988 350
656 504
350 988
712 910
988 947
656 205
949 245
318 5
184 373
564 56
50 794
373 184
947 988
366 352
184 373
764 726
384 398
41 288
361 742
105 703
41 288
792 318
375 633
352 532
41 288
41 288
312 608
95 953
73 48
988 350
656 205
860 203
5 474
656 504
320 479
245 450
794 14
184 243
375 198
873 678
794 50
656 504
184 373
184 58
183 205
250 656
183 205
302 767
853 489
41 288
50 474
794 50
243 349
949 245
896 733
500 654
853 58
249 2
250 877
567 266
970 743
184 373
366 792
970 611
577 970
907 283
908 148
300 766
203 310
696 120
203 310
673 908
59 910
59 910
910 59
696 120
474 946
596 567
907 331
59 910
907 203
206 946
474 498
206 946
59 910
206 946
59 910
551 674
206 946
206 946
101 120
907 283
206 946
474 946
907 331
696 120
317 607
696 62
206 946
300 766
696 120
310 203
907 283
203 310
569 300
569 448
696 120
317 607
59 910
308 300
567 978
139 639
317 607
385 331
310 919
569 448
766 300
474 498
206 946
206 946
696 120
907 283
696 120
385 714
766 300
310 203
107 160
59 910
907 283
696 62
907 283
910 59
766 300
907 283
206 946
569 300
907 331
203 781
907 283
907 331
310 203
569 448
59 910
203 310
972 283
542 673
907 331
59 910
68 227
310 203
696 62
907 331
907 331
907 331
206 946
375 919
206 946
596 978
206 946
673 373
206 59
101 471
203 310
206 946
203 310
172 218
283 972
939 988
954 266
870 196
738 443
113 306
745 723
898 655
20 863
745 723
999 382
539 138
745 723
999 382
424 990
114 78
863 331
49 900
891 367
870 196
196 870
891 390
63 451
539 138
738 443
283 972
850 930
850 930
331 863
999 382
738 443
745 723
999 382
999 382
738 443
939 988
443 738
999 382
791 367
939 988
738 443
113 306
283 972
939 988
891 367
829 650
745 63
116 115
408 716
745 534
113 306
539 138
738 443
891 367
172 218
941 594
840 735
939 988
939 660
382 999
999 382
283 972
130 244
249 978
283 850
376 390
850 382
738 443
939 988
116 115
939 988
939 988
939 988
678 873
999 382
939 988
116 453
791 870
63 451
745 116
840 735
840 999
777 744
738 443
999 382
283 49
113 306
50 534
850 382
113 306
174 709
999 382
988 939
939 988
999 382
709 50
367 791
745 723
999 382
184 373
551 674
763 632
461 700
184 373
783 938
268 181
461 700
63 451
764 109
288 795
461 783
461 780
184 373
451 103
783 700
890 97
208 56
783 647
338 914
461 700
741 177
461 700
847 840
783 938
208 56
551 674
890 97
409 231
824 216
644 198
73 48
824 216
184 373
63 97
103 5
184 904
461 700
2 1
824 216
904 300
56 208
780 674
904 551
783 647
249 198
904 300
63 97
461 780
741 177
978 914
890 97
56 564
780 120
43 364
824 216
551 674
184 373
644 198
596 978
632 416
184 596
551 674
152 416
551 674
783 938
597 972
56 208
783 938
484 55
73 48
782 896
763 361
824 216
904 551
741 177
763 647
461 700
485 644
551 674
288 263
741 177
908 485
97 63
904 300
5 103
838 283
759 514
916 634
741 177
890 97
184 596
103 451
5 208
633 305
782 63
461 700
824 216
461 700
361 763
487 61
330 779
567 651
812 935
999 847
330 779
618 452
241 998
368 639
52 844
971 372
971 813
779 330
812 25
120 780
120 101
974 242
330 779
783 938
330 779
49 907
783 938
974 242
971 813
840 421
739 29
120 780
181 56
783 938
974 242
146 767
120 101
667 153
52 844
43 983
611 434
783 938
330 779
783 938
330 779
974 242
974 242
712 910
52 844
52 844
487 61
271 644
812 674
487 516
241 83
452 178
52 844
953 810
419 844
999 779
153 98
667 928
971 813
930 242
120 780
974 242
974 242
972 283
998 662
780 120
974 242
781 227
52 844
120 101
255 447
98 153
98 153
330 779
61 434
112 718
974 242
647 783
452 618
974 242
487 516
330 779
330 779
783 938
941 271
844 52
487 61
591 5
354 856
974 242
972 597
974 242
655 733
153 98
739 567
120 101
779 330
928 72
974 242
783 938
330 779
698 452
779 371
644 369
452 698
456 352
349 224
27 856
644 309
249 86
728 190
548 763
99 245
876 867
164 369
698 452
382 728
644 309
12 414
456 352
349 224
698 452
806 452
184 708
700 624
624 700
452 698
456 369
456 352
903 114
708 184
759 700
644 456
164 833
728 425
624 290
644 309
698 452
256 779
644 309
867 246
728 823
624 290
456 369
405 558
456 369
530 112
249 86
548 405
624 700
833 825
806 974
698 452
188 128
405 111
700 759
759 763
644 309
708 184
759 700
456 352
895 892
779 371
284 405
548 763
548 763
624 290
644 624
558 414
823 728
6 903
940 766
644 309
456 369
759 584
425 728
456 352
779 371
856 619
245 619
359 578
728 823
624 290
417 497
425 973
605 648
11 909
691 884
249 698
444 439
190 57
548 763
27 130
644 456
456 369
759 700
351 565
779 371
644 309
309 644
224 349
34 757
444 325
619 327
589 512
890 29
34 757
619 325
327 325
34 757
88 658
400 240
619 325
34 513
658 683
325 327
658 400
361 461
361 34
88 683
34 186
731 826
804 560
658 501
186 184
186 184
361 461
186 708
186 184
34 757
890 617
493 267
186 414
186 184
826 731
838 112
240 562
34 757
400 658
186 708
186 184
619 325
444 325
439 719
186 708
658 88
890 617
588 892
327 325
731 414
493 705
400 658
240 562
890 617
979 490
29 964
826 731
214 272
34 757
907 719
658 400
617 470
907 719
619 325
826 731
376 490
29 890
240 562
240 562
400 240
826 29
34 361
33 126
400 484
648 153
186 708
34 757
907 719
470 232
470 617
240 562
826 490
400 484
414 731
444 691
88 683
444 325
398 895
400 658
186 708
890 617
658 683
186 414
29 890
444 691
34 184
444 325
890 617
619 325
658 400
890 617
6 894
524 895
382 67
382 67
174 540
381 178
625 517
894 625
894 625
364 807
912 952
381 280
903 6
6 114
125 699
381 178
703 582
894 625
174 540
382 67
894 625
408 49
6 542
699 178
324 846
381 178
542 174
628 408
158 724
894 625
894 625
884 691
898 232
894 625
382 67
382 67
381 408
912 174
853 308
6 114
628 408
382 67
517 894
853 638
530 795
628 408
894 625
381 178
615 60
50 165
894 625
178 699
6 542
644 752
644 625
6 903
382 67
615 60
912 952
382 67
853 638
628 408
830 703
269 60
615 853
125 158
853 638
999 199
308 382
6 114
382 67
382 67
6 903
382 67
125 158
382 67
382 67
615 50
912 174
67 382
269 60
382 67
542 540
907 437
628 408
615 50
382 67
894 625
894 625
894 625
381 178
269 60
178 787
382 67
125 512
898 232
894 625
444 439
178 381
408 628
307 973
121 415
6 1000
469 44
77 263
469 44
498 676
99 856
787 977
454 72
99 542
27 371
957 581
99 542
27 99
109 667
951 934
973 26
143 343
99 542
417 497
671 328
556 498
6 1000
99 973
39 290
171 623
779 371
498 556
99 542
469 6
779 1000
762 464
307 950
581 957
39 981
999 469
589 145
498 556
454 72
99 973
973 99
951 934
498 556
973 26
158 938
999 454
77 44
999 33
454 999
99 856
27 856
99 973
28 531
779 371
779 6
99 856
676 498
950 79
950 307
999 469
290 624
77 263
332 595
377 81
950 79
405 460
498 556
999 454
469 6
779 6
498 556
779 371
6 779
676 499
454 999
957 420
6 1000
307 973
531 459
469 44
699 215
973 307
999 77
779 6
498 676
973 26
595 672
692 219
772 459
307 79
6 469
99 973
121 31
51 846
992 97
897 219
999 454
77 263
34 757
327 623
780 514
103 495
199 852
778 718
199 33
405 284
111 405
689 852
103 495
307 26
405 111
199 261
199 852
652 180
327 623
493 267
425 991
852 199
652 180
405 111
79 307
778 327
706 588
778 51
780 514
307 79
103 495
199 852
199 852
103 495
199 852
359 578
199 852
623 371
778 26
405 111
689 960
652 36
199 852
267 274
103 495
307 79
780 514
111 652
846 51
307 79
327 778
103 495
780 79
41 326
778 26
79 307
495 103
160 409
103 495
97 992
371 256
55 439
79 405
778 26
103 495
720 69
79 307
689 199
371 256
689 960
284 111
327 623
514 771
327 171
938 828
371 256
487 906
778 26
495 36
405 111
307 79
689 359
689 359
689 359
111 405
747 284
689 960
596 385
79 307
596 385
284 826
705 857
405 79
778 718
79 780
689 960
689 359
327 778
26 307
327 171
405 111
256 371
689 359
240 562
240 562
673 349
631 121
940 766
906 719
874 379
893 662
171 497
662 904
673 349
676 502
171 417
240 562
240 562
874 379
673 224
562 240
662 893
171 497
121 587
904 708
662 893
662 893
673 349
171 417
562 240
673 224
316 587
766 940
904 499
832 940
132 765
240 562
316 7
708 904
756 562
906 712
673 224
631 121
316 587
904 889
662 904
631 785
7 316
349 765
673 349
756 562
7 874
893 662
673 349
171 417
631 121
316 7
598 568
631 785
662 904
171 417
171 497
316 587
171 497
832 756
7 498
940 560
171 417
240 562
673 349
1000 960
906 719
893 662
361 953
673 349
904 708
567 158
171 417
832 706
631 906
832 940
631 785
673 349
316 587
587 316
904 562
171 417
240 562
766 940
240 562
55 188
631 121
335 121
587 316
499 502
893 379
262 277
673 349
498 7
562 756
171 497
673 224
562 240
388 242
405 246
804 881
165 638
940 804
720 832
165 799
427 578
578 427
865 799
405 700
552 266
799 165
405 558
388 242
706 588
984 981
981 984
973 26
981 984
578 427
638 165
720 832
799 865
720 69
832 427
242 388
804 881
799 865
638 651
973 638
981 984
165 638
552 266
552 266
165 799
578 427
405 558
865 799
552 266
981 388
461 771
578 427
799 865
760 382
865 799
651 638
578 427
165 466
388 242
760 382
832 720
981 984
125 567
981 984
578 194
405 284
213 493
242 388
405 558
718 14
981 984
799 165
973 638
981 984
213 705
799 865
215 699
578 427
578 427
242 388
838 112
382 760
981 984
388 242
700 8
720 242
388 242
638 973
981 388
720 69
552 266
578 427
865 799
583 26
760 382
578 427
165 799
760 631
578 194
884 645
973 26
832 427
165 638
747 346
382 67
973 638
981 984
832 427
760 382
245 99
713 227
414 12
585 390
617 470
99 245
959 831
245 99
484 777
174 446
414 12
802 261
657 658
467 227
245 99
184 513
802 261
390 794
17 796
832 485
312 762
802 617
417 171
969 775
308 559
470 232
585 390
171 417
802 261
17 436
245 174
983 263
174 65
2 1
959 831
470 232
245 174
446 466
390 585
467 179
245 99
787 160
831 959
585 794
959 831
959 831
97 992
542 444
585 436
174 245
133 820
245 99
551 959
97 992
802 261
959 831
802 261
467 307
617 470
390 585
245 99
199 999
326 851
940 766
245 99
245 99
171 417
617 470
308 559
959 657
245 99
617 479
188 128
26 973
959 657
414 12
245 99
865 799
326 851
308 307
85 239
326 851
414 12
802 261
308 307
390 794
585 436
585 390
326 787
312 962
802 261
787 977
174 245
308 559
658 657
713 227
585 390
959 831
585 390
713 467
835 619
355 27
920 626
262 285
787 977
540 51
167 286
85 239
161 36
51 167
51 34
85 239
285 904
285 904
470 408
161 198
262 186
975 232
975 690
34 757
51 934
299 671
683 690
51 167
285 904
36 336
285 904
683 400
920 249
493 267
762 312
355 779
285 262
381 787
719 906
285 904
920 249
986 525
540 542
683 690
285 904
381 288
975 690
903 6
285 262
355 779
285 904
285 904
51 167
158 724
34 262
479 510
51 540
34 262
920 249
975 232
41 326
920 249
51 934
355 779
262 34
797 280
381 288
34 262
920 249
903 114
51 934
355 779
256 1000
285 904
36 336
492 214
285 262
493 267
756 85
683 690
975 232
737 27
347 513
285 904
110 381
158 724
964 29
36 161
72 454
36 336
36 161
34 757
540 542
683 400
51 540
683 690
34 757
355 779
779 355
51 934
975 232
904 285
285 904
519 737
597 7
468 387
788 928
223 498
232 898
584 111
223 498
584 460
809 123
597 121
853 157
468 539
444 846
223 297
584 111
799 865
809 123
307 79
788 928
597 7
223 498
90 788
788 928
788 928
188 128
111 584
114 128
617 890
121 335
582 703
7 498
223 498
703 582
188 128
703 582
415 31
468 539
7 597
90 293
307 79
41 409
293 164
853 157
451 603
809 123
85 309
90 788
788 928
498 223
809 123
356 628
307 79
852 816
788 928
297 223
31 569
387 468
223 460
654 826
788 928
584 460
853 157
336 111
584 111
223 498
950 79
584 460
809 293
451 603
889 297
582 703
498 223
703 582
584 111
7 498
14 559
7 597
584 460
788 928
804 940
694 925
7 597
999 199
902 712
293 90
114 903
853 582
853 157
788 928
188 55
336 387
468 539
31 569
703 830
788 928
359 430
90 788
387 468
29 964
157 853
842 631
962 525
28 676
62 525
631 842
631 842
28 676
947 20
172 409
947 20
28 676
870 391
740 460
409 342
842 631
525 962
947 893
631 842
731 676
172 947
430 28
62 994
409 172
91 629
128 62
172 409
829 717
62 994
842 631
947 20
631 842
842 631
28 430
44 515
28 676
62 128
525 1
509 947
731 676
62 994
983 914
984 139
62 525
962 631
62 994
172 210
93 731
62 128
62 994
962 525
128 62
28 676
62 994
844 549
842 829
62 128
128 561
984 139
62 525
128 430
62 525
667 592
62 994
62 994
62 525
829 717
509 20
409 342
62 994
28 676
62 994
28 676
62 994
525 62
93 870
962 525
631 842
289 311
145 449
842 715
525 62
631 842
304 237
631 842
44 515
676 731
28 676
667 435
28 676
525 62
62 525
631 842
62 525
28 676
962 525
128 62
984 509
28 676
829 717
842 631
484 91
555 216
898 452
485 620
485 291
676 807
452 859
676 274
898 91
807 430
807 676
807 676
898 452
861 387
861 387
918 905
10 733
216 299
274 676
807 676
898 484
553 216
950 427
40 883
898 91
452 859
898 91
676 807
274 517
676 807
898 91
657 112
452 859
128 791
452 898
274 517
950 427
484 91
291 485
962 710
898 452
898 484
348 279
274 517
898 484
807 676
950 859
898 91
676 807
807 676
883 950
324 919
898 91
807 676
352 88
758 791
484 758
348 279
485 291
452 859
485 291
905 13
919 205
861 291
807 676
950 458
807 676
919 205
898 484
898 452
485 291
898 452
485 620
348 291
430 807
279 348
300 553
484 898
898 91
950 427
898 91
898 484
676 807
484 91
385 347
300 555
898 452
484 91
553 459
949 929
898 452
274 676
620 485
898 452
898 91
620 650
628 158
291 620
216 555
919 205
727 104
394 28
154 234
571 119
373 887
158 769
85 394
499 523
196 574
535 64
462 394
306 883
196 574
770 278
55 625
462 426
283 924
154 117
574 196
196 574
787 82
311 289
182 51
129 54
435 975
316 296
499 523
803 625
129 54
51 55
499 86
129 54
85 394
499 86
803 625
256 650
435 975
85 394
803 129
727 104
499 86
727 871
975 85
27 145
85 975
442 443
154 117
787 82
449 515
101 234
435 975
154 234
85 975
525 1
462 426
256 727
411 374
85 975
234 154
879 777
532 499
499 86
499 86
803 625
311 525
154 117
85 394
499 86
129 54
154 234
55 625
803 625
628 158
803 625
474 808
85 975
196 574
535 129
532 370
787 82
27 32
946 283
435 117
532 523
532 523
101 234
787 256
499 86
196 574
499 523
499 523
383 887
975 85
351 734
462 426
462 274
154 117
82 787
787 82
499 86
724 962
138 446
782 967
924 856
235 138
411 579
446 138
60 198
60 198
518 977
518 300
499 86
300 499
662 86
60 198
300 499
235 782
604 501
782 235
235 83
158 427
782 967
499 86
604 501
446 138
60 198
604 501
604 501
577 152
806 427
60 198
967 782
662 32
499 300
446 138
86 499
499 86
60 198
235 138
604 501
499 86
977 949
86 499
138 446
235 767
604 501
158 890
872 977
300 518
662 32
518 300
158 427
604 501
446 138
235 782
662 411
832 152
782 967
300 518
518 300
782 83
662 86
950 427
300 499
499 86
152 806
86 499
427 950
782 83
152 60
604 501
662 32
60 198
446 138
782 83
604 289
499 86
86 499
60 198
604 501
782 967
180 851
138 446
60 198
86 499
316 806
806 427
60 198
499 86
158 427
967 782
872 977
818 296
604 501
60 198
499 86
235 782
446 138
60 198
782 83
94 642
954 736
532 297
959 20
755 971
201 417
125 642
283 856
383 887
971 755
615 659
367 932
992 625
726 655
814 490
88 681
130 365
688 971
62 994
283 946
417 201
959 947
539 702
462 426
202 674
818 769
346 755
201 417
579 430
436 278
532 297
125 642
346 755
269 960
959 269
42 637
726 655
201 417
736 383
689 40
461 742
44 973
346 671
615 319
959 159
125 594
562 346
792 40
720 539
201 417
879 579
898 91
77 802
959 947
959 947
688 971
851 180
269 72
435 984
110 932
532 297
818 427
449 975
601 75
957 644
689 861
346 755
684 61
201 417
141 374
959 947
42 24
991 720
726 472
201 417
674 202
947 959
201 417
286 362
411 692
924 283
201 417
269 947
461 908
390 82
689 861
787 861
792 689
792 40
316 296
539 67
201 417
201 417
537 652
839 975
702 539
125 642
861 689
960 957
908 742
397 952
436 890
952 397
72 147
147 394
147 394
72 147
952 397
316 296
316 296
72 147
917 458
397 952
952 397
119 571
397 952
316 952
72 147
316 296
397 952
952 397
952 397
525 1
917 316
952 397
316 296
411 128
72 147
962 32
128 890
311 962
962 189
397 952
411 394
72 147
316 952
397 952
952 397
316 296
397 952
397 952
316 296
119 571
917 458
72 147
72 147
316 296
72 147
316 296
397 952
316 296
436 487
917 458
397 952
962 189
962 189
72 147
189 962
311 962
72 32
147 72
397 278
962 32
128 411
147 72
962 189
27 394
316 296
72 147
962 311
436 190
962 189
758 311
436 890
72 147
316 296
316 296
962 189
72 147
72 147
766 190
397 952
397 952
27 32
397 952
769 398
32 962
952 397
962 189
316 296
458 917
458 398
147 394
952 397
917 458
72 147
316 296
917 316
147 72
72 147
571 119
950 427
279 395
734 949
40 883
927 693
693 269
681 760
300 924
435 592
347 498
592 435
91 289
40 883
91 435
927 693
435 592
300 518
40 883
724 189
927 693
91 458
950 427
693 927
693 960
91 289
40 883
91 435
927 693
398 724
883 40
927 509
91 435
40 883
282 32
693 927
40 883
561 791
279 309
347 498
91 435
40 883
91 458
269 147
300 518
347 300
91 458
924 856
91 289
890 62
692 282
274 731
516 147
40 883
458 950
91 435
158 571
91 435
435 592
40 883
927 693
592 667
91 458
168 20
278 352
458 950
91 435
91 435
91 435
279 309
274 517
347 498
693 927
91 435
347 300
927 509
40 883
300 518
950 458
458 91
883 950
274 731
509 237
91 458
91 458
300 518
592 435
300 518
91 458
40 883
351 977
91 458
950 427
147 662
91 435
458 398
927 693
927 509
300 518
592 435
570 433
274 517
771 956
829 717
353 981
961 475
274 517
771 379
186 203
676 274
309 981
956 771
577 570
309 733
274 676
577 265
956 771
376 433
45 170
577 508
570 577
577 891
981 309
981 309
353 981
981 353
570 433
240 458
715 842
577 891
353 856
956 771
379 771
274 517
577 508
771 379
577 570
379 697
343 154
577 265
128 879
309 981
525 962
186 203
430 28
891 954
203 186
309 981
771 956
917 818
62 994
44 973
856 274
577 508
309 981
379 771
981 309
353 981
376 427
353 981
577 891
771 379
570 433
186 354
309 981
433 570
545 396
396 302
570 433
592 667
981 353
353 981
203 186
570 433
956 771
309 981
203 186
309 981
570 433
379 697
379 697
891 577
45 283
203 186
891 577
353 981
981 309
676 274
309 981
302 396
570 433
353 981
353 981
771 956
463 967
376 433
353 981
186 203
956 771
433 570
286 622
950 296
929 949
622 286
622 286
622 286
289 311
461 102
296 917
739 461
289 286
461 739
296 950
296 950
296 950
296 917
286 622
289 791
289 791
622 286
622 286
872 708
917 296
289 311
950 427
286 622
461 102
461 739
872 708
622 286
286 622
461 739
461 739
461 102
461 102
289 311
289 311
872 351
872 708
289 311
289 452
461 102
461 102
289 791
248 127
708 872
950 427
351 879
286 622
872 351
461 102
622 286
351 872
351 879
872 708
248 127
289 791
461 102
872 708
872 708
872 351
622 286
289 311
289 452
872 708
289 286
296 917
872 708
289 311
739 12
622 286
622 286
622 248
286 622
286 362
289 311
950 427
461 102
351 879
289 311
296 917
622 286
296 950
289 311
622 286
461 102
461 102
622 286
872 708
286 622
286 362
872 708
461 102
286 289
622 286
872 351
289 791
248 925
872 351
296 917
739 12
303 248
959 384
399 614
785 824
822 585
824 785
932 303
384 959
119 571
614 560
355 740
961 440
560 824
740 549
399 75
785 932
790 308
308 126
484 101
790 410
449 515
216 258
449 975
560 824
374 141
85 662
216 258
975 449
355 740
399 75
305 672
614 560
770 196
384 143
216 790
355 460
824 785
75 354
560 614
36 236
959 384
190 487
462 731
824 785
745 498
5 399
285 242
399 75
731 325
306 739
570 306
285 698
370 426
570 316
614 631
47 814
959 355
216 473
197 2
614 560
739 659
306 570
225 168
308 822
306 570
417 201
824 560
622 932
824 560
303 917
947 355
460 326
399 75
47 678
354 75
962 724
306 570
683 814
683 814
570 306
615 952
430 411
824 785
303 917
355 947
306 570
309 981
355 247
570 316
452 710
75 399
430 411
354 75
355 460
303 316
614 560
785 824
675 966
824 785
514 185
213 957
82 919
514 814
185 386
792 514
842 803
842 803
185 386
713 831
516 793
514 185
600 793
842 803
398 713
398 831
357 302
308 506
605 837
469 10
793 600
514 814
842 803
842 803
213 432
357 302
308 136
600 793
397 185
516 793
516 793
185 875
516 793
397 82
357 302
842 803
514 814
363 537
793 896
398 831
370 706
713 831
713 398
516 793
803 842
357 302
713 831
357 398
514 814
986 485
713 831
803 842
919 609
357 302
842 803
398 831
363 537
388 587
842 803
514 814
725 706
308 506
432 615
398 831
919 397
357 302
308 136
357 302
614 638
213 957
185 386
397 185
398 831
213 957
213 516
514 814
82 397
432 615
213 957
744 949
397 82
725 136
842 803
357 302
516 793
713 398
803 842
16 537
357 82
398 831
842 803
842 803
803 842
516 793
942 595
185 397
398 219
398 831
793 516
796 788
827 771
771 172
825 485
827 172
88 744
622 176
68 942
744 253
152 289
35 984
296 799
189 287
614 919
919 614
744 253
744 844
120 12
744 253
152 289
771 46
744 253
272 827
587 387
272 827
827 272
744 253
771 827
267 88
890 950
35 984
152 795
760 865
744 253
272 827
152 289
771 942
272 827
609 828
614 919
827 272
88 744
289 152
614 919
622 176
771 68
541 288
707 35
744 35
744 253
744 253
35 984
152 795
595 942
919 622
12 120
219 398
272 827
152 289
88 424
614 595
919 609
855 966
587 617
890 707
771 827
744 844
272 827
827 172
152 289
88 744
272 827
272 172
744 88
618 755
120 12
152 289
614 919
950 994
744 253
289 152
614 595
272 827
176 173
614 919
950 890
152 795
827 172
35 707
844 253
35 984
622 428
152 795
614 919
735 56
272 827
713 735
152 289
35 984
744 88
919 614
645 35
266 330
111 68
373 224
266 330
942 111
921 852
266 330
554 622
700 695
266 330
91 695
400 391
293 936
554 622
111 942
4 60
123 591
587 617
645 869
266 330
266 330
123 591
111 68
123 591
396 201
123 591
41 562
35 645
111 68
122 228
111 68
266 330
60 175
695 700
293 700
266 330
266 330
266 330
266 330
700 293
111 68
123 591
695 496
213 496
645 869
35 645
942 562
984 613
266 330
554 266
966 122
123 591
869 645
667 133
16 643
819 398
123 591
695 91
477 984
43 286
60 4
175 60
111 68
293 936
921 852
123 591
387 779
293 700
266 330
111 68
266 330
60 175
330 266
869 408
942 562
330 266
330 391
111 68
695 869
123 201
966 122
695 496
726 749
111 68
413 116
921 852
266 330
966 622
645 129
266 330
35 667
489 357
111 942
475 477
35 574
122 228
123 749
123 591
123 591
750 399
832 950
351 757
688 659
832 950
659 688
904 686
39 904
252 634
738 911
561 910
613 984
581 930
499 448
763 559
870 84
904 686
870 84
950 832
950 832
832 950
659 688
136 727
399 771
129 162
511 730
686 904
688 659
41 405
832 950
13 950
399 581
832 950
832 950
750 399
13 209
122 228
870 84
659 688
750 399
84 688
688 659
609 919
254 84
489 988
669 433
614 499
399 750
910 868
950 832
386 185
581 132
362 184
950 832
904 686
600 629
908 826
331 549
511 137
585 435
373 585
742 663
399 750
908 351
362 186
39 409
155 46
870 84
763 194
659 688
832 950
688 659
122 398
904 686
688 659
870 84
13 950
3 750
908 826
132 581
832 950
13 209
908 826
950 13
688 659
645 129
528 663
136 473
870 84
84 870
904 39
887 441
659 688
826 362
607 42
904 686
950 13
441 634
870 887
331 725
451 655
630 328
194 37
194 699
726 931
655 37
451 655
313 59
328 595
868 313
451 655
328 595
655 865
868 313
868 313
726 931
451 865
451 391
726 581
868 313
655 689
247 931
634 313
634 313
451 655
451 655
726 581
868 313
194 655
726 931
451 655
328 595
194 37
726 581
328 942
581 930
328 595
868 313
313 868
451 391
451 655
451 630
328 630
328 595
391 451
630 391
313 634
634 313
328 630
247 931
868 313
451 865
451 655
630 391
726 931
634 247
451 865
248 194
328 595
451 865
726 581
456 400
248 267
655 689
655 451
194 868
328 595
634 247
194 655
451 655
451 865
630 391
328 630
634 247
451 655
655 451
634 247
451 865
247 252
726 931
655 451
634 313
328 630
726 931
451 391
451 655
868 313
328 630
400 391
451 391
655 37
247 931
328 595
868 313
328 630
726 931
451 865
387 587
313 634
328 630
254 54
42 51
743 921
942 595
809 145
921 852
957 714
757 51
743 921
42 607
921 852
402 53
402 53
42 607
116 145
286 775
286 936
51 757
946 199
942 885
713 799
677 373
885 433
921 852
26 53
941 160
51 181
42 607
757 51
942 595
160 941
16 643
874 524
116 413
946 199
921 852
910 424
809 145
469 884
51 757
286 936
402 160
29 45
402 26
713 116
942 595
254 910
957 949
29 607
402 26
957 949
254 910
402 26
26 53
874 524
51 181
957 949
51 757
677 435
855 398
132 934
714 775
598 532
936 918
874 524
286 936
738 881
957 949
286 936
51 181
402 53
41 405
247 575
132 221
42 607
677 373
29 677
757 51
286 936
921 852
51 757
51 757
607 42
51 757
744 949
936 918
743 921
51 757
743 921
116 413
942 595
51 757
677 585
561 252
224 373
296 713
286 936
643 16
286 957
524 874
71 645
467 473
473 727
287 189
14 689
467 473
831 56
291 788
510 448
71 407
311 300
617 587
311 300
68 549
189 287
508 240
91 10
855 363
189 287
473 727
68 549
35 574
869 408
10 91
594 182
71 407
407 109
894 637
407 109
894 850
407 508
71 407
35 71
407 109
300 311
137 116
407 508
817 698
406 348
508 240
466 875
489 357
407 508
778 623
466 766
844 598
638 328
68 111
577 681
71 407
68 549
71 407
466 257
508 240
182 594
894 170
63 778
466 257
311 300
68 549
87 695
549 725
725 727
850 894
466 257
10 469
87 695
68 549
549 68
407 508
308 766
904 300
87 508
904 594
35 574
407 71
407 236
466 257
197 873
495 981
850 894
894 170
407 71
287 698
508 87
574 707
766 308
170 189
357 230
511 137
311 300
467 308
706 370
374 872
473 467
311 300
473 467
413 116
467 473
503 330
735 234
499 614
735 234
481 318
88 896
896 88
516 793
499 614
499 614
41 614
499 614
481 298
318 298
345 532
62 361
405 41
405 41
499 614
735 234
345 88
735 234
859 870
513 91
735 234
499 614
718 194
499 614
499 614
614 499
735 234
499 614
735 234
499 614
318 298
499 614
614 499
614 499
499 614
735 234
62 982
499 614
499 614
405 41
121 10
499 614
735 234
735 234
121 10
62 982
499 614
499 614
718 194
405 41
62 982
318 298
499 614
735 234
62 361
91 10
735 234
499 614
361 62
318 298
896 629
62 361
405 614
499 614
318 481
735 234
499 614
735 234
91 10
405 718
735 234
481 298
735 291
91 735
318 298
293 918
499 614
614 499
499 614
10 91
735 234
735 234
499 614
499 614
735 234
405 41
735 234
499 614
592 982
775 859
614 499
735 234
735 234
735 234
318 298
91 10
735 234
10 469
10 121
680 706
734 853
819 734
530 480
469 10
706 506
290 986
480 63
706 680
19 18
290 962
882 547
19 18
19 18
177 485
314 734
547 882
10 469
962 290
882 547
506 706
200 517
734 819
506 706
18 19
819 831
10 469
10 469
506 706
226 440
10 469
706 680
853 120
469 10
706 506
469 10
19 18
554 489
10 469
290 986
10 469
120 529
962 290
19 18
10 121
10 469
401 115
10 469
120 12
10 121
10 469
2 1
974 904
525 530
18 19
819 734
19 18
506 706
10 121
19 18
10 469
525 63
428 622
680 706
290 680
292 173
120 12
882 547
10 469
865 45
825 485
882 547
290 177
988 554
489 988
290 986
489 988
290 177
547 882
904 974
14 655
290 962
10 469
173 176
506 706
547 882
120 853
19 18
440 40
10 121
904 974
734 314
10 469
290 962
734 853
10 121
819 734
853 734
235 103
235 103
622 428
622 428
754 326
581 930
626 447
428 622
626 454
881 650
626 447
622 428
294 869
986 930
622 428
986 825
910 439
149 318
306 150
62 754
428 622
626 294
247 252
622 428
760 428
424 598
326 754
986 760
235 103
334 946
986 825
626 294
235 103
986 825
622 428
306 821
469 121
318 149
235 103
986 825
469 10
1 2
581 930
986 825
294 889
428 760
235 103
622 428
622 428
634 441
428 622
788 294
695 87
581 930
622 428
626 454
986 825
326 754
428 622
235 103
982 983
149 318
622 428
760 16
788 294
622 428
326 754
294 788
788 889
294 788
150 306
291 788
622 428
986 825
581 930
622 428
622 428
622 428
388 986
760 428
622 428
326 754
986 930
760 428
936 286
235 103
2 1
622 428
986 825
294 869
622 788
910 868
626 447
428 760
306 821
428 622
235 103
626 294
622 428
273 423
437 663
803 680
933 643
90 980
928 294
635 667
684 494
769 309
494 558
837 558
484 28
494 837
782 377
722 940
558 72
424 181
294 928
682 215
928 294
928 294
708 468
618 614
928 294
781 592
736 377
306 886
43 803
863 664
243 437
799 570
890 680
50 394
494 837
928 682
928 691
928 294
437 663
933 995
133 933
738 562
933 133
682 215
548 620
928 294
680 803
643 805
45 72
757 517
260 807
933 28
682 215
133 910
437 243
309 281
635 667
803 182
243 21
437 663
782 788
494 837
680 890
738 562
682 215
309 281
933 995
494 837
494 684
691 791
738 562
684 863
682 928
548 620
509 137
511 284
890 680
933 28
805 643
294 928
803 182
643 677
890 243
377 614
494 837
494 837
890 680
933 643
43 557
931 343
28 677
494 684
294 928
803 43
309 281
281 371
691 791
281 309
805 435
680 766
933 643
43 803
804 55
260 804
616 260
635 98
931 886
635 98
616 995
947 959
274 648
635 98
886 21
720 55
252 720
947 959
616 222
616 995
616 995
487 995
616 222
487 995
414 940
886 68
55 720
925 240
635 121
616 260
688 437
616 995
761 60
487 995
540 654
936 121
487 883
826 232
223 399
487 502
883 139
55 804
309 769
121 155
616 995
635 121
55 804
635 98
487 883
959 947
148 69
260 807
487 121
616 222
55 720
635 98
604 898
179 668
487 995
487 883
260 807
635 98
222 609
654 942
487 995
975 913
487 995
274 98
925 240
98 635
423 938
635 98
274 886
730 223
274 648
487 502
260 616
487 995
925 266
947 959
487 995
883 139
616 995
690 804
487 995
274 98
635 98
260 55
886 21
635 98
635 98
252 501
872 533
886 21
274 98
947 252
274 886
616 222
274 648
947 959
112 471
616 995
635 98
121 155
754 375
380 641
940 414
832 331
737 986
237 754
107 675
237 569
940 414
813 196
770 158
148 465
158 896
991 737
896 158
986 991
995 901
380 641
237 569
976 972
857 414
995 590
995 590
380 641
490 832
754 375
754 237
380 641
490 293
331 133
857 940
158 896
995 901
490 293
380 641
986 991
292 781
517 743
754 375
813 196
813 196
857 237
148 465
813 196
813 196
214 130
158 896
380 813
133 583
380 181
465 148
490 293
702 95
380 641
158 770
813 15
857 940
380 641
380 641
737 130
490 293
896 158
754 375
641 380
15 813
181 424
331 832
857 940
883 943
737 130
331 910
99 103
380 641
832 490
813 196
490 293
991 986
508 70
754 375
62 832
158 770
552 214
781 331
754 375
813 196
380 641
552 896
552 896
380 641
813 196
380 641
986 991
813 196
181 424
754 375
490 293
237 754
331 832
380 641
380 641
543 792
30 711
821 28
296 99
429 48
569 234
28 48
309 769
984 302
296 99
30 984
234 607
429 984
429 48
457 163
583 698
511 284
901 25
36 385
999 353
429 48
139 344
457 163
511 284
429 984
30 984
511 284
429 48
543 410
234 569
821 28
28 48
543 410
429 48
999 353
984 30
821 28
99 296
30 984
36 792
309 769
502 590
957 234
429 48
792 543
296 99
36 792
984 30
36 792
296 99
309 769
296 309
569 545
984 302
296 99
36 792
999 353
36 385
999 353
792 36
25 657
309 769
30 984
569 234
984 30
681 883
861 543
36 792
821 972
440 185
400 163
429 984
569 234
296 309
821 28
99 296
984 302
234 607
511 284
36 792
511 284
511 284
30 284
502 487
296 99
511 284
30 284
296 99
309 769
821 346
309 769
36 792
569 246
36 792
511 30
708 331
296 99
222 609
309 769
457 163
749 831
749 831
781 331
675 369
50 884
831 749
675 369
50 884
708 331
50 884
331 781
831 749
675 708
594 369
708 331
368 762
368 762
708 675
369 594
675 369
675 369
594 607
594 369
594 607
708 331
708 331
594 369
902 662
708 675
594 369
708 331
708 331
675 369
749 831
708 331
369 594
50 884
590 58
708 331
749 762
675 369
708 331
369 594
749 831
368 762
708 331
369 594
749 831
594 662
708 331
749 831
749 762
708 331
234 79
303 747
708 331
368 762
594 369
743 517
50 884
369 594
708 331
708 331
831 749
749 831
831 749
831 749
594 369
50 884
749 831
50 884
708 331
594 369
708 781
594 607
747 303
749 831
234 662
781 331
369 675
708 331
831 749
368 762
50 884
50 902
749 831
50 884
781 331
139 40
749 831
50 884
708 331
708 331
708 331
50 884
369 675
369 675
708 331
749 831
708 331
576 866
811 725
31 945
598 259
576 866
478 640
640 478
576 866
270 121
688 576
174 59
984 302
127 484
159 351
711 30
688 576
465 148
425 203
478 742
478 640
174 688
598 974
901 133
31 945
478 330
31 945
984 48
576 866
832 468
478 640
576 866
478 640
405 59
576 688
576 866
159 246
468 832
468 832
431 48
213 127
31 945
31 945
866 576
866 576
204 54
31 945
478 640
688 576
688 576
688 174
174 688
31 945
592 970
468 832
984 48
398 79
725 129
832 468
688 576
688 576
478 742
203 259
270 31
832 468
478 742
866 576
683 621
259 241
270 31
576 866
598 974
688 576
832 468
688 174
984 302
832 468
31 945
725 129
640 478
984 302
725 129
974 565
688 576
576 866
17 1000
640 478
738 904
598 241
478 742
984 725
688 174
478 640
688 576
688 174
576 866
31 945
484 487
677 257
598 241
48 693
643 590
581 580
581 580
410 230
730 913
986 991
640 478
580 884
581 500
884 13
691 562
991 99
691 562
991 986
107 675
15 561
581 580
489 290
237 569
884 237
581 688
69 807
237 643
643 15
604 437
15 561
290 640
581 500
986 691
986 991
237 884
14 111
174 581
400 888
789 14
643 901
607 662
500 581
547 489
62 260
730 913
698 583
500 581
590 58
730 896
901 616
901 616
569 881
290 489
290 489
237 398
643 15
590 58
807 69
15 561
581 580
210 594
547 822
730 896
14 789
581 580
419 158
730 913
290 489
643 901
913 730
500 581
237 398
581 580
884 237
398 237
986 691
884 734
643 901
643 237
581 580
734 902
580 581
884 581
237 569
643 901
600 348
643 237
581 500
643 15
500 581
237 569
986 258
730 134
581 580
15 561
643 590
237 569
580 474
581 580
643 901
884 580
824 600
643 15
600 824
533 991
140 161
592 910
781 910
281 204
463 749
62 260
25 508
463 749
533 296
58 943
533 296
204 54
25 70
292 148
270 161
123 401
204 54
204 54
168 155
25 901
533 296
790 693
693 463
533 296
821 346
743 702
487 484
910 133
123 401
25 508
781 62
533 991
693 463
51 401
133 910
140 474
51 401
432 907
204 54
533 991
533 991
292 148
133 910
532 371
234 607
292 148
821 346
533 991
821 346
62 781
533 991
463 693
463 693
781 910
204 281
123 401
123 401
31 945
123 401
123 401
533 991
123 401
204 54
607 356
533 991
133 910
463 749
25 508
821 346
62 260
204 54
51 161
25 508
693 463
140 474
51 161
356 54
107 37
463 693
910 781
123 401
533 991
533 296
62 260
533 991
123 401
533 991
693 463
533 991
123 401
702 743
62 260
25 508
133 910
204 54
463 693
204 54
281 296
51 618
675 69
675 69
394 50
561 87
561 972
69 675
394 50
66 861
179 757
179 757
569 179
457 87
394 50
561 972
561 25
394 50
69 675
394 50
25 657
888 457
388 970
394 50
25 285
675 69
675 69
561 972
675 69
394 50
394 50
394 50
561 972
394 50
675 69
735 145
13 884
394 50
561 972
69 708
888 348
561 972
569 179
394 50
708 331
675 234
394 50
561 972
675 465
675 69
498 374
234 957
394 50
465 675
150 543
561 972
150 543
561 25
222 374
569 179
881 398
957 234
561 972
561 972
708 958
69 675
25 561
394 50
69 675
757 222
675 69
675 69
394 50
69 675
561 25
888 348
561 972
394 50
569 179
708 958
569 179
569 179
543 150
958 66
569 179
649 145
675 69
561 972
958 708
179 569
394 50
888 348
150 543
675 465
292 148
234 957
569 179
957 95
13 884
222 374
179 569
561 972
657 25
1000 17
773 667
25 1000
657 25
25 657
3 443
161 398
690 62
1000 17
25 657
690 473
292 148
25 1000
60 761
667 98
781 583
1000 25
60 761
309 21
62 690
386 655
579 394
533 991
1000 25
62 260
60 761
21 875
306 886
398 246
1000 17
25 1000
386 655
761 60
682 215
161 667
1000 25
583 781
60 761
161 667
21 761
781 583
886 21
657 25
657 25
1000 25
443 544
446 13
443 544
655 386
25 657
25 657
445 662
60 761
161 398
306 886
239 667
215 682
309 533
386 655
60 761
443 3
21 886
25 657
583 781
657 25
25 657
25 657
657 583
443 544
246 360
161 398
583 781
60 761
21 886
761 60
667 161
781 62
21 886
583 698
246 360
60 761
25 657
667 98
443 544
533 761
443 802
161 667
1000 17
62 690
657 25
1000 285
688 21
657 583
353 940
21 875
25 1000
781 583
1000 25
62 690
445 126
717 263
129 819
954 263
445 126
263 954
884 506
53 797
81 808
263 954
263 954
954 263
263 717
445 126
884 96
445 126
445 319
285 353
954 263
300 96
285 353
353 285
129 819
129 96
445 319
819 448
126 445
126 893
537 180
285 353
263 954
448 506
448 506
410 133
859 473
53 859
263 954
954 263
797 825
884 819
825 546
180 719
445 126
420 300
939 768
285 353
448 506
129 819
690 54
954 263
345 640
954 988
285 353
954 988
448 506
319 804
954 263
129 808
893 445
96 300
859 53
129 819
420 808
437 537
951 1
954 263
859 473
717 263
954 263
884 96
111 131
781 906
954 263
129 96
954 263
129 819
954 263
884 819
825 797
445 319
448 506
825 797
129 96
859 53
180 355
285 353
410 793
448 506
954 263
954 263
53 797
954 263
53 859
53 797
273 983
445 126
859 53
508 834
53 797
285 355
180 410
409 931
345 110
867 704
409 834
180 133
507 824
447 475
487 216
834 43
216 958
751 808
180 410
922 410
487 846
808 751
475 447
922 940
922 377
888 745
824 302
216 487
751 475
751 867
507 824
846 267
507 824
133 180
751 808
180 133
888 745
543 39
475 808
751 808
180 410
180 133
751 475
286 930
834 450
507 824
813 662
507 824
834 450
362 951
272 149
751 759
216 774
846 779
828 28
475 808
888 745
216 507
273 983
216 774
180 410
507 824
922 410
507 302
447 846
409 931
475 808
216 774
180 410
507 824
475 447
180 133
888 6
958 216
180 133
180 410
834 133
216 774
409 834
751 759
133 410
834 133
834 450
475 447
507 824
180 410
475 447
846 779
173 491
834 133
751 808
180 410
487 216
180 410
180 410
475 808
216 774
475 447
377 922
507 824
751 867
834 43
828 28
510 579
751 17
711 350
833 753
320 247
810 216
833 37
753 833
37 111
231 810
971 210
320 247
231 810
753 54
37 833
247 717
113 247
320 247
320 247
681 540
478 487
711 751
616 681
543 430
751 759
320 247
228 414
833 37
231 810
751 759
320 247
681 540
320 753
247 320
17 704
247 320
37 833
931 17
228 414
37 833
17 704
833 753
519 414
37 833
320 247
681 111
693 454
37 833
751 759
616 931
616 751
833 753
37 833
320 247
320 247
753 833
414 228
519 717
751 759
616 751
810 231
681 616
751 759
681 37
753 320
717 519
320 247
753 833
37 833
717 988
971 210
753 54
37 833
751 711
228 958
320 247
751 759
717 519
751 759
37 833
231 810
37 833
681 111
681 540
681 111
752 484
231 810
231 810
37 833
751 867
616 681
247 320
519 981
751 759
810 216
519 717
751 759
320 247
711 955
231 810
320 247
231 478
774 216
77 459
334 239
334 239
979 798
96 300
716 47
334 239
625 541
96 300
625 251
716 47
77 459
979 147
647 839
625 154
47 716
716 47
376 428
334 239
839 9
241 47
334 239
47 241
716 47
716 47
716 47
334 239
751 759
494 945
362 2
334 239
393 239
716 47
241 327
716 47
647 839
334 239
316 819
625 378
393 239
501 549
647 839
334 239
839 9
647 839
494 945
839 9
334 239
77 459
625 334
334 239
683 562
334 239
334 239
77 459
625 251
334 239
625 251
873 361
409 480
616 536
549 501
393 239
716 47
334 239
172 595
334 239
334 239
334 239
647 839
625 251
480 751
300 96
625 251
625 541
459 77
39 543
409 765
334 239
616 536
543 414
300 96
501 15
334 239
334 239
475 300
501 15
501 549
334 625
543 430
334 239
152 484
647 839
96 300
494 945
625 251
47 716
415 197
716 47
239 334
397 996
326 192
123 134
9 913
228 414
931 409
754 417
579 940
9 913
462 795
565 68
328 476
126 893
981 39
565 68
935 430
63 795
996 947
996 947
9 913
996 947
996 397
795 462
63 795
893 126
923 545
9 913
297 340
996 947
279 40
397 996
923 545
326 824
194 531
702 565
617 447
328 754
913 9
996 947
859 570
272 113
377 343
617 447
565 68
859 570
617 447
947 996
996 397
328 476
63 795
171 531
996 947
702 923
328 476
328 476
297 340
754 328
531 171
228 414
476 297
476 297
487 774
617 447
981 39
40 279
565 68
923 131
9 913
63 795
565 68
155 625
565 68
996 947
9 913
9 913
6 262
343 922
923 131
328 754
241 327
923 131
904 453
565 68
996 947
565 859
328 476
545 131
859 570
558 340
297 340
565 68
18 75
279 7
834 450
931 415
565 68
973 914
328 754
9 913
414 228
610 840
40 279
39 981
169 399
637 661
637 751
399 169
291 92
833 40
717 113
519 717
298 127
169 399
298 840
110 640
637 661
92 167
851 6
305 829
399 169
169 610
291 92
399 167
305 829
169 399
169 399
775 33
305 350
113 717
37 970
637 497
610 840
519 39
751 81
519 717
840 502
851 360
851 113
610 840
305 829
305 637
610 840
519 717
610 840
510 43
924 737
637 751
637 497
637 497
169 610
305 829
939 149
305 350
40 510
169 610
305 829
717 113
664 625
167 970
305 637
113 851
405 983
291 92
350 305
906 765
169 399
409 491
545 131
298 127
833 54
40 625
169 399
305 350
510 43
637 497
610 840
637 497
113 717
305 829
113 717
717 519
172 131
131 172
305 350
610 840
169 399
637 497
291 92
829 305
637 131
829 305
637 497
829 305
751 81
610 840
510 781
563 914
625 664
519 717
169 399
409 450
701 974
818 945
905 798
935 39
152 935
393 219
935 152
450 781
510 450
905 16
714 739
798 979
450 510
524 799
781 906
542 985
905 16
974 204
905 16
701 974
510 393
542 298
717 988
450 510
409 931
931 409
450 781
798 905
542 985
450 510
935 798
510 393
798 979
905 16
931 409
542 985
524 799
510 450
701 974
974 204
393 219
701 974
409 931
701 974
935 152
409 931
931 409
541 954
905 16
931 409
450 781
905 798
905 16
510 450
524 799
542 985
945 494
393 510
935 39
393 510
393 219
739 714
450 409
931 409
510 393
931 935
393 219
737 664
568 384
935 931
450 510
450 409
510 450
298 127
701 739
739 714
931 409
450 781
931 409
542 985
905 16
701 974
974 298
409 931
931 935
931 409
935 152
905 16
931 935
905 16
931 409
905 16
510 579
16 905
39 981
542 298
935 152
931 409
905 16
824 302
986 974
781 409
39 981
655 511
188 648
648 12
39 981
968 981
981 39
22 974
824 302
321 468
150 31
877 741
12 908
824 39
12 648
824 302
39 981
655 741
39 981
39 981
974 204
118 35
118 35
986 824
321 468
468 143
486 739
986 302
150 555
12 648
12 648
150 555
39 981
150 555
983 664
607 767
867 612
968 981
893 126
468 321
468 143
511 877
154 625
409 781
824 302
986 302
824 302
781 154
497 661
986 824
655 893
741 35
39 981
468 321
39 981
143 468
986 974
648 12
143 468
150 555
511 655
39 981
143 468
781 154
781 765
655 511
741 655
35 118
655 511
39 981
666 215
607 569
12 648
781 154
273 951
39 981
39 981
986 824
974 986
188 612
867 704
39 981
150 555
867 188
986 739
741 877
118 35
648 12
215 326
468 143
986 824
35 118
39 981
741 877
150 555
143 468
154 893
924 737
437 156
126 110
813 447
156 434
110 126
538 833
531 171
583 163
434 352
531 171
434 352
531 171
415 973
368 136
775 126
531 171
775 126
233 129
926 330
233 447
531 171
233 129
583 163
844 163
171 531
531 171
775 126
531 171
110 983
110 126
583 861
424 903
76 746
163 844
910 675
775 126
163 844
434 37
583 861
368 136
675 861
110 345
884 838
924 737
368 136
279 7
110 126
884 129
910 319
664 154
110 126
861 583
126 893
844 163
434 352
813 447
420 808
434 37
904 171
531 171
40 7
813 662
538 690
110 126
110 126
531 171
867 480
834 43
583 861
110 126
531 171
233 813
662 808
156 437
968 273
37 833
163 583
37 434
163 583
531 171
861 675
238 587
110 126
931 563
434 531
531 171
434 352
983 273
813 447
781 906
775 126
110 126
844 163
273 968
926 813
775 126
531 171
583 861
434 156
212 774
469 299
203 454
834 454
844 191
979 147
299 469
454 834
170 147
297 558
203 454
761 603
558 297
454 834
774 212
170 147
469 299
469 299
469 299
469 299
409 765
844 191
844 191
203 469
360 689
273 768
761 123
867 226
558 834
286 603
393 251
979 147
979 798
761 603
481 689
579 940
659 123
273 951
774 212
774 212
844 285
377 922
774 212
469 299
558 297
774 212
203 454
285 227
481 603
469 299
761 603
393 239
469 203
558 922
454 834
829 958
666 722
469 299
844 191
484 968
761 286
286 930
761 603
251 393
123 134
926 313
170 147
666 123
761 170
844 191
761 603
203 469
704 491
558 766
469 299
454 203
979 798
170 147
774 798
226 299
603 481
454 834
469 299
761 170
774 212
469 299
774 212
761 603
926 313
481 689
844 191
867 926
484 926
469 299
774 212
834 454
541 519
469 299
761 603
798 933
121 625
993 233
640 475
587 675
94 661
993 233
121 259
272 835
896 752
522 835
46 204
568 564
335 718
460 304
94 661
559 562
609 314
568 934
522 835
251 718
120 335
834 700
204 594
559 460
120 433
564 568
559 460
120 433
993 233
162 335
121 625
810 197
625 121
433 120
407 182
559 562
695 308
424 382
609 791
993 233
559 918
121 625
259 121
162 710
272 835
407 121
568 934
522 653
568 934
322 221
251 562
94 227
609 204
522 653
120 433
434 76
53 5
791 564
559 460
227 94
559 460
993 233
433 120
609 204
993 233
677 634
204 594
407 121
121 625
594 204
120 433
120 433
335 718
522 653
695 442
568 564
677 201
121 625
251 69
934 568
835 272
653 522
121 625
204 46
204 609
886 250
120 433
677 308
568 564
559 918
801 382
518 314
335 162
568 934
120 433
559 460
465 407
121 407
393 174
963 914
339 446
384 894
876 707
987 374
817 441
821 267
489 899
303 944
821 267
821 267
573 96
109 423
162 710
179 539
87 484
489 899
179 803
679 717
963 950
817 31
707 876
662 539
553 31
109 423
118 794
899 817
109 244
99 952
31 553
101 719
899 441
849 303
821 865
821 267
573 87
251 135
339 446
303 944
294 544
628 54
886 141
205 142
821 267
707 8
381 512
339 446
31 553
817 441
267 803
87 573
950 110
821 267
460 588
539 950
244 251
489 679
339 446
821 267
381 782
31 553
573 96
489 899
303 944
446 339
821 267
267 110
817 899
423 109
950 415
87 573
31 553
339 446
679 717
961 54
817 441
339 446
961 339
917 446
459 914
384 553
339 446
849 161
950 459
821 837
876 589
376 388
383 412
971 170
679 75
424 838
817 899
662 512
423 264
87 314
31 553
707 876
821 865
710 589
109 800
710 589
499 60
840 886
823 871
179 388
237 127
841 400
438 961
886 840
187 837
131 141
841 400
376 21
927 99
961 438
53 719
967 839
634 677
259 809
438 961
187 840
187 259
841 400
840 187
913 842
547 711
841 918
841 400
400 841
840 187
55 252
470 239
704 688
994 52
840 266
823 867
83 927
127 395
395 632
438 961
601 619
841 400
187 266
146 328
817 894
859 409
127 237
55 252
376 455
993 994
704 688
776 63
438 961
55 252
886 250
809 259
187 840
841 400
55 252
237 127
395 127
229 967
841 400
754 31
694 918
840 187
632 328
55 252
400 841
376 388
364 657
376 455
913 842
772 333
400 352
176 711
333 772
823 867
823 867
841 400
187 840
55 252
127 237
127 395
442 677
675 322
127 237
55 252
841 400
841 400
438 961
841 918
694 379
106 388
823 400
840 187
499 60
632 328
127 237
127 395
839 967
884 945
884 654
261 154
911 236
945 884
722 236
904 826
670 385
174 14
278 334
956 56
154 191
884 652
911 236
911 236
956 56
397 895
722 236
236 797
634 122
130 640
357 544
722 467
722 467
458 945
927 83
850 476
956 56
634 574
729 267
297 918
424 382
486 488
424 722
512 895
670 385
486 488
722 236
61 167
458 945
40 922
884 654
634 122
434 415
884 652
424 382
458 701
486 488
720 411
884 652
278 488
670 850
574 647
719 101
884 652
385 718
351 56
424 382
486 488
486 488
722 236
153 345
884 652
994 52
850 670
397 249
424 278
458 945
722 467
884 654
722 380
911 797
722 380
486 488
486 488
404 255
278 488
911 718
382 689
351 512
634 122
718 385
424 382
986 744
42 357
458 945
486 609
385 718
278 488
722 380
278 334
720 885
748 126
368 765
10 383
278 488
884 654
278 334
385 61
722 467
800 432
436 384
181 120
130 508
543 679
942 285
436 327
666 111
895 381
196 113
543 679
425 722
543 679
835 287
436 384
137 600
181 120
181 120
181 942
381 895
130 647
800 432
942 181
130 508
181 120
895 381
835 272
782 99
601 619
895 397
479 723
601 619
601 619
130 508
552 91
327 436
757 717
679 543
666 895
379 317
130 508
600 403
679 543
379 694
461 480
942 285
666 895
647 485
384 436
130 508
666 601
666 601
606 562
287 835
436 384
647 209
482 908
181 120
181 942
952 2
543 601
666 895
543 601
601 543
666 619
137 72
510 381
666 601
181 120
384 436
666 601
130 508
679 543
130 508
15 141
327 436
72 196
461 495
666 895
600 137
137 457
764 120
543 679
381 895
181 120
896 61
327 552
397 895
895 666
327 823
131 141
601 619
601 619
510 130
130 508
666 601
666 397
895 381
137 235
137 600
597 903
809 364
121 625
589 670
903 597
597 903
364 809
285 433
987 1
57 791
285 433
457 28
512 895
413 63
413 63
844 925
415 434
174 393
58 282
58 75
844 432
282 137
121 625
123 210
285 433
597 604
12 703
809 364
838 882
606 562
903 597
121 625
285 267
210 473
121 625
882 608
904 512
58 868
58 196
834 700
457 28
403 600
797 236
285 433
473 210
210 123
703 75
473 210
232 28
600 137
413 63
58 196
121 625
121 625
915 570
433 710
58 196
677 604
75 866
597 903
809 121
75 703
285 433
672 625
210 123
809 364
57 314
809 364
285 433
749 487
210 123
809 613
882 801
423 456
75 703
809 364
12 703
314 518
103 403
210 473
267 915
660 473
882 838
58 196
195 751
801 882
101 719
413 63
103 403
285 433
12 703
258 245
844 432
282 58
33 710
210 473
121 809
904 174
15 886
121 625
81 251
469 142
561 874
480 23
131 141
600 523
173 926
42 141
42 141
5 10
237 520
173 3
81 103
173 3
42 141
562 606
994 765
692 612
561 874
81 251
127 237
469 93
29 3
994 765
469 93
183 213
995 810
469 93
409 520
29 3
127 237
113 480
29 3
127 237
480 509
119 64
908 692
908 692
460 37
994 765
457 196
251 995
600 403
600 457
362 872
523 565
196 457
42 141
966 109
42 141
810 995
42 141
81 103
908 692
457 196
29 3
480 23
127 237
29 3
29 3
908 692
368 765
480 23
191 751
29 469
23 706
173 3
127 237
3 29
662 765
29 3
244 109
29 3
523 600
42 141
480 509
237 127
196 457
908 692
374 53
457 600
469 142
196 113
692 908
374 987
317 1
480 23
561 874
662 765
237 127
480 23
29 469
509 480
113 23
127 237
469 93
81 299
34 427
409 520
480 23
556 419
330 354
330 354
162 33
108 32
719 927
694 941
335 641
719 895
330 354
570 250
895 108
142 205
108 32
330 503
354 330
570 250
570 250
354 655
108 3
162 33
655 503
335 641
570 250
42 250
354 503
971 655
655 971
802 335
108 32
570 250
108 32
42 250
29 469
15 886
108 32
547 470
971 655
570 250
108 32
335 162
29 469
570 250
330 354
261 154
655 354
924 168
866 838
570 250
655 354
570 250
927 141
924 971
354 330
802 168
108 32
927 83
29 3
385 33
385 33
108 32
335 162
141 42
108 32
570 250
75 866
108 29
108 32
641 261
802 168
335 641
29 469
108 895
108 32
570 250
108 29
556 419
354 655
108 32
570 250
556 570
335 641
802 150
250 42
108 29
570 250
889 998
108 32
655 354
431 1000
335 641
335 162
570 556
470 221
75 866
570 250
108 32
335 641
570 250
354 330
266 302
255 451
255 404
255 404
255 404
941 588
880 841
880 456
266 302
270 969
520 404
520 404
266 302
757 424
679 717
266 302
106 539
266 302
880 841
266 302
880 886
266 302
941 588
826 381
270 466
255 404
451 255
841 456
880 456
679 717
993 233
451 255
270 466
880 456
880 456
466 270
539 993
539 551
141 886
926 895
886 266
270 969
255 404
679 717
255 404
757 717
679 717
106 539
255 404
266 302
266 302
451 255
539 551
266 302
409 520
459 914
520 591
255 404
520 404
255 404
99 952
880 841
679 717
886 250
880 456
106 539
466 270
255 404
520 266
270 466
270 969
591 413
266 302
255 404
886 266
438 405
266 302
570 792
456 886
841 880
880 456
270 466
886 570
880 841
266 302
880 841
679 717
366 311
451 255
539 551
679 717
993 451
679 717
679 717
266 302
3 311
520 404
255 451
379 927
424 757
604 201
604 201
434 76
722 112
173 469
543 601
400 49
604 201
382 689
604 201
543 717
365 244
102 264
351 826
112 722
604 201
543 601
244 365
351 512
608 824
173 585
604 201
718 641
722 112
351 826
722 112
717 722
244 911
251 135
604 201
351 826
543 717
717 543
112 722
173 585
131 76
112 722
718 641
112 365
415 434
722 49
718 641
469 93
351 201
604 201
722 112
469 601
351 201
542 604
718 641
112 365
543 601
351 826
351 826
112 722
826 381
604 201
722 717
351 201
912 641
351 826
717 757
604 201
718 641
585 93
717 757
351 826
542 810
112 365
543 717
604 201
173 469
722 49
641 912
543 717
604 201
647 574
173 585
351 826
351 173
722 49
604 201
351 201
351 512
717 543
717 757
604 201
604 574
543 717
351 201
604 542
543 469
112 365
112 722
351 826
173 469
718 641
434 415
469 173
543 717
260 289
476 678
267 162
476 549
260 945
656 941
136 262
678 476
963 61
260 289
471 653
905 432
471 653
817 416
391 183
267 135
61 148
653 471
476 678
319 435
260 13
945 260
135 162
476 549
162 135
54 869
428 862
656 183
193 752
471 653
608 187
653 148
187 608
120 268
784 156
476 572
361 267
134 120
260 289
572 240
653 148
476 678
182 990
930 344
653 471
29 442
260 289
463 187
162 267
945 862
162 134
659 187
136 157
120 268
476 549
134 162
260 289
162 267
260 289
476 678
148 653
720 182
945 471
262 278
260 13
696 823
945 314
260 289
157 164
476 678
476 549
476 549
260 289
653 148
653 471
134 120
463 157
656 183
260 289
678 12
653 222
319 678
260 13
945 260
846 128
162 135
653 148
120 134
96 516
653 222
260 289
260 289
260 289
475 990
148 61
267 441
148 61
653 222
945 471
157 136
3 360
389 562
459 577
360 845
167 97
666 360
3 582
6 982
459 577
459 577
459 577
939 167
6 982
389 562
536 243
963 148
945 578
841 577
6 982
459 577
3 360
507 680
751 246
939 513
459 577
582 3
459 577
577 841
459 577
939 167
666 845
459 577
6 982
536 664
231 471
471 507
6 982
6 982
246 751
6 982
666 360
6 982
6 982
3 83
666 845
666 360
666 845
560 450
459 577
459 577
167 97
577 841
389 196
459 577
459 577
360 845
841 577
459 577
6 982
6 459
577 841
459 577
666 360
666 845
6 982
945 578
209 2
939 513
459 577
246 751
751 246
3 83
6 982
389 562
246 751
751 246
751 246
459 577
167 939
456 246
459 577
691 140
167 939
459 577
357 791
246 751
841 577
577 841
389 196
666 845
577 459
666 360
314 945
751 246
459 577
459 6
6 982
6 982
3 83
459 577
788 243
450 560
904 70
361 441
607 327
574 268
361 530
268 391
508 130
846 69
734 773
52 369
574 109
560 450
904 552
361 441
69 846
361 441
361 441
260 289
260 289
652 367
904 8
508 130
956 959
77 875
574 343
508 130
734 275
327 607
77 69
552 394
369 52
268 391
846 514
846 69
260 904
361 441
238 70
325 367
450 560
560 450
391 268
450 560
238 688
450 560
260 289
260 289
268 391
574 834
52 369
325 367
555 114
327 607
369 52
70 428
450 560
260 289
260 289
893 416
209 332
552 394
846 276
50 297
862 428
49 679
875 268
260 289
607 327
904 260
268 391
875 268
552 394
260 289
69 77
260 289
552 394
268 574
260 289
450 530
52 369
327 607
450 560
260 289
508 130
904 8
109 574
734 114
8 289
52 369
325 297
904 8
875 77
530 16
875 268
498 530
369 52
260 289
268 391
260 289
273 791
45 438
209 869
734 320
869 209
45 260
301 265
734 320
470 325
320 734
791 662
470 114
45 438
867 439
791 662
301 320
869 428
45 260
260 289
555 789
734 320
325 662
45 260
428 869
260 45
209 273
320 734
260 45
209 869
791 273
791 662
791 662
791 662
791 662
45 438
791 662
27 62
320 24
869 428
791 662
791 662
791 662
45 260
273 209
320 734
45 438
791 662
209 869
320 734
45 438
45 260
869 428
273 791
869 209
791 273
439 867
320 734
45 438
791 662
45 260
470 114
869 209
68 789
867 72
45 260
791 662
325 470
320 24
209 869
791 662
45 260
45 438
662 791
320 734
791 662
320 734
260 289
734 320
869 209
209 869
602 27
662 791
470 114
867 439
320 24
734 320
209 869
45 438
869 209
114 470
265 301
114 734
869 428
791 662
841 945
791 662
320 734
791 273
428 289
867 439
439 670
359 632
735 151
876 632
777 735
918 781
735 777
856 490
918 781
876 632
735 151
139 920
856 885
856 490
473 896
735 777
876 632
918 781
439 438
918 781
781 918
582 359
918 781
876 632
760 918
918 781
139 920
856 490
139 920
735 777
918 781
62 68
490 670
359 632
885 856
918 781
578 314
735 777
359 632
582 359
215 745
344 930
632 359
439 438
735 139
856 490
856 885
735 777
896 473
856 490
876 632
918 781
139 920
735 777
209 688
856 885
918 781
735 777
827 652
139 920
735 777
439 62
139 920
582 267
876 632
735 151
918 781
876 632
632 359
735 777
359 582
463 885
439 62
582 267
918 463
473 896
856 885
498 209
876 632
267 582
918 781
463 699
151 735
439 438
930 6
735 777
450 560
735 777
632 876
680 582
856 885
876 632
151 114
151 777
876 632
439 62
876 632
735 777
151 735
876 632
558 442
661 139
442 558
887 501
632 162
8 428
670 490
661 139
481 471
592 259
632 162
449 885
558 442
34 852
661 139
75 629
481 661
959 956
343 135
592 259
558 442
629 236
670 490
982 238
632 661
558 442
602 439
852 34
442 959
442 558
602 151
558 442
661 139
866 856
856 539
632 162
68 114
887 501
558 442
735 151
661 139
920 481
608 118
114 151
558 442
602 68
661 139
294 75
558 442
558 442
632 162
592 201
661 139
632 162
558 442
592 201
325 367
827 367
162 632
592 259
735 151
632 956
592 201
75 294
866 856
661 139
827 643
735 151
151 735
501 34
661 481
558 442
558 442
139 661
735 887
928 674
923 887
887 501
887 501
558 442
75 629
632 162
661 139
632 162
887 501
162 135
558 442
558 442
558 958
887 501
887 501
632 162
481 471
887 501
887 501
841 154
632 162
297 367
632 574
632 574
879 925
111 26
688 394
205 482
889 820
303 511
215 314
794 820
723 101
751 643
794 820
404 432
941 326
187 608
303 511
355 10
941 326
941 326
803 309
187 336
966 101
481 653
941 326
236 897
966 417
205 482
794 820
923 34
941 326
889 820
946 299
794 820
897 236
941 326
357 870
966 326
111 26
723 101
303 511
941 326
941 326
614 246
13 608
923 501
941 326
227 646
723 303
205 369
396 470
794 820
236 187
336 13
473 896
303 684
152 411
236 187
889 820
111 26
511 303
941 326
205 482
34 852
889 820
723 684
336 459
879 254
111 26
187 236
236 187
941 326
101 723
923 501
803 309
236 187
966 417
941 326
44 700
653 222
879 254
794 820
794 820
219 417
887 501
941 326
721 127
791 979
703 142
794 152
187 336
794 820
803 236
792 224
941 326
890 472
142 966
284 254
887 971
396 470
303 684
887 971
140 691
830 72
830 72
572 517
234 666
155 214
789 68
361 273
784 430
246 751
572 240
155 214
155 214
247 84
666 453
830 27
219 443
185 234
459 904
84 341
889 459
254 562
267 343
247 84
916 722
85 511
214 155
572 517
155 185
889 981
889 459
111 26
744 229
172 830
459 904
552 432
889 459
916 562
224 318
234 185
889 981
572 517
517 572
29 156
438 45
572 240
614 722
572 240
889 981
889 981
889 981
29 156
904 54
459 904
85 511
572 517
172 152
459 889
247 84
404 771
404 982
521 572
889 981
904 54
896 473
516 953
916 722
27 830
830 27
459 260
560 450
27 830
572 240
889 981
730 460
459 904
688 243
905 931
124 855
916 722
135 162
916 722
954 149
459 904
247 84
830 27
561 166
558 442
572 517
889 981
172 152
931 905
730 460
140 691
916 722
691 219
54 404
562 879
172 830
68 789
685 281
685 281
349 78
685 281
896 50
920 150
646 78
896 571
896 578
685 281
16 530
685 281
150 349
685 281
920 571
896 578
896 578
896 945
896 945
896 945
646 78
54 945
896 945
150 920
646 78
685 915
920 571
896 945
896 945
920 571
646 78
945 54
945 54
896 945
896 50
685 281
78 149
945 896
349 954
896 571
78 646
244 617
945 896
896 945
685 281
685 281
945 896
498 209
685 281
78 102
78 102
78 102
685 281
78 102
685 915
945 896
920 571
281 685
646 78
281 685
78 102
685 281
209 2
896 945
646 102
646 102
685 617
896 49
50 49
896 945
78 646
78 102
920 150
78 646
150 920
915 54
54 314
685 281
571 920
920 571
54 915
896 578
685 281
150 493
349 78
920 150
685 281
78 102
646 744
349 493
281 685
646 78
281 357
281 357
685 281
896 578
54 915
78 102
920 571
349 493
300 820
96 404
711 49
820 411
49 679
49 679
404 96
6 404
889 496
555 734
404 930
607 327
909 153
218 670
607 327
49 679
404 6
734 555
588 445
607 327
49 679
404 6
734 555
859 615
445 588
787 997
49 679
54 869
75 928
6 404
909 153
56 909
445 588
820 300
607 327
6 930
49 679
96 180
49 679
301 950
96 180
300 820
56 909
670 490
734 555
607 327
674 928
75 390
607 327
153 351
75 311
859 820
734 555
711 49
859 615
96 404
549 351
49 679
96 630
607 327
56 909
607 327
404 6
820 300
218 820
404 6
49 679
75 928
734 555
555 49
404 6
607 327
607 327
859 615
215 6
153 351
670 490
49 679
96 630
96 404
859 615
820 496
75 928
49 215
404 6
180 779
909 153
215 314
153 351
404 6
153 351
49 679
75 997
49 679
390 615
404 930
70 54
404 6
49 679
549 678
166 532
487 489
625 309
625 481
50 625
487 489
610 757
487 489
204 942
625 50
487 484
420 330
625 50
827 566
487 351
661 543
124 566
309 625
610 757
728 63
566 827
484 660
625 481
276 193
382 579
471 754
487 489
942 204
887 98
13 122
471 647
686 309
827 708
500 121
625 50
204 915
625 481
487 484
625 50
487 484
351 532
50 13
532 351
471 647
121 746
351 532
487 489
487 484
105 900
124 566
487 489
471 647
76 111
566 827
487 351
124 566
487 489
88 145
13 122
487 484
625 50
487 489
285 642
351 532
543 706
625 50
276 193
50 13
828 500
487 351
487 489
514 770
358 515
543 661
487 489
625 481
229 810
487 489
487 489
351 532
369 202
165 984
13 746
543 471
204 942
13 122
487 489
358 515
566 488
828 861
887 98
50 625
50 625
204 887
625 309
50 625
625 309
98 374
625 50
124 566
66 566
770 514
284 143
146 784
5 798
470 5
942 731
284 204
629 575
173 105
284 204
840 66
5 798
124 840
798 563
629 575
575 629
155 527
143 546
629 575
284 7
286 945
470 5
284 143
66 840
284 204
629 575
235 487
286 945
625 77
575 629
286 945
284 143
146 784
840 28
798 563
286 945
5 470
77 625
629 575
10 920
702 538
286 945
798 563
470 421
625 309
421 470
629 575
284 7
66 533
284 204
798 5
77 625
146 672
77 575
146 672
537 489
784 82
840 28
155 575
629 575
284 487
286 945
284 204
421 470
881 416
146 672
66 533
77 575
840 28
487 416
284 487
798 563
286 672
629 575
286 945
284 487
625 77
421 470
286 945
77 625
284 235
284 204
421 470
146 672
146 672
82 784
575 629
286 945
143 546
629 77
286 945
146 784
77 625
629 575
155 527
945 286
146 672
77 625
286 945
984 890
143 887
491 540
135 230
436 549
436 549
338 580
109 75
580 338
882 458
491 540
992 474
491 315
491 315
315 541
984 679
111 76
607 892
911 682
10 283
491 540
984 679
631 916
882 458
436 549
827 130
116 321
116 321
679 984
491 315
882 655
685 687
458 882
436 549
341 276
931 679
882 458
116 321
436 549
66 566
116 321
984 679
491 143
491 315
436 549
116 321
66 533
541 315
994 7
491 111
491 315
882 458
76 764
491 540
76 111
811 861
541 580
143 491
338 580
679 931
984 890
491 143
847 394
491 315
321 998
882 458
299 866
116 321
436 549
116 321
491 315
491 111
491 315
580 541
76 111
655 455
655 882
882 458
655 455
116 321
541 964
130 177
541 315
396 800
116 66
436 549
116 321
116 321
491 111
116 321
436 549
580 964
882 458
436 549
436 549
116 321
66 566
116 321
794 894
609 19
254 929
559 654
214 254
145 88
214 254
610 702
643 88
559 929
254 214
88 145
952 408
559 987
884 105
991 468
884 105
254 929
952 408
884 105
527 481
197 429
610 538
559 654
622 995
254 929
254 929
952 196
724 695
254 214
884 105
433 884
254 214
433 724
559 654
738 816
559 987
254 214
828 530
559 654
731 369
991 468
756 695
724 695
952 196
731 848
254 929
724 695
197 756
214 254
559 987
121 197
884 88
254 929
695 724
929 994
254 929
254 929
952 408
756 695
991 408
254 929
735 229
738 816
695 724
952 408
952 408
863 204
164 276
254 214
254 929
559 654
724 5
610 702
254 929
254 929
145 88
991 468
254 929
254 929
197 429
145 88
761 929
145 88
214 254
70 285
724 5
756 197
254 929
254 929
145 88
254 214
254 929
559 987
695 756
214 675
433 105
214 254
654 987
643 88
559 654
5 433
33 143
468 991
798 569
774 834
153 607
825 667
151 581
798 569
164 725
569 798
45 878
154 878
687 685
591 201
569 798
261 618
942 731
153 76
474 261
581 151
798 569
591 201
798 569
825 625
161 138
591 956
569 103
731 369
941 228
825 760
351 986
154 368
154 878
228 760
687 169
591 201
591 201
607 798
154 878
153 420
607 892
420 468
941 30
798 607
45 891
45 878
33 143
154 45
774 126
45 891
153 607
956 951
516 925
798 569
607 153
591 201
45 878
927 761
45 891
798 569
33 825
798 569
30 941
607 798
153 420
774 126
153 420
798 569
45 891
151 581
760 228
941 30
850 359
45 891
798 607
202 887
569 798
45 891
593 374
377 279
45 891
774 126
279 126
607 798
45 891
569 103
607 798
103 702
538 10
45 878
30 941
760 228
991 408
760 228
368 154
154 45
30 941
581 151
591 956
941 228
85 77
530 828
586 612
360 672
586 103
76 764
612 586
684 882
360 672
679 571
684 458
135 169
360 672
679 571
142 825
684 458
341 202
586 612
460 215
402 360
655 684
679 890
977 321
672 360
360 116
527 85
85 527
618 169
85 142
324 992
612 586
142 825
684 458
86 33
586 612
360 672
86 143
538 283
85 142
500 756
757 401
369 887
861 811
142 825
625 667
426 612
571 612
679 571
586 103
85 527
672 135
85 77
684 882
85 142
672 360
378 703
135 672
500 756
684 458
672 135
500 530
85 142
672 215
85 77
702 103
455 655
142 825
378 458
684 882
586 612
679 571
571 931
684 882
672 135
142 85
586 612
103 702
679 571
85 527
85 527
142 825
85 77
938 724
85 77
684 458
135 230
5 103
527 155
85 527
679 571
672 360
679 571
672 360
920 10
672 360
85 142
672 135
396 5
135 672
527 85
688 241
688 241
142 825
935 20
646 142
894 213
688 241
688 241
611 536
625 77
738 288
153 429
396 800
671 153
153 429
890 935
460 241
800 519
77 527
396 800
890 960
738 288
935 502
20 935
611 688
77 527
738 797
646 142
396 800
611 536
77 527
153 155
611 536
738 288
460 241
20 671
611 688
155 481
611 997
288 738
800 396
688 611
20 671
738 646
77 527
646 142
396 800
460 672
935 20
611 536
460 241
935 20
215 460
611 688
527 77
527 77
611 536
460 672
146 140
688 241
611 688
77 527
738 288
738 646
688 611
460 321
238 794
494 474
33 86
800 890
527 671
104 229
611 536
527 77
671 717
688 241
890 158
898 344
738 288
77 527
77 825
611 688
890 935
460 321
671 20
738 646
241 460
77 527
611 997
738 646
738 288
738 646
77 825
611 688
738 288
935 20
135 230
396 800
890 158
241 688
756 500
554 495
290 637
526 465
481 77
45 878
45 314
916 631
229 735
756 500
85 481
69 85
255 384
85 69
598 789
789 598
290 665
536 359
686 309
526 45
598 789
665 11
916 631
148 465
82 551
687 169
116 977
526 465
929 214
598 789
11 921
827 708
255 384
124 920
124 148
124 148
566 827
811 756
536 359
232 203
85 77
314 507
465 148
641 893
260 411
977 929
756 500
351 532
756 500
929 214
376 314
598 789
264 709
148 756
526 465
756 500
45 878
376 305
27 411
920 810
893 69
755 412
666 632
598 789
562 530
526 465
124 148
920 810
314 507
288 780
346 686
321 846
124 148
376 314
756 500
491 816
756 500
598 789
756 500
756 500
665 911
305 672
11 921
977 116
260 541
1 2
526 45
598 789
793 645
562 530
11 921
526 45
921 11
124 148
929 977
646 491
587 692
11 921
581 151
235 214
219 61
646 797
665 911
266 578
97 405
646 797
665 496
219 61
646 797
249 626
219 61
796 962
455 655
147 770
266 578
321 846
97 264
341 12
97 916
646 797
611 849
147 770
646 797
646 797
646 546
487 416
169 618
546 12
636 547
546 12
238 992
646 797
740 94
423 180
496 665
615 377
611 266
646 797
147 401
341 12
12 341
375 645
611 15
496 682
202 341
266 578
636 547
891 653
341 12
767 796
646 797
341 238
12 98
219 61
266 578
636 547
646 797
547 403
611 266
925 516
238 147
219 61
219 61
137 835
830 192
546 98
154 269
147 770
147 770
154 269
266 578
423 636
238 401
94 740
645 375
61 219
891 878
731 848
646 797
238 401
219 15
341 238
767 475
665 496
138 726
646 797
12 98
646 546
636 547
147 770
636 547
147 238
830 684
646 797
546 33
846 977
646 797
166 135
405 911
238 992
890 128
738 86
891 249
403 749
17 442
738 288
738 468
468 70
385 469
738 70
738 468
647 754
984 81
647 754
594 521
249 626
128 608
128 608
401 494
128 608
7 235
738 468
468 292
737 91
216 642
469 385
15 824
45 891
824 45
111 764
738 288
749 442
594 521
24 26
10 920
153 477
588 257
594 521
881 846
550 897
10 920
249 891
26 24
846 235
738 288
71 824
468 330
647 754
738 288
576 772
427 441
737 91
403 688
288 375
288 793
24 26
457 292
881 977
202 341
738 288
292 457
235 846
532 351
216 276
881 241
351 532
738 288
881 977
385 469
292 468
474 261
26 24
881 977
292 457
738 288
81 984
881 241
846 235
737 91
738 288
738 288
532 166
738 288
738 468
738 86
738 288
26 24
128 608
738 288
749 442
45 824
257 588
685 687
738 288
385 469
737 605
20 53
147 770
26 24
881 403
