663 5
355 263
26 837
665 955
708 524
648 662
903 680
482 417
101 975
258 638
306 492
89 381
688 191
834 974
245 320
123 569
376 937
510 891
726 889
869 534
96 553
191 446
288 757
314 994
607 962
704 982
326 320
728 29
245 402
895 18
82 429
496 232
710 301
470 851
780 997
288 757
137 899
563 116
808 100
346 506
596 252
39 573
46 938
387 240
666 719
992 625
522 360
932 8
210 713
138 370
776 191
72 57
648 181
776 400
67 736
501 59
506 672
693 797
892 694
665 630
845 515
218 130
603 436
999 197
917 448
390 636
787 986
78 807
273 890
607 77
967 257
68 941
354 21
216 667
66 904
931 757
821 24
289 568
934 396
425 37
458 775
599 642
451 300
278 753
303 687
764 739
141 402
941 132
179 778
710 152
402 146
846 533
514 19
555 501
967 737
71 296
319 993
714 59
979 599
262 917
229 675
520 888
698 679
128 238
872 488
545 583
653 368
312 855
143 986
612 419
500 345
932 8
552 918
72 872
990 889
570 322
653 727
20 759
226 93
280 853
781 906
725 701
719 67
167 546
637 95
985 953
551 332
915 421
209 55
752 708
680 297
96 641
720 324
757 288
89 615
543 456
41 502
605 908
359 461
663 5
210 193
599 694
981 934
843 661
904 720
222 539
667 951
792 172
487 94
99 935
834 99
6 349
534 869
995 554
710 301
962 988
693 797
1000 678
297 680
898 197
281 871
740 413
990 889
143 627
68 318
671 84
574 513
610 769
68 941
600 250
427 542
433 703
578 481
99 418
100 647
475 343
556 225
162 746
720 765
126 883
84 510
948 248
83 619
40 910
743 166
344 110
862 29
523 494
689 243
407 778
690 186
834 909
568 434
206 294
494 309
91 682
836 130
497 691
224 185
425 37
726 889
226 93
742 97
85 459
816 440
416 558
790 568
581 960
346 506
332 859
66 164
311 651
325 912
282 121
523 494
831 997
655 773
118 398
22 710
557 93
853 920
578 548
121 282
650 926
647 144
249 604
681 467
102 237
300 835
903 695
138 376
104 489
112 704
360 28
496 631
850 959
717 222
496 631
827 157
303 748
725 701
83 805
238 612
55 209
958 105
83 619
371 669
303 748
615 89
346 567
58 629
950 905
825 307
787 986
763 893
472 188
229 675
594 962
445 774
140 123
394 156
634 359
476 35
272 971
705 502
229 983
774 71
376 777
727 939
228 488
134 962
506 346
767 405
482 738
681 467
339 484
401 25
336 537
743 824
176 401
16 801
715 124
89 963
894 447
76 674
260 517
50 631
325 912
150 459
256 329
795 60
666 774
278 968
990 74
685 586
94 208
378 948
682 91
105 417
252 520
493 104
995 554
484 339
665 630
792 284
920 853
972 29
784 154
241 654
595 5
358 381
541 149
826 519
255 731
807 552
806 577
67 719
472 300
177 230
120 485
338 868
588 30
360 28
63 337
756 973
836 130
76 782
506 346
719 760
174 267
94 606
227 606
954 214
684 311
104 587
25 436
425 614
256 329
766 442
311 274
404 298
816 333
216 346
311 274
833 996
96 553
87 21
717 549
157 589
85 147
563 116
469 43
192 98
682 91
96 641
331 794
503 522
774 666
125 671
239 441
869 534
360 503
575 531
816 440
155 676
372 645
370 253
794 192
126 211
45 989
601 34
670 523
510 824
896 621
425 37
451 877
125 671
85 672
181 648
473 461
813 50
24 821
862 29
206 294
712 210
953 152
869 464
473 167
209 55
63 337
597 909
338 868
660 514
891 510
58 870
554 306
83 549
816 440
909 820
571 184
33 785
210 712
546 167
814 394
720 765
337 546
599 467
161 559
357 455
97 742
902 36
513 53
559 189
105 987
882 153
346 576
687 206
948 586
550 484
178 205
38 762
903 249
632 783
946 105
621 896
208 487
836 130
357 455
23 257
34 194
931 614
608 315
194 391
748 206
253 897
35 476
991 567
634 359
720 765
645 839
91 333
460 884
275 58
343 475
9 984
952 602
950 905
804 490
590 842
113 382
391 62
154 857
112 676
782 392
640 299
634 359
585 711
376 577
973 598
692 680
87 783
405 767
834 52
32 720
584 857
162 789
680 903
416 672
996 833
423 770
627 392
786 176
853 280
22 629
28 167
741 541
50 813
730 361
71 112
847 633
506 346
109 455
99 418
970 155
682 91
357 455
336 701
672 416
331 140
713 193
592 374
303 622
62 673
29 862
461 359
371 669
959 850
712 210
167 546
981 98
382 994
547 981
229 675
974 286
420 663
846 933
426 692
473 697
354 972
923 626
325 912
733 402
979 599
603 436
646 270
485 120
802 247
685 248
992 612
163 371
545 583
522 826
687 303
28 360
380 145
846 533
601 805
991 567
818 548
788 180
276 639
518 65
527 339
940 562
642 979
229 983
816 201
484 395
802 383
28 360
887 243
282 121
978 569
204 661
399 901
509 403
198 73
729 513
307 530
159 632
937 839
292 7
554 306
601 805
333 137
860 829
912 238
576 558
301 455
958 439
857 283
370 138
647 144
475 343
29 862
505 565
560 700
36 902
420 914
544 135
327 428
679 698
433 703
206 294
498 205
997 831
813 2
399 334
947 144
70 965
249 395
464 780
132 595
755 26
600 250
663 541
115 639
917 161
201 824
408 617
471 965
815 804
862 682
605 397
653 368
576 346
636 390
415 874
478 55
619 833
858 445
690 186
382 113
80 623
130 836
652 260
874 249
509 760
827 157
763 695
690 383
652 260
358 803
728 709
219 4
983 812
174 168
137 333
562 940
384 833
853 920
393 17
82 771
856 148
253 138
356 610
83 805
811 550
523 856
381 358
576 558
908 474
699 207
649 375
531 575
546 167
21 354
771 165
821 24
164 66
858 304
358 85
692 426
271 63
834 99
830 51
824 440
622 303
828 107
786 658
446 400
52 909
103 230
238 128
389 457
465 190
464 780
213 856
973 111
33 924
622 88
640 299
383 8
678 1000
329 341
933 131
252 798
196 665
301 455
964 148
964 148
222 755
850 959
229 675
109 704
970 155
392 644
287 631
610 769
717 619
318 68
790 568
498 205
321 873
451 300
141 402
703 920
832 253
807 547
167 546
523 491
147 7
690 244
238 241
133 805
49 572
161 917
469 43
72 87
185 642
551 332
472 851
868 142
484 550
213 598
854 221
236 96
312 855
427 593
240 259
28 360
140 552
623 360
63 271
981 98
818 733
196 955
586 248
991 567
318 355
983 812
805 281
621 330
178 670
670 58
229 675
309 494
255 925
305 151
504 762
94 606
464 906
959 261
908 474
147 85
574 198
784 591
268 323
396 934
41 31
58 564
123 140
145 380
96 176
289 636
157 827
868 142
242 929
919 266
546 167
798 476
857 591
875 643
323 122
532 95
630 424
163 752
173 194
854 528
782 392
216 693
993 319
883 562
783 632
225 209
810 628
425 614
484 913
43 285
825 691
534 869
715 759
662 37
68 318
906 781
681 694
208 94
180 206
53 74
113 382
685 248
64 728
143 356
965 471
107 817
407 799
943 674
913 609
71 296
73 340
276 639
29 972
140 453
420 51
449 379
474 908
229 675
586 248
895 930
788 180
662 37
995 309
655 316
655 507
515 394
259 282
518 75
51 830
497 691
556 314
17 523
688 191
267 174
76 160
343 880
376 577
219 4
344 65
362 86
116 563
525 982
704 109
841 238
464 780
344 110
804 490
739 500
486 117
932 767
51 420
408 623
756 309
650 615
345 69
618 368
720 765
857 591
621 330
137 899
280 721
622 303
823 54
614 161
324 907
269 364
163 790
485 120
300 472
359 634
772 797
242 182
759 961
666 760
171 545
795 60
341 329
786 658
390 433
628 810
652 260
974 188
296 71
631 50
37 699
58 670
406 602
132 595
409 745
869 781
112 676
959 850
789 661
452 819
191 688
816 775
202 875
482 738
191 688
946 645
372 742
959 850
591 857
534 923
203 77
128 419
731 204
828 107
47 852
22 152
954 214
115 131
576 346
355 263
132 941
641 436
584 400
650 615
122 575
696 532
241 654
26 837
951 567
363 180
50 631
867 873
717 549
191 688
780 464
724 75
736 67
216 667
718 390
341 329
574 197
930 18
213 17
594 559
867 403
883 564
125 671
10 370
689 243
896 621
946 645
886 761
136 551
232 437
824 166
771 82
201 440
825 691
523 213
788 180
99 418
595 132
574 513
619 83
170 92
288 757
461 359
927 113
84 201
464 906
653 994
147 672
640 51
23 284
372 315
645 946
377 246
4 219
233 479
688 553
821 24
798 252
576 558
312 855
309 995
387 223
20 406
488 228
68 941
306 554
774 445
570 250
877 511
237 887
720 765
234 766
713 843
741 541
938 106
396 428
96 553
333 816
343 272
194 133
607 962
979 599
201 816
403 563
621 330
164 782
985 953
434 536
555 447
37 662
505 431
374 446
708 255
9 984
440 427
447 894
364 119
462 188
217 863
902 918
816 440
811 550
574 513
71 131
614 139
276 901
184 773
8 973
34 670
994 561
323 879
483 418
167 636
102 532
403 874
75 93
591 336
331 550
48 819
592 865
787 193
388 712
609 643
309 433
886 696
410 411
277 604
162 618
388 578
963 516
95 700
751 959
803 582
297 310
258 912
502 921
908 414
11 790
233 485
644 102
84 988
264 107
765 350
941 591
211 691
974 120
374 219
277 604
419 169
420 835
21 687
930 993
497 548
76 305
412 813
988 741
453 956
648 798
935 95
673 386
81 590
739 380
998 673
641 97
441 737
744 633
884 588
679 583
963 516
300 417
96 901
285 763
39 265
384 959
651 260
334 408
256 581
650 643
398 77
242 110
873 603
60 956
186 735
123 442
975 362
153 608
488 229
122 651
235 617
928 976
698 789
774 961
256 265
556 97
431 686
347 909
994 434
953 748
147 927
858 626
297 310
350 765
841 521
586 889
228 355
196 734
73 626
74 706
753 732
506 433
498 845
880 278
339 891
459 646
541 416
563 995
197 56
436 204
68 512
602 637
337 230
124 936
711 355
74 706
851 39
896 514
151 790
979 822
181 359
482 999
853 280
667 728
24 334
990 996
999 485
668 921
203 726
105 1
790 391
721 329
202 938
594 844
177 127
310 407
346 249
603 873
529 577
372 779
277 604
117 982
440 138
456 343
216 955
796 125
508 381
656 113
194 617
821 912
35 833
346 827
428 373
852 763
954 459
231 21
694 463
872 683
966 719
791 58
107 455
35 833
358 841
669 882
528 761
586 173
974 388
359 681
545 869
413 517
738 312
336 460
93 75
111 753
37 500
946 605
363 7
189 264
462 471
90 511
190 931
215 157
438 811
41 434
295 638
838 30
370 416
519 667
114 600
321 72
431 686
972 899
795 554
512 730
332 856
799 130
510 92
281 679
341 311
942 780
948 658
630 797
976 928
93 75
603 873
111 624
670 847
982 117
938 657
181 26
750 537
484 269
713 708
74 706
400 987
276 901
479 504
600 212
652 139
673 950
471 462
58 791
235 617
24 334
763 452
133 119
503 816
197 859
692 544
14 179
488 229
278 772
404 139
37 500
885 860
200 125
311 341
700 95
462 13
234 224
478 406
260 176
893 84
131 767
774 767
131 767
826 31
135 290
641 97
211 340
527 254
404 94
772 278
539 449
4 503
592 163
273 876
648 117
312 553
372 176
289 350
34 145
2 1
887 361
948 658
323 507
447 257
764 531
979 972
38 303
274 18
827 393
795 554
443 684
594 844
753 117
142 2
287 513
34 659
544 954
12 65
469 317
3 891
583 528
919 575
230 51
785 615
93 75
8 973
594 844
413 517
505 25
404 614
683 165
516 136
403 152
253 717
573 19
599 402
777 40
741 215
27 752
514 896
607 812
513 983
223 552
905 805
890 648
480 613
145 34
124 936
459 551
73 505
862 401
556 278
800 537
650 168
304 817
614 109
54 227
745 374
460 378
707 287
449 539
445 563
659 647
790 151
299 920
135 149
874 413
929 646
857 399
485 760
587 893
538 437
324 883
683 353
219 518
876 714
28 712
736 143
976 928
926 366
575 903
708 986
539 449
765 350
792 361
828 134
794 236
49 470
657 208
7 533
920 67
8 143
546 426
935 95
478 406
756 329
318 107
266 851
827 393
907 969
904 938
647 659
682 630
198 375
978 906
841 521
32 365
28 712
673 429
861 171
244 880
112 56
527 254
57 620
856 239
202 428
858 626
927 709
961 396
939 48
713 708
106 347
357 906
326 40
157 261
985 409
606 191
402 872
263 616
175 967
332 856
14 252
915 192
328 891
931 620
741 587
480 829
361 792
564 91
68 575
472 730
588 545
743 443
307 561
942 780
327 74
926 232
743 443
980 134
930 529
247 474
8 922
188 48
140 144
121 647
377 776
409 589
796 125
911 1000
260 437
785 728
730 512
399 857
859 197
46 872
245 719
728 785
582 467
498 289
684 563
133 119
825 560
423 900
930 993
898 830
736 143
143 736
270 435
583 679
902 770
428 373
736 602
651 89
106 893
558 22
605 207
930 993
389 318
984 688
643 726
107 455
267 903
479 504
874 86
368 349
870 589
828 221
624 9
27 752
656 174
66 630
762 547
880 821
900 423
408 334
143 736
256 265
927 147
75 816
409 985
399 41
276 227
689 253
324 883
793 468
683 165
150 72
53 554
539 860
513 941
798 648
585 78
447 95
453 251
709 927
124 412
962 863
670 659
17 16
261 157
753 117
594 844
502 351
578 28
970 396
906 357
112 36
650 643
398 77
812 607
437 958
322 387
304 817
210 390
366 98
844 594
349 848
340 211
971 856
105 889
887 921
732 117
159 154
390 369
984 688
329 721
274 18
16 556
178 120
605 126
368 531
754 313
487 282
927 709
77 398
113 357
320 640
262 799
114 552
523 580
219 723
768 990
327 74
651 89
708 108
741 988
795 554
218 934
872 683
235 617
498 845
329 721
798 732
820 651
803 784
997 397
948 710
495 377
252 14
685 367
376 228
29 187
440 138
965 369
410 411
615 785
175 926
576 817
457 182
935 641
849 383
210 684
83 158
950 673
832 871
659 647
355 228
748 953
181 874
975 383
584 558
75 93
732 152
656 174
496 945
692 350
50 399
351 921
348 962
336 591
181 26
728 667
651 89
434 783
93 75
452 763
96 901
73 505
331 571
744 633
398 77
502 921
65 12
518 619
828 997
239 856
263 805
899 822
354 258
459 310
937 450
427 786
3 891
759 179
361 160
873 603
277 725
550 331
984 688
806 786
478 406
298 81
618 497
485 760
324 883
858 478
200 125
845 498
442 549
707 484
637 248
658 686
523 580
433 309
695 597
809 700
639 773
572 80
970 396
935 327
46 872
682 746
407 777
922 964
108 901
481 710
213 480
56 112
703 348
358 985
778 987
188 375
113 357
972 899
378 460
630 797
401 336
858 505
355 711
393 751
484 269
804 800
591 941
201 392
50 581
853 280
870 589
397 370
488 61
916 464
245 719
993 930
619 518
253 689
78 781
172 650
887 361
324 883
597 505
151 790
155 448
538 672
87 333
994 561
565 666
496 611
513 506
242 742
359 681
407 777
174 861
48 939
403 413
602 438
752 27
25 858
351 668
300 417
90 565
257 447
162 618
84 988
407 310
975 473
518 619
990 768
153 608
275 178
147 750
924 672
520 288
57 931
668 921
689 253
975 362
392 201
399 50
471 111
658 718
605 126
730 309
626 508
596 832
7 533
46 872
234 224
684 598
260 176
976 92
973 4
738 312
681 359
872 46
256 581
686 59
845 498
612 492
383 308
594 844
453 222
686 431
389 318
692 350
809 760
753 117
114 600
303 402
472 401
704 493
407 310
263 616
82 627
781 78
784 352
366 98
478 84
674 866
92 878
470 957
31 225
407 310
641 585
935 447
745 353
154 665
818 196
114 782
602 736
679 281
367 430
26 47
893 84
481 948
796 979
762 933
506 834
106 347
92 731
286 417
258 912
771 468
121 986
513 941
983 287
929 612
865 46
375 198
857 82
145 241
774 767
985 409
210 684
681 382
787 193
980 134
768 784
95 632
124 640
699 306
218 984
359 681
942 744
183 316
226 888
3 891
987 509
679 583
861 888
592 163
83 949
112 56
144 679
935 447
796 979
875 587
506 834
802 691
133 119
374 745
646 929
362 975
653 439
357 906
740 386
837 468
777 407
555 297
118 922
616 263
518 619
865 522
708 713
329 396
685 23
556 278
138 440
994 695
625 995
398 77
669 882
560 633
131 767
927 147
541 291
352 868
602 101
270 435
485 999
618 497
816 435
213 185
581 256
534 662
736 602
185 613
686 431
695 381
32 344
151 790
732 138
857 627
200 942
347 302
212 600
558 22
993 930
488 61
707 584
292 164
453 222
351 142
622 238
861 527
670 41
517 869
142 351
278 772
277 604
437 820
658 948
756 396
572 80
758 971
271 268
194 83
304 337
544 692
368 338
819 723
271 268
23 777
433 506
535 240
765 350
89 651
15 317
35 833
34 82
31 225
913 835
258 509
81 298
453 222
594 844
401 472
46 872
361 792
444 414
248 378
203 640
369 965
466 615
109 716
844 644
950 715
744 942
200 125
611 952
93 75
370 676
77 398
905 120
291 666
488 61
559 913
239 856
545 588
173 543
60 495
559 595
190 947
746 81
908 887
202 428
713 615
381 73
106 893
841 358
79 72
538 672
801 321
936 644
2 1
150 141
493 660
880 821
492 612
111 753
266 145
840 364
660 832
753 111
381 695
205 13
832 493
321 415
644 102
715 458
181 874
302 909
16 17
875 106
105 1
98 274
795 554
307 994
954 459
558 714
892 731
854 285
625 995
778 534
778 823
458 715
395 523
526 915
874 86
970 690
46 865
946 553
187 296
800 537
169 960
111 753
520 21
175 926
628 864
629 702
691 211
218 934
753 117
143 736
280 853
736 143
915 192
368 338
282 246
724 480
201 392
695 994
302 909
336 112
298 51
512 476
135 637
390 75
383 169
383 169
460 407
865 727
101 945
39 660
251 910
239 744
385 926
456 832
487 842
972 954
879 227
819 775
188 652
901 647
259 620
54 940
350 590
205 83
747 207
39 660
344 128
205 83
493 805
8 271
366 997
427 235
710 864
401 713
739 530
611 520
312 659
685 766
404 30
252 171
295 959
710 383
507 614
324 392
319 455
959 295
729 19
895 922
524 234
785 324
298 51
753 182
731 884
553 340
927 940
553 340
228 592
788 996
780 880
630 575
676 452
756 217
801 224
661 924
797 579
133 932
56 912
691 973
633 305
221 286
575 630
268 603
754 32
820 100
756 217
300 610
994 574
750 120
581 815
531 962
327 330
791 36
563 78
445 755
507 402
284 256
148 738
76 944
764 600
871 847
736 123
314 260
691 902
322 99
193 265
113 239
627 536
566 646
245 728
714 620
642 289
51 337
577 264
963 836
178 495
655 29
858 362
996 788
41 488
84 833
234 975
371 480
178 495
365 701
504 243
715 653
240 98
793 638
18 584
297 375
871 847
470 283
437 947
473 38
466 896
158 561
284 568
878 381
315 698
306 957
323 956
356 951
809 6
202 570
315 698
863 981
289 663
263 453
984 510
271 8
319 455
29 731
229 375
620 259
151 88
889 562
614 737
117 519
447 97
890 89
998 437
113 239
224 801
381 936
771 585
949 304
409 129
607 461
158 368
661 276
817 701
491 84
802 310
714 909
953 342
703 125
186 826
189 165
419 950
200 725
952 267
298 405
216 726
1 2
737 480
351 893
335 965
990 243
735 859
280 730
983 514
224 756
36 411
266 329
992 668
447 97
921 841
433 965
362 692
921 333
535 806
327 994
85 753
91 398
408 24
616 180
397 788
544 477
648 569
375 229
9 905
679 762
697 804
27 5
318 666
603 844
322 512
368 271
920 602
3 444
493 22
891 272
507 402
803 921
327 330
170 54
348 80
106 876
400 131
159 114
526 858
737 649
995 91
553 340
584 477
548 505
717 859
121 920
957 306
639 605
766 685
833 502
809 6
120 750
241 737
120 769
706 797
549 136
725 27
823 339
600 764
872 417
49 331
200 725
533 65
435 531
351 972
235 554
605 639
378 325
425 237
573 140
927 760
536 434
666 318
442 920
823 700
70 582
76 195
407 594
100 820
31 63
550 663
460 83
167 541
966 428
39 258
494 586
118 344
703 125
265 193
25 682
455 422
218 14
715 127
323 956
862 49
639 393
151 61
507 614
773 227
246 861
283 44
436 115
697 742
747 395
301 971
187 740
687 392
666 318
241 737
897 382
613 282
700 174
995 135
268 603
622 262
335 680
200 725
306 281
25 682
648 569
84 491
178 495
142 541
303 538
797 579
150 452
986 712
154 467
222 753
663 289
830 270
946 79
398 91
833 570
820 363
323 956
928 201
257 902
40 564
137 326
970 105
504 243
750 769
765 454
553 340
804 583
13 279
456 832
163 251
494 430
399 235
668 220
46 214
414 147
778 966
767 940
14 218
66 112
594 407
431 419
690 486
986 256
69 945
923 357
882 924
945 69
482 815
284 256
262 622
614 507
929 706
732 258
482 881
509 880
506 545
410 349
965 335
982 144
749 668
538 217
520 228
990 242
254 960
273 848
582 88
228 288
952 84
931 769
419 431
676 695
392 687
214 46
281 880
370 107
813 74
111 702
77 740
401 713
100 607
336 579
547 853
271 8
778 966
136 839
176 20
753 85
303 538
729 62
519 117
765 454
595 496
613 439
964 843
564 40
446 199
394 789
385 926
531 962
15 799
411 36
312 7
664 699
250 192
692 938
288 359
643 142
162 203
717 442
369 684
442 882
520 942
873 232
668 992
104 45
46 214
436 429
800 820
857 900
264 577
690 439
780 255
95 244
254 960
273 561
986 215
917 758
380 874
655 731
105 405
618 492
630 575
264 481
510 971
180 420
807 197
432 428
573 140
683 866
585 974
734 469
239 113
408 338
503 818
949 67
994 574
458 981
523 307
41 799
301 779
909 362
972 954
817 518
43 997
72 285
180 125
647 901
71 402
716 827
779 774
928 719
215 986
844 597
79 973
106 876
928 250
987 244
110 659
158 403
569 648
536 434
131 224
40 564
542 857
465 776
698 315
517 887
956 4
501 300
767 625
747 395
797 579
276 302
683 92
436 115
125 180
204 539
421 542
189 91
560 397
718 316
970 406
553 781
206 946
229 375
934 277
657 373
687 55
213 816
107 229
652 188
205 592
612 645
87 217
934 560
586 494
378 325
175 155
31 613
555 921
530 203
227 675
134 636
420 903
385 926
153 593
298 51
608 713
187 49
718 725
664 524
393 637
326 137
207 247
303 538
207 900
703 435
841 555
1000 345
100 800
571 143
352 733
442 920
709 989
48 519
312 918
830 270
243 990
665 11
977 290
34 529
260 733
49 655
241 737
50 868
281 306
60 161
803 143
973 26
309 249
445 447
112 887
144 536
347 172
550 624
27 106
831 627
113 239
63 31
25 682
883 609
557 123
226 856
484 497
282 613
901 647
539 329
801 224
824 931
783 297
801 224
553 781
331 49
630 653
536 434
81 599
381 878
625 64
852 963
74 836
660 56
815 505
465 366
183 237
542 421
174 700
707 112
644 591
981 458
747 366
646 566
799 654
583 804
909 212
152 790
535 806
487 842
944 722
259 941
643 855
852 175
604 556
194 696
987 329
678 485
25 682
259 941
608 466
181 909
145 527
669 642
468 616
221 827
527 145
734 213
47 417
807 197
669 380
41 488
714 232
84 141
690 439
62 594
400 73
121 595
302 256
804 481
194 219
79 946
766 334
923 357
578 759
445 755
719 912
8 936
319 120
497 484
230 597
224 801
212 526
111 555
513 511
112 418
200 823
696 658
20 176
918 210
226 351
256 284
203 96
800 326
634 286
777 641
769 750
53 211
315 755
158 561
183 474
567 677
692 362
733 906
719 912
744 202
499 693
118 106
11 665
325 376
16 688
349 410
300 610
265 193
262 432
844 461
426 325
670 719
831 743
801 224
596 413
673 476
435 448
664 524
32 603
540 128
330 712
655 638
454 765
944 722
110 659
212 526
765 935
542 59
254 960
476 512
771 177
260 516
807 66
907 821
784 596
798 533
153 598
554 930
147 414
867 850
831 627
942 869
764 600
63 868
604 294
696 194
162 573
311 830
46 214
887 209
214 971
405 298
813 268
100 607
606 864
895 922
734 213
431 419
53 211
289 837
551 146
375 389
763 282
537 65
936 450
103 265
925 849
859 735
948 508
337 40
889 941
520 611
354 183
971 214
720 511
743 182
121 595
393 398
467 787
488 806
568 778
521 623
352 260
881 757
912 969
734 469
337 964
332 740
740 77
981 458
109 840
716 827
887 112
474 183
258 321
207 900
683 987
731 506
945 69
38 473
706 956
803 111
196 978
83 47
434 144
91 135
446 674
124 796
612 245
249 309
267 407
311 713
428 432
629 162
28 934
596 413
415 849
43 400
411 36
124 576
180 318
850 867
177 660
448 593
563 29
984 510
807 437
815 505
133 410
724 786
186 666
983 689
128 344
373 470
914 792
456 437
892 787
907 126
378 6
555 921
940 767
664 32
396 209
469 976
989 552
733 610
298 405
902 691
749 668
952 267
137 636
33 412
822 842
379 619
449 575
663 550
95 278
237 425
199 253
902 257
651 960
897 382
197 807
717 859
404 588
648 755
398 862
208 471
891 593
195 76
159 559
203 96
981 458
614 737
380 669
526 303
256 986
166 399
325 346
793 638
97 447
318 666
762 679
276 879
32 754
198 317
981 458
996 207
436 115
811 690
225 102
767 760
24 408
699 688
381 878
83 205
832 917
463 255
928 135
524 60
731 129
224 73
348 927
921 555
241 737
256 284
228 592
519 48
368 705
780 880
1000 237
598 153
138 727
187 476
748 577
477 584
387 739
730 280
507 718
234 975
510 971
228 592
11 665
506 545
47 417
975 234
135 637
726 216
777 475
89 953
112 887
408 24
294 932
308 890
217 756
959 295
943 991
358 179
233 114
379 673
476 379
480 371
61 164
9 905
978 82
913 527
438 506
432 979
956 323
477 544
233 770
467 132
360 782
203 162
588 993
526 858
919 751
902 257
993 711
216 726
798 533
976 908
8 271
616 468
895 922
526 858
599 81
193 824
291 545
367 215
762 679
898 886
901 647
509 880
989 709
938 692
709 523
561 594
360 782
193 265
131 756
119 75
435 703
262 428
32 754
574 842
228 520
27 5
610 238
229 809
971 301
985 170
752 23
151 88
654 15
985 80
655 638
22 493
477 544
102 352
539 204
971 301
949 304
985 661
431 12
319 455
946 79
259 620
643 142
84 491
493 22
971 977
161 813
361 90
501 529
778 966
973 149
515 487
689 983
365 518
588 404
777 931
701 365
952 84
27 5
931 777
420 180
730 280
110 659
514 983
89 960
39 275
950 547
302 256
38 410
564 40
657 970
367 889
226 457
492 629
363 527
647 630
687 319
756 359
476 629
394 408
474 175
561 189
389 800
931 895
837 392
871 83
464 272
224 302
961 554
75 539
357 178
621 848
282 818
562 589
655 496
668 949
88 441
894 640
337 541
686 728
966 809
837 392
647 500
145 75
275 658
629 165
439 612
383 645
677 565
529 548
107 623
770 306
396 697
899 724
545 118
554 961
392 815
547 875
619 830
260 73
339 71
864 470
336 610
606 797
394 812
164 144
795 181
525 905
71 16
149 624
395 578
404 566
974 37
749 636
288 583
209 494
606 797
846 486
391 883
56 779
629 165
658 275
520 792
500 546
759 423
961 554
78 497
460 657
236 886
223 433
649 782
155 63
857 928
502 225
847 11
788 219
838 740
836 584
865 252
859 373
869 72
406 485
125 215
467 198
698 76
612 36
359 756
522 913
859 640
462 707
806 547
713 223
810 265
196 899
94 14
773 751
579 701
803 199
267 468
927 199
152 945
403 123
471 795
544 260
922 567
511 230
871 83
273 86
163 799
453 450
595 968
984 849
791 535
768 170
8 678
186 52
163 435
482 896
368 56
281 546
392 837
434 51
375 64
218 970
519 806
294 86
127 776
11 10
97 718
94 454
262 685
628 750
761 690
687 319
679 155
877 280
923 253
878 16
230 511
228 476
352 213
614 906
899 724
698 951
962 427
446 587
534 86
872 906
462 959
727 895
50 605
387 281
391 447
868 332
261 221
524 180
98 64
594 344
172 702
106 829
323 42
719 771
366 944
846 486
710 324
670 673
756 359
943 81
369 299
916 43
300 822
254 763
387 281
843 264
165 104
720 69
563 619
678 576
141 44
14 94
658 275
532 605
652 169
252 865
600 905
791 535
78 923
516 785
720 69
338 208
514 328
577 456
693 63
340 504
760 408
523 748
224 781
230 511
400 514
445 574
622 862
255 319
61 157
923 78
624 718
905 600
296 294
103 334
520 489
230 511
736 449
210 261
54 745
224 85
401 665
92 584
59 158
359 790
751 25
548 277
541 337
947 94
783 881
727 849
471 181
972 22
627 216
534 131
601 543
247 786
59 158
847 715
677 393
506 102
928 350
53 636
506 933
164 389
192 188
872 209
295 824
169 325
423 111
418 466
719 45
96 837
737 944
130 845
850 822
713 223
930 874
935 414
863 989
691 162
670 606
824 491
438 799
513 787
986 551
205 23
926 757
91 563
516 785
552 377
525 910
279 744
973 782
131 798
459 826
208 118
320 787
953 601
353 633
32 374
286 54
665 810
912 10
579 704
488 122
27 236
357 178
399 815
607 238
483 83
61 157
668 949
281 940
459 826
339 98
389 164
366 762
490 311
592 473
790 959
894 186
247 786
278 174
696 472
480 4
891 390
660 949
157 61
722 333
985 625
862 648
651 816
933 598
740 211
54 286
699 707
51 399
714 415
280 877
422 57
351 931
641 130
338 208
427 962
37 840
664 278
8 587
636 894
944 880
727 895
86 273
399 312
764 168
538 559
364 875
649 782
784 981
510 192
914 394
237 96
689 617
361 194
192 188
92 684
247 786
378 381
114 997
636 749
622 862
692 878
597 116
525 835
339 575
211 551
512 194
329 84
332 868
942 578
248 715
954 235
676 646
167 481
589 142
945 152
909 58
772 906
361 400
266 593
873 191
562 589
577 456
884 665
375 410
509 334
633 353
329 84
496 539
874 344
401 855
927 199
37 876
445 574
146 204
73 444
864 132
890 50
298 989
910 568
600 23
702 623
15 923
54 405
376 820
872 196
479 888
51 434
421 263
62 925
208 118
412 811
868 100
857 928
22 607
72 581
988 635
644 207
201 491
40 926
112 820
365 907
868 100
905 600
466 949
184 200
559 538
59 725
61 99
32 741
399 312
292 213
230 511
744 41
414 935
318 624
794 521
349 109
11 593
394 272
255 48
860 776
59 555
953 503
676 646
474 175
283 675
400 374
862 164
516 503
318 739
577 456
899 724
314 251
817 659
835 525
902 610
578 395
19 280
744 41
949 466
487 441
829 106
203 244
203 244
292 539
448 687
286 309
167 198
592 473
650 424
421 127
231 493
365 907
202 196
229 185
510 761
854 442
925 62
973 253
728 686
167 481
957 614
695 414
958 745
964 495
429 418
932 555
203 244
472 887
90 134
874 952
420 108
749 116
405 557
641 162
859 373
979 529
501 184
18 889
390 708
432 586
794 38
862 648
676 516
161 197
110 667
585 530
611 995
633 606
691 495
140 723
978 129
781 567
26 325
174 278
725 442
926 40
785 921
974 37
365 907
622 553
171 76
383 834
678 576
150 320
106 25
576 678
769 180
911 558
239 835
922 567
53 749
483 313
675 283
275 658
791 535
719 45
554 961
51 434
475 144
835 5
400 361
457 379
951 698
115 740
797 606
839 349
466 949
594 344
295 824
720 69
310 854
84 259
479 611
268 855
834 293
841 575
375 410
124 851
717 992
549 333
652 169
66 41
942 163
152 531
914 522
276 738
86 534
462 707
539 496
244 203
51 434
34 226
619 563
95 439
225 947
244 203
713 223
10 233
663 355
525 905
914 522
196 772
496 321
654 289
967 998
414 695
975 924
280 965
264 521
23 205
750 628
464 812
59 158
614 957
707 462
314 251
37 876
935 367
522 968
900 315
360 264
595 257
974 37
160 842
330 698
558 911
846 486
581 573
900 163
28 347
872 196
197 688
85 224
656 155
372 506
168 241
103 677
834 293
421 484
156 502
17 348
414 695
365 347
398 147
26 126
201 443
527 397
595 968
888 18
213 352
281 387
714 607
158 725
303 195
384 855
112 820
744 41
186 52
747 307
664 229
178 570
524 180
222 752
492 476
559 904
514 328
279 537
66 41
673 670
333 722
229 730
761 510
235 954
732 173
236 27
508 202
973 782
194 801
284 40
628 143
288 327
938 934
412 545
945 386
743 29
309 286
11 912
123 305
629 476
959 790
318 739
994 181
42 323
218 936
262 808
704 175
636 749
457 379
21 192
224 781
945 860
320 150
203 244
223 713
439 612
850 674
510 579
640 458
660 949
229 664
579 701
618 919
260 772
444 593
318 624
892 52
632 97
854 369
111 137
873 346
595 968
106 886
548 659
288 49
961 554
854 310
788 219
215 869
434 51
409 256
566 573
202 411
283 675
771 494
14 778
836 584
79 461
158 725
840 780
28 531
448 687
462 707
727 895
628 313
362 551
461 694
339 98
253 923
37 974
59 158
105 832
311 505
560 966
733 226
965 280
67 975
768 285
582 143
966 809
623 107
165 629
957 425
490 311
587 8
400 514
252 311
321 60
563 624
946 940
339 575
516 753
624 563
213 292
602 89
693 63
315 900
842 160
123 403
754 828
960 537
808 172
891 726
489 520
104 314
422 57
510 701
719 45
533 466
385 178
434 51
339 575
559 904
860 776
456 251
60 792
8 605
346 873
578 395
15 923
460 657
461 721
597 53
42 323
608 74
265 810
373 330
395 578
756 406
165 629
822 300
479 176
486 846
134 300
103 677
385 352
809 220
35 791
460 657
843 342
165 629
877 343
664 455
912 403
470 258
985 625
188 192
506 102
700 894
490 311
578 395
677 393
416 34
470 258
477 141
490 505
914 913
828 61
123 403
172 808
928 590
972 238
835 525
22 607
622 553
167 198
762 995
649 782
620 561
65 553
283 390
33 601
905 600
866 798
862 622
600 905
511 230
912 403
807 558
652 30
511 230
799 438
708 881
441 487
640 458
119 270
536 167
303 195
66 578
33 543
306 746
454 94
59 446
422 57
728 686
927 618
253 339
910 568
106 171
56 779
685 946
436 160
728 686
668 775
899 724
483 83
722 831
952 874
404 362
117 821
92 684
770 234
365 907
588 38
434 815
284 40
132 409
15 137
872 209
310 854
255 870
53 636
103 814
246 677
973 15
905 600
961 554
83 483
165 629
963 583
61 157
914 394
263 421
468 114
528 136
510 701
460 794
592 473
326 269
573 12
492 416
687 319
889 18
974 37
577 456
807 558
75 145
339 98
872 196
943 166
817 32
586 382
769 437
23 205
822 20
872 196
724 185
86 273
511 230
421 263
642 224
69 720
331 478
68 663
523 963
375 410
383 293
410 948
748 271
283 390
722 666
266 468
202 771
200 769
15 973
168 241
676 503
951 698
415 714
215 983
703 599
492 629
7 819
998 128
86 273
808 262
536 954
161 376
88 708
825 159
160 603
492 416
903 497
627 216
214 852
477 833
209 872
386 879
473 592
79 518
61 828
26 126
347 517
115 532
671 711
991 571
536 954
539 547
290 882
458 640
612 36
292 213
492 416
900 163
591 120
908 692
717 992
209 872
742 249
983 844
264 843
467 235
790 959
852 122
49 529
717 425
550 888
935 506
783 17
245 440
320 739
81 943
61 157
281 940
658 275
282 429
641 130
89 63
551 986
35 188
744 279
150 739
68 544
355 964
334 103
619 550
928 590
439 666
878 501
933 358
533 541
815 419
700 811
652 334
787 758
107 54
399 137
542 319
614 830
299 86
76 291
868 561
718 29
195 485
814 63
118 515
624 30
82 977
965 82
489 198
68 397
782 769
345 326
952 257
910 153
273 256
78 323
860 205
967 732
94 442
117 631
328 979
491 701
558 762
728 862
620 186
444 941
327 504
445 137
803 560
752 843
221 93
195 999
461 130
399 137
939 241
2 1
518 48
361 570
577 460
836 515
219 864
40 715
621 215
947 307
848 842
574 149
200 808
94 590
620 911
208 755
48 688
527 996
306 427
411 937
507 588
647 297
793 572
802 172
376 620
952 246
289 722
457 397
292 227
738 573
622 734
161 752
421 133
804 282
36 238
884 609
950 421
964 65
280 615
702 654
225 655
844 152
443 648
50 909
63 788
632 850
917 748
425 960
154 528
622 634
177 367
121 957
395 942
266 432
880 794
618 931
771 968
179 823
839 273
784 561
398 945
716 117
682 390
203 945
334 992
55 984
347 663
955 186
512 77
752 843
575 469
395 810
166 122
908 690
145 248
518 236
887 11
668 331
328 537
331 668
616 283
163 989
652 494
161 89
682 213
491 521
80 324
477 562
477 562
870 185
77 699
675 750
213 726
473 826
828 623
431 687
232 638
860 961
909 455
90 988
396 468
2 1
217 271
442 776
676 700
763 322
170 218
545 364
981 915
305 915
742 987
165 998
109 800
249 508
353 581
616 283
153 910
880 794
944 841
145 957
200 746
26 242
263 816
512 757
952 246
57 365
91 605
145 248
975 930
251 834
757 953
190 457
402 565
521 624
778 912
27 617
739 798
717 612
731 124
166 261
201 981
394 306
672 357
663 347
384 122
602 773
849 342
721 570
986 721
354 633
765 264
61 676
717 947
755 735
503 956
272 749
176 18
484 208
806 670
953 757
578 382
129 843
311 211
596 863
125 190
504 793
908 690
759 559
805 641
485 471
449 3
394 749
197 268
819 576
210 333
178 349
430 57
338 229
923 474
224 446
761 115
735 904
289 722
403 124
991 308
300 254
955 186
528 154
631 509
756 551
298 858
884 796
929 552
929 552
787 758
644 4
814 467
760 658
792 471
685 795
541 533
483 654
583 318
4 139
94 129
358 368
960 425
84 216
158 617
910 153
583 169
218 508
366 544
574 689
394 749
49 5
622 734
940 554
573 382
887 307
272 749
666 839
327 503
257 108
987 355
597 866
61 744
544 614
351 125
769 715
976 523
179 117
580 659
438 205
365 797
696 735
829 842
783 125
960 425
876 530
595 301
734 622
308 991
726 882
744 243
762 956
902 526
233 657
635 658
63 817
516 30
253 770
403 124
483 775
564 354
604 999
125 7
499 588
170 870
485 195
255 427
428 621
438 69
685 168
106 778
170 870
483 594
94 934
161 322
559 157
690 70
293 870
164 383
691 304
966 88
547 603
998 165
11 322
396 323
665 643
650 72
529 414
692 733
52 802
442 18
523 976
704 47
137 445
295 632
734 622
785 423
941 683
351 457
752 161
387 21
587 523
852 963
311 400
461 470
309 574
639 893
363 798
273 839
792 186
693 656
487 235
731 403
92 229
726 97
271 169
955 792
835 270
546 374
784 714
542 262
183 784
434 396
748 163
110 223
329 54
938 275
867 592
813 729
193 972
939 241
689 574
550 837
873 255
745 587
47 782
367 449
502 825
630 983
679 926
62 502
471 344
94 590
737 317
940 554
484 208
657 980
140 790
675 750
13 33
123 194
461 470
784 183
750 675
659 316
648 443
668 696
586 656
345 73
161 44
307 947
785 879
944 82
264 139
563 725
575 289
129 752
256 666
399 137
557 826
544 131
798 217
394 371
10 458
266 280
446 224
239 28
318 583
11 887
98 12
779 619
79 935
248 19
792 186
610 636
782 359
489 606
61 126
614 131
378 377
832 191
194 878
556 278
671 141
614 830
707 158
194 878
592 867
863 596
646 741
139 4
110 136
426 155
630 581
496 72
253 201
453 239
161 89
275 938
36 985
73 237
971 851
782 769
202 472
342 660
485 292
192 31
880 134
915 305
668 503
283 616
204 23
36 476
748 917
272 765
951 595
609 297
769 715
621 125
303 64
552 929
263 46
617 158
10 533
573 382
227 292
152 937
920 881
29 183
152 791
198 380
675 750
310 452
723 313
30 624
445 137
884 796
406 549
201 32
879 12
654 933
73 237
424 449
731 124
234 795
384 122
304 324
290 352
398 945
545 864
165 998
673 577
225 83
562 373
76 291
995 441
754 294
701 463
565 138
726 882
911 236
167 875
340 203
758 163
822 518
925 154
705 750
878 501
201 98
614 553
396 416
318 278
334 391
717 612
486 845
529 182
395 686
483 775
565 649
57 430
150 146
869 591
651 647
496 531
515 173
529 824
409 556
315 639
464 638
810 587
261 201
191 832
153 235
749 714
271 352
22 174
965 816
286 217
268 611
862 811
761 954
606 906
1 2
518 49
917 354
814 28
340 516
442 776
249 66
762 558
394 371
295 632
989 163
611 268
243 39
545 336
620 376
205 438
31 885
89 322
122 384
57 430
635 658
126 61
282 954
731 124
582 641
652 494
715 769
407 55
259 265
98 981
655 338
83 628
298 858
366 372
899 9
496 531
438 20
321 224
79 987
493 716
552 929
825 160
764 993
655 338
34 740
668 696
11 322
748 917
611 358
442 18
877 17
218 508
675 715
639 893
464 638
620 186
687 431
299 435
671 141
518 481
900 469
769 715
402 16
190 14
199 302
731 403
756 551
504 804
125 621
254 320
367 463
964 397
976 523
683 941
478 881
166 261
539 835
922 395
588 499
820 241
778 106
930 975
714 749
636 304
691 848
706 642
782 47
733 300
384 122
744 67
987 325
396 416
733 548
790 454
769 715
486 871
337 293
307 70
351 457
195 999
628 83
650 72
950 115
750 675
604 236
49 481
496 531
378 77
647 387
257 187
718 29
597 866
648 943
534 720
896 741
793 249
552 466
212 2
32 294
545 729
315 569
208 484
952 874
169 583
325 355
384 487
856 765
400 946
361 570
446 908
410 913
301 595
297 647
934 343
185 781
499 356
281 192
317 737
429 319
341 298
849 342
769 715
643 665
689 574
626 184
27 617
743 350
903 415
657 980
827 174
800 828
291 651
169 271
155 426
485 195
287 645
503 699
914 828
568 938
178 401
498 969
167 875
337 293
754 415
335 923
953 948
283 616
544 614
723 498
372 366
693 157
927 689
84 530
558 762
736 959
500 930
339 509
860 416
309 574
350 743
654 933
387 21
496 72
205 961
50 383
6 510
759 995
564 653
261 930
955 203
991 308
491 424
182 475
257 522
423 241
873 895
5 49
225 658
268 611
403 124
298 858
652 494
950 212
75 189
915 375
987 325
780 420
945 203
196 583
428 215
738 573
49 481
464 232
796 609
775 245
218 508
282 804
582 268
172 461
983 53
347 663
471 344
169 583
886 536
500 261
928 454
967 732
340 203
730 175
785 423
29 718
759 995
370 531
958 197
161 799
788 63
230 536
741 896
550 837
231 81
165 695
280 103
487 384
159 34
396 323
89 322
419 871
529 414
126 61
429 547
426 155
97 726
753 440
299 86
283 616
171 302
235 487
681 301
691 972
145 248
862 811
972 101
304 636
399 227
309 574
429 319
984 859
29 895
798 187
604 236
117 631
619 962
694 732
661 480
502 62
174 840
996 527
324 304
793 107
877 17
355 325
157 693
522 664
319 429
92 338
417 284
218 508
752 843
841 608
987 355
167 689
763 258
622 734
212 590
107 329
601 196
161 322
200 141
166 305
220 787
343 934
987 742
757 699
444 531
848 842
181 900
387 575
103 258
525 901
902 526
403 259
971 851
422 27
298 858
477 562
288 905
622 734
446 800
916 418
928 865
629 30
325 355
941 263
906 112
866 493
145 121
943 731
868 561
986 894
846 20
483 482
590 94
1 2
738 573
500 404
337 781
629 30
267 474
972 101
78 129
978 138
729 813
704 448
989 787
787 758
245 443
528 154
866 493
948 953
634 370
672 682
549 406
777 118
651 291
619 779
503 956
268 582
566 1000
113 340
267 270
125 351
489 606
394 749
957 121
660 342
735 904
872 445
505 667
93 221
226 593
688 48
309 574
884 796
114 240
933 654
941 683
557 826
923 474
190 507
799 752
691 304
280 615
60 635
442 434
589 918
719 305
873 895
409 610
860 396
500 930
432 266
459 662
611 858
487 631
789 924
367 463
863 327
741 896
955 186
721 570
329 54
778 912
364 219
928 865
359 553
994 293
28 712
299 86
543 242
364 545
699 948
648 443
634 370
505 667
287 645
726 97
163 989
91 605
627 145
884 796
40 42
109 292
897 806
248 145
810 395
21 387
293 870
367 463
547 603
834 874
517 175
391 276
497 412
532 112
764 993
245 943
598 612
280 615
417 349
70 307
243 39
181 900
250 663
126 868
802 369
924 142
299 445
552 851
741 759
720 230
28 567
848 267
973 261
674 568
216 687
638 404
348 169
349 447
143 675
919 691
475 567
305 8
266 408
733 333
883 857
454 350
157 649
153 474
167 17
421 865
881 144
746 38
136 117
997 226
899 929
958 910
953 738
836 187
664 291
355 727
243 914
919 691
919 220
497 756
729 512
702 32
690 627
244 3
387 347
86 163
783 605
855 584
705 418
4 932
71 353
339 535
394 565
67 466
198 724
820 458
46 815
784 666
464 781
107 760
257 799
31 375
851 616
749 230
940 25
931 332
266 408
87 194
846 855
186 324
548 933
203 258
357 43
82 280
656 602
279 150
640 280
983 161
753 126
873 916
428 520
353 71
161 786
203 128
38 819
43 546
580 413
654 321
330 869
226 997
195 217
709 436
814 805
148 10
226 701
406 454
88 607
63 234
448 299
21 960
966 379
830 362
845 76
610 194
997 488
868 242
28 102
668 625
357 43
452 544
39 70
418 705
322 306
712 278
38 746
420 872
781 464
304 117
606 584
528 776
978 729
439 189
420 74
288 803
429 103
853 109
934 741
319 166
186 152
410 810
67 825
942 32
351 869
586 10
999 901
336 583
714 188
91 265
825 858
186 324
67 466
982 42
4 932
320 132
521 374
332 931
882 806
308 120
817 768
612 519
784 148
588 361
23 396
119 583
305 217
28 567
694 349
815 39
942 937
290 187
572 861
788 647
219 374
754 721
207 456
953 291
335 468
300 846
546 156
850 185
904 385
903 515
553 679
969 60
336 40
658 185
793 451
720 209
898 70
579 469
739 33
990 485
840 985
477 345
441 311
152 50
866 620
366 744
865 421
372 35
849 637
38 819
682 636
624 671
474 15
580 413
751 91
616 538
313 186
610 443
790 77
435 514
591 494
315 188
367 163
970 195
143 253
331 491
159 402
560 91
448 299
534 45
833 584
866 984
558 671
682 636
623 540
271 255
747 550
398 231
999 792
236 488
914 243
435 882
536 196
788 158
86 913
170 210
457 158
359 113
352 377
375 31
257 537
968 322
509 316
458 820
570 893
572 961
719 587
797 4
324 628
239 991
115 50
449 608
171 459
791 407
591 494
211 582
316 167
618 244
260 777
560 91
303 209
114 600
631 60
798 235
627 524
424 387
567 684
591 388
526 953
38 501
8 305
236 488
872 61
311 463
608 449
361 381
814 156
196 129
774 965
286 903
535 730
136 155
585 474
428 732
654 321
146 714
387 674
812 722
150 163
757 615
359 481
369 229
901 939
793 451
244 266
975 4
911 571
316 783
79 123
197 351
341 645
28 567
530 364
435 206
497 756
713 555
236 488
100 228
515 903
514 147
837 328
636 281
978 729
386 345
361 588
242 379
27 906
867 710
232 236
847 728
133 641
964 93
800 545
917 365
157 270
317 60
794 881
924 37
453 691
824 604
367 640
449 611
153 499
839 790
395 971
154 392
598 619
126 520
751 91
469 684
955 637
139 256
253 143
983 161
341 645
281 688
585 474
322 602
218 969
159 123
236 488
316 241
660 670
180 595
485 980
39 70
165 205
416 651
196 536
771 142
915 748
71 353
566 974
286 819
348 200
429 382
223 623
623 223
663 479
343 385
12 268
644 162
969 631
728 830
522 737
690 852
958 15
911 571
394 565
108 682
247 17
796 191
40 336
863 25
266 408
898 70
132 986
729 512
659 888
204 478
127 476
788 847
196 129
514 147
750 704
86 163
788 847
674 353
86 163
885 285
720 108
700 500
188 717
309 246
547 823
518 164
308 294
517 144
365 917
721 186
840 569
901 939
358 9
948 944
242 379
969 218
841 961
319 505
520 428
244 266
409 732
778 495
674 835
716 129
416 868
178 736
637 40
857 28
32 667
132 986
775 243
327 725
979 739
101 184
640 367
388 159
546 930
516 626
52 804
973 615
567 639
622 405
64 725
482 309
911 793
611 449
174 276
312 952
485 659
510 62
814 156
864 239
413 580
740 273
691 127
111 74
452 544
53 52
435 882
947 191
838 427
249 914
985 176
843 591
51 577
291 664
787 603
548 225
81 769
725 64
38 746
742 92
416 868
881 547
686 600
745 141
618 441
696 990
107 994
215 556
827 831
373 844
899 481
402 430
41 257
305 217
221 492
353 611
360 952
244 973
965 774
864 161
23 396
560 91
149 521
793 24
427 327
921 934
690 627
447 470
776 283
916 922
979 739
671 624
862 53
125 685
822 215
259 809
170 210
697 974
520 126
64 327
106 67
653 936
589 919
441 311
511 250
666 575
86 913
530 879
23 396
800 54
77 790
865 115
244 261
124 177
832 851
15 153
489 912
149 969
209 981
544 97
630 597
427 838
982 42
978 406
541 196
158 457
979 739
483 829
377 888
828 495
89 568
922 563
732 448
475 472
707 926
334 249
833 930
787 548
492 330
155 518
917 365
827 831
49 507
537 83
948 944
148 586
843 675
345 386
969 149
219 530
414 872
74 246
68 274
614 44
196 541
426 109
109 426
582 104
452 23
510 703
402 123
457 158
288 652
894 304
274 68
331 423
671 455
230 245
22 977
658 92
338 273
357 43
138 328
262 887
672 536
838 427
79 200
651 416
126 520
23 396
91 560
735 423
813 962
38 746
78 818
790 839
24 804
488 371
305 8
225 951
67 466
234 63
944 179
352 811
279 150
454 406
938 491
865 7
622 84
103 199
46 882
357 780
564 85
930 973
122 878
694 372
288 663
763 993
748 13
577 51
646 368
89 568
888 659
962 696
816 729
769 747
709 61
911 571
947 354
899 929
972 282
695 409
788 847
591 494
728 788
176 985
164 304
327 725
671 558
573 555
931 332
966 58
573 555
822 744
509 316
598 619
861 911
825 931
835 455
292 116
67 378
351 443
244 261
903 286
601 945
113 438
294 808
682 303
291 664
959 882
861 572
86 163
685 125
740 105
721 186
441 854
544 97
308 120
244 3
856 835
127 476
181 227
128 801
176 840
666 912
374 521
948 944
965 269
825 931
838 543
628 324
125 762
242 208
784 666
640 599
988 299
872 709
3 854
720 209
347 424
948 944
849 661
632 818
746 38
869 330
183 781
754 508
819 541
530 219
256 666
310 561
567 28
392 154
305 8
978 19
423 298
188 315
973 261
267 848
697 974
861 572
485 659
676 130
352 377
916 922
858 825
78 502
231 398
633 704
888 613
754 508
415 494
8 305
487 717
322 238
751 477
963 553
614 828
901 939
898 610
905 211
527 338
80 519
115 865
983 864
817 224
704 750
993 521
800 545
716 926
395 971
827 262
405 706
618 816
230 987
567 684
530 219
784 139
917 365
706 372
78 461
52 804
70 898
244 3
664 291
8 970
24 804
139 995
244 266
955 656
776 528
92 777
181 227
258 203
387 424
181 227
630 597
569 822
837 519
616 170
485 659
994 759
106 378
783 605
481 681
293 939
630 597
843 293
415 494
988 509
622 552
361 381
57 192
467 667
654 321
743 767
634 404
167 247
300 476
766 40
414 343
84 989
829 483
353 71
218 969
462 870
193 874
595 216
840 673
701 268
270 829
883 502
79 492
663 479
588 164
203 258
279 150
496 688
179 944
393 557
73 41
928 445
374 521
281 688
935 587
43 805
39 676
475 472
266 357
602 922
541 819
682 303
566 298
128 258
53 912
670 996
53 862
352 493
589 606
650 227
721 754
527 338
175 571
194 610
567 684
509 988
352 811
214 592
527 338
63 234
372 706
70 39
79 123
677 98
478 204
269 302
264 600
32 942
211 516
213 808
281 688
84 989
986 976
128 484
8 305
111 343
359 113
999 901
140 376
135 960
688 281
515 672
832 170
161 621
238 22
82 109
121 472
415 946
30 277
888 659
239 991
138 69
70 39
86 913
558 999
627 852
351 443
482 436
59 461
12 268
615 757
143 23
948 179
891 528
318 210
902 876
916 742
138 69
750 704
388 773
443 643
361 588
581 184
420 74
973 833
778 963
787 933
972 514
137 552
266 408
290 187
386 562
677 98
49 507
209 303
975 4
318 662
383 801
325 757
853 698
857 883
932 4
983 864
473 288
825 67
186 721
560 91
47 551
380 854
75 202
558 889
256 912
797 4
782 385
286 421
507 6
774 93
969 218
428 520
465 562
858 825
842 599
436 596
379 966
730 535
212 40
353 71
515 286
729 454
341 645
261 973
494 591
27 967
182 428
175 451
136 896
426 109
856 835
571 850
481 681
533 846
81 126
594 110
61 709
43 546
53 52
995 139
719 869
855 33
867 814
516 532
566 298
466 858
316 241
609 319
728 830
197 627
190 154
77 665
476 127
445 299
988 509
575 236
477 875
64 725
937 72
354 160
700 172
141 30
854 380
591 677
520 126
218 223
302 122
244 3
582 104
141 745
316 783
963 553
776 283
210 170
700 500
759 741
980 659
267 749
193 874
794 881
353 387
482 309
456 207
814 805
48 55
861 911
79 123
842 141
8 305
194 610
6 507
727 437
773 986
421 380
733 39
230 651
801 642
851 330
124 306
58 611
372 351
492 907
946 256
332 649
147 632
413 600
593 158
220 16
236 725
352 799
463 649
270 317
290 349
622 988
180 173
967 637
526 396
78 86
18 924
165 17
815 734
642 801
600 413
290 861
527 190
728 724
866 474
585 451
664 437
936 954
455 22
947 805
321 195
685 638
415 537
812 814
662 452
641 924
556 823
3 758
725 85
499 861
194 937
293 129
180 173
721 122
307 781
553 173
738 614
973 249
998 923
749 917
209 225
686 265
190 527
690 373
92 604
627 500
704 102
443 925
664 437
80 835
925 4
149 966
406 247
489 229
703 404
45 265
966 270
839 485
811 752
672 180
178 902
743 137
306 363
219 82
998 923
821 123
555 362
374 295
730 232
154 414
797 680
799 879
287 280
364 421
720 939
179 112
108 623
494 311
892 522
747 476
913 142
929 775
744 875
452 234
613 917
42 2
640 523
472 424
865 438
469 807
902 178
351 549
990 380
224 450
880 40
33 798
608 363
356 915
676 606
915 965
356 918
528 89
9 287
547 497
626 367
14 296
742 450
188 827
388 25
961 111
798 886
275 279
106 770
893 560
782 5
953 263
185 332
138 575
68 254
306 318
624 903
129 857
282 407
323 36
974 288
842 757
613 392
351 549
722 146
882 233
369 75
476 683
419 999
982 407
243 470
699 185
731 237
165 17
242 16
417 912
3 730
492 260
85 984
119 698
937 797
233 766
614 738
380 990
725 85
287 280
590 696
289 207
36 323
699 621
239 788
855 859
911 373
695 170
558 768
958 494
797 937
512 294
658 49
503 236
782 831
11 946
82 219
281 319
576 284
752 659
220 16
36 911
188 811
946 256
697 545
297 728
823 556
3 764
708 120
224 491
259 120
831 577
696 590
408 21
376 951
446 695
589 113
125 55
205 464
880 40
593 158
672 771
87 619
672 771
664 437
757 145
837 733
335 162
413 600
992 910
467 879
232 730
190 527
382 422
655 130
835 80
43 92
122 702
446 695
922 856
496 392
958 494
259 615
808 418
5 782
169 43
548 995
674 472
736 485
161 813
852 547
230 301
80 835
201 136
560 893
729 628
952 449
233 314
770 414
560 893
958 318
229 863
983 539
888 984
442 300
714 458
360 216
323 387
159 239
770 414
307 781
680 147
697 50
933 489
55 125
729 192
486 378
306 363
266 220
808 418
680 147
101 867
518 925
454 699
39 733
894 257
325 14
270 966
78 65
873 632
442 693
183 401
67 190
203 961
243 326
783 448
194 851
57 723
969 968
915 965
560 893
604 92
802 694
963 604
460 30
323 387
72 279
290 277
689 870
875 744
117 398
467 879
480 57
337 988
532 455
73 37
450 657
768 637
167 913
344 694
207 289
908 171
371 496
960 402
632 873
663 948
990 871
356 915
800 839
963 43
227 758
848 681
241 495
209 225
859 855
543 3
823 333
568 483
848 982
191 65
169 43
942 685
485 839
908 651
716 261
93 78
55 125
555 362
908 171
366 991
948 620
842 643
905 25
343 242
893 975
847 275
936 367
188 811
773 165
187 937
63 353
562 927
391 619
920 181
839 739
448 529
563 715
452 662
911 36
398 964
361 974
390 92
299 837
495 788
59 948
835 76
85 984
905 292
385 566
390 697
183 99
195 503
140 360
372 187
184 574
694 535
803 132
801 553
614 111
662 808
695 170
363 470
662 452
543 970
672 694
706 726
462 59
323 387
361 840
911 36
112 179
285 313
823 320
181 709
579 148
167 559
884 124
482 606
835 80
981 727
125 55
943 638
767 207
484 94
428 806
517 315
632 147
328 605
255 500
409 649
377 338
489 229
963 385
155 163
730 232
742 450
137 126
236 725
303 697
119 625
435 760
403 387
166 121
900 611
544 665
930 219
329 806
595 510
315 148
679 441
977 850
462 59
688 215
825 999
8 677
443 925
962 552
938 467
472 424
53 213
362 755
233 882
835 80
606 354
596 102
46 433
475 996
831 577
404 703
614 388
170 695
420 227
62 131
533 426
820 824
898 35
378 486
795 551
639 598
502 872
474 587
382 889
759 588
103 989
420 682
936 954
657 450
824 584
82 219
203 656
921 98
486 965
582 610
509 34
58 862
438 750
896 708
407 982
481 719
596 447
760 935
17 165
514 201
824 584
621 832
105 283
568 241
475 60
418 193
307 140
288 974
53 213
389 134
773 986
60 996
126 137
420 210
99 612
3 764
58 611
198 383
262 855
393 590
490 183
376 249
964 398
955 410
727 981
294 813
362 555
747 856
648 866
888 984
306 470
120 615
978 14
467 471
399 464
487 930
400 356
51 73
863 610
473 540
452 662
661 429
783 580
909 396
823 556
811 188
774 585
499 234
104 201
241 568
766 335
777 968
605 328
114 437
179 947
205 714
373 36
460 794
174 402
501 821
843 297
521 318
674 427
380 990
823 224
644 609
904 656
202 589
195 890
674 423
392 569
9 287
100 819
60 996
435 617
696 169
699 832
194 179
356 918
362 555
262 221
728 297
550 666
891 862
135 243
388 670
703 404
559 432
866 474
194 851
352 252
470 76
168 654
321 409
716 313
490 99
345 483
231 666
909 396
221 465
508 391
800 724
147 680
496 315
473 540
141 232
614 738
990 871
802 274
753 444
956 157
590 342
332 185
437 664
516 326
182 514
930 487
788 950
793 214
361 82
516 326
721 122
980 422
894 257
28 698
104 201
120 26
966 440
700 411
568 708
311 884
601 620
9 287
362 555
161 29
549 351
203 961
407 771
489 933
955 410
165 773
432 586
123 878
297 843
102 751
981 775
555 362
515 535
230 301
854 500
704 160
359 502
437 664
124 466
438 380
644 609
753 63
72 275
2 1
468 56
604 92
776 248
702 762
593 692
794 859
355 629
148 315
50 871
51 210
259 659
880 5
392 569
568 241
30 698
113 841
864 810
680 147
623 108
270 966
389 791
289 477
937 194
456 78
748 96
361 710
772 381
341 808
705 15
794 460
742 450
503 236
937 187
286 17
280 531
709 181
724 728
855 859
620 948
235 26
497 547
235 26
956 157
824 820
873 194
122 976
722 537
959 230
32 591
902 177
32 591
407 344
476 683
377 338
807 511
315 496
929 1000
471 475
948 351
710 82
518 921
966 270
768 637
446 727
719 153
682 227
615 366
221 465
209 225
306 363
848 771
749 917
424 69
658 676
41 599
178 167
52 675
190 527
998 709
148 978
909 418
502 872
714 205
174 838
237 331
246 635
58 886
910 155
504 28
321 409
825 112
342 122
686 760
58 886
652 853
223 127
102 751
836 268
255 627
427 625
372 187
718 687
355 264
760 935
428 924
36 911
568 241
419 999
327 756
543 682
645 463
672 771
194 851
713 445
796 964
696 169
793 214
430 912
186 15
332 321
831 577
705 929
585 451
241 495
372 479
411 288
117 914
779 890
845 133
374 834
742 450
838 675
377 338
489 229
725 236
68 444
773 986
741 197
327 491
224 458
914 900
107 445
620 948
694 535
492 448
729 97
555 362
264 949
549 862
502 820
940 308
35 898
979 705
828 595
582 945
626 435
925 443
146 264
201 514
184 519
821 501
190 79
585 451
560 893
373 690
761 991
485 800
315 778
446 727
33 798
725 236
234 777
128 653
686 265
348 739
278 277
126 490
761 991
761 991
659 761
312 822
14 296
765 939
146 222
100 669
361 710
278 277
218 751
329 186
501 821
785 587
726 29
5 880
587 474
195 321
476 747
992 204
318 127
416 983
494 311
923 837
904 259
742 450
143 782
199 512
583 174
340 667
25 670
191 65
676 593
585 774
241 495
693 291
571 349
541 263
80 608
436 628
541 938
362 555
690 432
935 760
471 737
179 112
322 878
753 444
375 678
95 56
53 213
933 514
704 160
372 549
198 711
580 783
981 727
231 84
280 531
430 461
173 47
176 599
753 614
542 10
489 933
470 76
503 195
645 941
759 286
36 373
477 566
977 481
921 129
828 595
373 690
129 921
789 371
298 287
189 283
13 258
434 876
281 319
301 313
161 29
277 490
98 160
981 727
766 314
71 337
194 797
58 611
293 129
130 655
959 248
668 307
50 871
902 178
5 782
617 122
961 77
661 429
687 323
845 802
990 380
786 196
72 275
16 242
731 185
979 705
722 146
427 625
148 789
266 411
916 31
792 310
265 686
586 559
669 746
308 269
815 209
250 944
479 796
743 856
18 606
216 980
208 595
440 536
471 27
303 697
963 555
143 877
125 55
236 725
636 830
118 616
364 545
888 984
311 70
509 639
259 615
482 606
340 667
595 208
892 655
808 418
672 180
477 289
503 236
415 354
85 280
55 125
501 607
652 853
315 778
325 359
81 655
680 147
923 998
126 74
385 267
214 274
895 603
282 634
687 690
564 378
296 821
918 888
981 727
755 767
859 794
757 142
560 619
296 14
992 910
496 613
286 959
266 704
355 629
855 859
803 132
666 520
840 550
403 439
206 485
720 520
479 261
722 392
691 78
95 116
808 731
723 506
961 533
640 222
384 686
798 311
353 399
7 928
395 338
766 335
548 569
721 270
3 765
500 833
440 145
374 774
206 502
957 945
513 49
354 677
428 900
203 961
24 971
638 835
142 186
754 758
163 68
404 257
418 855
551 943
50 689
891 841
880 876
513 271
117 568
409 525
92 787
651 96
567 47
608 570
473 664
120 144
558 366
534 502
65 12
844 890
365 944
79 181
371 5
626 45
937 132
714 668
14 926
60 578
750 602
942 688
666 674
964 977
887 592
45 158
206 485
748 343
784 863
425 792
495 282
61 59
842 854
883 946
32 512
123 410
834 303
586 771
240 693
153 108
376 727
56 641
452 97
742 991
644 235
648 305
477 384
593 994
389 974
617 146
620 340
115 922
628 543
719 472
176 131
722 114
171 48
779 998
779 61
422 706
402 162
943 716
350 692
30 199
649 514
387 430
460 355
460 355
429 48
226 157
746 981
834 303
374 220
752 93
464 190
606 564
448 909
415 223
152 296
477 384
663 747
828 148
478 327
928 217
941 753
581 395
83 301
185 872
12 65
429 984
91 818
966 722
916 6
365 288
740 49
758 754
865 655
420 943
410 481
852 103
592 887
551 574
787 517
348 364
483 683
635 85
758 14
611 253
453 31
791 753
139 452
314 467
273 33
854 814
305 616
926 625
401 453
86 948
22 423
158 869
638 515
872 244
156 871
883 323
787 293
269 929
554 604
289 835
454 603
120 144
127 716
680 20
119 860
188 538
267 528
687 795
762 829
417 225
645 560
301 685
518 583
350 692
419 966
56 641
787 41
617 146
885 70
986 580
93 752
764 938
831 286
588 965
678 372
496 145
454 977
856 147
458 612
328 77
311 798
882 562
725 756
563 858
478 169
129 24
828 584
629 209
828 700
17 252
540 218
5 472
454 977
442 839
167 527
680 451
365 640
215 491
93 931
939 866
280 454
737 554
922 443
129 413
65 12
715 470
26 111
345 813
770 342
409 525
444 165
827 716
747 888
491 609
276 322
677 287
301 685
715 470
120 144
109 295
553 420
237 29
235 644
575 884
354 346
644 235
828 700
528 183
77 328
859 785
86 948
759 141
17 336
580 986
697 902
190 690
642 232
447 324
167 527
758 105
83 405
838 308
792 233
686 477
615 558
198 414
308 838
448 909
771 586
549 368
500 330
481 807
504 956
293 813
292 654
495 282
611 253
461 485
645 560
156 871
666 426
298 329
473 664
961 533
156 820
458 116
449 356
10 555
534 194
971 24
388 698
10 463
371 910
581 395
93 752
123 915
206 502
636 793
186 313
703 951
454 941
658 806
116 670
161 237
110 1
512 927
187 760
318 373
246 140
804 717
720 517
183 605
904 908
161 237
181 876
172 978
930 777
450 324
492 465
881 461
73 91
520 666
38 731
10 555
612 660
944 365
196 914
876 181
461 220
599 694
689 983
736 874
184 755
316 585
540 140
892 926
378 184
973 714
40 66
665 332
169 412
703 906
870 310
14 926
100 28
789 158
914 196
835 289
940 723
364 89
649 776
577 274
843 895
786 385
176 456
372 678
616 305
19 962
461 651
689 983
129 307
319 580
668 671
612 660
309 31
382 849
39 976
437 934
889 976
412 152
82 750
439 403
241 639
729 322
121 979
281 588
424 531
712 185
439 403
892 926
714 973
109 295
383 486
785 859
737 892
585 316
56 641
719 472
573 126
586 842
125 99
809 652
676 595
384 686
521 469
712 702
783 543
992 963
327 169
650 810
192 179
89 381
889 976
456 312
198 112
634 588
738 969
399 340
759 141
306 915
436 343
979 121
498 505
953 315
543 93
182 875
4 672
455 209
432 508
680 20
366 558
689 50
329 256
565 689
298 329
192 875
167 527
486 345
227 827
43 239
577 612
787 41
383 368
194 534
650 810
122 743
117 568
827 227
368 549
102 540
470 799
547 638
982 582
1000 247
571 246
206 502
47 877
56 641
29 824
158 789
651 937
222 640
953 99
270 287
685 405
307 275
105 758
713 27
730 194
588 965
126 573
107 422
890 171
219 529
520 720
350 692
482 932
189 708
929 763
571 246
64 665
370 843
89 364
426 523
121 917
655 814
324 726
969 738
641 652
884 590
549 368
8 864
98 488
820 156
536 342
341 87
906 865
952 139
876 181
737 892
163 68
102 540
54 396
225 417
995 812
273 187
110 1
276 539
13 990
173 35
592 698
807 349
346 354
85 635
309 31
120 144
898 799
911 407
62 82
388 698
390 417
830 28
703 951
201 297
649 776
347 521
434 647
937 132
335 421
326 281
328 77
588 965
316 585
94 416
73 800
148 868
48 429
426 523
830 28
873 415
65 653
748 343
20 680
266 510
287 677
50 795
7 928
835 388
399 340
485 770
565 709
977 454
121 782
62 82
77 328
145 623
721 742
349 25
692 394
803 522
307 337
407 911
894 746
185 872
869 501
112 751
859 249
170 425
133 168
734 646
135 481
563 858
38 376
835 289
60 255
249 786
812 995
570 108
989 242
491 414
361 264
533 113
556 442
783 187
884 590
434 647
520 189
270 557
969 738
201 1000
758 754
686 360
443 922
599 694
631 778
281 364
594 51
337 769
171 48
795 50
647 434
275 418
353 923
423 622
264 54
473 957
392 689
590 884
846 112
668 295
350 692
233 483
145 496
302 489
626 45
530 567
269 47
150 852
13 716
688 942
678 372
932 482
734 646
991 742
859 249
453 401
476 241
852 150
83 405
693 726
43 239
925 632
218 861
64 933
278 792
324 450
874 736
690 190
35 938
780 706
769 263
139 952
672 325
867 847
206 502
299 970
494 329
678 372
294 896
5 472
628 543
75 729
180 871
597 918
810 650
565 709
862 141
407 911
714 973
82 62
677 287
781 823
560 621
790 709
892 926
886 808
314 467
769 263
452 97
829 331
222 944
481 135
437 934
84 676
96 916
68 163
185 872
420 600
406 155
544 146
834 303
797 49
252 703
178 772
477 360
645 969
246 140
973 404
808 614
765 3
555 10
906 865
192 179
161 850
598 789
456 290
897 793
43 89
897 122
562 92
161 237
887 993
890 726
23 402
473 664
308 513
921 744
686 360
987 836
298 878
798 474
931 853
87 341
586 771
487 415
791 753
736 438
555 849
358 784
936 570
646 734
503 679
103 136
366 120
553 706
392 689
550 840
720 517
170 91
385 118
302 75
574 551
90 714
593 994
676 595
844 178
880 79
222 640
758 754
813 345
279 303
854 924
286 831
355 460
642 49
201 113
335 766
484 302
902 697
114 722
851 534
373 318
203 306
738 705
334 74
594 577
75 729
884 590
60 578
774 374
415 223
488 669
191 463
907 52
795 687
835 289
828 148
856 871
212 952
964 466
323 883
350 692
90 671
872 244
966 419
968 551
884 590
939 773
467 314
141 759
697 902
332 933
840 272
918 597
862 425
253 809
40 66
74 334
392 689
857 251
492 465
645 969
36 339
507 837
180 871
913 922
365 944
570 153
83 106
254 996
961 813
141 759
892 926
358 180
630 830
206 502
755 545
596 37
584 775
98 46
443 133
678 372
867 960
420 600
487 111
241 639
81 934
781 823
558 246
275 337
939 866
485 461
95 81
218 571
184 755
707 611
241 476
640 545
543 783
465 492
77 734
688 386
24 129
721 391
611 253
759 141
698 592
440 511
214 401
889 976
22 51
99 603
911 407
249 786
696 124
982 582
456 802
310 870
133 945
423 525
208 187
175 386
221 431
964 27
636 793
810 995
968 574
933 717
685 301
678 372
383 368
334 74
856 147
683 483
564 572
163 68
988 805
399 340
848 469
740 49
550 561
868 148
841 891
910 633
388 404
671 799
446 42
449 356
520 189
449 253
227 665
57 63
587 599
185 712
643 526
598 980
939 773
391 991
972 805
147 715
64 665
646 328
601 58
906 431
997 657
788 304
265 162
54 396
64 933
896 767
796 546
437 263
625 848
128 992
186 313
725 930
558 571
807 481
940 723
986 710
550 840
139 952
434 865
29 237
513 271
35 905
443 115
833 358
537 474
752 93
492 900
786 249
422 965
412 599
267 460
792 233
833 576
178 844
829 331
225 189
83 405
517 720
740 642
799 898
569 311
323 847
307 337
813 345
407 911
578 255
641 56
476 241
576 147
50 795
915 123
836 987
185 872
664 323
81 95
851 302
139 452
116 458
773 866
538 51
962 532
881 96
345 994
833 745
298 352
615 636
401 214
394 69
165 444
483 539
569 704
887 592
211 994
923 353
330 319
374 220
19 120
780 706
725 930
46 32
941 454
492 465
409 525
386 175
831 286
601 58
121 782
546 547
345 994
158 869
12 633
483 759
432 662
283 741
663 88
695 173
859 352
686 384
649 321
348 326
82 62
631 778
493 949
135 526
281 588
344 526
391 721
923 177
475 230
508 63
669 992
399 340
557 354
86 948
133 945
966 372
800 532
961 584
130 925
354 650
386 850
936 857
305 666
788 808
856 232
886 80
173 116
680 396
58 674
829 556
490 369
176 323
492 57
620 835
961 792
534 80
859 756
103 147
463 6
83 910
671 72
325 607
703 385
508 445
521 202
160 333
540 740
15 187
697 722
610 4
532 841
320 73
228 965
210 38
322 745
699 888
292 646
376 768
254 41
470 243
240 184
574 145
181 769
952 310
164 447
820 781
836 385
362 179
851 837
312 754
575 228
500 104
448 787
854 511
905 831
54 194
337 874
100 469
288 627
661 753
529 900
78 905
274 690
908 472
659 867
206 296
629 840
371 40
400 73
28 652
255 134
541 798
137 903
65 773
595 508
855 187
143 762
992 254
310 921
669 402
507 709
429 347
580 531
25 308
460 330
610 797
776 33
999 538
240 477
394 621
983 660
33 305
802 913
286 994
864 932
906 107
627 288
699 354
885 71
394 362
366 974
989 706
70 575
25 654
185 476
911 343
294 459
834 716
792 961
630 554
103 814
739 292
503 267
515 303
17 738
965 228
146 789
72 475
748 500
944 562
329 354
294 459
584 165
702 179
441 321
849 442
237 577
144 470
642 685
942 497
135 27
548 757
646 292
5 278
383 833
809 358
257 976
677 5
429 347
895 291
965 228
622 780
478 949
319 197
958 544
674 203
931 607
466 731
980 549
185 476
972 596
354 699
577 237
675 102
274 987
837 223
140 706
580 531
820 35
317 921
143 285
488 7
893 742
328 724
933 506
396 893
634 56
61 691
820 35
587 862
377 480
317 921
222 773
521 202
833 410
38 309
148 543
901 619
597 261
705 650
153 25
487 511
998 743
227 319
389 963
637 370
91 586
697 415
997 656
612 684
30 875
282 611
621 313
958 670
279 451
822 844
410 833
650 705
985 646
598 89
937 106
398 278
621 637
898 319
353 432
174 894
952 206
185 476
533 576
255 838
801 975
777 733
111 541
561 572
62 427
980 922
988 723
806 490
426 912
382 725
985 839
282 611
437 220
38 95
392 633
120 642
807 691
529 900
126 986
869 115
106 944
259 249
362 394
762 143
14 18
218 393
631 765
218 198
55 714
9 937
893 195
386 74
83 415
503 267
527 865
464 605
92 552
706 524
768 911
340 200
240 184
574 145
581 439
980 47
657 397
566 771
533 576
243 923
49 970
409 979
48 388
671 942
181 477
88 617
353 833
899 405
927 456
282 611
911 768
742 117
518 449
792 664
965 228
189 462
836 301
514 243
544 958
996 56
454 825
126 986
122 557
467 347
438 337
96 979
134 984
399 247
479 979
846 83
522 954
107 906
317 921
489 531
131 254
427 933
745 322
412 570
860 972
759 869
922 937
984 134
402 821
512 275
255 838
153 25
212 486
408 876
353 383
808 277
779 468
47 55
326 760
937 106
301 836
140 348
855 187
690 274
801 975
231 794
371 40
737 258
737 258
316 673
153 4
189 624
134 255
195 557
696 821
642 471
183 55
606 105
548 757
564 530
800 42
909 164
404 311
447 760
480 377
524 706
371 40
119 664
427 933
338 219
759 869
49 970
888 699
822 271
457 973
594 422
676 170
837 455
280 938
379 188
474 682
904 559
544 958
117 569
604 775
634 306
138 871
54 190
704 99
35 649
441 299
521 663
833 873
573 994
882 417
124 153
87 82
64 68
510 413
107 906
9 935
579 5
278 45
236 619
887 287
42 112
911 343
783 975
371 40
882 417
113 692
816 743
1 2
214 695
599 46
556 529
256 568
241 892
148 878
323 597
710 784
351 94
475 72
17 456
394 362
209 927
782 330
148 543
929 934
837 455
279 451
749 714
187 15
155 747
858 489
867 552
220 145
326 760
676 640
103 263
7 488
357 46
508 732
38 454
77 191
742 609
562 793
150 34
327 528
208 995
309 274
557 122
219 338
876 756
912 573
197 676
584 961
584 961
927 207
713 301
719 606
543 148
390 930
301 494
511 487
67 720
427 269
445 732
300 589
873 833
699 888
425 349
982 694
362 394
129 513
174 894
570 212
946 378
394 362
252 216
69 708
320 73
893 540
704 99
539 790
586 816
680 518
552 867
264 969
550 565
938 914
47 908
732 145
215 346
721 10
183 55
976 16
244 468
986 877
817 175
207 738
228 965
502 228
85 677
518 680
372 966
790 539
836 301
22 746
716 834
481 828
151 363
838 255
671 693
495 35
742 118
653 432
392 633
408 399
383 152
520 182
934 929
659 384
456 686
660 189
959 520
796 52
475 72
203 616
4 333
765 380
877 986
306 442
474 624
995 208
260 6
836 703
198 144
731 466
966 372
362 394
665 312
429 347
582 786
906 107
299 416
353 432
9 444
733 597
300 589
760 447
546 140
202 945
230 331
437 220
38 309
446 599
283 362
92 328
158 102
686 456
888 838
217 342
954 722
997 631
95 975
577 237
378 751
600 406
242 778
937 106
906 98
419 123
177 436
377 117
432 533
346 215
95 157
792 527
813 199
748 144
636 355
997 656
213 293
120 759
293 829
751 378
696 402
768 578
420 365
40 713
604 614
297 622
881 34
840 629
515 303
978 669
76 537
512 637
119 664
51 699
76 827
362 283
546 774
923 243
51 705
932 864
661 753
878 421
171 364
513 404
520 959
100 469
940 630
491 962
953 842
889 352
944 562
654 616
728 286
890 74
134 984
477 369
472 549
306 172
399 247
353 432
716 834
371 88
463 138
865 119
498 568
157 345
335 698
138 538
861 30
614 604
72 475
409 979
737 258
130 925
947 686
5 579
72 693
477 369
806 859
726 566
734 640
573 912
450 923
942 968
820 35
41 254
333 160
313 767
893 609
752 144
868 67
500 104
117 569
396 893
329 838
657 305
308 734
148 957
689 880
432 853
727 810
470 144
910 256
126 12
934 929
865 222
346 215
817 812
78 610
728 346
268 213
404 242
859 670
505 725
570 802
900 404
522 413
153 25
445 355
323 176
742 117
527 430
540 396
604 775
281 363
912 573
364 171
442 332
681 493
267 335
187 444
989 196
818 420
406 296
792 527
186 6
365 204
676 170
947 686
873 833
890 175
76 902
26 810
971 766
15 187
792 527
258 737
62 308
759 869
152 194
605 464
772 769
886 490
244 468
120 759
592 641
833 383
517 471
651 844
694 982
484 922
994 573
206 296
258 687
705 434
238 649
198 748
17 784
206 296
604 636
792 961
579 5
746 22
301 836
555 340
62 269
957 148
748 500
921 317
49 174
107 638
770 918
836 703
766 971
289 111
197 898
109 436
687 447
873 842
522 846
144 470
383 353
178 577
650 917
426 608
613 239
986 877
607 635
979 263
500 748
485 711
769 988
915 755
480 377
948 293
554 227
492 971
668 472
929 934
626 798
567 635
597 977
150 552
668 354
421 618
279 451
961 584
940 630
228 502
983 743
100 995
274 987
316 262
593 322
750 964
874 128
252 216
528 500
394 362
598 229
841 135
294 333
786 358
166 13
754 847
43 907
684 581
934 929
762 37
21 111
582 232
327 528
64 764
942 475
236 619
354 650
75 867
122 557
607 325
628 779
96 19
185 476
95 975
546 140
97 894
348 967
299 441
251 587
428 142
493 681
820 781
725 519
239 932
635 567
355 636
611 959
998 49
613 122
695 813
893 396
481 430
520 227
524 706
801 975
30 541
283 501
166 458
859 670
250 484
509 504
785 658
581 439
837 455
222 251
651 177
733 597
123 419
132 736
534 80
211 339
705 51
612 181
248 689
1 2
353 410
79 214
448 884
707 930
328 92
696 821
185 476
36 436
750 558
344 452
31 156
209 817
922 980
802 913
767 313
758 774
324 530
984 407
876 408
47 908
220 145
904 559
796 52
929 411
399 534
279 123
658 844
900 513
430 599
241 973
823 431
958 544
618 421
65 773
133 2
395 217
611 819
58 843
873 842
12 126
423 515
683 896
77 255
34 552
354 650
699 354
473 405
303 515
56 996
748 144
463 138
622 780
363 525
201 439
849 332
412 570
600 171
351 94
943 664
657 700
528 366
656 997
959 520
989 196
467 925
387 252
79 214
751 868
974 104
452 344
872 93
434 705
249 346
606 719
511 854
218 393
408 399
595 508
990 298
534 993
637 370
381 350
371 40
179 702
6 186
32 84
974 366
103 205
32 697
458 168
546 774
352 23
561 572
942 968
357 270
161 565
77 191
454 274
134 984
875 905
576 533
507 70
578 287
255 838
668 549
503 267
996 56
869 175
120 605
794 231
943 664
670 24
204 365
398 85
6 826
385 713
420 204
692 113
396 893
983 660
92 552
216 843
680 394
742 117
921 317
419 123
292 630
954 722
2 1
915 755
593 602
402 224
58 387
473 247
823 775
542 701
386 919
349 894
96 979
922 106
132 951
503 267
298 990
911 343
249 739
403 419
597 733
267 503
334 28
241 101
792 244
329 699
595 508
972 860
676 261
274 309
740 540
751 711
640 734
239 978
625 3
978 239
949 911
13 248
709 100
375 366
323 216
228 267
427 990
287 74
704 814
645 861
330 703
879 593
278 275
977 40
720 710
594 702
621 770
922 626
920 137
754 477
905 212
385 524
331 856
290 780
910 594
816 773
349 956
473 700
173 770
698 446
618 148
241 340
287 719
55 80
104 558
247 807
323 61
205 289
608 98
864 736
455 313
414 419
733 701
177 304
851 417
522 695
841 895
701 733
929 969
549 640
860 392
783 315
373 713
986 607
461 792
65 236
274 985
309 333
495 230
823 618
271 277
244 148
954 497
918 926
550 658
487 396
687 289
510 423
186 848
124 299
852 463
261 360
881 809
811 713
704 814
764 270
254 314
464 249
773 816
110 739
860 392
721 560
427 639
173 856
506 433
341 866
268 691
358 23
781 581
696 823
856 331
243 520
331 856
538 418
988 365
232 169
677 32
608 98
172 757
225 523
331 328
304 400
325 768
144 291
807 507
899 91
23 309
23 33
126 870
780 238
735 573
247 308
355 494
293 150
63 626
703 662
253 892
945 400
281 665
997 366
874 73
540 978
265 640
49 661
208 525
865 549
510 92
564 226
850 425
718 26
422 140
438 990
845 137
977 40
638 145
454 776
53 946
374 548
460 47
795 298
495 107
354 33
358 624
834 910
520 643
923 319
735 58
440 421
339 145
384 343
159 711
387 540
73 141
587 604
676 146
761 22
377 727
952 227
10 67
940 719
944 85
635 311
51 535
532 371
160 334
929 191
766 857
775 795
356 960
27 535
456 688
330 703
793 188
161 4
177 304
20 500
945 384
803 972
332 802
583 7
508 908
875 584
289 687
592 356
323 61
274 527
160 334
152 233
207 116
370 196
410 541
849 518
64 416
824 59
119 376
669 524
803 972
102 458
103 724
551 35
185 542
955 78
117 462
394 999
319 353
415 772
549 750
502 509
891 506
684 833
363 968
828 928
233 152
724 27
420 458
878 238
64 416
546 555
839 143
510 423
934 274
639 427
862 296
209 796
620 544
989 568
625 396
986 607
374 847
177 304
441 687
518 307
312 966
737 100
103 27
501 545
14 899
870 545
203 963
288 411
994 843
269 580
655 882
369 603
972 803
257 759
180 579
260 603
647 75
692 730
600 775
515 379
534 729
441 130
927 683
422 924
554 645
295 481
680 967
203 69
966 312
602 499
883 586
70 167
803 972
324 894
415 908
696 823
623 196
252 161
107 3
582 482
550 916
131 578
248 13
640 787
33 354
450 605
243 520
418 538
361 823
108 536
940 719
822 939
147 263
397 306
43 496
698 302
515 379
614 850
90 909
174 932
817 189
734 188
570 176
930 906
806 712
814 704
789 252
611 294
552 448
870 126
441 226
798 598
705 128
941 157
183 561
725 535
688 719
662 330
358 33
662 703
960 356
669 967
79 474
618 148
316 614
981 197
673 497
804 472
763 792
20 500
413 594
686 654
905 49
764 797
342 980
247 507
9 31
925 12
809 684
565 949
95 836
363 742
5 339
87 897
190 758
513 961
562 471
413 918
947 674
781 347
54 684
143 839
951 867
922 825
52 636
687 685
80 55
750 923
662 80
704 302
965 118
617 572
985 485
279 334
417 523
323 61
453 738
54 800
757 675
180 579
465 908
701 733
990 639
791 962
7 935
22 61
861 282
23 139
971 369
441 130
347 781
170 64
672 963
452 107
426 99
494 355
144 291
677 983
731 79
372 340
987 401
961 928
846 1
976 457
319 923
195 816
797 689
205 973
335 956
879 593
945 267
680 380
950 933
212 905
370 983
542 182
250 273
899 91
34 799
91 631
31 436
486 398
987 985
233 152
297 666
156 912
748 678
49 870
386 751
958 761
777 828
72 550
409 292
823 361
983 320
10 67
122 81
869 420
55 80
682 383
714 439
14 63
662 330
288 243
242 576
103 724
64 76
291 842
884 317
462 646
785 815
270 960
449 377
274 934
781 581
562 410
79 351
240 17
465 579
872 847
82 329
101 805
555 949
634 301
21 310
75 464
834 910
932 174
811 713
296 862
534 729
791 962
652 643
173 770
766 983
986 607
670 553
688 997
984 281
190 758
510 93
910 744
740 913
755 142
899 14
587 604
335 956
352 569
468 676
673 293
524 385
718 26
922 626
307 846
329 136
65 236
367 322
539 170
371 532
949 911
417 523
276 925
296 862
435 299
737 6
236 65
526 222
836 839
131 578
899 1000
786 902
694 664
696 823
737 100
542 185
153 754
370 196
560 721
724 27
740 913
669 967
393 760
125 613
8 771
228 267
517 157
79 731
423 271
177 304
413 60
52 633
954 259
707 204
438 990
64 76
91 779
539 64
452 855
394 282
241 340
345 336
911 158
890 959
252 138
468 146
127 697
193 728
792 461
902 786
824 59
767 844
383 682
630 37
211 646
522 695
539 64
796 209
740 913
925 258
862 296
163 562
527 481
124 299
725 615
7 583
181 650
791 679
351 972
450 474
884 317
570 554
669 967
270 764
19 312
526 222
853 179
517 157
55 618
124 544
572 829
363 968
309 333
999 116
808 428
63 626
327 112
407 663
967 133
168 653
619 343
250 879
986 607
567 812
299 435
378 122
656 657
874 9
258 9
595 61
141 258
770 833
251 109
698 446
750 923
364 446
37 342
718 26
302 360
387 559
189 817
63 746
585 386
812 567
653 168
591 39
636 292
938 13
813 431
267 228
489 83
937 83
402 945
660 771
107 3
855 452
358 624
806 712
714 136
52 282
413 918
945 384
496 43
573 628
834 96
922 935
828 928
329 136
38 560
564 338
102 269
750 549
68 690
770 621
444 898
290 690
688 997
347 781
401 496
349 963
34 864
483 235
177 304
439 714
170 307
268 691
594 744
904 619
310 21
484 893
999 116
63 626
441 685
570 929
158 911
657 656
638 556
497 259
454 776
726 425
226 685
999 645
971 903
239 15
102 563
364 620
42 863
118 430
824 677
598 798
138 679
599 663
642 726
729 534
968 363
530 413
338 904
126 718
296 862
706 164
97 953
775 795
858 109
616 513
264 412
268 691
836 491
737 709
920 137
738 453
313 455
83 489
836 7
840 210
276 141
340 146
881 809
596 710
442 651
248 13
556 45
761 22
713 811
305 886
392 11
487 95
279 334
460 47
991 40
160 334
721 219
652 891
994 726
83 489
541 410
620 544
154 658
32 766
477 754
957 982
766 983
539 484
669 524
848 186
153 754
967 121
409 292
74 933
855 452
625 396
126 870
413 918
34 70
265 640
123 917
878 780
702 594
74 287
200 831
770 621
138 252
855 452
786 902
531 459
399 148
828 928
341 866
872 862
209 337
277 271
330 703
430 657
353 255
158 911
975 466
5 122
997 366
34 799
817 189
222 217
160 334
163 252
387 484
73 874
281 984
93 485
908 264
688 719
791 378
385 524
513 820
677 232
934 274
258 73
248 13
33 354
566 955
161 829
196 320
546 555
160 334
922 626
264 412
252 138
7 836
701 733
677 824
948 115
92 510
367 322
56 214
861 394
997 688
483 529
606 336
949 911
690 98
277 510
133 556
535 51
395 266
995 666
922 347
637 871
488 805
452 107
119 763
777 928
425 642
640 549
124 299
961 928
282 636
63 404
702 594
78 955
116 999
60 712
860 392
500 959
199 904
347 626
501 870
19 818
438 393
729 534
170 539
20 500
201 362
246 190
878 264
75 464
613 919
680 967
96 885
846 1
68 674
962 791
660 443
226 564
756 578
484 893
489 83
204 707
14 922
155 868
4 59
13 938
745 689
501 545
384 945
501 870
899 362
346 433
950 287
554 570
288 372
414 419
755 502
436 25
372 804
498 505
917 123
870 545
522 889
163 562
436 25
447 260
203 175
948 115
893 484
190 758
516 136
164 706
665 281
150 119
305 926
39 591
980 255
156 912
19 121
141 73
520 643
796 791
733 701
254 447
566 217
75 647
93 485
951 349
959 890
745 53
669 524
740 851
288 411
642 582
976 457
180 311
369 971
926 918
139 389
107 3
457 976
287 456
288 411
95 836
182 954
836 839
132 837
434 388
555 551
690 290
945 384
161 252
260 447
257 759
55 618
727 304
463 286
115 948
85 277
338 685
373 954
34 799
987 985
656 657
85 277
294 611
957 724
694 664
782 114
123 267
258 170
920 762
203 960
734 188
427 310
952 227
546 555
622 641
703 422
103 680
662 80
583 283
102 563
781 581
150 293
33 354
955 78
383 760
464 249
995 666
685 687
110 739
468 146
406 706
103 591
323 61
129 318
791 796
308 247
364 704
717 319
164 546
705 289
784 693
832 62
358 624
214 581
925 1
783 315
535 615
606 576
512 215
755 142
34 586
148 618
43 178
543 481
722 11
746 347
338 199
775 88
345 210
101 805
398 268
591 39
888 725
657 961
177 619
948 554
86 469
364 127
194 158
169 232
347 781
387 559
537 215
288 411
28 627
623 498
763 119
424 120
176 150
312 966
79 316
807 507
755 142
460 610
