1000
1 2
1 3
3 4
3 5
4 6
3 7
5 8
1 9
9 10
2 11
1 12
1 13
1 14
4 15
10 16
11 17
2 18
15 19
1 20
19 21
5 22
13 23
19 24
14 25
7 26
6 27
22 28
7 29
24 30
9 31
27 32
13 33
19 34
31 35
7 36
28 37
30 38
11 39
32 40
3 41
8 42
30 43
28 44
25 45
35 46
5 47
17 48
26 49
18 50
30 51
15 52
23 53
52 54
6 55
31 56
40 57
40 58
57 59
24 60
25 61
22 62
46 63
56 64
64 65
63 66
16 67
44 68
15 69
44 70
50 71
5 72
67 73
33 74
19 75
12 76
13 77
73 78
49 79
51 80
45 81
22 82
62 83
58 84
70 85
64 86
20 87
10 88
71 89
2 90
3 91
74 92
6 93
82 94
39 95
26 96
69 97
42 98
53 99
74 100
6 101
78 102
17 103
14 104
77 105
63 106
9 107
18 108
66 109
68 110
18 111
32 112
78 113
75 114
31 115
40 116
39 117
82 118
53 119
35 120
46 121
89 122
114 123
26 124
32 125
41 126
119 127
29 128
87 129
42 130
89 131
29 132
102 133
19 134
1 135
37 136
116 137
118 138
80 139
27 140
138 141
134 142
78 143
133 144
58 145
37 146
68 147
78 148
5 149
26 150
139 151
46 152
113 153
70 154
102 155
143 156
135 157
10 158
10 159
91 160
130 161
107 162
64 163
120 164
108 165
75 166
80 167
46 168
86 169
62 170
77 171
79 172
151 173
64 174
153 175
72 176
168 177
135 178
91 179
116 180
12 181
148 182
80 183
127 184
127 185
36 186
93 187
77 188
30 189
133 190
65 191
54 192
133 193
30 194
121 195
131 196
147 197
130 198
9 199
115 200
6 201
62 202
125 203
60 204
6 205
88 206
60 207
30 208
121 209
167 210
10 211
55 212
115 213
37 214
20 215
123 216
181 217
88 218
210 219
60 220
185 221
176 222
95 223
16 224
179 225
214 226
152 227
67 228
38 229
75 230
176 231
81 232
38 233
83 234
178 235
81 236
136 237
212 238
19 239
136 240
41 241
159 242
163 243
215 244
137 245
119 246
168 247
129 248
32 249
185 250
41 251
13 252
187 253
162 254
221 255
254 256
168 257
175 258
180 259
31 260
12 261
106 262
21 263
14 264
239 265
203 266
171 267
151 268
156 269
114 270
179 271
29 272
139 273
262 274
51 275
158 276
1 277
216 278
172 279
40 280
10 281
45 282
60 283
253 284
47 285
95 286
18 287
23 288
53 289
285 290
185 291
46 292
141 293
282 294
102 295
124 296
58 297
138 298
170 299
271 300
83 301
187 302
3 303
231 304
249 305
74 306
190 307
87 308
65 309
154 310
14 311
169 312
309 313
255 314
236 315
272 316
249 317
62 318
272 319
232 320
186 321
258 322
292 323
51 324
295 325
32 326
64 327
127 328
202 329
78 330
217 331
70 332
244 333
289 334
203 335
22 336
116 337
138 338
4 339
209 340
191 341
213 342
328 343
16 344
173 345
164 346
176 347
343 348
136 349
9 350
244 351
151 352
35 353
246 354
142 355
244 356
193 357
57 358
266 359
330 360
233 361
315 362
355 363
170 364
269 365
48 366
137 367
215 368
35 369
321 370
86 371
35 372
70 373
236 374
16 375
161 376
283 377
126 378
29 379
202 380
284 381
284 382
112 383
250 384
300 385
358 386
254 387
14 388
125 389
265 390
71 391
1 392
208 393
245 394
182 395
384 396
164 397
354 398
368 399
243 400
12 401
305 402
310 403
41 404
232 405
140 406
366 407
251 408
12 409
364 410
355 411
264 412
91 413
159 414
145 415
152 416
351 417
331 418
124 419
175 420
290 421
306 422
263 423
265 424
320 425
239 426
266 427
417 428
379 429
366 430
361 431
318 432
328 433
322 434
139 435
265 436
397 437
187 438
127 439
58 440
386 441
58 442
428 443
442 444
79 445
18 446
39 447
154 448
81 449
143 450
146 451
373 452
245 453
30 454
367 455
308 456
259 457
334 458
233 459
191 460
160 461
77 462
273 463
353 464
293 465
296 466
81 467
233 468
78 469
221 470
404 471
326 472
301 473
123 474
157 475
293 476
454 477
289 478
84 479
239 480
381 481
105 482
312 483
205 484
418 485
485 486
237 487
48 488
43 489
30 490
32 491
439 492
384 493
205 494
130 495
375 496
245 497
121 498
173 499
432 500
261 501
430 502
67 503
7 504
368 505
194 506
121 507
476 508
410 509
300 510
128 511
317 512
427 513
476 514
306 515
406 516
128 517
88 518
455 519
255 520
238 521
159 522
33 523
373 524
102 525
84 526
513 527
247 528
430 529
281 530
51 531
135 532
477 533
317 534
150 535
99 536
237 537
97 538
496 539
433 540
287 541
294 542
477 543
389 544
427 545
94 546
220 547
109 548
99 549
502 550
373 551
349 552
240 553
248 554
469 555
158 556
144 557
41 558
166 559
509 560
482 561
381 562
228 563
119 564
215 565
72 566
143 567
295 568
318 569
303 570
163 571
47 572
36 573
35 574
510 575
493 576
73 577
545 578
252 579
572 580
215 581
430 582
20 583
194 584
302 585
468 586
224 587
247 588
292 589
72 590
549 591
54 592
253 593
539 594
588 595
303 596
286 597
438 598
412 599
590 600
300 601
517 602
559 603
358 604
218 605
187 606
41 607
281 608
162 609
126 610
325 611
410 612
275 613
323 614
269 615
504 616
262 617
196 618
1 619
545 620
354 621
366 622
294 623
104 624
401 625
610 626
384 627
260 628
484 629
360 630
173 631
315 632
536 633
157 634
115 635
423 636
561 637
563 638
359 639
281 640
521 641
410 642
531 643
191 644
142 645
439 646
526 647
80 648
631 649
389 650
168 651
542 652
160 653
539 654
99 655
644 656
299 657
269 658
603 659
402 660
166 661
261 662
633 663
295 664
574 665
440 666
165 667
311 668
411 669
64 670
536 671
535 672
156 673
637 674
559 675
629 676
364 677
152 678
25 679
71 680
629 681
345 682
264 683
42 684
519 685
371 686
13 687
534 688
366 689
347 690
8 691
406 692
236 693
159 694
612 695
656 696
209 697
445 698
46 699
569 700
573 701
607 702
379 703
656 704
626 705
200 706
375 707
353 708
699 709
312 710
40 711
377 712
638 713
10 714
334 715
328 716
698 717
328 718
470 719
453 720
620 721
461 722
508 723
388 724
322 725
378 726
343 727
665 728
147 729
172 730
561 731
303 732
316 733
504 734
613 735
385 736
716 737
29 738
594 739
261 740
484 741
194 742
158 743
588 744
655 745
151 746
639 747
410 748
651 749
723 750
725 751
342 752
416 753
538 754
397 755
428 756
713 757
682 758
15 759
170 760
294 761
20 762
750 763
230 764
298 765
752 766
406 767
394 768
29 769
423 770
247 771
400 772
240 773
712 774
146 775
217 776
621 777
349 778
30 779
565 780
649 781
140 782
597 783
748 784
706 785
82 786
174 787
578 788
509 789
285 790
381 791
769 792
576 793
145 794
703 795
401 796
162 797
61 798
779 799
27 800
155 801
602 802
315 803
245 804
676 805
117 806
543 807
424 808
522 809
64 810
398 811
236 812
55 813
103 814
198 815
681 816
452 817
666 818
221 819
262 820
313 821
526 822
366 823
636 824
159 825
384 826
435 827
224 828
592 829
677 830
513 831
365 832
292 833
502 834
705 835
327 836
439 837
633 838
689 839
617 840
511 841
411 842
284 843
233 844
188 845
243 846
333 847
170 848
108 849
287 850
66 851
333 852
820 853
569 854
766 855
607 856
253 857
324 858
335 859
27 860
533 861
351 862
713 863
603 864
789 865
657 866
410 867
329 868
190 869
544 870
185 871
610 872
353 873
241 874
208 875
834 876
6 877
821 878
133 879
287 880
575 881
771 882
778 883
463 884
430 885
589 886
847 887
319 888
557 889
371 890
538 891
535 892
493 893
869 894
126 895
560 896
311 897
409 898
219 899
122 900
476 901
788 902
385 903
309 904
567 905
893 906
853 907
142 908
607 909
132 910
3 911
413 912
265 913
17 914
542 915
893 916
517 917
552 918
884 919
107 920
323 921
587 922
486 923
913 924
357 925
243 926
423 927
703 928
145 929
178 930
26 931
59 932
507 933
696 934
612 935
710 936
593 937
605 938
803 939
58 940
921 941
531 942
868 943
287 944
175 945
396 946
259 947
807 948
145 949
553 950
644 951
73 952
157 953
788 954
246 955
343 956
4 957
124 958
782 959
279 960
87 961
173 962
13 963
569 964
239 965
256 966
236 967
449 968
1 969
126 970
715 971
241 972
405 973
273 974
728 975
873 976
262 977
606 978
529 979
689 980
211 981
879 982
29 983
8 984
605 985
106 986
712 987
149 988
467 989
85 990
434 991
376 992
727 993
36 994
736 995
663 996
99 997
485 998
757 999
711 1000
1000
single 765
give 16 399 11479
give 576 367 41168
give 200 201 67196
give 722 868 16135
single 19
give 271 82 51500
single 475
give 424 914 53422
single 844
give 77 285 55345
single 78
single 421
give 291 961 19951
single 19
give 378 567 73948
single 742
single 867
give 441 60 79410
give 301 115 95216
single 35
single 447
single 405
give 105 872 38241
single 41
single 538
give 23 476 93137
single 179
give 947 342 11173
single 104
single 469
single 913
give 594 389 51698
give 752 482 49490
give 327 792 49373
give 232 593 99279
single 669
single 559
single 999
give 495 229 13029
give 693 788 19039
give 44 474 35334
single 155
single 410
single 921
single 628
give 189 62 44928
give 850 468 87433
single 146
give 90 330 86733
single 709
single 793
single 876
give 777 610 51643
give 918 254 94944
single 96
give 360 654 11834
single 148
give 368 815 84286
single 283
single 853
single 145
give 747 105 39401
single 774
give 990 564 2355
single 751
give 78 697 52955
give 213 885 23360
single 791
give 892 661 63550
single 902
give 937 376 40714
give 344 700 15567
single 656
give 911 834 17896
single 312
give 513 30 78347
give 880 992 94141
give 411 984 95550
single 277
give 855 976 77756
give 87 554 92803
give 307 318 6407
single 106
single 818
give 211 981 54006
single 186
single 823
single 139
single 356
give 834 658 16676
single 763
single 179
single 829
give 184 982 51447
give 807 34 47383
single 298
give 33 719 2650
single 35
single 385
single 648
give 632 57 9783
give 202 748 11247
single 837
single 564
single 302
give 660 120 9936
give 542 724 10230
single 743
single 415
single 490
single 89
single 342
single 547
single 44
single 141
give 520 808 86730
single 798
single 491
single 723
single 977
give 517 292 31165
single 73
single 794
give 342 413 55792
give 788 202 71481
single 549
single 763
give 467 400 80184
give 331 940 80872
single 586
single 744
single 68
give 753 938 15584
give 716 397 94854
give 31 851 74176
give 158 848 86669
single 448
give 752 196 74979
give 345 655 11179
single 615
single 953
give 131 972 72612
single 542
single 103
single 289
give 296 709 39393
give 930 107 48267
give 431 206 97512
single 664
give 168 268 16149
give 903 319 76097
single 354
single 80
single 802
single 365
give 866 260 67095
single 633
single 575
give 823 755 50841
single 328
single 515
give 167 398 60598
give 326 52 73845
single 30
single 825
give 361 833 49860
give 945 401 73966
give 727 847 69333
single 201
single 441
give 720 962 35986
give 679 796 2662
give 372 858 36075
give 880 385 44699
give 938 97 68924
single 384
give 79 305 38343
give 48 172 96392
give 697 531 39251
single 357
single 611
give 731 811 62078
single 505
give 958 86 99359
give 60 146 58900
give 48 714 11219
give 381 884 94137
give 171 528 90213
single 427
single 111
give 466 123 89697
give 138 717 29900
give 235 13 76592
single 640
single 478
single 706
single 499
single 308
give 665 842 26665
give 241 412 58510
give 584 349 85289
single 667
give 20 240 43163
single 26
give 289 662 7380
single 896
give 857 161 39912
single 897
single 827
single 168
single 871
single 934
single 480
single 404
single 492
single 698
give 559 350 77156
give 722 233 18647
single 659
give 90 514 57846
single 357
single 255
give 453 914 69006
single 822
give 195 880 55521
single 120
single 776
single 28
give 839 658 81005
give 289 91 19599
give 207 38 4481
single 539
give 225 25 31889
give 123 642 14364
single 31
single 265
give 862 936 86492
give 14 703 54549
single 181
give 1 947 99952
single 110
give 61 706 544
single 236
give 862 861 12589
give 536 697 340
give 511 647 39375
single 110
give 45 171 26118
single 540
single 381
single 292
single 126
single 5
give 395 927 589
single 409
single 847
single 220
single 138
single 712
give 978 657 27568
give 747 816 51289
single 322
single 959
give 512 419 16851
give 877 53 8450
single 711
single 191
single 837
give 952 606 86936
single 212
single 212
single 721
give 639 351 86401
give 610 128 87094
single 875
give 661 173 34429
single 255
give 422 174 86483
single 225
give 887 220 50909
single 375
single 49
single 510
single 545
single 306
single 62
single 549
single 426
single 584
give 478 606 80171
single 706
single 178
give 358 663 50516
give 130 313 76987
give 837 167 18182
give 493 840 94437
single 804
single 467
give 995 847 59996
give 737 155 35827
give 947 779 81183
give 223 662 19194
single 718
single 969
single 229
give 87 170 40051
single 156
give 992 57 6041
single 402
give 900 714 36508
give 574 58 95986
single 925
single 732
give 105 225 25821
single 648
give 180 307 89670
give 392 93 57613
single 463
single 333
single 286
give 459 442 4377
single 53
give 640 324 25542
give 23 556 28815
give 211 13 73867
single 577
give 841 897 4362
single 356
single 138
give 743 665 44579
single 256
single 880
single 762
give 505 120 54164
single 244
single 245
give 269 544 27346
single 673
single 546
give 401 159 85943
give 917 646 95311
single 673
give 345 731 24573
give 998 781 18383
give 375 925 15158
single 949
single 450
give 502 70 65011
single 198
give 159 722 1182
give 306 780 43816
single 495
give 927 277 49860
single 614
give 588 201 67587
give 615 218 72439
give 646 152 70234
give 358 751 71413
single 374
single 764
give 582 771 19746
give 187 155 5422
give 632 298 86175
give 391 966 57436
single 130
give 811 371 29490
give 798 829 17049
single 683
give 354 953 8585
single 658
give 903 137 46377
single 819
single 162
give 13 586 91191
give 922 548 37308
single 128
single 541
give 788 779 96276
give 349 439 61862
give 299 160 31025
single 777
give 202 16 30688
single 679
give 810 346 61953
single 365
single 956
give 279 958 33878
give 292 598 70337
single 807
give 162 853 35017
give 173 443 56502
single 401
give 128 785 87430
give 1 201 39364
give 515 45 11869
give 591 848 8089
single 779
give 277 253 27855
single 706
single 257
single 208
give 127 598 68706
single 86
single 401
single 582
give 990 85 34224
single 86
single 218
single 150
single 336
single 308
single 675
single 294
give 565 953 54969
give 237 318 12983
give 901 590 25630
give 601 806 37744
give 166 114 93269
give 64 923 99080
give 787 225 79195
single 647
give 70 426 99410
give 56 738 299
give 502 651 90759
single 874
give 635 883 35400
single 142
single 498
give 379 130 93295
give 854 329 18636
single 316
give 177 11 71448
single 449
single 12
single 604
give 31 953 79950
single 540
single 847
give 919 317 33756
single 690
single 959
single 301
give 290 734 36261
give 368 99 76118
single 70
give 854 832 39922
single 637
give 464 826 76273
give 178 880 54851
give 994 77 3030
single 692
single 237
give 769 325 93036
single 923
give 120 153 74328
single 29
give 662 937 82584
single 879
give 634 694 63143
give 864 829 15042
give 259 621 9264
give 292 555 14028
give 674 396 37237
single 851
single 479
give 276 399 46072
single 324
single 699
single 306
give 921 740 30747
give 448 468 68818
single 466
give 220 790 25326
give 341 403 22854
give 685 441 95533
give 458 506 71249
give 31 758 23340
single 302
give 581 358 19591
single 912
give 263 939 54462
single 884
single 533
single 256
give 823 3 86939
single 28
single 178
give 847 514 14924
give 14 487 29199
give 753 270 29064
give 598 363 16494
give 40 897 11729
give 414 9 72835
give 69 645 82334
give 416 84 60232
give 946 928 13671
single 904
give 374 151 77910
single 332
give 802 421 89986
single 393
single 167
single 109
single 839
give 588 260 27019
give 533 555 30801
single 623
single 517
give 313 753 10443
give 43 870 26106
single 955
single 947
give 354 327 89783
single 995
give 153 450 92914
give 962 390 48406
single 53
give 289 474 764
single 405
single 163
single 613
single 928
give 841 690 16907
single 202
give 266 656 97908
single 843
give 450 286 60212
single 830
single 819
give 624 661 69621
single 290
give 45 774 57693
give 26 333 53261
single 639
single 498
single 126
single 292
give 979 148 41104
single 316
give 727 819 33988
single 133
give 969 462 50876
single 186
single 983
give 860 198 51795
single 28
give 395 931 89471
give 137 200 75003
single 34
give 835 610 12614
give 144 528 53329
single 920
give 469 1000 44713
single 775
give 51 310 41742
single 883
give 763 29 70942
single 603
give 285 730 92162
single 867
single 506
give 349 109 2879
single 431
give 738 487 53268
give 44 498 98465
give 863 906 7866
give 779 122 4704
single 975
single 422
give 280 231 19365
give 670 742 3090
give 505 800 98276
single 351
give 875 35 36910
give 51 71 33270
give 213 55 47409
single 310
give 952 692 90414
give 127 459 21471
single 910
give 307 303 37102
give 603 239 67226
give 426 763 8051
single 591
give 553 495 73724
give 812 533 64141
give 15 58 96900
give 577 273 80214
give 743 407 20328
single 264
single 967
give 41 866 14921
give 636 392 55372
give 799 43 16128
single 564
single 560
give 622 204 13660
single 499
single 897
single 547
give 732 957 84467
give 202 228 11970
give 826 80 53482
give 384 277 55105
single 186
single 727
single 238
single 305
single 464
single 280
give 524 890 88878
single 374
give 956 718 33967
single 102
single 802
give 901 559 9846
give 986 550 39848
single 56
single 497
single 638
single 840
give 65 334 64671
single 813
give 423 876 71192
single 131
give 351 687 35953
single 477
give 863 919 46219
single 646
single 311
give 684 553 14072
single 874
single 284
single 785
single 251
single 244
single 806
single 965
single 918
single 60
give 615 47 65846
give 856 947 25549
give 765 77 96609
single 649
single 666
single 847
give 896 145 56097
single 408
single 380
give 426 521 31018
give 848 706 72112
give 463 164 40614
single 138
give 939 439 63577
give 871 721 44819
give 321 294 90995
give 219 999 95650
single 557
give 802 21 45069
give 547 434 14173
single 580
give 166 409 99966
single 582
give 316 510 48677
give 84 948 9100
single 174
give 63 676 98211
give 793 651 7503
single 516
give 337 410 45996
single 34
single 194
single 980
single 898
give 653 183 30051
single 980
single 951
single 825
give 842 672 20687
give 120 87 79519
give 750 357 3125
give 584 992 99279
single 376
give 821 880 5185
give 939 158 38107
give 985 881 40023
single 869
give 943 290 27962
single 443
single 588
single 105
give 13 182 1958
give 539 419 28352
give 1 409 28513
single 539
give 887 256 89574
give 508 772 69179
single 925
give 296 751 49558
give 796 23 15008
single 448
give 950 306 85088
give 676 401 30530
give 128 170 58945
give 843 591 35641
give 634 52 41356
single 90
give 634 605 6617
single 832
give 690 966 73600
single 149
single 971
single 74
single 859
single 210
single 369
single 707
single 497
single 136
give 927 394 39846
give 790 301 87086
give 160 956 82569
give 701 988 21973
single 598
give 187 110 73310
give 149 806 15708
single 357
give 200 660 22034
single 344
single 121
give 502 767 8349
single 174
give 464 38 10137
give 256 408 93749
single 573
give 399 743 83112
single 802
single 364
give 837 641 54507
single 531
give 272 348 89056
single 617
single 14
single 787
give 801 588 93434
single 39
single 825
single 297
single 752
give 588 523 79849
give 65 802 1331
give 33 214 96392
single 947
single 335
single 106
single 218
single 833
give 947 271 67810
give 264 244 21589
single 96
give 588 430 26920
single 980
give 393 304 21137
give 868 49 80824
single 416
give 151 922 40456
give 626 690 21961
single 485
give 604 246 7662
single 256
give 526 305 92283
give 258 511 72831
give 390 598 24904
give 836 95 923
give 124 810 58965
give 2 941 40056
single 26
give 589 952 23493
give 891 97 71675
single 363
give 718 661 43961
give 12 859 84183
single 618
single 875
single 998
single 602
give 143 134 4822
give 299 532 6912
give 667 70 22092
give 590 351 73147
single 443
single 268
give 726 416 93317
single 808
single 862
single 717
give 884 304 30617
single 880
give 535 234 37661
give 784 525 52697
single 626
give 403 993 78813
give 555 788 94990
single 950
single 200
give 771 985 49767
single 99
single 389
single 219
give 387 282 43290
single 231
give 566 566 64543
give 296 378 91351
single 769
single 781
give 12 287 38446
give 343 1000 32398
give 675 338 53179
single 263
single 58
single 254
give 813 794 75428
give 437 107 23341
give 281 121 58636
single 910
give 830 571 16941
give 180 526 55497
give 277 309 68129
give 11 229 85422
give 811 707 46057
give 462 213 61118
give 784 267 53823
give 773 710 42646
give 613 698 88700
single 94
single 878
give 979 577 75035
single 893
give 638 326 6957
give 708 673 33565
single 961
give 799 123 35231
give 483 289 99757
give 267 369 28311
give 657 462 70098
single 621
single 443
single 234
give 853 624 67609
single 660
single 210
single 923
give 415 785 49405
single 738
single 643
give 197 711 52572
single 472
give 747 747 96390
give 255 512 32863
give 795 420 69608
single 887
give 961 63 40723
single 747
give 843 4 61355
single 181
give 376 788 32453
single 862
single 745
single 774
single 442
single 575
single 929
single 884
single 517
single 246
give 517 677 93499
give 223 89 5635
give 124 673 27250
give 505 773 53000
single 180
single 771
give 402 794 74569
single 319
single 839
single 253
give 937 846 19362
give 991 291 41834
give 477 445 23446
single 433
single 572
give 544 905 59554
single 122
single 854
give 485 904 34841
give 673 253 5393
single 352
give 47 958 13839
give 429 794 1699
give 401 78 31021
give 152 324 72178
single 79
give 488 916 50572
single 540
single 70
single 59
single 798
single 71
give 405 770 20240
give 129 652 57390
give 891 506 31823
single 35
single 434
give 376 793 47013
give 755 912 62307
give 270 581 37453
single 256
give 784 550 31731
give 547 225 88519
give 259 449 76948
single 953
single 895
single 718
give 234 425 29230
give 157 114 18265
single 257
single 256
single 351
single 563
give 145 833 3386
give 500 623 72041
give 304 991 39412
give 549 586 27974
single 416
single 184
give 794 692 27502
give 610 523 7387
single 838
single 720
single 964
single 974
give 117 115 59570
give 83 194 87333
give 764 94 32290
single 285
give 832 905 79687
give 218 459 87082
give 837 899 9131
give 997 769 7009
single 739
single 238
give 830 951 11606
single 615
give 440 92 90504
give 864 475 74305
give 882 824 28615
single 938
give 480 195 32858
give 804 443 1673
single 689
single 275
give 544 232 51815
single 962
single 258
single 544
give 172 322 87528
give 538 647 69179
give 293 420 72475
single 591
give 319 260 14844
give 694 91 96748
single 200
single 671
single 215
single 95
give 465 548 51408
single 90
give 847 801 2762
give 793 524 14515
give 336 185 37447
give 13 270 36617
give 736 262 63691
single 871
give 918 248 96301
single 312
single 896
single 727
give 50 746 83973
single 625
single 984
give 540 251 1804
give 870 99 90870
single 31
give 59 183 15440
give 100 337 10248
give 633 120 39637
single 151
single 77
single 116
single 684
