1000
1 2
1 3
2 4
1 5
5 6
4 7
1 8
6 9
5 10
2 11
4 12
3 13
5 14
4 15
8 16
10 17
10 18
18 19
2 20
10 21
7 22
13 23
20 24
20 25
4 26
14 27
5 28
19 29
20 30
21 31
20 32
25 33
8 34
10 35
7 36
28 37
20 38
17 39
18 40
3 41
17 42
8 43
37 44
22 45
21 46
15 47
28 48
32 49
39 50
27 51
51 52
22 53
9 54
1 55
42 56
33 57
44 58
50 59
14 60
54 61
6 62
30 63
47 64
14 65
49 66
65 67
23 68
57 69
23 70
35 71
36 72
30 73
14 74
20 75
55 76
38 77
66 78
2 79
21 80
43 81
45 82
80 83
15 84
33 85
37 86
5 87
28 88
74 89
68 90
44 91
79 92
7 93
76 94
12 95
67 96
7 97
25 98
67 99
14 100
20 101
51 102
85 103
70 104
17 105
2 106
8 107
5 108
76 109
32 110
78 111
101 112
41 113
63 114
95 115
48 116
33 117
99 118
55 119
99 120
22 121
76 122
47 123
113 124
20 125
10 126
34 127
71 128
8 129
82 130
45 131
13 132
90 133
33 134
66 135
71 136
48 137
95 138
39 139
103 140
121 141
52 142
132 143
41 144
111 145
14 146
130 147
124 148
119 149
116 150
1 151
110 152
147 153
99 154
42 155
105 156
82 157
56 158
89 159
126 160
9 161
110 162
70 163
27 164
60 165
149 166
166 167
96 168
26 169
42 170
43 171
112 172
161 173
82 174
29 175
42 176
16 177
114 178
12 179
11 180
12 181
47 182
138 183
107 184
157 185
171 186
181 187
144 188
17 189
148 190
117 191
81 192
70 193
21 194
136 195
97 196
178 197
38 198
156 199
123 200
196 201
23 202
19 203
105 204
105 205
23 206
63 207
150 208
172 209
142 210
105 211
147 212
79 213
196 214
18 215
190 216
124 217
149 218
33 219
3 220
115 221
8 222
96 223
68 224
66 225
176 226
4 227
141 228
115 229
48 230
203 231
200 232
16 233
161 234
142 235
137 236
225 237
172 238
189 239
187 240
79 241
96 242
65 243
24 244
114 245
15 246
240 247
6 248
108 249
239 250
107 251
42 252
90 253
18 254
80 255
81 256
159 257
257 258
8 259
57 260
69 261
120 262
4 263
188 264
230 265
117 266
116 267
168 268
171 269
181 270
9 271
248 272
22 273
238 274
221 275
215 276
144 277
35 278
152 279
169 280
107 281
75 282
186 283
114 284
266 285
284 286
128 287
34 288
32 289
93 290
55 291
64 292
97 293
212 294
255 295
295 296
50 297
203 298
40 299
60 300
56 301
280 302
256 303
10 304
130 305
160 306
13 307
248 308
141 309
302 310
72 311
231 312
176 313
63 314
47 315
221 316
89 317
277 318
166 319
60 320
29 321
295 322
193 323
292 324
286 325
262 326
5 327
303 328
142 329
315 330
44 331
251 332
101 333
83 334
321 335
326 336
286 337
280 338
99 339
107 340
100 341
147 342
297 343
334 344
119 345
107 346
52 347
252 348
133 349
298 350
3 351
33 352
243 353
70 354
76 355
21 356
244 357
290 358
36 359
171 360
191 361
244 362
137 363
92 364
80 365
16 366
127 367
207 368
74 369
269 370
185 371
159 372
266 373
123 374
53 375
180 376
37 377
10 378
186 379
140 380
374 381
250 382
357 383
61 384
361 385
140 386
117 387
36 388
60 389
364 390
161 391
369 392
98 393
308 394
162 395
98 396
317 397
220 398
41 399
303 400
111 401
364 402
204 403
257 404
247 405
120 406
41 407
95 408
23 409
128 410
405 411
79 412
66 413
4 414
142 415
45 416
56 417
292 418
306 419
106 420
149 421
330 422
359 423
29 424
287 425
169 426
407 427
65 428
222 429
173 430
13 431
83 432
416 433
145 434
292 435
389 436
12 437
302 438
383 439
235 440
14 441
378 442
279 443
16 444
106 445
128 446
405 447
139 448
32 449
309 450
292 451
410 452
95 453
121 454
232 455
35 456
200 457
306 458
118 459
429 460
183 461
111 462
280 463
106 464
298 465
370 466
363 467
139 468
167 469
126 470
113 471
203 472
397 473
252 474
215 475
454 476
90 477
342 478
152 479
36 480
117 481
351 482
368 483
26 484
27 485
115 486
381 487
135 488
154 489
101 490
276 491
24 492
331 493
309 494
490 495
229 496
103 497
186 498
421 499
317 500
434 501
29 502
290 503
163 504
344 505
361 506
351 507
193 508
173 509
127 510
4 511
107 512
422 513
399 514
330 515
186 516
335 517
255 518
450 519
118 520
486 521
302 522
419 523
404 524
249 525
340 526
237 527
131 528
114 529
30 530
504 531
268 532
478 533
373 534
478 535
423 536
173 537
476 538
503 539
258 540
262 541
534 542
307 543
255 544
236 545
380 546
420 547
352 548
362 549
49 550
193 551
423 552
268 553
57 554
477 555
121 556
12 557
236 558
302 559
269 560
407 561
35 562
43 563
540 564
488 565
490 566
540 567
101 568
181 569
466 570
438 571
526 572
367 573
309 574
35 575
450 576
346 577
304 578
575 579
455 580
552 581
432 582
469 583
72 584
564 585
316 586
177 587
283 588
335 589
256 590
103 591
329 592
161 593
23 594
503 595
365 596
200 597
324 598
263 599
554 600
493 601
221 602
12 603
431 604
21 605
502 606
107 607
505 608
476 609
98 610
61 611
254 612
5 613
267 614
416 615
470 616
141 617
293 618
232 619
195 620
463 621
385 622
595 623
461 624
208 625
398 626
591 627
130 628
429 629
337 630
276 631
11 632
68 633
294 634
174 635
441 636
391 637
213 638
55 639
162 640
142 641
420 642
638 643
114 644
31 645
309 646
231 647
427 648
209 649
561 650
113 651
197 652
463 653
262 654
11 655
428 656
123 657
414 658
86 659
69 660
156 661
288 662
532 663
511 664
8 665
288 666
8 667
545 668
624 669
205 670
157 671
82 672
272 673
178 674
215 675
617 676
492 677
262 678
610 679
261 680
353 681
78 682
437 683
164 684
623 685
48 686
128 687
27 688
458 689
482 690
303 691
221 692
454 693
477 694
33 695
326 696
280 697
12 698
449 699
256 700
181 701
209 702
664 703
342 704
435 705
615 706
209 707
243 708
462 709
474 710
528 711
19 712
664 713
418 714
534 715
81 716
440 717
189 718
464 719
586 720
661 721
259 722
501 723
387 724
338 725
719 726
716 727
377 728
493 729
551 730
245 731
457 732
712 733
267 734
14 735
607 736
213 737
440 738
638 739
215 740
673 741
287 742
303 743
90 744
81 745
512 746
111 747
187 748
333 749
263 750
303 751
342 752
51 753
407 754
39 755
37 756
478 757
105 758
579 759
126 760
124 761
101 762
86 763
152 764
12 765
200 766
150 767
296 768
316 769
90 770
674 771
489 772
525 773
294 774
222 775
67 776
159 777
262 778
11 779
490 780
264 781
525 782
456 783
201 784
243 785
166 786
300 787
380 788
736 789
589 790
776 791
780 792
763 793
346 794
765 795
519 796
756 797
492 798
133 799
138 800
107 801
102 802
96 803
516 804
341 805
78 806
237 807
587 808
187 809
708 810
627 811
788 812
627 813
275 814
244 815
247 816
61 817
113 818
449 819
813 820
820 821
528 822
589 823
91 824
322 825
114 826
454 827
313 828
717 829
3 830
337 831
272 832
316 833
31 834
208 835
378 836
68 837
835 838
360 839
770 840
478 841
218 842
429 843
198 844
156 845
826 846
750 847
659 848
459 849
632 850
816 851
136 852
109 853
361 854
156 855
23 856
781 857
602 858
714 859
522 860
49 861
193 862
618 863
436 864
853 865
114 866
14 867
385 868
85 869
562 870
303 871
805 872
563 873
415 874
542 875
175 876
29 877
548 878
609 879
804 880
241 881
473 882
117 883
513 884
188 885
140 886
198 887
15 888
765 889
105 890
475 891
375 892
775 893
710 894
624 895
671 896
752 897
54 898
175 899
245 900
305 901
306 902
740 903
471 904
381 905
437 906
563 907
360 908
232 909
353 910
413 911
143 912
58 913
805 914
478 915
546 916
528 917
915 918
214 919
167 920
829 921
441 922
701 923
371 924
368 925
171 926
430 927
327 928
660 929
484 930
572 931
548 932
689 933
275 934
688 935
386 936
584 937
924 938
398 939
298 940
874 941
811 942
778 943
9 944
521 945
476 946
847 947
628 948
937 949
298 950
467 951
696 952
770 953
206 954
2 955
857 956
342 957
463 958
953 959
852 960
826 961
745 962
312 963
565 964
239 965
847 966
817 967
668 968
210 969
875 970
290 971
546 972
61 973
841 974
891 975
662 976
904 977
442 978
317 979
333 980
719 981
572 982
876 983
451 984
515 985
28 986
658 987
653 988
112 989
800 990
575 991
292 992
776 993
798 994
190 995
44 996
406 997
542 998
764 999
276 1000
1000
single 323
single 353
single 884
single 591
single 478
single 863
give 576 256 21300
give 68 300 66027
give 415 883 11179
give 977 38 95098
give 810 622 79158
single 336
single 916
single 159
give 154 870 83690
single 78
give 554 441 60415
single 40
single 407
give 380 734 94046
give 151 165 27319
give 933 468 29455
single 64
give 935 937 82910
single 760
single 396
give 40 827 16280
give 707 676 55130
single 782
single 17
single 271
single 983
single 326
single 716
single 786
give 620 615 59982
single 177
single 647
give 794 676 32909
single 62
give 394 862 61241
give 415 604 25601
give 601 672 45059
give 810 83 54721
give 383 871 68900
single 176
give 841 5 97772
single 276
give 672 407 73585
give 682 313 15262
give 28 436 68166
single 362
give 373 184 17558
single 309
give 278 685 97115
single 389
give 833 365 45882
give 279 977 2603
single 780
single 142
give 744 391 74110
give 337 881 24618
give 958 170 75065
single 481
single 68
give 107 361 92551
single 411
single 534
single 444
give 300 611 10829
give 491 519 28527
single 650
give 143 573 7930
give 978 633 85080
give 886 422 61819
single 628
give 841 783 71667
give 184 425 92492
single 899
single 502
single 45
single 746
give 971 550 67073
single 185
give 582 390 63299
give 371 719 95454
give 440 576 12608
give 949 775 52635
single 309
give 399 304 58058
single 184
single 555
give 768 139 42920
single 1
give 435 284 25287
single 61
single 998
give 967 416 42792
give 175 647 88725
single 750
single 846
single 610
give 246 734 56022
give 61 92 11536
give 149 500 72823
give 308 712 56659
give 167 555 48538
give 286 610 87962
single 159
single 757
give 77 938 55767
give 76 370 15873
single 172
single 784
single 647
single 72
give 215 482 75245
single 611
give 514 440 25071
single 629
single 546
single 201
single 911
single 405
give 209 888 73905
single 79
give 298 108 99258
single 944
give 528 400 16513
give 661 903 28853
give 874 10 964
single 18
give 261 217 55827
give 506 118 37998
single 365
single 58
give 555 647 29070
single 213
give 588 183 95468
give 403 80 80612
give 736 147 79217
give 708 109 81267
give 178 580 14971
give 131 89 49566
single 548
single 505
single 890
single 859
single 338
single 601
give 724 811 76358
give 968 823 73401
single 407
single 565
single 385
single 45
give 636 397 63592
give 767 711 72076
give 431 830 18561
give 858 583 16600
single 608
single 991
give 301 102 8838
single 184
single 693
single 595
single 936
give 327 284 60008
give 779 91 70026
single 602
give 213 328 44934
give 359 944 19786
give 271 888 47769
single 5
give 26 421 43748
single 815
single 55
single 462
give 135 344 32752
give 922 433 37829
single 311
give 604 768 78799
give 506 724 83645
give 14 565 59045
give 8 141 58324
give 60 400 54898
single 515
single 212
single 377
give 405 718 66183
single 597
give 966 970 42515
give 310 768 37073
give 3 19 28888
give 927 98 67666
single 633
single 665
single 433
give 230 853 90589
give 236 119 37751
single 597
single 469
give 481 234 72449
give 706 792 72994
give 385 532 99690
give 458 260 27101
give 238 253 10826
give 15 430 55158
single 659
give 547 564 61041
give 544 378 37431
single 314
single 379
single 78
give 189 768 10186
single 982
single 288
single 84
single 975
single 386
give 643 14 33926
give 393 958 43406
give 199 818 49685
give 705 442 42918
single 629
single 288
single 498
single 641
give 530 576 22645
single 454
give 460 348 94683
single 480
single 979
single 153
give 804 453 69409
give 244 589 92699
give 846 527 85992
single 444
give 126 688 63888
give 560 367 9529
give 683 675 39423
single 215
single 110
single 277
single 435
single 313
single 925
single 856
single 145
single 697
give 516 899 67548
single 673
give 94 309 58161
single 572
single 691
single 104
single 141
give 842 501 67103
give 515 897 96752
single 621
give 352 431 31134
single 784
give 299 572 51600
give 882 863 94012
single 882
give 728 404 97700
single 876
give 153 225 11954
give 841 519 56890
single 527
give 123 5 10100
give 335 401 22741
give 798 706 90594
single 511
single 916
give 135 632 15202
give 72 203 63534
single 604
give 694 90 95751
single 89
give 290 686 71878
single 681
give 629 957 92680
single 881
give 801 762 34078
give 737 743 58187
single 268
single 986
give 233 344 77164
give 815 278 627
single 589
single 762
give 260 146 46297
single 150
single 727
single 39
give 485 503 38793
give 966 863 94421
give 233 588 91603
single 21
give 611 474 28458
give 574 343 67301
single 175
give 458 697 20920
give 170 537 77694
give 49 425 8683
give 949 883 85954
single 235
single 258
give 965 80 7301
give 818 202 11455
single 189
give 6 572 92003
single 788
single 986
give 226 657 39753
give 456 896 57310
give 540 48 1827
single 90
single 874
give 219 81 21999
give 853 3 44905
single 418
single 608
give 977 64 63623
give 226 650 84878
give 568 566 99656
single 854
give 346 196 69296
give 704 522 28177
single 465
single 897
single 689
single 162
give 961 58 75622
single 500
single 330
give 288 309 32435
single 859
give 316 626 96983
single 287
single 340
give 657 331 8197
give 480 687 71410
give 731 878 18335
single 333
give 196 593 50711
single 70
give 839 583 10920
single 241
single 987
give 170 567 12771
give 312 630 70139
single 932
single 654
single 305
single 853
single 304
give 9 213 60274
give 811 276 62937
give 9 275 50669
single 419
single 502
give 712 510 71604
single 219
give 412 894 36289
single 771
single 999
give 68 625 7283
give 116 370 39403
single 718
give 246 649 91487
single 529
single 917
single 624
single 954
single 462
single 895
give 553 960 92794
single 978
give 561 365 64949
single 604
single 880
give 588 725 21027
single 716
single 650
single 362
single 790
give 623 209 45043
single 869
give 144 552 49676
single 752
give 948 2 21528
single 616
single 325
give 171 414 27951
give 692 723 90517
single 234
single 420
give 688 152 78572
single 166
single 4
single 105
single 73
single 429
give 781 412 30133
single 781
give 824 850 53873
give 699 558 60269
single 926
give 243 298 6201
single 587
give 628 600 4483
give 840 872 26216
single 618
single 943
give 483 504 67422
single 1
give 554 586 1311
single 825
single 827
single 790
single 312
give 361 117 42347
give 835 473 89451
single 581
give 684 286 28222
give 541 655 37941
give 157 33 29259
single 578
give 669 563 32118
single 622
give 771 187 3530
give 837 723 4067
single 413
give 769 975 68508
give 402 288 15508
give 79 336 22807
single 268
single 931
single 323
give 686 673 30076
single 264
give 692 735 2178
single 98
single 445
single 297
give 391 246 50282
single 476
single 832
give 557 210 67409
give 252 988 49995
give 779 666 81221
give 566 798 16872
single 60
give 272 398 12750
single 140
single 267
single 901
single 696
single 623
single 4
single 680
give 56 42 13217
give 492 337 48405
give 451 143 52692
give 788 956 67330
single 290
single 103
give 607 724 10696
single 570
single 727
single 858
single 367
single 406
give 979 287 18278
single 674
give 234 866 31823
give 13 691 14153
single 445
give 2 337 32794
give 453 679 20285
single 911
single 916
give 268 506 23416
single 804
single 173
single 153
give 759 566 51138
single 604
give 915 45 33281
single 139
single 421
single 946
give 998 518 56879
single 986
give 905 690 1862
single 672
single 282
give 61 968 64308
single 540
give 459 33 59518
give 738 889 74280
give 129 451 4118
give 621 333 68618
give 193 819 20102
give 462 482 92988
give 259 523 48816
single 585
single 246
single 24
give 379 164 38020
single 103
single 273
single 423
give 495 947 55564
single 55
give 840 205 8242
single 9
give 211 269 97086
single 238
give 464 50 62751
single 297
give 783 646 30032
single 767
give 406 754 2832
give 452 56 53566
single 717
single 491
single 747
give 395 365 76441
give 942 375 31260
give 473 821 85985
give 564 806 22981
single 661
give 515 846 5573
single 155
give 852 93 59993
give 138 959 12886
give 410 274 36444
give 900 539 2526
give 757 286 93473
give 995 904 24921
single 545
give 724 881 63356
give 171 193 87800
single 507
give 294 705 51164
single 665
single 463
single 895
single 8
single 316
single 385
give 331 392 45729
single 32
give 605 730 73442
single 712
give 840 19 93075
single 99
single 489
give 972 824 58175
single 688
single 944
single 463
single 430
give 104 509 32502
single 766
single 747
single 465
give 275 508 70507
single 875
give 250 856 12676
give 921 294 96234
give 213 212 14679
give 77 730 84517
single 319
give 721 587 98748
give 861 514 96622
single 791
single 375
give 272 215 33046
single 385
give 320 113 73735
single 415
give 203 984 66848
give 950 331 53139
single 181
give 974 511 74514
single 208
single 272
single 556
give 815 649 98284
single 525
give 693 909 71678
single 921
give 448 190 4945
give 983 557 58442
give 414 681 39530
single 334
give 602 44 23244
give 830 748 52727
give 697 575 76268
give 767 975 88101
single 777
give 34 315 13714
single 84
give 11 145 12776
give 125 795 72180
single 535
give 788 521 15711
single 62
single 103
give 552 891 28654
give 146 211 11421
single 993
give 576 994 55657
single 806
single 456
single 925
single 645
single 468
single 47
single 597
single 597
single 423
give 918 158 55464
single 54
single 867
single 464
single 222
single 461
single 626
give 729 872 76954
give 776 417 92369
single 140
single 506
single 548
give 335 276 95165
single 718
give 671 529 94798
single 923
single 688
give 218 887 35066
give 849 7 5077
give 879 586 94209
give 169 598 47356
single 560
give 509 751 46453
give 706 349 28447
single 466
give 142 715 99541
give 931 584 73378
give 509 329 76813
give 542 907 28676
give 216 63 84933
give 123 822 38327
single 37
single 760
single 22
single 261
single 215
give 533 356 67931
single 813
single 345
single 468
single 465
single 505
single 651
give 825 492 96214
single 267
single 345
single 624
give 969 601 33786
give 185 785 56295
give 365 477 45417
give 267 856 88993
single 189
give 788 902 13284
single 774
give 227 43 76150
single 441
single 985
single 109
single 635
single 690
give 448 514 35294
give 550 64 38847
single 628
give 402 385 47183
give 101 27 56237
give 91 212 8882
single 494
single 675
give 575 917 10693
single 20
single 696
single 393
give 774 792 76067
single 765
single 813
give 873 780 84598
single 8
single 650
give 731 442 4151
give 39 20 72085
give 431 13 73632
give 694 603 45562
single 136
give 116 465 84605
single 626
single 613
single 461
single 552
single 97
single 316
give 581 315 24950
give 656 782 45573
give 958 639 86928
give 453 553 77042
give 370 523 27195
single 70
give 495 971 7449
give 659 656 42753
single 307
give 849 749 60576
single 766
give 856 733 58045
single 535
give 928 303 20926
single 302
give 488 928 37457
give 862 866 52027
single 268
single 112
give 491 102 10058
give 449 313 35935
give 69 106 77588
single 610
single 498
single 182
single 730
single 471
give 491 580 94840
single 609
single 939
give 94 540 91948
give 144 457 77891
single 737
give 668 780 93235
single 300
give 330 43 42197
single 49
single 464
give 68 879 58531
give 896 529 81670
single 247
single 165
give 353 757 5893
single 481
give 292 392 75736
give 82 892 94295
single 396
single 580
single 768
give 877 265 74471
give 642 253 62695
single 374
single 626
single 792
give 491 858 16260
single 421
give 728 947 75715
single 610
give 851 56 62645
give 13 870 3693
give 93 307 26219
single 817
single 500
single 166
give 766 817 99859
give 37 227 18371
single 140
single 599
single 949
give 242 875 67605
give 6 41 33210
give 838 669 98033
give 758 425 65912
give 873 975 26971
single 567
single 705
give 547 520 70626
give 256 168 32537
give 232 282 89060
single 992
single 817
give 399 136 35653
single 144
single 946
give 302 256 21277
give 556 832 19565
give 79 800 98147
single 828
single 900
single 316
single 410
single 635
single 337
give 759 11 66442
give 397 283 24847
give 447 143 69101
single 846
single 617
give 538 84 54256
single 68
single 441
give 884 524 59317
give 363 907 83891
give 951 324 86420
single 133
give 182 816 24735
single 101
single 898
single 587
give 817 407 36824
single 984
give 544 297 81222
single 923
single 771
single 150
single 841
single 834
give 462 786 72903
single 181
give 745 864 3826
give 654 244 22739
give 120 506 93331
single 86
single 553
give 920 175 78681
give 9 561 41783
give 126 448 88884
give 142 142 39997
give 48 643 88826
give 31 871 73972
single 51
single 658
single 566
give 941 734 20912
single 519
give 461 876 77155
single 664
give 539 280 35186
single 166
single 403
single 12
give 547 608 22865
single 168
single 257
give 874 201 78043
give 688 940 36869
single 285
give 736 892 84796
single 22
single 313
single 163
give 240 192 67170
single 720
single 462
give 615 100 45659
single 796
give 577 813 26939
single 2
give 829 665 75628
give 318 774 22450
give 46 717 69159
give 549 837 88333
give 650 169 96931
give 829 727 43000
single 361
single 407
single 449
give 45 447 32347
single 330
give 771 243 64101
single 527
single 111
single 437
give 439 873 54141
give 887 710 20395
give 261 167 31384
single 239
give 57 190 93060
single 929
give 861 96 67819
single 381
single 698
single 746
single 676
give 303 338 9653
give 747 548 20578
give 106 546 23234
give 517 356 6894
give 949 708 37106
give 171 379 7778
single 431
give 113 490 21189
give 83 282 41063
single 283
give 912 358 43881
single 430
single 960
single 733
single 595
single 168
single 474
single 306
give 128 832 66627
single 99
single 649
single 772
give 997 295 92059
give 901 684 62118
single 546
single 37
single 86
give 702 733 47116
single 869
single 293
single 931
single 715
single 403
give 390 934 95678
single 789
single 450
single 398
give 218 804 32024
single 919
single 461
single 176
single 295
give 572 677 14286
single 519
give 104 915 36284
single 150
single 652
give 612 911 34610
single 33
single 2
give 377 249 87360
give 511 794 94978
give 818 123 54916
single 600
give 446 120 81193
give 303 489 95484
single 710
single 8
give 173 445 32490
give 995 659 51665
give 142 228 79513
single 74
give 751 874 55011
single 858
give 929 464 66760
single 252
give 669 174 95077
give 823 541 95817
give 283 442 10816
give 915 72 47481
single 509
give 607 554 16139
single 197
single 189
give 930 135 82276
give 478 894 48136
single 832
give 299 841 79851
give 348 515 77785
single 989
single 59
give 536 491 86245
give 820 264 22485
single 759
give 565 232 76650
single 698
single 782
single 520
single 255
give 420 301 41661
single 718
single 434
single 157
give 636 609 52804
give 611 12 77590
give 779 589 19751
single 354
give 451 542 63086
single 888
give 430 813 57288
