1000
1 2
1 3
1 4
1 5
5 6
5 7
2 8
5 9
2 10
6 11
10 12
2 13
7 14
5 15
13 16
14 17
7 18
4 19
5 20
2 21
21 22
18 23
11 24
8 25
4 26
11 27
3 28
11 29
25 30
28 31
5 32
9 33
11 34
30 35
25 36
24 37
10 38
25 39
21 40
13 41
40 42
1 43
40 44
11 45
31 46
18 47
39 48
25 49
46 50
49 51
47 52
21 53
42 54
49 55
46 56
17 57
27 58
11 59
59 60
27 61
4 62
33 63
12 64
34 65
32 66
59 67
38 68
43 69
53 70
68 71
61 72
38 73
66 74
39 75
53 76
19 77
43 78
17 79
46 80
1 81
7 82
16 83
66 84
33 85
70 86
18 87
83 88
42 89
54 90
86 91
17 92
52 93
43 94
79 95
37 96
84 97
58 98
28 99
85 100
20 101
28 102
33 103
56 104
98 105
75 106
15 107
51 108
28 109
64 110
70 111
46 112
91 113
45 114
71 115
32 116
92 117
58 118
46 119
37 120
15 121
89 122
122 123
87 124
31 125
119 126
31 127
14 128
1 129
2 130
108 131
72 132
6 133
60 134
76 135
92 136
98 137
82 138
125 139
25 140
23 141
121 142
123 143
90 144
143 145
46 146
25 147
88 148
146 149
13 150
90 151
106 152
106 153
110 154
84 155
22 156
88 157
48 158
24 159
67 160
117 161
68 162
131 163
78 164
27 165
47 166
35 167
74 168
40 169
64 170
14 171
111 172
35 173
65 174
125 175
118 176
38 177
175 178
54 179
93 180
84 181
47 182
139 183
133 184
10 185
141 186
113 187
35 188
113 189
125 190
98 191
110 192
147 193
154 194
1 195
61 196
93 197
137 198
185 199
26 200
145 201
187 202
85 203
35 204
197 205
154 206
153 207
182 208
50 209
179 210
4 211
13 212
74 213
35 214
148 215
65 216
170 217
55 218
123 219
18 220
82 221
147 222
103 223
122 224
121 225
179 226
106 227
92 228
119 229
31 230
95 231
136 232
76 233
47 234
103 235
184 236
59 237
12 238
51 239
233 240
81 241
57 242
166 243
1 244
240 245
49 246
209 247
87 248
5 249
85 250
138 251
87 252
36 253
70 254
49 255
115 256
42 257
89 258
232 259
139 260
167 261
42 262
185 263
119 264
109 265
189 266
31 267
85 268
228 269
35 270
238 271
243 272
172 273
30 274
194 275
162 276
32 277
119 278
95 279
17 280
259 281
116 282
171 283
93 284
216 285
275 286
180 287
46 288
65 289
110 290
113 291
279 292
143 293
266 294
270 295
202 296
42 297
186 298
67 299
117 300
86 301
80 302
157 303
165 304
32 305
244 306
188 307
128 308
220 309
232 310
145 311
11 312
240 313
271 314
294 315
121 316
23 317
222 318
245 319
175 320
314 321
251 322
35 323
36 324
277 325
282 326
21 327
182 328
225 329
202 330
269 331
139 332
143 333
187 334
37 335
82 336
257 337
79 338
80 339
72 340
90 341
80 342
186 343
13 344
58 345
310 346
104 347
257 348
302 349
212 350
235 351
198 352
350 353
284 354
54 355
59 356
263 357
74 358
51 359
354 360
29 361
24 362
320 363
338 364
215 365
7 366
354 367
184 368
323 369
239 370
370 371
46 372
348 373
184 374
337 375
197 376
364 377
58 378
317 379
196 380
285 381
100 382
369 383
336 384
58 385
76 386
313 387
115 388
235 389
138 390
42 391
187 392
340 393
326 394
43 395
347 396
394 397
255 398
221 399
46 400
45 401
92 402
323 403
45 404
94 405
12 406
123 407
295 408
252 409
37 410
48 411
103 412
251 413
116 414
350 415
29 416
237 417
240 418
147 419
138 420
371 421
260 422
342 423
381 424
202 425
423 426
283 427
296 428
267 429
366 430
400 431
407 432
186 433
254 434
120 435
187 436
383 437
371 438
94 439
198 440
388 441
16 442
375 443
423 444
46 445
50 446
248 447
320 448
9 449
156 450
115 451
389 452
255 453
230 454
326 455
30 456
216 457
119 458
441 459
443 460
78 461
111 462
443 463
11 464
123 465
279 466
348 467
306 468
122 469
440 470
388 471
173 472
148 473
147 474
444 475
357 476
403 477
310 478
145 479
8 480
92 481
475 482
369 483
455 484
183 485
119 486
285 487
369 488
68 489
123 490
260 491
357 492
47 493
185 494
180 495
181 496
198 497
378 498
481 499
119 500
117 501
43 502
359 503
364 504
116 505
21 506
498 507
318 508
232 509
490 510
509 511
24 512
186 513
156 514
143 515
368 516
495 517
348 518
103 519
57 520
188 521
442 522
32 523
138 524
280 525
400 526
230 527
46 528
422 529
251 530
201 531
256 532
133 533
72 534
472 535
533 536
441 537
48 538
18 539
15 540
121 541
468 542
450 543
534 544
465 545
425 546
270 547
222 548
325 549
188 550
80 551
241 552
428 553
27 554
280 555
513 556
198 557
430 558
14 559
161 560
420 561
340 562
403 563
70 564
495 565
90 566
272 567
157 568
283 569
500 570
334 571
447 572
487 573
100 574
404 575
530 576
434 577
108 578
481 579
412 580
499 581
375 582
151 583
279 584
539 585
177 586
560 587
384 588
424 589
304 590
546 591
65 592
144 593
192 594
290 595
503 596
432 597
537 598
487 599
186 600
285 601
2 602
22 603
463 604
346 605
544 606
477 607
361 608
498 609
309 610
429 611
116 612
330 613
77 614
284 615
135 616
548 617
251 618
107 619
456 620
597 621
35 622
207 623
261 624
79 625
338 626
455 627
384 628
378 629
174 630
127 631
275 632
230 633
528 634
223 635
15 636
357 637
422 638
45 639
49 640
210 641
71 642
544 643
136 644
263 645
80 646
593 647
330 648
296 649
159 650
169 651
55 652
262 653
433 654
279 655
227 656
606 657
620 658
623 659
268 660
472 661
122 662
11 663
491 664
182 665
178 666
181 667
619 668
251 669
653 670
233 671
98 672
590 673
52 674
53 675
487 676
405 677
376 678
299 679
323 680
679 681
464 682
140 683
63 684
284 685
413 686
294 687
684 688
57 689
685 690
577 691
405 692
492 693
433 694
341 695
298 696
666 697
263 698
162 699
333 700
492 701
231 702
601 703
473 704
555 705
14 706
472 707
236 708
503 709
123 710
441 711
469 712
260 713
586 714
444 715
62 716
416 717
421 718
508 719
695 720
456 721
607 722
525 723
341 724
250 725
638 726
703 727
696 728
659 729
332 730
77 731
573 732
387 733
201 734
659 735
62 736
422 737
193 738
444 739
736 740
608 741
660 742
2 743
59 744
259 745
615 746
447 747
34 748
147 749
737 750
144 751
565 752
484 753
21 754
21 755
367 756
346 757
462 758
150 759
282 760
107 761
442 762
496 763
205 764
5 765
180 766
327 767
206 768
269 769
358 770
114 771
454 772
518 773
431 774
198 775
221 776
481 777
714 778
145 779
525 780
37 781
733 782
593 783
83 784
231 785
346 786
651 787
76 788
544 789
468 790
507 791
227 792
330 793
498 794
89 795
696 796
632 797
459 798
157 799
407 800
259 801
770 802
522 803
25 804
673 805
676 806
798 807
296 808
737 809
141 810
619 811
98 812
536 813
76 814
318 815
527 816
159 817
176 818
790 819
66 820
600 821
180 822
347 823
72 824
231 825
95 826
12 827
805 828
266 829
623 830
737 831
380 832
738 833
833 834
518 835
218 836
117 837
715 838
528 839
28 840
441 841
2 842
112 843
749 844
748 845
195 846
391 847
168 848
561 849
769 850
248 851
713 852
629 853
530 854
53 855
197 856
259 857
53 858
556 859
625 860
678 861
631 862
463 863
609 864
599 865
765 866
778 867
326 868
510 869
771 870
550 871
441 872
554 873
623 874
755 875
4 876
579 877
836 878
791 879
728 880
860 881
372 882
715 883
62 884
69 885
293 886
26 887
291 888
104 889
632 890
231 891
369 892
749 893
255 894
126 895
386 896
557 897
727 898
471 899
371 900
303 901
270 902
92 903
171 904
36 905
763 906
37 907
170 908
459 909
888 910
514 911
64 912
661 913
886 914
273 915
264 916
1 917
474 918
880 919
579 920
38 921
495 922
832 923
892 924
860 925
630 926
352 927
715 928
375 929
427 930
608 931
78 932
115 933
612 934
869 935
5 936
605 937
388 938
920 939
222 940
110 941
503 942
885 943
860 944
716 945
227 946
138 947
12 948
170 949
553 950
775 951
334 952
542 953
760 954
657 955
414 956
654 957
779 958
380 959
804 960
277 961
373 962
615 963
636 964
832 965
59 966
580 967
433 968
119 969
812 970
861 971
42 972
548 973
356 974
696 975
526 976
394 977
10 978
563 979
129 980
329 981
598 982
374 983
868 984
426 985
723 986
73 987
708 988
722 989
54 990
651 991
250 992
307 993
217 994
988 995
553 996
672 997
173 998
761 999
672 1000
1000
give 393 540 606
single 491
give 425 39 25223
single 249
give 120 867 23626
give 744 546 58152
single 175
give 732 54 10086
single 751
single 292
single 678
give 460 960 10038
give 953 594 95968
give 456 366 95862
single 522
single 779
give 785 385 2560
single 153
give 886 345 39463
give 876 233 25905
give 946 90 93239
single 669
give 350 150 60854
single 262
single 187
single 210
give 31 239 47249
give 697 473 16980
give 825 482 65088
single 547
give 847 387 87674
give 657 294 98678
single 665
single 135
give 973 290 93890
single 689
single 459
give 182 272 52299
single 588
give 591 360 27892
single 434
give 987 903 95479
single 962
give 482 446 35114
give 293 996 96638
single 199
single 776
give 175 940 56566
give 257 798 92943
give 829 300 41245
single 517
single 625
give 335 642 71178
single 862
give 800 747 14807
single 419
single 517
single 247
give 334 763 81588
give 362 842 89919
give 261 902 25480
single 110
give 864 985 43153
give 952 991 72813
give 120 634 81989
single 757
give 720 189 35965
give 262 701 66020
give 203 619 99553
give 984 364 97284
give 389 239 72968
give 25 299 95344
give 853 690 92308
give 414 199 47757
give 73 602 21482
give 833 102 30917
single 15
give 505 867 55395
give 484 182 57028
give 919 447 86361
give 208 704 6759
single 75
give 40 538 51009
single 171
single 910
single 691
give 453 574 90979
give 131 779 95167
single 13
single 297
give 724 89 4918
give 801 748 44380
give 664 337 50290
give 205 889 63951
give 924 869 95386
single 582
give 811 905 45844
single 246
give 739 153 61313
single 216
single 545
give 431 922 63588
single 772
single 8
single 933
single 716
give 914 703 77043
give 704 394 25861
single 967
single 983
give 713 25 42960
single 589
single 652
give 63 153 59228
give 636 818 14427
give 713 571 27648
give 65 150 27979
give 642 757 15398
single 690
single 833
single 285
give 898 140 39202
single 716
give 521 795 51330
give 328 503 21205
single 720
give 114 801 88900
single 206
single 699
single 590
give 123 68 52699
single 527
give 867 161 22669
single 95
single 935
single 51
give 16 821 97255
single 967
give 344 702 12876
give 570 80 90120
give 512 565 2378
single 403
give 978 810 94562
single 624
give 677 565 28983
give 986 52 59948
give 937 536 51045
single 897
single 751
give 654 191 80971
single 478
give 251 236 99938
single 587
single 772
give 131 342 7981
single 80
give 77 656 1443
single 191
give 61 991 71077
single 325
give 556 625 33254
single 885
give 157 548 85767
single 394
single 508
give 376 619 92829
single 387
give 478 295 10612
single 647
single 231
single 350
give 904 842 885
single 922
single 939
give 283 978 20360
give 654 861 14535
single 151
single 398
give 670 745 35671
give 9 133 35183
give 399 857 81804
give 206 878 36638
single 672
give 572 9 27352
give 978 681 44740
give 691 503 90952
single 836
single 855
single 748
give 933 685 72280
give 28 841 79690
single 61
give 263 894 31297
give 232 390 5825
give 697 350 74352
single 819
give 128 317 1603
single 845
give 212 693 39827
single 8
give 959 186 44230
single 846
single 148
give 699 36 60276
give 283 900 80417
give 823 451 22757
give 757 164 39427
give 899 903 6001
give 387 510 14102
single 992
single 187
single 696
give 316 889 65534
single 79
single 285
give 950 679 97312
single 992
single 827
give 699 69 44399
single 276
single 592
give 282 681 86926
single 782
single 90
give 767 851 19893
give 120 180 79607
give 977 893 58890
give 464 905 19388
single 757
single 125
single 14
single 226
give 998 751 90436
single 687
give 483 897 62916
single 613
single 42
give 151 893 79590
give 3 743 6388
single 341
give 510 358 59933
give 637 650 49984
single 826
give 830 731 6577
single 770
give 789 538 50492
give 889 432 33912
give 487 105 761
single 332
give 857 142 75525
single 413
give 86 699 26425
give 592 299 16786
single 536
give 538 211 81105
give 709 180 7723
give 970 609 10685
single 221
single 128
give 84 238 59925
single 306
single 509
give 399 299 96659
single 383
single 107
give 167 523 705
single 771
single 82
single 52
single 171
single 15
single 453
single 130
single 293
give 856 998 82582
give 864 666 60253
single 778
single 640
give 218 790 12202
single 97
single 198
single 520
single 406
single 239
give 376 961 82022
give 298 943 55851
single 448
single 449
give 771 733 94714
single 77
give 343 766 65061
single 640
give 688 392 24113
single 142
give 634 116 94431
give 88 921 37586
give 243 901 34771
give 754 704 56106
give 484 464 91244
give 340 122 61515
give 153 525 96054
single 731
give 386 947 86482
single 538
give 38 504 41973
single 399
single 753
single 317
give 193 227 83079
single 763
single 449
give 798 159 22278
single 201
give 445 524 99478
give 828 925 13074
single 537
give 990 100 48642
give 259 140 228
single 578
give 229 12 99783
single 590
give 883 511 6331
give 207 664 50433
single 247
give 899 871 92976
single 494
give 456 481 70617
give 168 616 82775
give 403 692 44191
single 776
single 246
give 39 41 96597
give 527 189 84529
give 711 821 56488
single 650
single 441
single 107
give 103 584 26749
single 721
give 570 747 83443
single 339
single 787
give 764 873 91331
single 893
give 806 605 17792
single 149
give 2 297 31165
give 913 733 93873
give 841 116 20474
single 488
give 65 528 50719
single 25
give 970 431 49549
single 819
give 820 994 59021
single 258
give 769 278 60252
give 457 642 2081
single 546
give 948 15 74101
give 896 308 90786
give 20 536 97481
single 816
single 755
single 63
single 28
single 998
single 451
single 18
single 622
single 707
single 946
single 122
give 430 672 1954
give 651 553 26510
single 543
give 856 836 88630
single 487
single 981
single 481
give 829 979 85458
give 804 381 79710
single 593
single 497
single 221
single 767
give 357 854 29793
single 656
give 252 728 17100
give 791 754 50429
give 843 461 12404
single 731
single 340
single 767
single 612
single 910
single 962
single 530
give 121 924 72689
give 265 904 85322
single 776
give 353 301 6872
single 264
single 975
give 529 800 31995
single 15
give 202 680 17410
give 931 960 77887
give 200 221 98736
give 200 705 96105
give 721 292 43876
give 515 161 60427
single 59
give 627 276 4996
give 764 525 57262
single 893
give 181 272 22257
give 481 968 43256
single 776
single 597
give 357 624 39221
single 826
give 540 865 80519
single 721
single 599
single 841
single 418
give 661 128 88953
give 224 430 98620
single 698
give 719 194 4285
single 613
single 917
single 676
give 282 623 17169
single 199
single 511
single 717
give 36 711 73853
single 957
single 894
single 8
single 180
give 115 840 18791
single 713
single 342
give 218 290 94418
give 300 472 89574
single 39
single 183
give 765 109 89776
give 434 610 71545
single 517
single 509
give 762 383 67788
give 9 424 71206
give 460 656 95570
give 617 319 42946
give 26 147 45504
give 543 196 97507
give 67 826 17284
give 225 236 13592
single 794
give 167 204 47955
give 340 522 56875
single 385
single 262
single 442
give 241 235 798
single 164
give 781 766 71282
give 310 162 62935
give 364 791 93598
single 55
single 797
single 309
give 359 308 20454
give 495 836 80043
give 866 276 56477
give 940 131 81923
single 974
single 501
give 865 131 15597
give 880 122 72644
single 46
give 616 886 25256
give 716 445 43118
single 401
single 193
single 57
give 626 365 34874
single 176
single 311
single 43
single 779
single 570
give 796 925 43505
single 99
single 488
single 188
give 157 801 1328
give 777 399 17176
give 696 822 84191
single 588
single 385
single 786
give 460 355 57637
give 509 81 42048
give 471 645 97095
single 206
single 960
single 609
give 898 553 45073
give 819 153 18130
single 660
single 181
single 738
single 467
give 313 574 45063
give 416 148 60382
give 280 623 36022
give 735 361 98849
single 13
single 370
single 642
give 241 246 44564
give 141 40 26237
give 574 977 63254
single 369
single 322
give 855 426 48641
single 792
give 781 981 52325
give 694 528 99923
give 204 751 1892
give 914 900 49139
single 178
single 216
single 881
single 921
give 733 98 94
single 555
give 905 617 37998
single 633
single 883
give 354 568 51039
single 891
give 851 144 74413
give 479 497 25906
single 892
single 434
give 983 928 24929
give 672 808 37908
single 614
single 198
give 720 748 49830
give 930 146 71007
give 584 356 99202
single 851
give 159 567 99941
single 342
single 747
single 449
single 542
single 830
give 357 758 78423
single 291
single 299
give 577 928 12689
give 616 645 63614
single 557
give 944 625 31027
give 263 427 63985
give 676 571 14833
single 403
single 142
give 707 957 43694
give 194 717 32833
single 413
give 106 611 95450
single 344
give 941 4 33502
single 254
single 389
single 854
single 829
give 20 391 13241
give 260 857 63067
single 618
give 771 363 2458
give 635 295 12858
give 72 522 98792
single 964
single 660
give 800 690 78497
single 454
give 450 8 68974
give 618 271 22381
single 799
give 558 563 46488
single 291
give 711 695 43902
give 378 832 92506
single 257
give 487 662 33636
single 206
single 271
give 662 871 11161
single 357
give 827 99 79682
give 258 544 66186
give 732 814 38212
single 284
single 14
single 293
give 769 191 88346
give 925 251 79683
single 784
give 139 506 6220
give 457 711 19961
single 366
give 259 527 70562
give 670 434 52638
give 703 436 8526
single 754
single 318
single 381
single 258
single 854
give 884 866 3468
single 154
give 839 659 27438
give 915 701 20706
give 879 571 88327
single 50
single 920
give 324 549 58636
single 617
single 499
single 311
give 577 34 82261
give 117 919 63060
give 882 265 53306
single 418
single 189
give 722 174 26623
give 424 501 91288
give 408 633 43834
single 332
single 331
give 921 488 55806
give 31 898 97713
single 245
give 228 934 72440
give 3 186 60873
give 989 958 13279
single 895
single 775
single 273
single 424
single 803
single 429
single 331
single 462
give 647 895 25847
single 121
give 866 846 8707
single 966
single 36
single 822
give 536 857 4397
single 490
single 719
give 113 67 32084
give 523 626 61014
give 866 994 40302
give 917 653 50721
give 938 126 96490
single 855
give 387 183 51777
single 206
give 232 41 83129
single 90
give 597 363 63451
give 904 852 12405
single 747
give 277 230 76103
give 989 156 52511
give 50 363 89716
give 625 815 62596
give 361 882 39916
give 107 401 46613
give 785 881 89806
single 401
single 364
give 295 974 21725
give 888 913 44942
single 474
single 209
give 311 211 97109
give 136 800 94689
single 962
give 171 688 81817
give 556 553 29289
single 581
give 158 828 98327
single 561
give 183 788 51729
give 742 151 17471
single 622
single 261
give 687 121 23648
give 420 268 40522
single 938
give 858 647 51979
give 432 467 70581
give 420 723 46447
single 166
single 28
single 260
give 128 6 40724
single 672
single 38
give 388 80 64217
give 721 823 66457
single 422
single 154
give 500 999 83696
give 352 126 35652
single 614
give 877 998 89733
give 306 273 95951
give 173 13 63869
give 923 157 29174
give 329 675 3846
single 471
single 757
single 619
single 398
give 159 844 15714
single 928
single 724
single 184
single 162
single 791
give 854 463 53934
give 890 998 45000
give 832 133 21064
single 449
single 482
give 828 109 74188
give 322 175 60706
single 262
single 329
single 117
give 937 716 58554
single 25
give 784 282 30095
single 293
give 939 71 11004
give 333 178 78796
single 190
give 777 814 82416
single 3
single 352
give 996 522 86210
give 149 955 25494
single 208
single 699
single 613
single 666
give 264 342 15406
single 453
give 128 653 84801
single 439
give 690 370 95273
give 613 857 38725
give 961 809 49558
give 623 394 84212
single 823
give 79 965 48874
give 975 744 29567
give 213 154 57391
give 863 790 43794
give 585 850 11743
single 171
single 597
give 810 912 31437
give 440 510 3850
give 781 700 96359
give 740 44 46466
single 411
single 566
give 569 740 69543
give 833 102 95545
single 840
give 272 281 90936
single 760
give 952 71 67696
give 620 987 76636
single 649
single 556
single 339
give 552 513 71392
give 312 267 58101
give 179 312 58022
give 432 527 9830
single 184
single 308
single 484
give 458 74 60378
give 581 677 45804
give 877 199 14871
single 92
single 914
give 380 46 27969
give 347 637 81335
single 76
give 14 10 53945
give 310 914 86029
give 5 207 8242
give 905 569 45208
give 147 776 53964
give 666 938 59277
give 299 792 97204
give 361 734 27909
single 758
single 597
give 239 818 15819
single 70
give 935 489 66177
single 14
give 811 278 1818
give 536 791 72300
single 296
give 807 763 72120
single 336
single 614
single 346
single 819
single 131
single 326
give 194 191 62023
give 987 4 63245
give 499 382 71363
single 949
single 477
give 736 161 2678
single 882
single 348
give 414 66 45456
give 308 384 48615
give 161 513 14011
single 846
single 103
single 915
give 548 744 48926
single 735
single 369
single 550
single 409
single 957
single 215
give 140 995 39297
give 41 948 74903
single 441
give 136 75 94931
give 129 844 38119
give 226 274 57218
single 733
give 262 245 98712
single 985
single 336
single 463
single 204
give 95 737 95954
give 590 975 26862
give 283 114 80229
single 16
give 122 95 97459
give 99 268 91317
single 134
single 738
single 196
single 97
give 197 51 88440
single 916
give 742 981 33693
single 766
single 641
give 484 844 2186
give 964 87 31828
single 571
single 355
give 784 699 72906
give 8 773 46447
single 560
give 290 492 16958
give 498 881 28042
give 837 355 31428
give 755 972 66450
single 610
give 806 609 72581
single 744
single 348
give 253 722 57147
give 578 210 51701
single 219
single 490
give 47 516 36647
give 823 874 44503
give 217 5 78221
single 339
give 826 514 70485
single 638
give 936 423 13081
single 93
give 582 567 75774
single 869
single 369
single 188
single 438
give 250 481 67106
give 415 138 96088
single 113
single 546
give 409 299 28473
single 945
give 992 612 13412
give 291 543 44011
give 712 734 16204
single 130
single 790
single 420
single 807
give 167 717 51404
single 974
single 295
give 881 502 76691
single 601
give 838 961 42177
single 883
single 612
single 587
single 316
give 416 719 18789
single 833
give 176 337 74983
give 507 189 35751
single 615
single 271
single 883
give 331 804 63580
single 68
give 907 342 13367
single 542
give 737 464 82541
single 540
give 516 855 37020
single 451
single 523
give 607 745 58974
single 896
give 416 477 64487
single 153
single 477
single 716
single 9
single 320
give 108 948 92087
single 12
give 72 168 51711
single 19
give 108 473 70694
give 728 527 10947
single 290
give 121 517 6059
give 502 843 13316
single 817
single 535
single 118
single 539
single 60
single 225
single 793
single 102
give 10 98 63521
single 654
give 572 479 7900
single 213
single 608
give 47 824 87364
give 261 306 30220
single 492
single 536
single 759
single 600
single 727
give 350 524 41245
single 80
