-99 189 25864
-100 189 31628
-102 215 28360
-47 179 14364
-295 136 -24838
-321 136 -22053
-155 71 -13799
-321 127 -29653
-165 61 -19478
-222 61 -20586
-331 143 -34734
-165 91 -17453
-141 199 1951
-173 199 -14943
-358 199 -23874
-231 133 -23790
-301 203 4665
-281 183 4672
-301 147 -4600
-132 372 80977
90 360 56664
-132 372 80052
52 390 69274
-217 445 115751
-257 333 54038
-257 274 19162
-257 274 28288
-257 333 56628
-1 302 47513
-257 317 51435
3 302 48720
-14 316 48282
-6 285 43640
-337 253 20965
-77 253 24527
-193 222 18181
-336 223 17429
-288 374 68450
-296 390 70660
-281 360 50008
-281 430 94063
82 485 103158
-149 659 162726
174 659 178482
-201 659 185130
-187 673 187387
-55 673 180148
104 673 188684
153 757 147111
-157 757 213749
-79 829 171720
-235 858 138269
-235 827 207946
171 827 211841
135 791 183559
167 791 182529
188 752 167558
-202 808 186176
-202 723 196827
-227 741 183382
-129 826 163525
-223 776 151231
125 789 225858
193 776 156818
-303 789 164598
267 743 131205
-370 743 173921
-370 799 131853
-370 799 141011
-514 563 107029
-440 683 161234
165 683 121451
-470 683 136850
-470 749 161419
-470 705 81565
116 688 119533
-36 688 115117
116 688 121940
173 688 115957
-565 510 47918
-252 620 118575
-501 534 95115
-565 767 150276
-539 793 170329
14 816 149714
-324 816 179453
68 816 164449
-392 816 158630
-41 816 179150
47 923 191687
-96 923 206706
-506 860 197126
175 860 199558
-396 858 148846
-506 851 147291
195 880 183306
90 775 154268
-611 818 133082
-107 867 205525
-593 885 182140
-593 885 193343
-593 885 204694
-111 885 165527
-631 935 219839
191 935 211924
90 935 224133
58 781 185372
-798 781 137232
-230 711 120138
-499 716 141480
-944 640 83220
-19 640 112943
-13 710 124219
-270 937 235001
-63 914 200338
-256 914 222095
-918 914 176328
-888 944 193171
-791 1041 228809
20 1041 233173
-791 1014 232541
-791 1014 221070
-791 1014 221956
-362 1014 249405
-791 1014 180725
19 1082 262871
-791 1082 244350
-791 1082 236065
-791 1101 260568
-791 1194 275638
-791 1194 270467
-791 1194 289661
38 1236 305561
-749 1236 306385
-52 1150 299243
-654 1245 319661
-617 1358 358752
-617 1267 328128
-661 1187 307682
-661 1187 272492
62 1187 301477
-661 1182 293774
-661 1182 300750
-661 1265 181286
-661 1265 273718
-606 1398 369841
140 1398 350730
-610 1394 356249
136 1394 294906
-610 1394 214020
-598 1406 328615
-57 1406 268979
136 1406 372618
-598 1406 296342
-598 1406 362463
-67 1325 304809
-598 1325 225991
-551 1372 374081
-483 1440 398911
-483 1440 276776
206 1395 331704
-396 1428 399077
143 1332 327700
234 1332 291650
-492 1332 355473
-276 1547 427069
-492 1547 418471
231 1496 388279
21 1496 300635
-543 1510 320092
-485 1568 421631
274 1568 375719
112 1568 383071
-603 1529 411905
-603 1632 449999
-603 1632 222021
671 1689 355487
-558 1770 488092
-28 1855 519657
451 1855 459154
425 1779 369021
-549 1721 415729
-549 1721 485424
-104 1647 297703
-485 1711 252633
357 1711 473673
-485 1711 482893
-485 1711 479307
-485 1711 481991
357 1799 494763
357 1799 460700
580 1799 416427
357 1799 448912
517 1799 438545
174 1799 513997
295 1797 421349
-485 1699 378294
650 1761 347590
259 1761 331556
85 1813 468204
212 1813 514926
-485 1813 506655
334 1813 424817
-485 1813 507311
-564 1734 346643
-477 1821 509553
334 1821 390823
-565 1733 474962
230 1772 412321
-565 1772 488966
542 1869 394171
-565 1869 487066
382 1869 497681
484 1869 472719
-565 1869 526921
-565 1869 400644
488 1926 494614
1013 1891 408831
-30 1891 357465
404 1891 512718
404 1982 551522
-488 1982 319182
-565 1982 573983
979 1988 455517
-185 1988 530725
313 1988 444512
410 1988 559478
572 1786 401557
-515 1760 481567
-565 1760 489680
-565 1760 497797
333 1760 378662
-565 1760 329333
470 1774 436610
191 1774 438240
-565 1790 408531
279 1867 492051
-565 1867 516173
390 2057 587632
-113 1987 560347
-486 1959 529840
-486 1959 365832
-486 1959 529731
320 1959 368167
-486 1930 309522
-461 1868 373787
-5 1868 494765
-461 1924 537531
-461 1924 542104
-461 1924 510031
287 1955 467906
-461 1955 523271
-11 2173 550775
1015 2305 543555
354 2305 618225
-321 2305 674188
-184 2305 680969
525 2359 585139
765 2309 531456
316 2310 555925
-257 2310 614771
502 2310 553191
502 2278 642514
502 2278 550343
-257 2393 716729
502 2393 588411
