1000
191 272 244 582
849 926 878 995
592 881 916 938
907 317 972 608
213 62 438 829
624 957 762 996
443 247 986 882
443 257 827 331
824 7 919 377
414 449 731 464
34 813 334 893
343 484 507 857
59 575 694 704
232 359 595 767
28 777 578 939
205 297 542 576
689 644 893 648
135 936 251 967
18 945 952 1000
115 176 637 998
615 164 864 672
18 230 935 797
156 482 575 817
523 60 951 388
218 853 771 893
176 286 615 473
877 33 934 635
598 714 795 952
674 384 930 875
586 321 805 323
121 396 857 499
912 371 925 495
207 120 443 353
948 976 978 991
733 190 928 499
74 473 750 662
630 426 914 780
261 117 587 731
685 346 994 775
58 896 466 965
12 888 869 956
832 775 929 953
164 242 896 380
580 323 841 716
136 956 351 979
856 686 942 980
167 525 767 972
523 996 761 996
877 299 890 935
889 402 990 463
468 592 593 595
663 304 975 768
96 225 545 515
710 998 724 998
251 410 865 940
275 695 314 705
994 848 996 874
327 910 922 922
312 401 549 867
686 649 815 834
590 238 766 804
924 462 990 664
228 1000 582 1000
462 571 993 921
1 275 705 307
907 872 995 992
244 93 261 583
261 532 651 898
508 802 732 830
800 71 960 961
330 982 942 991
842 569 997 980
301 447 824 899
244 590 877 882
766 695 998 830
954 468 968 680
906 221 962 601
269 125 507 179
597 835 893 902
675 45 983 478
668 360 700 575
668 385 717 563
498 630 542 757
609 75 828 771
99 383 642 774
724 661 903 780
803 239 879 997
187 520 672 744
261 48 755 577
752 964 828 966
595 413 723 731
680 733 876 956
508 118 569 723
393 165 845 806
254 248 323 453
461 180 466 266
331 910 413 962
191 430 974 493
840 157 850 769
147 951 382 974
540 211 905 930
268 88 967 506
333 32 454 391
119 354 427 815
980 347 993 461
582 666 987 845
712 823 790 907
80 962 983 975
321 471 801 583
287 138 944 553
26 999 492 999
647 323 987 330
261 351 822 516
566 732 972 920
647 829 774 990
933 878 977 917
803 695 904 957
626 791 997 797
545 750 837 794
357 749 462 768
697 416 804 545
880 445 885 918
686 575 927 977
733 649 970 863
263 256 293 641
994 617 1000 845
5 417 201 438
263 351 991 935
379 181 630 198
160 799 977 924
465 14 722 614
778 579 974 620
979 432 984 797
399 233 539 241
290 668 676 889
65 438 701 998
771 757 775 969
124 893 907 996
154 519 981 900
593 30 645 274
907 329 909 656
722 819 928 950
296 183 933 898
496 698 953 894
821 697 824 771
214 239 388 543
196 910 512 974
799 45 912 589
494 676 989 982
441 322 453 884
654 705 828 932
15 198 478 440
923 436 996 936
805 10 840 24
234 540 324 874
63 153 270 841
175 112 961 900
420 610 427 985
334 670 693 901
36 923 850 998
129 339 569 347
994 590 998 620
941 501 973 971
9 86 894 546
458 173 969 283
317 42 793 321
182 198 460 793
63 345 435 980
387 435 762 804
188 684 434 979
5 622 719 921
533 629 535 805
759 385 900 445
540 718 910 799
409 455 748 525
704 781 943 902
118 83 433 175
393 614 843 775
849 778 951 890
787 157 805 927
532 508 557 963
672 825 776 997
135 338 750 586
111 689 664 800
717 120 738 526
843 595 893 746
936 352 954 587
917 755 940 966
616 636 785 751
247 938 735 971
956 887 984 978
85 765 220 878
329 426 519 702
979 844 998 873
800 378 845 665
317 212 922 634
441 217 874 550
67 873 299 928
630 271 875 967
280 853 505 858
581 414 939 482
962 860 980 867
302 496 416 496
209 315 613 732
832 516 937 940
214 83 496 121
415 383 965 430
567 908 891 979
711 238 971 885
221 591 448 595
889 905 976 935
362 37 622 706
702 153 795 886
910 510 972 981
422 931 678 952
873 234 944 246
809 50 863 272
432 962 856 982
51 38 709 277
614 724 929 997
213 679 746 863
455 899 645 903
936 599 968 993
786 323 945 952
579 646 675 725
213 356 882 854
463 843 855 858
178 728 439 802
542 610 866 993
708 214 802 744
997 115 999 943
569 456 768 664
446 140 541 866
292 121 923 174
566 806 708 952
357 965 487 965
663 757 707 863
696 825 708 954
56 865 63 877
449 422 637 547
125 564 438 613
538 854 791 867
453 951 504 990
214 232 522 990
672 187 995 368
505 364 738 628
481 250 804 464
453 315 939 859
936 867 949 977
358 428 918 931
880 363 919 457
696 463 696 953
123 352 442 696
221 705 584 770
768 906 890 986
606 118 737 198
632 131 788 511
182 733 393 924
170 210 713 446
262 12 465 512
707 161 933 606
419 281 483 305
574 123 798 868
333 382 344 983
968 156 976 880
318 646 759 716
381 795 528 858
797 953 802 953
642 764 783 859
334 602 370 807
412 274 514 951
813 844 814 908
124 752 496 999
738 195 849 457
341 480 899 876
394 647 418 740
234 411 799 888
989 760 995 959
33 382 480 793
443 727 892 841
718 124 989 859
451 366 814 582
216 536 378 657
327 425 589 521
26 285 569 531
165 443 275 530
194 811 384 853
330 958 591 969
484 982 681 984
698 352 849 662
93 699 657 833
398 571 674 787
27 766 215 880
511 58 967 527
431 277 573 617
486 284 851 676
563 185 632 898
5 594 92 686
318 272 912 698
247 165 720 755
976 729 991 743
376 583 973 655
559 76 585 76
495 991 835 993
802 356 865 827
374 148 989 452
672 364 885 824
213 129 859 971
118 259 985 816
874 686 999 820
609 275 961 603
806 421 945 662
819 150 974 952
333 820 785 883
104 375 732 526
882 969 948 1000
891 114 923 189
239 399 900 707
511 708 565 812
622 912 637 928
47 368 724 402
653 419 777 933
801 695 944 930
997 923 1000 967
931 533 956 901
125 984 757 997
336 304 558 855
578 872 911 895
69 840 677 875
34 936 70 954
872 181 981 918
481 313 849 472
376 231 747 846
347 512 542 882
615 930 863 935
675 387 878 637
838 497 975 949
388 307 826 451
589 665 757 825
676 194 756 626
772 107 938 386
234 446 739 795
62 638 403 972
402 318 571 602
497 643 698 906
646 124 726 617
306 326 726 571
723 372 965 405
796 50 912 814
912 60 995 996
32 116 897 574
271 212 654 977
911 257 988 322
981 586 997 647
477 831 848 990
63 666 74 868
683 742 710 926
324 975 814 988
455 313 951 934
847 124 877 822
937 602 962 868
631 771 732 872
851 288 909 657
135 426 419 780
813 11 961 821
761 984 940 994
168 843 614 993
957 734 989 770
894 111 982 269
131 526 871 587
750 413 895 555
755 366 961 746
829 315 963 870
902 133 950 194
11 221 194 692
612 10 890 751
275 632 508 750
635 135 883 751
589 877 816 962
491 160 556 957
939 670 982 812
864 727 987 760
578 448 770 687
342 348 929 717
988 763 1000 798
586 73 906 787
749 984 888 987
848 448 870 468
351 310 532 937
846 746 936 806
280 436 972 718
867 309 944 751
478 965 652 984
642 897 943 993
928 376 945 502
798 680 877 888
358 763 404 917
68 554 435 658
771 484 967 615
938 583 944 905
104 612 573 728
53 689 916 699
764 926 896 951
105 888 750 989
594 128 766 515
121 298 679 892
199 617 844 832
627 799 840 946
507 179 814 192
16 939 109 943
880 740 888 918
245 774 354 964
545 346 882 789
622 499 871 700
654 172 928 625
549 425 974 571
68 568 823 832
311 436 965 560
274 157 724 586
608 575 814 729
928 906 992 955
588 582 702 961
268 392 462 846
865 537 873 716
498 341 696 556
304 516 493 905
955 957 976 995
468 672 621 779
167 959 412 970
448 182 942 372
87 381 172 741
84 467 349 661
623 782 720 996
858 9 968 801
440 652 459 781
322 368 836 493
480 436 617 630
564 57 714 664
91 860 330 982
105 696 661 816
476 956 793 973
392 387 877 577
178 496 938 731
799 746 916 821
152 887 480 975
572 96 792 579
535 765 792 793
93 947 440 962
628 191 922 410
864 489 947 757
51 642 983 743
722 773 996 785
173 9 816 767
7 766 951 879
961 77 972 813
108 199 529 849
219 135 858 772
640 622 890 688
239 515 793 770
2 15 274 156
21 271 413 672
813 948 879 954
694 471 709 620
356 439 665 538
72 692 621 916
346 572 472 913
51 851 93 917
990 696 998 927
253 418 854 646
655 502 871 510
766 717 794 767
369 486 369 553
418 834 597 916
786 726 965 784
261 414 368 727
822 740 992 814
883 886 907 890
47 194 482 810
843 586 954 844
295 925 736 933
315 805 833 963
808 159 901 433
480 767 516 933
259 311 471 460
301 631 550 943
132 184 185 719
789 950 835 959
510 129 515 990
52 76 160 240
301 190 543 984
133 622 418 846
629 730 821 860
146 698 666 908
468 12 988 539
344 837 924 881
975 735 981 775
857 566 886 731
847 987 968 992
790 334 845 412
562 385 587 741
73 709 997 943
521 48 915 114
202 78 394 676
759 94 971 149
745 214 987 574
240 692 871 717
245 129 786 783
371 201 538 853
481 825 552 1000
166 689 854 776
179 957 970 989
894 403 922 450
833 816 992 953
47 310 629 390
150 639 369 639
788 657 811 879
27 868 865 922
197 663 556 765
603 980 632 982
136 255 805 791
770 248 979 876
285 743 651 947
27 932 417 979
843 799 881 911
583 529 969 835
532 625 577 867
161 64 523 648
518 941 536 970
810 262 818 552
790 134 994 515
35 168 204 245
154 540 520 642
792 142 833 221
315 367 860 385
214 527 929 537
818 566 844 594
306 455 539 553
348 872 475 952
326 702 898 707
586 606 874 944
240 292 970 421
40 127 708 576
342 821 836 907
167 824 318 901
568 732 819 856
748 913 887 936
407 433 927 822
44 515 183 946
684 454 827 753
953 281 982 326
236 657 382 807
237 931 876 976
113 159 343 395
209 847 954 938
935 992 966 995
252 419 698 875
300 224 331 489
43 67 573 323
716 826 908 940
568 146 782 937
752 409 990 523
892 853 992 900
631 536 676 613
884 345 971 944
163 11 181 266
213 457 391 679
925 585 971 725
612 293 986 774
555 318 577 728
74 541 519 989
183 629 832 687
38 564 118 769
300 358 788 880
141 45 313 150
402 433 450 534
991 752 995 906
238 226 990 301
855 198 984 344
486 931 732 933
678 692 933 917
647 123 650 699
517 597 591 671
998 185 998 793
809 492 838 838
218 27 688 387
843 67 955 808
340 732 544 921
575 528 816 620
354 314 968 340
651 864 677 901
702 309 830 390
557 456 883 983
292 428 380 887
245 437 667 678
557 857 650 896
602 280 672 725
24 728 860 839
845 610 920 711
326 866 716 867
10 112 899 650
255 613 600 891
799 457 951 627
760 73 892 629
831 932 969 971
614 698 749 944
445 242 829 564
436 957 830 988
321 967 347 988
483 623 714 810
537 122 711 403
906 257 997 874
869 174 907 743
763 991 908 999
467 525 924 744
187 789 610 842
439 791 864 996
392 446 884 982
783 936 967 951
659 704 732 959
416 838 543 996
64 826 150 889
897 483 989 587
221 400 971 834
945 392 947 409
97 886 183 997
817 909 968 996
254 97 380 694
176 905 715 975
495 502 969 828
978 541 988 711
148 279 905 543
866 857 986 964
994 281 999 607
918 391 962 707
190 540 450 829
848 765 992 888
169 856 477 999
141 552 617 684
854 123 884 980
124 216 788 639
747 146 858 153
902 175 935 831
817 662 894 671
701 350 971 629
278 297 331 351
488 670 678 953
683 261 760 551
472 799 828 843
459 441 631 909
526 474 686 630
376 912 654 981
324 818 618 935
987 911 989 958
91 114 415 251
670 94 891 722
771 396 913 529
465 554 955 564
708 297 742 534
625 742 848 886
1000 243 1000 456
681 950 705 954
155 963 417 986
318 721 939 727
790 93 896 978
888 25 964 266
963 352 992 734
624 67 728 383
219 844 755 914
162 929 823 997
781 833 870 842
362 183 362 221
676 252 714 687
244 166 835 232
945 219 991 609
515 84 599 162
599 56 876 425
420 615 697 616
524 731 615 872
150 721 382 944
890 128 910 515
208 569 872 737
457 984 899 991
949 588 958 774
803 187 974 801
627 771 844 888
305 706 783 857
665 685 732 902
401 95 690 608
211 112 749 861
890 92 893 676
6 376 802 889
1 930 677 944
726 570 928 744
632 650 641 693
510 154 817 911
576 57 689 302
483 56 804 782
214 746 838 857
204 825 990 980
529 948 739 963
374 911 516 975
126 211 187 449
908 813 972 888
371 405 505 845
800 115 849 877
774 571 886 670
191 923 205 957
23 498 236 622
890 161 918 249
201 148 893 524
290 478 633 757
635 841 997 888
89 572 455 799
329 128 902 773
896 310 918 316
397 826 686 863
47 129 984 841
614 223 857 285
204 292 921 847
247 967 984 976
842 172 970 278
948 741 997 897
829 245 899 782
176 950 601 961
881 518 933 895
880 780 926 787
917 517 953 919
569 183 860 315
166 975 655 991
621 877 951 990
816 308 951 314
442 477 652 551
611 171 862 262
750 161 917 676
536 300 979 841
277 479 527 656
204 671 701 899
71 861 691 988
464 479 870 682
49 518 278 789
705 188 835 533
625 962 698 976
340 991 645 998
748 34 860 488
463 811 833 944
207 490 211 757
366 740 913 976
264 515 288 568
372 140 843 633
484 917 964 928
421 507 843 830
886 904 992 907
997 189 997 584
765 719 992 736
511 94 641 840
409 877 675 994
31 273 86 532
310 785 428 811
719 409 982 865
950 973 969 993
602 25 971 83
780 136 809 765
903 215 981 981
206 527 550 918
492 612 770 988
447 422 852 889
933 471 986 712
921 774 977 902
295 775 918 854
160 72 568 589
386 862 591 994
7 267 496 292
866 685 959 787
947 847 948 958
628 794 742 989
882 797 891 890
274 381 343 459
465 265 575 975
836 97 864 423
54 285 182 795
962 29 967 939
161 443 182 813
92 172 274 846
161 870 369 897
988 708 988 999
512 833 625 965
133 420 306 425
309 583 418 611
816 986 871 996
826 768 834 786
721 667 800 839
112 357 740 802
815 207 994 580
607 215 668 533
337 737 440 986
734 578 886 950
88 903 776 919
110 277 756 848
853 80 869 559
990 458 991 780
529 894 811 919
221 207 309 596
13 924 70 929
552 575 847 656
337 788 920 927
135 810 920 864
732 635 853 679
167 49 440 773
610 956 714 991
971 77 988 306
468 826 793 873
619 125 763 433
511 191 977 339
847 754 943 960
53 772 199 821
997 622 999 854
781 270 878 665
780 28 881 523
22 68 119 950
325 215 959 418
378 302 434 714
588 564 712 568
999 815 1000 977
739 503 835 897
274 162 791 747
437 434 540 703
657 474 977 982
637 755 815 936
838 511 992 966
675 12 990 490
798 451 978 454
688 584 902 655
86 338 413 867
788 298 820 597
175 813 277 839
774 288 998 556
246 52 269 398
543 914 656 925
617 409 938 805
37 63 81 467
556 793 865 798
181 478 444 647
846 245 847 342
488 561 882 637
598 457 916 605
511 904 676 991
364 740 443 803
258 935 414 955
137 294 703 583
844 283 922 557
742 989 851 992
101 719 924 736
321 492 599 979
41 72 316 891
382 616 883 937
320 597 877 627
640 457 807 489
358 703 592 985
754 447 878 916
726 109 978 258
150 691 726 947
789 702 894 738
550 292 669 354
929 296 963 916
55 39 505 555
820 345 849 711
74 883 270 991
968 90 974 201
150 331 935 802
279 353 330 560
270 411 988 453
917 510 958 971
663 886 894 957
831 570 851 975
361 804 970 860
720 428 735 761
260 742 404 808
825 274 892 947
554 422 806 496
409 488 566 770
606 630 802 645
844 914 918 979
764 688 792 843
319 277 844 849
549 381 644 903
492 600 530 729
845 59 896 772
542 453 972 860
739 381 809 911
811 624 897 690
761 122 836 760
731 896 896 984
809 318 860 344
307 584 599 821
652 487 721 927
195 472 323 955
37 21 545 386
148 515 438 567
647 683 827 986
946 792 983 917
210 283 795 686
579 538 797 984
516 873 884 909
219 195 836 535
265 702 463 979
371 421 861 447
775 595 980 934
467 161 635 168
867 579 889 646
546 719 712 981
487 388 993 420
995 634 999 957
705 287 721 754
55 222 77 286
718 152 965 565
456 747 514 829
915 950 972 990
644 224 731 932
245 305 860 435
258 741 652 853
78 679 478 948
306 399 657 698
104 704 282 823
331 197 531 310
797 246 859 947
821 339 874 536
748 191 761 649
473 505 696 651
449 900 720 946
616 1 959 66
704 330 843 704
224 198 769 790
560 840 579 914
506 691 782 804
501 35 755 290
569 634 912 724
958 6 973 307
466 652 742 884
471 598 818 975
453 491 608 664
239 948 248 972
809 587 858 689
658 16 804 995
508 678 833 734
763 288 829 831
394 69 751 344
138 607 452 749
548 28 711 838
480 214 832 264
510 153 946 606
816 630 832 998
750 144 836 311
208 607 438 958
163 188 245 210
426 403 648 570
653 611 706 916
227 160 513 638
172 272 463 501
104 673 651 715
706 693 877 912
660 405 948 614
899 669 981 743
672 426 714 499
437 499 495 923
835 9 862 825
526 454 981 474
812 800 866 944
123 643 979 999
497 542 880 923
666 554 844 929
350 225 804 920
991 309 991 390
396 1000 405 1000
354 309 904 841
447 359 638 489
245 677 934 959
527 588 838 824
426 368 672 711
600 75 858 644
192 448 777 929
829 629 969 790
797 221 808 702
722 378 820 426
391 681 757 834
773 257 942 706
137 809 139 936
484 747 589 781
181 659 729 990
796 33 817 251
760 301 825 694
460 662 638 885
776 593 946 958
131 267 590 824
365 839 446 964
243 494 246 712
156 200 630 423
737 456 913 905
417 623 805 943
610 656 714 862
579 566 649 889
