1000
790217217 35599620 811478726 269770429
354350243 407030711 955779078 799600395
155970443 355458147 412934637 715759574
133148394 78074377 343570987 344009449
754288053 74811110 918729595 280290758
126037289 419696718 515864404 984621125
743808363 979014308 805842899 991455319
308396718 973773967 928680975 973923830
825150722 23401799 986480281 221292372
15769278 442213147 126272009 824519465
290262449 432900116 532679862 467217195
446421196 571471896 785680563 791125735
840538230 250573815 981747286 594848907
575723811 641416495 662371847 654417660
719385928 237044827 801558357 551239540
195870732 991100444 442828533 995272880
290834625 620311360 765678483 864496383
973209356 989137267 996303192 996089182
156071138 50371179 829234903 600918322
190158443 71214390 359890681 861849796
480275581 377020045 480882057 741607622
846612637 399437424 938063663 745241718
368673660 375600555 833428456 387504720
843732980 407471909 926922653 718559262
607949497 163660503 883926171 382145314
973146989 813419916 986708539 887339637
254310001 431392789 856530749 950314197
478579307 928878602 987942743 929198928
48609817 622963169 57944491 921029415
707752648 166199836 894996857 629799038
983142564 395684898 997198781 747860455
400014757 32005829 957716879 524440808
907257685 700624617 930799758 983255708
370693530 802535024 468891096 913511462
206233374 144298620 286509848 338801197
7627773 445434700 944817025 679123746
218742946 61164411 893315960 82226267
17173191 569839358 524405864 602036477
472341669 434580881 759461528 755252611
926934038 708620449 964075591 996798866
731779488 339837696 853900788 744446069
61113318 12643084 514221564 281988133
383751217 554455209 386859305 705949705
377428217 636868129 647975790 960360450
551674175 584325877 833486022 725116737
698272326 652282896 758207553 864063312
666466079 311695075 817866480 349264937
303312873 447219820 965644937 876348996
363220318 802807641 832482192 860089904
219479722 323996277 589327824 857119587
337067591 757876366 699222189 819723345
529643334 455648307 810675224 548021722
833686958 930926047 907790407 952307983
270285016 823442275 279671523 841744906
866336296 739970300 953536898 778563341
734080604 219674721 744638744 896401743
161086390 640060220 321097192 725878746
511605311 683608297 515808997 907849536
56327607 978701599 233307058 984585133
576720186 59109647 839256017 574840019
240105259 92679819 586848941 943056765
712928337 154642674 888655697 589334905
59115215 510874896 399329671 602080594
541297355 568222029 951498074 966776169
583828942 872754981 887974108 923908815
131253763 546942167 302044375 693146737
397658781 541092033 691501513 881840864
700968027 494700089 793369307 731283143
429930249 870974604 794397913 918524773
327741451 116264072 784219233 553524277
643714021 444922370 646741485 534712148
688545106 75499983 874937309 145133941
902611204 531167970 965657241 698409486
442789602 119927903 982077304 713888669
121912134 555692692 553929427 810412362
691432299 165438000 800906999 219848708
695134267 191643844 835806597 415806493
994768640 497056242 998068303 721545531
202652861 537415652 399639359 658936619
809279452 227242474 846153595 708179018
531169828 434571849 804310459 685017691
383498308 809434222 725894527 955564081
782775339 829506115 789508991 859691219
672833247 597472337 870973481 882115131
48366394 871168149 965208825 987039699
349990948 344591063 508550900 364492822
376711190 708652462 405849219 752331567
688419389 98967940 807833504 770068033
104585769 367318190 844678263 620056114
930536860 567810807 981410303 919194357
567180424 244932513 930571198 719402056
464965413 819567547 934292604 842031497
510068702 583132401 582683580 710920715
226690222 570203929 566845184 717689913
539616980 812513363 548636728 852684626
489012717 817380796 953165131 885596065
109877333 433562320 373427153 726614224
835886261 171309609 943128725 202785237
839797280 169121504 907879900 304282583
531739750 876526896 988127578 931140642
902457939 290848983 963743077 808187686
237135704 373620484 826485100 634341608
361674501 368931905 497221413 891801005
617312725 301308580 983057818 698141519
446037484 24880277 632159606 162122737
426976596 57198801 855915647 635116749
279595658 984662794 960055601 999324278
161227358 351359290 246584931 696384821
949591160 599825361 961691599 705101813
697409854 632581652 856707756 898506293
173609372 434968564 377350999 472970786
515566184 394448608 634563274 788232432
241165040 852341178 521859413 905956131
719952812 529883995 776948245 951937437
363804348 254805324 819250364 792337461
502159777 291097871 624727485 309576162
686854821 689500388 905818190 793096588
662078056 260772139 942974030 500210647
116308598 470932338 166867294 932064240
144580312 115452826 581851711 881734991
550894800 218179824 769804996 972301551
633830395 28984498 974975795 369706394
231911462 545217258 652307170 775493781
3683452 178143311 854732461 561701509
924571437 444540658 938054260 943625530
237321994 243904187 795495175 470118780
83206963 150868350 854906470 868525028
43745139 259461629 381023792 795345621
815446556 33664983 989614179 756639651
393784289 338756733 685701781 850633523
243397240 465607454 707631589 615088602
997122399 250542153 997740669 600459218
971006356 161850143 982099836 699251315
643204100 668580829 920649151 979586026
584668275 550283588 972703742 685289715
569193611 738211081 816982470 819534903
835399540 200917028 841381379 990542858
251871195 60082292 290336752 254091084
422971893 33306572 743889922 326643613
468425648 832239236 801288218 926929617
814096594 930081427 843043674 949857954
400615091 597555713 702536294 769704415
100788784 623697832 854498491 746535669
817995492 84261644 932378809 271886780
952507025 315593290 977239041 428751946
395787230 191410363 936187728 330365154
651724133 528813540 790615724 846756287
237005147 941156442 846930241 970913078
557874071 619113773 902853536 967256601
226927118 7787726 666923043 357251210
43780736 704332319 524168050 906021628
199844727 86620065 326050037 690261539
331815293 116312864 888962755 285113614
323332169 648698431 468995034 849373645
150568526 909339700 682983740 980598084
838220817 495972197 867503829 887993768
703012671 921288719 910001291 977495673
270595909 396718658 516666523 413800301
588030964 766089248 956341958 837844084
500175632 862984441 520912482 905688077
989894787 410184753 999402009 963998681
310270978 731554206 996217907 951545179
190082019 633099281 529600344 692092190
486841383 480050904 509768026 703467808
501560360 626053183 537599893 790375830
680960903 359362344 689280516 575575584
185877239 440711016 391485704 602206594
879632568 268369967 917366249 297389672
525019490 763247972 848849160 856471850
316263568 555561491 743843079 819066978
216642313 598573055 795533916 726422704
67567131 532100988 99238649 883357886
279369860 695178223 746532451 710369168
598116041 257718633 947885655 325430773
310898026 584602194 803875103 869115866
505996124 664150632 677312801 994758956
967655679 640921556 983412321 674155940
45507659 33148180 234353604 246528728
627992509 999278522 819226644 999746491
257911940 532874215 334755055 922884207
77783089 77592306 569193307 682791856
903152622 467056925 928883930 838814362
788431397 365902154 926402843 941633730
196356550 124506859 559866670 264636218
620135840 192740703 950840548 586195148
623832514 688421549 986347654 867134423
958354582 458512403 977266556 831877483
151619038 402168841 931257876 509245568
450804482 696579611 574706451 758511921
954793639 884891365 993542402 980034301
962162482 949368346 963578167 990927796
430481234 759718052 772904040 979219202
352121392 907893556 836415290 914631020
348835684 114152002 990739916 877814006
903233623 425309685 975744204 669638963
381698748 84106344 545473685 452461221
313429623 435205936 337544664 531082896
50603777 254201345 594839923 300266080
164206770 292163297 223869195 303923505
396026921 12396465 444499237 619831161
164263144 731667253 916320736 794662293
468091193 411591281 576383887 803714973
163548474 983360069 266345115 995702850
810435184 125235588 846877071 802514194
445472310 289286161 598318919 841669920
15997409 821922829 120050409 845860361
871289120 177966277 931048721 769871132
121257965 948777821 625818853 996469066
814013503 584416833 984844310 709109217
218155976 826249553 867422979 868295919
359232923 360116723 378103285 428630497
121637707 20644907 270257301 270362307
818642389 864703243 981727083 948090115
971494467 657369490 994886788 669000912
360327161 104579881 902880573 382105692
329032972 291560171 485794073 565387148
20789898 183013851 92753305 660989448
614479506 479597307 817230154 688856212
39379781 503180941 261743727 638063235
749550105 597942103 974308345 767973350
483826040 391745601 550060440 779184760
11558814 912812878 521289004 913061590
227551876 468069058 247248954 979953870
973626898 244470076 992085945 917954090
423433197 779709371 701864469 975742234
366645803 589244575 825483385 956134592
939701388 227158862 961530504 271251835
630143680 231295545 889360178 971035235
795575603 490997451 801507108 897164323
402081876 877142603 723280405 898247297
920695045 31240636 929657234 59111700
311431031 708677435 449130355 870875679
183021478 486429155 838036434 743767551
478166677 928544938 754733252 981988285
605964725 876132169 609509022 956171981
102408395 870004138 391071093 920403904
807652658 901570338 975274157 971306338
757181588 271939865 779065328 728937920
536379180 291821630 714440648 355995220
620229276 595114024 641023615 731921683
182768200 577421316 585748823 687094679
160306227 955925480 413048973 984496134
759689729 940554360 985259897 989583406
335366467 99710153 527138622 963354291
830397639 335777098 903949087 581314383
917285340 48732517 932713802 299660801
57757528 294386094 803576222 345518880
414623150 293362863 985409545 406036019
812587638 172695364 933256868 549596988
958338061 651345821 995278173 689384775
360654009 775740793 456311947 779374188
227725371 625708354 274282430 861771594
940172970 694645257 959968796 963256126
17416527 897986498 271361530 953367768
126725754 487299198 560764165 495436826
968663932 945601253 998021082 978805828
800368284 475304897 906515898 880386494
243344031 111066069 850024350 433337711
692513512 803057905 745474535 926577876
170438845 726609675 177441159 760915857
849218189 328280834 924981134 672565704
338663565 682631493 679662104 685226513
231092348 292077380 681555862 361517727
559723724 380923509 831244716 591145555
778041297 651014514 938102690 828850080
178909280 375037362 478246114 401466263
382417363 559028467 621157560 674677100
442666159 874339784 836638198 985234734
49755566 924660709 854683350 973257438
20523570 143253838 344355797 361410130
195414424 273205021 769676048 337189340
279929926 363276786 495516051 406540100
498309060 254730148 885890170 460781657
380642475 645038057 909502804 853345925
13412532 661765515 822779241 791729863
326011793 440049661 532383626 864541713
314109370 810950073 562667880 816965788
274496571 686530960 953946480 789003904
473069474 156441983 951651786 667739086
42419569 217916239 973596996 490201403
742332798 743595986 829975371 950868493
933445129 321949586 968023154 868882752
900137478 86991067 938922300 373011080
277145174 320150542 704794843 498663395
758735957 708697901 842948637 968489087
947695904 333478945 974779946 815237742
986421075 103855176 993816841 783658561
600059234 367469052 807804004 667447688
354894126 301632048 681144575 994262514
363119812 36150192 977669904 709970053
224185815 157202198 261897852 706446059
822795705 584043340 838194664 856663804
786783384 694802475 878005382 708513716
23943094 311786488 663693822 987178448
31890875 602076461 978744556 744692757
199763125 347355291 547800104 868533406
447880704 733751179 651694366 858306481
79603742 60843492 777066138 152698103
471871977 685621843 804165423 979301169
220448718 388961541 752455468 490906721
620058997 880505024 932441449 917591216
909132909 57065822 950811277 337223740
890150903 957802957 938327601 987294093
691666257 142805434 715594043 153602821
990166279 937863152 997150235 988640056
330935026 664836986 963496521 894812376
274687723 214015972 930368045 921297225
178352898 125440645 833131612 571503145
321745769 777900144 659425988 883511298
629617286 143509932 768910310 439883318
494354964 289449590 915027986 708089420
870651796 533238626 926125468 555312895
446088968 187629165 752758045 642714436
752660328 5026421 766031436 676196134
659543455 433709028 846910830 664773971
388346703 59371217 473216146 489469593
60258508 673777580 947270277 958164301
318842310 813169 721814457 893260575
425151328 820429857 658880935 996738844
12061556 561252635 703933764 995551453
550991998 480160090 688776431 803911491
418282934 546061763 990590850 849655037
134399963 283105682 767626292 329871554
594438570 351329426 991263779 595825229
59541556 297404904 606081687 799701815
237459304 342834458 528365264 580754673
811647642 296191804 819433695 558964805
355958736 773678702 823922417 815757523
198273084 662049282 481768869 669830703
289541145 968374625 773132630 993628770
297442409 287473315 505192336 572832268
538036613 438683012 850806817 858013000
323479944 620756701 825734075 797812030
164817297 152386974 974240599 223456742
805945625 54289522 854343402 468012237
964234745 409896714 999938842 661983988
42757182 223005763 929194371 546575404
198571915 215719081 496486211 854146855
929713001 688906597 938960456 903992312
483115076 482687507 562128808 519297627
463138222 542350465 895038404 816328909
933110219 274003936 963930582 655450375
853642153 709109182 895771519 829371346
939457747 365521690 995656605 641275841
166424568 84708799 500545724 598793832
526721555 150871478 860306037 614556390
338964032 187965580 724481525 336234673
502061281 992575036 797300167 996911168
192973386 774430273 333311160 849505543
299177357 706528951 770123466 955504481
966210600 734130794 988215306 941226364
505249944 836548491 897823166 887055961
628936355 679004393 713353205 684194189
985901229 777466611 994740728 932929870
257772342 73097090 443218561 259259992
459895415 719955160 715465971 960556663
826147944 906774886 866373424 998413966
292286837 102143771 849426703 866404986
163348469 941903063 962269145 954302076
118371816 601408673 157500685 883125227
446604421 900744469 552800179 992531535
708608991 784977420 857510025 795069925
48865160 590911863 574163749 887180062
442117555 779836835 582296856 880970989
186802038 727258263 517631744 966848320
774621632 616350140 975723988 694525231
274535654 542735910 576087581 629988439
658173627 247691764 861596474 396309056
769598297 681062272 837006358 924210942
794312172 358604638 862560656 459654457
438989998 140491812 877742461 609137107
793857185 69164339 941003998 730621430
868638544 413504746 982896089 439352271
257421165 250509812 287928111 539140474
942021490 581757385 975754572 911461879
116374195 192355401 894745648 432509479
2302941 190005061 640220690 988303509
468615994 337736900 593867491 843395431
865085046 697104071 870067723 737587656
406681581 62621708 822682251 769077124
13614175 453765105 795220197 965010054
470450071 514569718 859600384 944812240
920174041 422041997 991795295 579817691
849283855 571086854 943679268 994844779
155048863 221094271 685565528 611507576
130779286 423912321 379252836 438508294
365860211 130238377 692542708 139409971
671044299 22506007 902311693 220994266
560808243 273460085 635916778 669854153
983633398 685757069 994610968 837455961
706184087 520153762 888101848 700067445
885915126 480685995 920965417 781580454
533305487 229112785 677926081 902412702
714586813 111993891 722582730 166834487
454183858 451373763 936248372 997129875
230310723 158742216 360135401 378649465
994205561 620616521 997912560 654968078
547175550 518756788 840076828 609217233
232872765 532544076 427953518 906734395
962130766 51956429 985839344 388866649
118551134 687870202 595317515 797472911
496549923 134088369 557409691 284750479
850104955 461879409 936462405 963298915
437845969 533258550 986123374 951262760
967602274 281305134 988322466 327107373
127053305 897376595 409530018 980084610
30394878 813354470 829375237 863977229
304249356 641073233 504312389 917984317
932219046 897750970 990549282 901293569
91516344 134770665 965693427 839631345
962290342 921006277 969910569 979665019
884609825 184893696 949404069 816011133
591260080 96957257 772486472 165438910
377168618 681699496 789958215 976703346
82634671 266176156 115919087 454218488
510104884 729204459 987643920 918370964
833503365 396562718 995585511 702039383
287859861 807093030 552804143 853004392
781031938 53742472 984817517 198327327
954071058 931643453 993656291 965828086
89425483 255733093 210669053 706532229
841220204 716919418 933713444 912172482
890986108 23484458 981848092 732587795
620451755 797241674 903726339 873686963
684049733 272676263 904668792 381163624
146738590 351992121 951534990 938494450
921270037 199746400 936908421 718420529
221173864 589871911 623434285 604522296
801966975 428171442 950779111 457834389
349705655 645471946 843140185 923980471
378864947 152414686 499149273 748104689
506718229 140953477 861794197 936325233
169303713 205641079 477366133 898896500
877840123 933796291 956913474 989683489
252921218 559612010 256680443 976147796
53261777 970294469 618903458 984139609
767574550 757417930 952951133 867273033
340890368 312641671 432088206 733830229
43935004 473488709 336818812 896354070
390095124 150917328 424698307 795141561
596206842 946394422 891307996 974993555
619724162 174734660 900635406 725985346
317801818 191785661 565059179 906356252
732250215 797829028 816517618 919954314
627798320 673312511 835112740 892584875
582661838 146986926 869508753 875788368
23665192 507686402 233178425 749016238
560282310 180831091 893121588 197334489
50684215 713684824 966743558 939659925
176898255 893801217 898149231 977791350
375446936 278568667 412766319 325302030
366951977 581398165 471332355 808922962
825929987 83288332 862418419 684428174
149609341 839596726 936939256 855904654
799723684 257388010 863581222 427897263
638315512 315528285 996377681 419615588
278419724 377585385 382112737 588367212
276241158 23271814 514258357 999164463
247136714 631963158 689494795 788228690
230129263 267400369 559004482 900445396
489628588 349517807 712113949 364399977
766636130 274040290 771475987 840487982
763205400 778687504 850119987 984253928
161762599 493591124 256293608 966922785
486501290 77582784 752192602 631444624
528455808 644280893 832611737 783688880
327402322 981400427 497933184 993889492
717829913 259785303 899377754 683414557
97114251 280181690 273830403 448273845
136933357 211773881 138315544 336524188
828922668 412926830 976336768 452715875
40905250 802179650 341723449 957160578
139691284 5147934 486372002 121192067
473961320 487602808 892015447 784746587
696752285 636450832 753120270 768218007
368874468 941050517 882775772 952268169
887471368 201689311 905266291 280460935
992980399 815071726 998931512 876783390
26722776 429797616 456374315 871826171
899647192 132888773 961176101 783343510
921709274 701596473 952720849 824146824
487804403 684487350 611576126 821311604
62063608 864905428 778365232 917557568
68051560 291165759 779961259 837967841
831790064 508260443 950793097 731746395
378461461 576923094 806243605 676542253
699498981 824164825 826472259 981511405
786532671 661674090 950565369 797560544
125581904 665825586 336616576 838743747
221031537 539126819 402114869 647399014
320023284 258177343 913738681 315950375
38282707 609030468 756749704 913886293
714617343 135347316 897215465 537368800
355621627 835156536 958872214 998243086
540730763 958861310 877371747 987064092
300142395 106243012 435702370 743171423
781330346 178824866 831179822 677071676
533761944 324276342 730175882 682191889
725900632 490880713 837236611 672772636
865058299 922615901 988883912 957555424
315485872 889145058 876138226 991406534
725242607 400094480 884986265 754916135
732772806 105633786 918180597 984183464
85102208 57908488 863716710 76487073
537775548 789851945 617551261 848382499
430854361 145907723 982431942 751507198
983249755 626097088 986936170 765477980
928398126 646890930 936691774 759109832
985062484 402635222 990597186 905596605
120736012 238280600 292798583 962890826
597492091 660624417 882121206 806982779
810343030 866820348 903543677 981514323
130423400 760115041 168407356 797889920
559863440 179298479 860461098 603337473
798819540 748978237 980655037 838853852
915987226 847267669 924510535 868378578
764059507 269346869 848158558 566578970
527537 218909827 215390728 483010450
948759418 835812532 988216339 994055802
599381857 849968863 817168162 940557826
196636309 85643612 981266020 265449100
206718229 808148822 776857705 940989451
411246420 377068034 846926886 382579969
849579813 173605363 899663046 790425374
772417300 879010179 837203932 984889736
531045464 715911734 942260272 759028887
78356548 470714054 169110664 477632595
306827791 851338140 309008878 881845424
835111913 252892320 964282313 378696859
42819953 124224671 513990888 774350902
960095672 877777525 969424730 938486921
42096883 576484344 366477196 712100822
528354602 108885346 560963815 870656865
48472316 975302814 835539771 981963452
949121790 550361000 962308233 791133433
788576865 36756366 900346777 301134383
135962534 322126945 930142854 925370560
794146775 477959861 912114903 605793825
51848689 924879981 917767841 994285287
325510672 432334729 555338135 958147480
519355529 415743684 586553032 788039169
640970583 479550307 643118202 977662404
416129403 694297666 987727633 785736711
758462569 651042034 990168954 893584728
926515320 808602094 956739657 993787667
78132707 713970629 217181149 832405003
159827698 88333190 752110130 464589457
247073405 60969144 613937490 884769346
507436369 376800149 515221831 649346666
155497444 222096877 230651728 874698468
604773189 334177068 606423822 875301879
329197493 993406908 381653163 993963757
239166244 749427120 976420022 896815535
889580993 609546382 948693918 860085425
643079483 317379516 781527741 367292578
365658703 659579906 436640127 809023092
784896247 812084432 906073024 919135235
94118167 237697110 772627414 349313471
760112168 678322314 857084968 893409445
211601262 300018787 422848107 714515014
288204487 600463797 737407757 769133699
83977000 189191970 986234197 948577830
834194335 480784614 917739473 849716442
749334520 812115197 994639020 875003169
44170964 610369697 100907328 631364466
751930493 91514625 880127051 577218747
984619664 218761967 994359948 389627259
290906379 217557632 924154237 383522774
970557436 638908771 997902839 808885892
271977991 762148052 883872883 928023100
5083049 4979793 895999710 171429426
625373534 3953572 959351774 982399520
688922267 498901334 725965153 517034862
892692824 680426767 976602228 961338392
973163289 581861808 996985515 936775417
600946199 394426630 978452906 459719756
630425379 910919943 956692779 931763835
548529648 58891241 789932112 725920578
608538645 346324850 782214149 622734935
370295421 456851978 611994266 809314254
202742996 211891844 411445138 274387773
113673849 127247366 556700843 384430357
581192987 106288302 794881830 679953662
748907866 834408765 800870741 999531978
472575180 838074864 665474659 940805535
230605789 372353601 869307319 381758317
944013986 42786307 970798625 79679342
395771797 120544511 842377556 510540786
929722837 436758031 946702865 450937398
658602690 225532712 818672713 553409036
856320053 213734933 997773321 896733328
926998754 402305121 990303361 522165661
843251433 550308931 862964087 987227954
858772394 488309315 938670546 643731546
209865740 704770194 928717494 769716486
126919417 293096205 741403784 346152208
548237543 658845922 827207672 728444930
902281421 792185448 919692848 941554323
405408549 270445883 975680625 855320511
928670336 690116426 999235777 887864237
415553607 201418159 579608901 905339298
915776147 766977870 928739226 973427070
742435257 733306715 777081433 994167063
420476394 350766931 912814573 451174637
722862300 584235035 921629458 916829456
28571396 447875388 708302209 731737903
44849362 472024852 233909205 602158773
705793552 979440799 811597470 994827001
197058960 809554190 616888467 959954242
359981580 901787620 688895091 922150715
778685678 464338337 926780010 616829033
548395899 491187020 778543848 705327433
480379971 390857664 530464396 453754542
854004271 898090432 929607663 926050998
468374788 158615560 884559377 341932579
989104311 976192848 994324158 997031359
902862105 511712416 966410290 689611258
124331421 238280592 744743061 829987638
256637502 564649596 667747156 913969281
736927153 539093987 846006649 731816123
412296521 791361224 954405072 818329738
972753808 389696420 991390475 764367490
93441863 792008425 830285452 991569627
464517170 868242744 821495915 886915923
139162514 1226115 297823105 805924523
579933644 273509607 954590284 680330850
702309886 451218671 829739819 703715800
411237409 929631912 724217607 980850805
30318851 805986561 183644750 955133687
517176666 769863184 633204432 781924539
504963283 221483891 993749280 243848012
87782974 437601038 111566810 943914205
901160196 254543001 907746793 701963265
298634852 333751172 629029328 938352020
547125262 971895689 843999997 981761024
71586629 592169734 935050025 661647527
394004857 489112112 433071948 763109010
390011576 326163635 716146892 630565000
542330719 749601033 646250271 988423578
4864516 78465152 451132234 320706469
750718841 373364463 770772721 724347747
987105049 91104159 992274791 727550904
665162598 243106304 821016729 337695322
118901607 964699011 129919940 995548670
979673152 574222789 986939027 577428131
660686021 650584901 688669830 960262839
552957272 601698407 603736796 893341154
126637710 759152881 227329854 910313827
501391969 551251020 638263736 604815904
514842889 253177595 874242357 751898761
637779527 861739469 638519839 976349726
913827253 561605483 942524789 916183615
508113868 448018699 635988965 583036957
992226523 934231067 993164279 999639324
101280802 84341190 390575105 117853018
15611921 450563046 477788009 789642607
559593886 300256410 776461181 453055270
244662659 892670333 619638017 936378377
105698386 70235523 586917709 814174050
150618300 917711704 734998283 990151309
823218273 142537225 907309192 574340154
513211873 431080915 962851285 941718079
649850561 747696018 703518429 855166298
162549947 430000021 859227194 845925484
635261734 808096706 722531197 951470667
188131442 406726959 252734998 919771011
906782134 26453394 937106119 549551704
912423804 443668586 987786330 476236449
551480868 547073655 838157828 642629922
831773312 261042562 960073766 387497545
122428080 44544010 472419042 724652089
931848675 361532610 957885297 914884226
353578429 657530267 833496417 748516985
291368295 914106025 751377749 955224482
988547883 191067648 992560262 996957760
159494650 688365608 508207634 688563316
629541380 229813906 804833659 973713040
377635466 471048681 682983675 838333727
311696237 133616082 390390936 424013929
831325799 970178253 902783584 995456598
319606909 703884092 460517582 913167887
806528730 32072847 967413868 841596232
881792925 41327150 947024319 206881613
420303287 438909222 487890153 690873865
332607734 635082110 874725731 793072620
830898201 861539574 881815918 985646738
974929358 378639623 981248365 783200146
322242561 813409830 753882662 893407760
707677415 540121687 845795322 964524776
886379539 802434468 963405753 873480205
790327828 61161057 908965957 893278017
392437747 757991592 945826985 882002521
676359507 734870693 919229983 817269633
211591329 618597202 249056989 754015077
35170428 997074226 391730710 998532366
902242306 17945073 913346908 458402388
342250839 922586777 777952506 996248607
828106848 283146589 837602071 349255766
503819535 573335676 718430522 903663909
595334151 402819239 808868920 802985364
495367040 609479223 959683493 778672605
977434021 333474970 982558099 936988719
55433581 758076492 551379110 858571602
613952753 468058912 797059122 592394610
789600463 132624983 929621915 790535570
234850312 950610344 271503537 961184177
987862926 731427441 995911573 960632005
808532668 368726717 853823222 824402458
346991 617352390 443186832 784297264
377542655 67779497 965891850 467825262
695824900 704687903 815349122 977267166
705768414 794054112 863082846 975534826
212964485 442406488 383188747 806051896
917276347 727705991 979161128 828017632
924403237 394605154 964511104 770788123
231126103 828325792 875250939 836104549
56334946 671763510 539633835 867024688
111690287 821764640 641652332 988593760
722051213 821766661 821128688 910684100
526561388 44004218 651336692 853248091
227209765 445275426 674475644 818462836
62916591 78471642 502588568 114970496
886939982 212049097 974196472 317682144
4162822 48211062 752429203 384392166
859733925 24661183 990616638 705557907
488183438 602700917 897318966 887879413
801668250 403425653 951264709 985820071
938030945 781642755 989978199 849928677
666949140 847580627 942144035 893794677
866297426 404572190 956067938 711243274
665164427 231680029 922992924 950451481
451963003 173541349 680864796 516264342
552845469 421518504 942556100 491226046
97805030 841756403 615557918 971580158
412835480 130787237 545504906 923654813
869610777 985875305 909562974 997765467
399456667 345649054 725080664 900651550
595736144 466901620 909606712 528510006
466939874 118955133 695898489 394410352
221948738 651690999 247296160 917976449
605800567 528878986 995384443 974654581
566021643 616160391 676782016 953950050
929242631 764540578 955091030 806620851
897890216 703033346 967577662 918757484
477194945 634058182 973011622 879076825
765013108 465349979 782811946 966538560
803994188 342045432 906496889 489978054
161293033 489881151 508435827 504484202
812689936 617189037 848210097 856325061
974637510 171586980 979535383 670878407
902486695 601825629 913693317 850910205
131619839 126553095 884808038 663285200
239634894 584117712 417796298 779640972
978136939 376582449 978241427 891764683
533958386 116887292 781888483 629651215
145018404 60366233 823867807 175424038
761011290 290453145 782155434 360135465
779981533 411901569 843266032 909043982
766259710 63338555 853744333 623158505
719994626 665202145 808306017 687671184
569890868 552522806 626720458 901191394
697543061 429620320 900711187 543894611
322807161 132272286 888624858 305610000
961883127 380370555 987740893 966311517
68820768 227555200 699097668 903237003
155784542 695719042 727828446 795727512
974903352 315047792 994985491 589456145
151698599 295330603 157737245 412027554
857313612 785675532 994579249 790823076
353519661 32921309 625757972 271000873
992329328 627576525 993428236 756835705
808930445 117810363 935376243 898820285
667308814 561815255 902539872 726538435
841007637 521853668 971780570 926362001
102518485 446477047 807730090 489367916
574797663 16440978 880855358 960986128
263754899 423007311 868327176 597946778
182363601 12722298 941283805 856441467
681077812 208595679 949066421 231297034
262712524 314598167 585785825 350729357
147620550 562210263 183326065 875877661
486067716 285794167 490970920 380935489
775894741 117301523 956654486 791646601
687763785 432515081 951229118 779602780
522665773 143785652 761076158 515838011
640880017 391202083 945281437 518699040
371979155 1791514 729061526 682793864
590165021 809094980 645408357 845207963
484895084 546442691 686296949 690298023
468079085 440781861 760082577 998996522
773398963 211052889 840752882 211764792
416256980 686427733 956106937 938934751
429127243 768650417 835836201 877819984
786855988 386294639 953571894 880160667
498263910 269891110 578137256 664744003
4186799 520552164 607035794 537570427
788073041 867842669 882341389 980650806
435483344 485251799 446072841 575304005
898966985 158687112 923852736 792952076
695289040 183338571 864982726 595788890
257455852 799123159 277601878 825521700
660518885 1611454 947913406 660929101
249422707 898246303 746222700 945879910
935943205 286023106 973493916 974778535
812656065 441303022 844857756 612018261
64813419 427093439 669393755 527102686
33951870 145830088 881021230 172067371
688473129 458122268 886584210 524052150
74503677 10837578 989619985 906212237
793450131 233021488 975968365 561581318
227605361 904392805 882685127 913096362
806197523 90546719 830303293 121659410
444014886 964143183 835592563 999945268
636551672 444523884 643057805 570549457
621132423 645816501 928967517 848438587
732639684 537404782 950802359 539541756
730850604 135824669 769410338 230318230
971587992 525449620 982612129 568431865
54275219 383685688 133132836 863074392
416859330 273271282 731473246 448416093
507398537 53473473 522788070 188181032
796554196 201110858 968309156 347880232
63038317 155957545 153822318 721013092
446457525 880405448 502443718 923915045
814139696 515658976 945404805 738006896
777871387 219763631 820013872 675241346
374778658 174237828 659251784 977318910
991744507 193384901 993790773 804838977
106215074 179091428 650728926 657371440
911334877 492559381 926638908 526877292
887051818 429812984 910347219 643190454
794786543 130245950 886625106 597993662
460516222 63625882 798758266 780389235
625632423 31392795 913590932 359481178
730851874 233043703 740450401 793645983
488107161 337686686 586283352 824941234
419555054 780555098 456012051 970596077
480238293 238257201 892685809 686825853
798997911 69923382 894699811 509285664
551666217 216950647 999273312 925698863
261577270 87161375 507074933 147469621
60490527 601704244 667423710 704656761
178601504 999397855 876159301 999543548
358541504 280845956 684829840 531895141
110594704 648282766 919390223 894737631
330252028 38276179 414850453 983282859
843234055 440979708 960289872 778076598
449196065 846310336 948776522 984481974
338819313 58814084 865171864 623712389
134951924 187931945 653918035 686802127
238253312 812313465 681904959 883083956
305213692 880288292 401831879 934819954
41221432 484103970 268820237 765626778
540655039 203462035 613600187 706384458
648303368 565279361 929703907 839530412
727240244 781574818 964344754 899513435
198001536 948020278 887008387 962692669
630118182 262111761 977294035 394907195
642741468 205777717 806039352 849123495
266052297 658173158 453553619 933040945
112231370 284750453 364120047 796703964
855000514 730178660 855885356 782357128
734668639 698415711 874917154 765833081
494970577 742556634 852258886 776719911
646869590 863567280 829688213 893671369
308946826 111635467 890732440 735702850
205248550 818947045 488424877 839419950
889787864 74211072 928783562 589483289
370781618 913536199 457672920 923476423
489344261 21554113 860815591 394441344
164270569 857747921 337973799 976040695
584630716 419437407 778261546 551859728
13803836 739724415 146537989 917980633
894157883 847234383 984080904 996232221
311640047 909765551 983161476 912004439
32281114 175518035 692990556 393122218
387760875 843830054 804341456 857409855
687492305 416367635 755276559 860153807
508821453 495914182 787142915 716191841
764119223 460260597 972279556 741582630
721628385 799119686 838645715 904354041
623927964 764445529 723152128 900073846
631159656 182125739 985258031 320726383
532858562 437426240 871946060 475639485
660545808 684070056 776643827 960188940
861423972 823923112 888408479 964654851
483961251 503478858 786717055 953234696
245675767 923178468 572601812 995477601
159238218 804875995 433505092 834730245
611727716 330377377 658551492 737795381
711896390 699450618 804182299 868513727
227756919 32151613 644753937 305011851
763182796 726541512 964415962 959957548
438823643 697476462 698397767 967170082
636891927 857771032 736085754 902915782
531290404 289580069 848274129 743024741
533251268 840387424 990111717 980329694
23371796 291718239 631002669 316969586
63486968 757703463 396577621 844207750
301601443 3235084 593937388 983933141
857797099 87653068 987521404 829814011
40715225 710892661 840407997 935271782
887109070 753627757 897128445 939747381
102382350 133418993 320869156 497779292
41607582 298334294 164593987 498987511
78143842 888523604 967735586 899701571
971523254 853006100 983789046 958423350
758139422 965011173 926743411 975802118
148153976 408074335 342996813 792321392
108142069 386396181 741056757 721664213
159786023 576231456 931665377 795379091
243503269 263260226 766815278 895722601
849216702 373966433 919628875 897529118
322711076 527203196 831144523 597910254
333057139 273580271 980476577 279113114
374315306 599597959 555491153 861770121
508698940 682053416 721138989 995109046
280012556 591057351 643642189 987661017
291955758 786658221 676574603 914581809
661399149 598867662 833801579 605353697
885482766 258202508 955385320 893143057
853078625 823780231 996298733 913861891
142284025 709049203 161239684 975470106
653374353 153801575 822928591 912516321
52478127 720986081 769106884 915089736
668268214 282150254 729144440 508295577
342654159 372476884 903446351 711126933
225858708 699476380 747493172 894917541
419852613 303627837 664981988 342276283
153190671 789795382 564823479 982939407
257346657 522910882 731328066 939937467
344274792 361577321 610303928 544031877
186692814 191261152 477699192 975142595
541152171 785093852 716702523 902543187
746044720 73858900 752592399 868804379
916604130 813482629 918195799 814529719
334227397 719337897 758089292 818428475
549312964 830567146 756862961 961039418
651409220 77695182 932280940 851072569
178189854 241432567 309438416 361929816
885603937 281826193 970468613 361192884
203230688 304911514 351511268 412128637
930725005 970882303 977873420 982412111
558838028 761218490 809432448 871662087
372202177 264188100 696842086 590802470
522124004 63890132 974825090 264580048
676655198 292674051 687959421 853857456
398319812 175270606 530662359 846249207
759093987 558949883 773270330 631840143
120247010 308129871 329552608 628162596
496301513 67742992 728033828 695825849
72404275 809071217 119302747 915375946
962945219 289505499 984868326 778773773
84036711 613685412 774107717 894490558
476430595 393864488 933723085 787171833
419534485 376246991 702043346 873207429
172074842 943835007 523029818 999985423
211755024 685998484 469868832 864631507
4318580 515120279 283440581 539736214
126717877 746709881 854716260 858023594
491986018 229035808 736845770 804730773
324868325 919976115 606077339 979288336
397870144 964143252 456294458 968300048
628533135 595710803 797891902 938038937
98895162 431664223 311203007 766427373
768583684 636204860 881248318 788409539
784503750 617737591 818148858 866651621
111398803 486697794 267019863 810217299
216967538 288911359 714325999 778637650
752099702 72340341 989580419 125980743
390265955 754488465 560385487 901349328
254341742 26150768 278216498 410734924
789440274 357980027 971771020 618502022
854033415 723780967 900369835 738721425
106711823 626905805 563759945 857407676
532130406 846607559 761327258 859802994
466722004 602134363 928693252 730792496
709358155 978117526 875400558 979414388
908262733 611217343 944447677 768924367
806929199 547898498 947415508 818017750
327019154 786832870 883878751 986272750
340015600 555683166 675663537 720258702
643006426 218610041 834458133 734695438
230415003 113492848 740118844 592111198
437706962 630235191 861136661 805053042
189468992 56074469 481994677 516913432
273312925 326820386 837473431 817078711
312120546 454420485 716645159 890425980
869898973 336843602 913572513 744452500
786068700 193219375 963934422 759818525
549840801 996017398 891597633 999753029
494990437 173375993 620436402 782388178
213936716 575725379 568637613 601055012
143929108 74504202 514260359 851484273
188824021 211687254 632421338 926846860
813592305 30269785 847823751 877759884
741800987 311095361 865619597 324204175
820848639 82981074 912410084 241651824
903137541 694079966 917139535 939216946
764160649 614486022 982532711 880144349
