1000
158526799 727864262 487788546 894531351
285460217 588438227 788686519 616582008
819810745 943804596 863080962 977482025
762384536 239927925 779855771 362511105
356716359 200130657 613949293 420181706
995899913 886969882 998656743 948015537
222217253 751792577 938992013 937065960
276739118 67350885 881428544 732281652
223158792 840554419 650760662 973606261
742806642 79104899 767111467 268647695
880743726 569028045 990406494 931177147
206150551 655061054 264910114 967385475
554202061 285720747 993831865 735667947
199280741 743888602 933721338 877592309
787071604 95769448 905716571 626201457
303519893 471353728 491792952 812066032
88228262 335668451 162776945 961182416
348330470 193849808 950434576 211315771
317743250 888534981 609585562 910259750
730496891 979037771 894319686 982571995
870216159 767383992 945370329 879427691
503607100 524626069 751908467 983105890
860807209 691665879 870353874 862584493
463754722 415913494 608674666 468195218
779760289 639978682 866669655 772772796
224646779 494958426 579483971 618481561
452057595 310365163 964101024 892281885
293198791 953159401 535955677 972222118
686141577 97660211 746182370 269971361
481897087 363513009 779093792 833730647
404280448 593612958 550192334 647047016
796000312 470178817 970086658 928543653
540592791 380769855 993704423 708027356
754283348 404223069 963465461 522366180
362425812 776551072 986389598 863580950
943115642 936265323 974247393 960953059
832087947 1675273 852964169 521785338
314401156 747468759 549881351 872856928
816346901 471725118 898521863 884771516
428385394 708681241 790299262 962250726
297879313 525172855 516430702 940519465
836530325 245994450 881377407 682560739
158127399 774290059 766247415 871148095
644952374 225748073 942364630 875608822
850306150 486436384 894926954 487353706
328498553 105763979 789071013 746968975
681140433 273314376 999717507 916452949
534103024 748238481 534273311 974579186
26886979 349089559 146577248 681032244
411965600 436487698 644830704 589430618
742309308 961063676 854323143 984681566
412574186 682298192 974981235 833563652
336428468 908228316 760389764 915938022
575849897 960140762 948374816 989997375
631383902 134707620 652021893 425403519
279414295 210700568 374980243 834412136
237293422 621187343 831829724 643937926
188589651 177483142 217692186 941149590
758807296 768049496 968211278 956647956
814576172 314670987 953864692 363356448
913715005 38112123 928596094 269554121
244076204 698725559 329223571 876090810
437150468 625683465 760024160 924167152
998700660 508488224 998791594 800144154
768116182 933892908 954072092 964449017
530720686 413534267 742828355 459420958
211868835 21272284 711233694 966980926
825629832 762893075 906745215 836657839
310694744 642593686 486223732 965321820
804170635 70246314 980638981 81692679
408212216 188671286 852928233 771082683
108850552 524919194 169726073 905931679
501370873 565109893 701352747 825571961
413724782 259992606 539852126 745234451
44008622 36998428 548599804 551424816
775571368 720846334 936406028 806600008
187653237 948407019 928336765 958914354
768607898 887251343 772193925 940452199
218116455 172222018 933941991 356433310
775648933 117912939 964880862 491761428
724049673 749709010 756683005 871341220
284957192 371739073 641628718 372521625
254834744 21143781 627829584 517841389
974185049 963309541 983220230 976869241
64283388 828381370 708045153 831712013
126123549 334447052 531830926 666375184
152359411 886435661 186576209 900098568
424773275 695507996 722281226 949288913
29030896 630541911 441728460 785005049
928694562 12260619 943473147 74655441
129511567 981984338 212141052 982953886
356467154 137715631 903537552 377140306
193669553 598051449 728965833 721282897
257146329 42247714 919345640 889957409
829912191 269713058 883421275 544496754
235726177 287398846 739796670 789284082
442536397 13366995 939086043 852342528
343928257 185223686 816281554 266409054
339724647 835511371 857584536 918601103
333610759 867090809 657800826 881447234
262709601 618196484 559342937 833779682
549069730 334749111 699502861 945194600
642406501 521255314 920357077 631752828
147659186 213386907 199474446 758141217
279037388 109372011 964686327 718823712
698220863 885074677 710506610 959860789
983938351 485980053 993499714 734239038
796875902 718163698 832544659 821123985
970169196 902024183 992806511 964884694
25799497 715476121 544084859 915886196
632351097 712526609 890915110 879299402
664023977 694371992 834665505 768010215
379246287 779306002 482216035 972758918
475019559 102282605 645088427 942377500
477155989 82808452 915260644 691752832
859147206 26745197 998772317 604190092
251580654 67369122 633598932 367358973
400527493 96861832 427493290 326675819
228113459 445772127 731504963 881169465
632023885 596157809 716663761 979221643
774596221 536147011 849744908 913461702
896188744 683297329 934803888 749940937
719108090 561729594 854397385 938481784
807209893 579618255 868524147 799507289
117537895 776252178 566592915 954628133
165739716 97609149 278855103 368132113
839880436 892383957 848773336 992629121
42476492 691311569 504808015 813433474
780052771 359780648 906181900 941208184
139982331 821771237 283601725 877497161
220423615 965118535 542863511 979052865
216443592 243825177 256051634 251011204
212701182 3537808 429377677 770502415
508897326 532881385 757741148 766393499
765501578 647292623 954368947 706241234
85548793 688175344 296882630 917015422
241029688 126603308 729961657 791259860
568021434 672858046 679660644 704667638
849312572 152936861 986025229 539093210
436718693 555340634 808019669 829553308
322769138 814072587 527622832 862832057
834179809 621742862 850840926 633267717
458980082 410016786 917387432 996166766
447455970 364587929 620738979 714184491
527800315 607340835 885961394 862780180
48777145 663013662 491515298 966581657
12340139 280562266 901504608 369938093
970173534 613636685 976912235 741474026
825698533 48873065 930286555 722836671
668546395 171644955 839436596 955368025
95807431 907915212 956271098 961923424
155313680 532706126 895716478 818882911
991400577 416078968 997874962 446983755
949869177 176009308 974499359 487311978
399540628 903766423 735305869 915900735
226114452 45518396 256356288 196582798
410984337 542083685 674714641 773993463
975055865 666990794 992435384 708936457
259690241 579383231 743849418 714516907
375265366 44563678 416579678 358631879
894903191 964386244 954218776 985708717
644720484 57241681 959708397 374023426
210625488 697925365 881430322 985973676
320716279 763688245 803296603 914520822
415866251 229705632 785118150 464940704
98435899 700834122 874411057 747711390
352224080 614271114 493610533 808813030
379014546 792038643 913114019 896056279
645294541 893245398 695379572 931069615
492864550 711971206 884762320 832571903
758315193 383535054 814403686 905300907
506556773 549037238 569748803 937655165
544099543 345432700 932822139 726882096
424437276 712872508 733440724 956809676
277524417 501332460 524190441 794273735
966663390 204916354 986116134 573510386
565887927 457078116 781189942 819729946
730577875 506552271 999220274 992988393
32098071 753798890 892915214 958742868
491755503 921335864 939254294 952851685
931377118 807495199 980588742 833208875
268913016 892065444 914716420 941769145
633414987 666835690 881112854 718289230
550049131 601655347 932548277 688742045
475147963 386076518 982509467 507232252
973132171 954954120 989435030 977098381
15777906 19494984 292449625 653297222
837752332 877486095 969398414 913437854
613281332 839857240 876092176 962208207
665560917 615269052 676551059 965010003
82207115 735467789 112765123 742233260
319733374 203853079 377008561 250003694
25731751 404488970 846431212 828455422
140165434 963394596 296088171 973316422
243820313 973221936 529645355 989044761
689682745 506260811 744433428 963211082
578732679 212607949 750756620 368858766
939440593 616026463 961471099 725216710
621672875 417649055 964106815 444629337
689244238 531608992 941501475 585037166
877589072 54649785 921830201 250808514
826109384 880659066 995399514 945774047
988479053 329151596 990011793 759649973
807344518 168875190 860808873 641352092
137873200 827445189 761657315 884393762
255310733 402894700 870972481 874498908
361242122 644855998 699569581 880974063
915850764 15972529 982330659 501216505
524289160 942298664 761688764 994959413
190118016 385756609 196887153 652475789
393028980 147430795 797769950 817491263
804967077 588580939 839966037 798602182
297582985 692361126 532777994 880022838
116877487 800483771 578706029 841124407
543631535 866745137 625329872 969845849
314102132 451938102 402393905 455201213
855128650 933681810 899421496 989653996
571643138 397253714 617130665 465054163
24411825 646591735 613587176 697806418
594927555 966711544 929087831 984413600
707319255 471261496 882129964 969888851
757852755 20796791 885124831 245614426
670079193 147446961 857631969 934337324
289182138 106184473 998382710 804111080
775828833 404163999 961075585 463630379
795495213 593327751 934190577 969966837
236538243 846264543 556076877 950046047
480553370 925299903 683807072 977067205
264615325 655427779 969719713 961535522
903869916 253843427 949939327 763658934
380071639 902847609 838698267 910834139
195779750 253033837 538943552 467491715
99723356 603743080 634656391 744063046
291771058 24316550 807160608 292616620
736698950 854073887 813894074 871669797
501579886 121387742 675139424 359953710
809564161 720100874 898178454 745635628
910521848 966308233 951943770 991351338
686913788 777399428 896424566 890545695
833676938 178094318 977439301 660585568
683260246 277598792 845026016 753419966
323833763 815409578 364257279 935078167
13814258 935486286 792831818 958396497
226703413 714132976 297387823 917165342
748653079 965757828 877838620 999462342
741749496 761503825 995665604 955779761
671532680 886856542 860162888 904053252
93904270 402022244 862398003 895779928
251430600 721126811 254132809 982962815
312190622 470442816 719620961 489491763
610380910 944153805 857892020 960922883
376767553 919166544 684226800 945213899
665936193 336901966 946430461 820922428
843428088 475388242 843647517 924997420
759725540 484887034 952823791 744119756
959583146 81294860 999119212 469865753
731732557 885316622 739911930 989046378
254264374 826866888 610989317 954147238
37070070 378963320 746696841 658884253
336923284 284701232 822616050 973803254
202135591 71724196 970802350 73389290
996531933 762213900 997765641 866616748
135766841 800524999 461381589 912584324
85073539 79696401 148064379 788618102
850420268 83281176 990896532 756085674
878767210 103294991 989920780 351013941
193727885 523240563 254994732 904938369
609743646 266893550 712523042 805289312
284782975 479588242 582607312 972877118
969369168 596018675 998144872 730423161
107714457 203408640 113696460 669203680
774667965 951514524 842383817 996700834
825662540 78307106 963593551 288364770
154556695 260378552 660005419 338226467
293318891 674850516 931845899 678396006
797584132 167754521 894516860 852783058
400562525 391073471 819084100 699431884
935670501 614000926 940112651 641488089
901167299 873098126 913943832 887547792
106335588 223304432 439049321 562471533
12104902 127080639 35235357 613280280
746172275 191300370 917709352 759457801
135830514 106574023 964005770 820306065
919204911 262018536 936982238 788688477
128558477 300785625 892227349 690581722
448746999 914898687 504107026 926484991
966873528 890633494 996878912 999168532
712681703 248954971 923550837 420064331
226015907 148653975 326273323 672851390
633029665 804943593 859914252 888525196
998684374 873579672 999707962 941393219
74902222 851136906 968931284 985356974
596053624 464040944 714607200 513526854
993804300 682802095 994415631 726848580
411314886 614138922 643958058 812909519
983198170 427470516 988729081 596763807
147757933 578821065 529472951 637951171
194178985 172178087 454578094 903684988
395268139 344494100 399451987 787264244
580282500 30551183 803639472 442425711
150041155 61322364 460639233 277786383
207176757 794056759 486905722 906291493
12094557 92422709 369563718 936079620
271953798 183866170 643249036 251891070
257521981 223297367 387883981 815795886
904995141 758023551 922736197 949332793
971923008 874298748 988408035 930153084
295468984 300162518 635510598 447612118
1854201 20271975 353207608 59650534
234354265 840719660 596172598 949705844
610895435 92914235 646400512 624450740
581595315 835003901 946767130 917784443
772700951 120693563 977835519 997165881
785809167 951545360 902771307 964975558
260163361 589425398 399321665 978250487
451991311 669788174 481670587 785616731
143822205 440298620 943946153 504182644
214690748 520467978 421564320 707921622
683467658 703552851 723935459 785626157
721061298 82879337 847143705 367015798
34804661 494341616 206089685 502063865
325301441 590063787 402005807 821411154
373609416 585813454 934361130 785961860
670591244 520099805 848080652 757797039
559796739 508153867 787923082 684108197
65532617 990834207 537397193 999159260
682061873 961449545 816199798 962226607
10421335 693338147 25342171 876472527
164692368 143722595 398677536 683256478
996319555 933535934 998081481 997300353
223688076 679527225 805369654 752920349
456097300 944222007 529726432 990649740
881106056 282067396 944073927 486199599
978833881 107572557 992255140 348933512
168521246 563869765 640507494 893557946
208604014 327207809 470718029 802885405
140641074 199340849 745524325 215358576
248876993 196105279 500411073 914897638
894532511 273543338 901237253 381169857
913263704 319839624 951957854 395372892
907297635 967418745 911808609 973353714
827903544 862385480 961450749 872875888
963093640 191466037 965870287 501397417
735641858 139992980 763580148 834698287
384422314 674615148 675845399 995429987
430577332 744502162 493678002 919642330
488852275 455156694 594600562 618271997
765334881 442571705 875669746 973351252
639781934 316994359 931514800 852601932
361168207 322948852 819252525 927726499
161049530 285121225 285760242 503208264
705553546 736111853 708200058 890280070
481133789 952593286 991302947 954606047
893287772 388540397 926897700 707280831
492460157 486819166 739830056 525935010
49758239 550042830 385533563 675443153
229444866 80123290 289862155 399333469
145751551 340265034 371265564 897294713
882737753 842416341 950522919 992602578
422937799 768270834 828882766 848255566
517076847 865756180 870503869 957366331
413473289 325217252 905562438 660934683
394825518 581766077 690135965 694550739
438588280 152308602 745507265 769985810
516654992 572554080 602679486 844761682
55640624 645719746 897323691 851322772
685684423 683758497 925265008 759803346
88461636 321416880 404364118 798030291
621601871 880747393 746047040 899701778
701277482 774014673 969619087 998721766
672228025 908347649 983983632 908524471
670587213 98235098 829706480 872456030
731893217 834272498 784734067 877457668
696004015 5928102 847381280 493898847
244728665 955590919 412817017 999817823
562152802 286582723 781052541 771971813
453108271 452331695 821317552 899653322
774789619 686543970 817558988 934203758
199385184 835128072 799182879 855369537
594466602 927116453 760088945 990222258
828474989 670621381 995834693 920175475
874212056 349721620 892439188 917489767
56808164 41275400 409344327 826282892
39523323 241808096 283236107 259621843
812627542 290866997 959885926 780204359
631408281 664260956 720088604 941815048
306094828 831482024 911736358 937484136
973724594 674902387 989691290 841958719
824386524 517424295 981277805 872066252
180577585 569211622 387511621 959364560
649359020 587749066 700690504 711576790
915720723 396016950 975990750 773481176
891466853 731947913 999601697 844410205
835075931 823483609 907767419 985535627
117086206 316503363 942406301 468542206
150423306 781687784 211777978 981507440
657392515 833610947 825015557 840959562
345633872 583156743 707949858 630592294
32654557 395118843 399415369 507125467
655371905 860032134 720415284 973212271
736387162 466057980 792134596 969119594
780265878 57275432 922324514 224056157
563517475 587160136 750664732 698150950
482985730 33932897 598950795 908157358
845473555 606468172 881924887 884742435
239524744 261699324 447393274 603622516
352382913 350009161 684370827 503339623
645788809 859678712 896357162 927709428
927704833 917512808 988839894 994491957
73955651 680142768 939213379 843679443
321403557 930900174 737880872 989991489
769136361 448691143 897578111 651188318
292956505 433376554 974812332 666815588
611086397 224784362 729186444 237836817
585133866 706063770 825643381 933775789
376220446 587543104 468814986 743705269
285106317 901054037 679149193 925153760
171719349 158286066 312194700 907406630
520436210 231309899 948495473 349142923
610027347 798750919 902293545 821436737
294059922 681136928 674308274 872382036
577741194 678145457 987070458 842353544
939970134 956524902 982716698 975043740
325340086 672219813 696673689 880185500
694202400 616865770 815288814 939236252
245508839 391273547 891051109 625825523
934086 799038285 267684356 955848315
243181532 108650405 925816601 559029599
524769083 494972115 542430520 837992659
203404383 432739069 825910816 573111508
47528407 769978320 470096765 844763910
589123839 755889301 904404281 779006926
74044107 14090979 86582356 873663441
306590955 112540716 393185974 773309482
148468052 773258794 721086166 891775764
851794133 639175439 957428735 955176169
393995209 519911784 465140806 964541969
150076923 374964741 165094733 648096709
488542719 347658303 715275732 738343431
549283463 676571265 836311897 977740190
862710248 616620194 992338135 740670237
514823203 179235965 683573535 543734901
794926158 264583740 955730384 991045779
838125322 620650653 989132523 786535726
612393595 17766420 658106342 603929990
219358565 560918133 645607891 657268303
770693584 786790097 922561250 878210693
67623601 545712471 527958977 906198063
288165096 442999501 706976898 688104049
215622337 537415916 751760237 940907734
643793056 973660637 758985564 995738807
134133744 818093861 742748845 923152474
837938317 168597693 845929806 536937690
416271630 930054710 743861287 981219976
873006981 533201597 979291955 758137534
945951527 816121302 965261270 940220081
863787515 310485167 990103340 752631478
107747312 403219665 246063529 588954240
635841950 749761405 688749338 983981562
506664800 600212705 606457528 643570645
567894255 124354437 742621721 173175357
520216908 767163400 637155069 902419248
516025377 161834301 525915126 294747449
863079534 794230822 977094241 892613724
718215953 325225174 810962031 910872817
524373485 395258820 841262858 799720107
972021229 757399748 998168092 968122691
877679500 666650826 933858070 839534406
483171110 515752417 671682882 741188672
318006052 591955339 551003619 594557932
53767945 593602451 282639000 840319165
159544720 683615445 198309291 778231831
128260341 367118454 645349671 903354651
910023548 262497180 929367188 801015532
100858850 867254667 404812667 879600627
247125614 466197321 669020588 947072449
47368013 615566283 782111715 619045818
109975975 410706103 813553530 570243887
986177745 905933749 987876343 973215662
28419375 781514383 590079011 939588471
949186515 106697384 983414883 927703690
248178036 54907233 260067068 884502430
977301854 731383820 994128051 765848244
549464756 849602043 651239104 938537831
318034637 305057170 954524864 780790736
398086002 858346254 918936395 888327815
428544964 919477284 703008493 919807478
867962431 875329214 894491150 927056283
426855957 496831648 862328602 953316414
127144334 787943440 609690550 843119528
973456269 733871288 988261336 828015323
650211279 796530835 889892988 822573376
189553355 938951518 502908756 965877517
881137704 581976612 896408909 582110506
613594862 786242554 856080628 822395219
959533148 317006646 966474629 944347762
666447581 710570747 754854454 949841958
89167409 222745270 929617647 248251536
895911972 171713063 999338366 683229175
568041240 591191728 870935383 641313213
585756211 441754551 960171462 543054366
14886065 84603693 722381073 228786130
62693209 436575876 832368560 642772329
994512460 44915452 999027566 642671521
896933489 889894970 985786083 944204197
554126816 147321964 768697269 762608496
32301844 49983265 318108543 718338233
475840306 906853380 814483187 935583113
649928864 172874253 766288531 403369770
670349642 248976824 850240118 338135544
28484332 546602086 812824350 712566355
331644648 757387305 572384726 897003632
339087825 918950935 412223451 996998573
446093314 399438996 495954188 786496075
939105102 669193651 975591906 996129359
484650263 160587823 960928204 782792557
469363011 608201412 845496107 646362761
544273392 69866109 619677280 209189479
269711642 614798521 385074053 975337019
376449937 496633734 953051717 970066142
247636055 644183744 684115572 826728760
72616723 191392547 123981341 283234898
584301241 838361203 835279875 927601905
859356514 185665667 882556939 361946254
925489011 632304671 969864998 672780231
756359289 559596543 825191006 843355576
235213489 945360464 566446882 959645730
776384744 475153285 845620748 587830351
741154283 693609684 820798098 816029272
425183169 976382787 528440068 985476204
4376965 994979971 631614691 999804272
196677939 780634660 980898063 985722312
377394602 201530788 578158862 826288341
309078031 786856764 976696745 828506993
658787731 708241300 865718453 888145427
761521615 594779441 856053176 979695851
288547808 349949016 846206880 920576102
292013798 176935886 669454189 854727790
16221528 333862331 332139780 980059158
920560769 276751005 975281842 907869235
469016575 230112104 973919613 685933808
441159440 882407703 893674232 963327836
30557295 377221417 886868371 849405743
768590824 608680054 887492789 797960154
16049607 329874051 777024822 365866938
708119962 655172185 954637859 698167022
512271320 78574155 806753502 355010506
169362022 411316097 681624725 898924557
419220794 686172596 599860631 909455791
390685097 580468554 547406546 734941163
800875611 519681774 988611747 892240742
454116047 717400597 872313049 814835775
351020885 281894747 760888924 606942550
852146775 811788908 989885626 943557243
352724139 266690831 583343731 424987770
835422697 352961746 941499360 470499594
357074460 537596391 503297633 564242658
583386678 469816436 608661811 601309869
150415930 823400491 234084561 871229469
682481863 367387764 697127198 706813940
832928329 242653086 866976441 479403390
884438234 198968146 921039232 597780388
309012685 633124863 693128043 855371118
81323493 269216712 737132611 366599819
524432705 164131977 723128646 911182841
59378497 369632218 966525530 773201218
940988963 936763606 970798199 987265150
228518629 820360916 905549526 907862652
96216264 698820177 386921615 799425530
640353981 120058659 882825529 617497472
338982874 915546559 692470363 928830229
376599259 737156210 771138884 764818558
799239901 882545996 819335785 982250776
655020097 895244040 744053296 938712952
81844875 153020796 350438822 721190935
738307599 352019176 883369292 878696451
577280452 897187024 583319741 966872577
364340947 224776647 711734841 972515946
359364846 860374349 843624894 934642850
108918212 173070830 524519912 874960015
919120298 195826491 983098133 807373827
186986378 21594765 558309887 108712758
299675405 342609238 520081144 883776969
176030803 571854174 988716467 916694271
228587777 85480325 766123980 348942953
696556068 505142852 901157469 659800584
137204153 663619391 971858009 684489954
733830986 914960334 811541587 917670743
627200631 612588430 924896269 747725653
474909961 300737115 727045283 964384605
964914212 607179656 993465043 690911960
539440327 210437984 884637185 732271592
526315307 535725462 774175199 781862342
915683827 206096725 980952884 667017770
626821032 582871435 945521637 790748097
780324522 175880171 864572846 369537367
770157360 792994072 884321314 989316175
653070410 573267053 779533409 951284399
651209064 701955630 930482711 859270391
554916590 603496210 745555072 748292076
474963203 772500934 497181787 971066596
549487652 433197084 630490160 832837640
59731106 404949095 364958991 762204219
381681289 966244400 455368063 995997487
526278997 85787077 598495108 162016732
526615186 333720679 542157304 651389774
172946388 845918458 676000511 903222836
524168627 705870039 530031679 990263608
829898662 300618142 880664547 632315535
589983524 571757346 650506343 807666380
261408975 153554307 669879461 825104041
137707247 780182459 592864842 790384736
502819227 553009373 988238743 730595132
671496261 370234272 795744139 608040635
668909834 614959259 710833722 842323787
145476927 449571971 950414716 943049827
693473652 585080141 763244494 638537554
734610253 62652733 892810513 649111526
791550016 461412122 855398144 471767536
636712591 784809466 807266259 895804810
366235177 691374281 662081917 989515831
738387436 193230381 868401028 663793038
503688632 523182797 521688853 996786001
825754274 815119549 847819393 861908728
761907048 602053122 763330561 783516106
979685372 427615409 981215805 696341991
405645159 298984850 529285999 537835190
362536774 942263528 757409219 951686702
299169064 815542159 318074742 828481822
419717119 809106229 559591901 862186025
233935618 361789594 692768470 460083007
852290875 365242291 950108050 377836698
709878024 555745903 976039949 746594705
369907848 486346914 897395821 578302382
909365923 173509972 963918134 869803691
634958583 253562215 802656226 568077640
282831582 689690263 847078256 942903691
536344393 628208518 876732538 955864145
814434499 867694618 985140955 960020838
462581315 371293953 481069538 938951466
934660038 801780999 960226774 891116694
106416590 289018127 203667785 363302655
184268024 943973312 602971304 996931376
269917180 416393224 414075380 886905291
149555821 858190248 971603653 904754907
267833600 677786792 914659298 837341935
706878384 524389399 804564858 750854463
852022670 908551606 980701189 942591244
331641886 372083247 505378281 789343039
40783072 913797054 88127748 984887239
369691619 249109953 767028607 249898348
536924469 565702726 956698003 841735998
48688948 436176228 918974811 928906872
391653511 37953958 879917800 208615495
288184311 594627182 985064172 945061420
604246207 265014061 629700404 342616079
977859454 761680010 985335458 834944399
39238208 188392150 218359353 635909427
434603514 223429665 816950621 626128635
205427106 943755936 559395074 955688456
239870582 155624268 916604148 994710956
868727664 422230307 939618804 980690090
800989840 779011764 837790369 866430511
408744440 216888462 550750765 503839217
365136162 214420749 498448140 676709838
400309991 89793322 553324938 943154297
703152837 170585139 901177687 346939602
49779327 218479794 946289934 380312954
832521566 252101627 935453680 295848799
367666205 488573705 879331158 584583403
93658256 940340710 611445075 998492647
89628824 448646214 330297229 537655521
48549855 117025862 90081067 223916988
732872904 578850269 816372712 874510629
911678310 661349177 985560787 746034989
409009929 517907516 855811758 827710670
464804832 483299856 754835826 627810211
159040632 510261591 182931707 725384901
842992717 606934324 955066258 823818026
935334875 81161639 944603653 446798176
914515820 327708522 972256189 823386840
755421504 725460297 870084990 924523462
44640913 700302298 470036716 777115929
822953499 443002159 980064880 578658434
275422468 30833487 905132033 328206781
680373478 517639373 725003751 894607140
827119645 706828339 890312783 729938022
715725327 230595761 927394624 834596952
579989254 871234645 696748186 902761485
34323273 629768188 306456171 768782183
886038136 781729876 954590021 861391752
322554126 147716650 468656969 383747990
770453299 682726952 999283723 849066020
340604989 204167800 534799463 790723751
146532075 679133208 949113213 777013625
998487030 560320214 998909321 797991057
852931741 96021792 901770143 282430989
520669086 149701420 522780952 329171512
854726188 401056648 962226882 873097064
600903092 133488997 680854002 877787988
642715418 659780794 711630856 976457279
694770514 163062802 832599705 911710692
563538829 439288535 714476564 901721033
538145923 109875103 812742748 223613070
935899054 148543083 970430275 760341659
309880216 96955288 421554132 795489720
104791178 907775814 229742123 921737969
107825259 163505548 978114736 475059210
209519220 671355517 876389555 787942427
2406703 556815717 488578737 656304393
258980859 311454355 882788706 634658899
705803580 187598944 912254341 716617714
100371647 286221087 734998197 863224127
312066648 851677593 905146824 881169966
539011816 386537689 925465382 418188295
267672210 676592804 953716632 949824564
324172885 875027610 421319067 952253178
137719393 962430736 380875159 972624198
49732756 901193597 771625143 930211220
55343558 695559614 836801727 830036158
21969871 979752750 617972862 991848822
312198523 338308817 945905286 688347254
221242995 37920161 637505653 428591391
249495707 237538056 746160978 348226074
903931162 319467220 982589697 506410220
518063151 400549703 561416907 869051619
706515294 468635963 934611680 484734757
147850681 395992748 312254445 870872304
58964270 663986964 98380371 930041126
874603020 705914251 895122126 906084276
282679535 94590643 587077391 986668722
624972682 586642845 729714584 644974352
266347501 752880081 654833293 774090357
543325281 957195652 917931011 981528065
334476772 96923541 868593297 665850574
934999392 476688076 985218059 582152951
842262984 297971204 951758019 513252844
512286724 314489113 781606662 691900199
454451830 367566822 815289969 513569454
535461220 283269186 836085518 880497236
238880487 993050199 729149296 999567778
156820783 569324012 171335356 621393971
714474168 534582045 959741059 762017962
686801109 154808357 967301215 396537618
995558027 407579923 997266871 989005936
650737298 412579108 781041210 786642715
45534374 914542253 424235752 942164386
782932495 535534818 899460998 564135941
538326649 187589155 654321541 524647559
714871572 578444899 869487542 820320654
421897147 718332518 855853274 857475590
596155607 847881058 915463838 888963023
803995542 439663345 821255251 680774991
748978227 401141747 946666792 867165095
654404747 633504772 949682256 878719236
692112766 589114700 792691062 776267179
60822771 5705880 273859154 537626376
102230908 99594357 128567451 938889744
105577518 593181906 732956517 754041654
563330071 637187767 900690143 859061040
436541459 911191703 899492088 946028413
184617272 248803060 363772866 951644922
345900927 776506614 964568257 881067728
25843377 312058490 909516580 555770286
825879537 992362762 957500261 997993029
917363808 859216625 968197843 892779547
7663176 392728797 546773317 838471355
929019668 497613464 997373604 549024249
871310661 300093423 974407505 726383288
307874566 690903413 425898834 985215548
258125148 888689533 494919563 969966536
241507221 623628097 286540058 799440742
976583091 349057687 995907247 679053250
113181764 243282777 665678899 562466219
810983411 383781567 837358335 411777358
124363470 79028766 632952790 968865167
971687031 306053226 973766526 650184884
306963820 13692345 509769937 473984943
808056214 980139173 917678673 997874301
620206523 35832296 731084463 240674060
820235164 794007731 907489351 835095792
617237206 657629634 967672370 744289225
413634497 245447807 937408410 867238901
789781987 777698253 969406016 798390968
632962307 753313283 725730156 769293860
889018676 68033696 951996445 881928932
346433661 300362028 758354275 378911147
583509885 770517135 708365670 848482648
427047973 594278849 761413452 950109170
678174345 992584541 744390391 994420432
127855023 853462592 467085049 926480590
912806716 317272594 941998646 436911890
709514149 272370785 812471447 848696133
15628956 298649674 43696089 693151636
723829011 413581544 792713796 844162240
350571176 697680280 695383380 877672083
67248694 533161864 554096167 979608703
53010270 336208436 364828067 665784204
995516575 762190426 997715722 993612077
828143496 724061452 840639566 779823573
19326453 80229688 654860402 874478545
309547409 705375802 535327120 999681203
674359310 652781756 686422951 766316472
335913341 9223638 573989257 967454781
883096483 180639459 992340780 497849693
556763799 454148278 851319125 473594389
356591677 228296025 921783444 349641011
91743447 253796443 155258462 512091025
531679703 537492144 869122784 740663911
564123273 399061031 957664272 665572144
129183634 922606293 944787482 973224034
497395428 574570660 658156635 755382884
59054336 541519767 935708188 696059602
924942527 162044723 956749964 266268860
687830427 212675703 886745112 775596612
456666744 38976892 788750829 322841275
523918932 687429746 581245287 836712313
361504043 787238269 974233544 791462413
738313249 471442836 783920037 967511874
215745784 740024195 760858366 940922435
775198065 921164414 782282398 961302033
429676926 505133951 974800519 912748979
830885064 191644684 862985626 333824081
160716427 725990228 774308127 804365525
300749947 13280639 926836199 519643700
449710873 272002563 834947861 683284915
953880611 488776308 967278284 969259143
763441163 174161010 958051741 597186276
969226161 589797405 974177058 859945467
248872317 10219540 809162034 783269321
477310834 447811493 858009924 617436704
420533117 264363471 902919744 308576730
237322169 270463673 443796188 621286026
259502694 960365426 659223312 961734000
395180221 207848023 846990796 448891136
357278526 4434906 414390767 184629399
76970843 197206822 603232406 251286014
956726950 786045185 995839484 927728544
128574698 580726949 642079371 961387921
210404534 334478179 435208338 393469624
859752184 551465263 919568616 758569479
16120252 170900122 168171873 274323834
959627581 895122923 970390833 906419938
749277649 803710461 966179259 805561004
622326730 32085446 878423121 992895567
881404063 511534933 955887087 739276308
410127411 681296665 771778072 802012665
195809177 739465748 236715680 838173156
252042352 591949282 617194679 743748832
323420953 500136093 835257159 774785593
314405725 585051481 345577350 818446575
557013025 185499883 626734458 701034605
947379207 935529440 965303154 984348866
578597454 960025297 750017784 998500516
351110144 389745845 780289396 539580999
226714817 138718534 791459072 146152045
930022752 127608470 974840292 350162818
559177313 65705618 651679916 242922833
43525769 247976432 441724454 710056142
631489144 762218842 721136731 833701763
451156173 94718977 560821424 128962408
848714113 468038421 989475983 703815693
189169582 34184484 286278401 295826403
124609595 527165730 920099334 802861130
940130399 705108117 940198414 769244135
209310935 356314380 605099449 737337221
956773053 178334380 990606425 528799170
979770279 562222938 984279732 985546712
596739198 488985982 670979134 596335538
762978536 408237238 903653702 612328655
49611075 299283549 858018793 374232973
396545000 17755396 517394523 466430813
778636389 282985950 984446047 393022727
404931906 866258467 809199690 892682080
179580790 213691895 413008504 232113484
946952041 167055156 958686507 635848450
150825551 336823794 635385072 627532775
854221498 620129803 881527365 738961266
905190508 392628835 990718713 755271677
496982383 386727510 817194449 697016308
32357381 815045443 847939048 829716034
392436796 359892893 987931859 381247753
313263035 441426660 663665149 688048909
946742380 237500866 982860585 888348960
439884915 799765315 483834816 851925902
624003361 347226185 639539813 715794243
597356169 674097825 950593211 800770724
36868319 671846831 911086486 848633848
41574131 240386217 333593796 362106761
441017044 509987650 846787189 801339327
634839820 592700854 748678183 634107668
748331272 973997999 989961636 975542666
412074449 607771547 584175789 886197441
841707755 91561742 871765502 467761357
640978562 225516765 851871002 914547318
518618858 531913605 794604178 905055267
72872932 219498022 858359409 386405186
758695476 390439930 992962249 726299349
379802978 503623127 565563986 532974979
279535459 998943695 549438835 999023908
757141733 150290842 846102489 815563915
107184407 272739101 230463663 637561630
201942013 438423706 596291857 743334621
566046826 57331560 920256823 263931271
109103466 763395954 565879665 949873876
286508360 179616589 563491898 675711142
161437129 515668838 479080400 707414389
251360611 716526835 670597648 834950832
196580810 47467463 899825515 70988313
246686695 872202474 611000692 910866976
354634193 908780024 960545408 965114500
748328816 565252740 766779710 676000487
688851929 394898910 746997469 875233733
195617991 24263170 226193990 95062365
760002351 346383255 895695959 949726105
287100532 181731105 298558585 880936626
274723599 770377100 350524478 786450605
951486544 202819780 963683722 694533692
615870629 681938429 820525022 932878147
440610228 599251786 599588575 824137176
58829403 268833808 628126565 584879101
830797467 889013643 964201709 969111564
615634733 93687650 834065901 652811564
647757313 863063996 693017923 929292703
996513387 623903554 998221741 947540546
811995863 11005486 842636603 718911805
504767217 818011355 672157539 882540409
692203730 762907900 834410891 993776865
11827173 335053547 98808619 507023163
599286441 930697525 808410161 976605092
650093009 445088543 656437821 731821292
685321290 773536531 788082328 887933281
796063590 686976683 805440536 877179423
822043593 314993197 888296631 496807088
909478958 967950734 944134259 996896781
108951305 532799436 308579427 749320807
612642954 390597584 997506889 644528309
416627806 101032402 901709939 127405209
495411188 621661940 954361440 901216752
752269610 252529524 847834545 290691041
515375697 32232276 837236352 380931268
549041221 469126718 803223754 629711938
836315643 130600692 914903410 240944263
101730305 237129490 833383872 359321414
483688311 158131070 577208894 873279904
261171400 239214274 932446015 444607940
468030449 121760327 946311757 162968739
562983213 26585422 776891509 605576736
270145606 480772653 801426056 532700348
11256327 707941502 296836797 735973278
415952287 735136636 473206979 933888061
781656839 655498957 869395829 863873291
975052856 130749285 994384256 349886668
79996803 886330580 406035326 994573401
234756597 963399194 798397505 967354966
983111508 692535626 990196667 766193187
527052626 928329691 877048091 995613140
984968765 652410529 992612014 698723530
605581915 361642750 671978473 987875533
866176634 670516621 918810829 809519513
590539554 697177721 926314160 890863682
935596936 706839526 983956121 752767534
657395106 612119143 855278553 892556011
798025562 559125756 868730272 796832216
86360111 860553627 641733317 876013167
490558216 923269247 952642868 964431412
893282065 208467281 951410777 303855350
531928331 114011792 578666281 488907709
144945617 553353098 416270308 694314713
487932478 269286221 619283658 971116969
700011920 470548756 983804104 855589924
968956842 583448187 981505159 603115590
692667385 109159248 857281454 164016644
313969083 542244658 921225186 608949366
421635571 290865530 576256082 761346919
185998864 119942763 683789651 361161655
421533112 823196353 737194448 984418919
260692086 647455282 922743893 973066833
135514109 157498566 478750476 166808701
611733691 49422835 735193081 164697913
705923963 375494625 887416292 726307622
517275628 793563459 753833083 820473601
123877934 627590230 620752647 888639897
469529222 524285776 590799929 871468602
123200754 24965586 851930733 432058593
978742225 83820084 992864102 314346899
699909203 660986891 700656476 673483614
948441066 60957683 976867195 306576909
957908582 474392992 991995423 816242088
428299332 697068062 592779953 788032861
896109883 930179785 917238373 992682657
983774527 256903186 993083866 906444352
16671083 450758075 928880431 922611856
922116294 548207247 985538573 737181004
834430993 317847780 898170294 422007253
552590975 535846181 612859067 561786543
743654861 899243245 802573041 922309792
529317958 232691611 846185882 791283221
466009027 138324547 505569949 483361309
728666810 352259962 859412729 579109785
