1000
118 889 380 924
501 367 988 739
914 298 979 359
465 330 545 902
462 172 958 424
746 630 894 684
790 267 853 880
633 401 757 737
274 736 868 988
389 103 391 841
334 869 822 904
648 47 723 235
86 665 831 939
64 180 92 952
23 342 984 480
626 677 685 756
167 262 243 609
804 138 805 163
386 928 555 964
489 113 572 371
431 782 807 824
936 721 966 913
997 370 998 693
316 720 480 727
322 934 627 967
971 823 996 941
762 266 898 895
657 358 876 498
423 330 450 338
610 814 962 886
433 75 654 614
36 614 362 966
213 10 341 793
928 175 940 681
585 545 968 718
199 626 489 910
796 364 982 840
467 698 763 948
901 756 917 914
308 71 909 438
817 955 951 998
551 867 759 997
430 724 762 777
253 457 764 890
758 57 793 521
274 199 745 312
815 955 862 993
607 193 794 882
5 253 408 398
778 643 782 949
619 340 970 351
20 422 692 564
468 611 881 842
299 130 830 229
506 65 612 598
168 773 285 803
164 469 567 823
867 949 917 970
454 984 472 993
419 47 445 381
38 995 507 996
325 738 878 787
573 740 760 869
891 813 906 920
737 633 802 758
507 896 532 915
333 41 539 522
311 607 633 719
969 704 986 982
541 636 780 668
918 570 941 732
32 394 410 755
657 260 779 931
641 483 811 831
129 171 505 881
103 884 708 964
548 165 936 598
25 248 685 531
544 540 797 639
940 794 956 891
54 326 799 395
750 965 973 971
140 79 187 233
691 251 715 550
291 58 411 900
537 634 699 817
809 35 894 931
528 2 645 870
298 114 476 979
292 647 856 894
489 985 651 997
567 670 971 692
754 396 965 681
435 593 857 716
203 225 559 834
307 680 419 817
875 496 989 798
604 870 702 937
925 920 979 997
290 299 972 740
185 330 501 832
21 804 73 995
748 926 806 974
278 678 582 706
106 576 863 933
145 543 916 954
378 296 931 630
323 374 956 607
804 520 832 809
454 925 659 926
523 863 694 871
746 846 746 884
727 194 919 823
156 924 474 936
422 815 440 866
234 152 355 162
600 583 922 765
719 976 733 981
218 470 574 490
845 718 945 975
291 551 606 690
761 202 985 745
622 234 998 944
224 92 459 216
710 275 746 585
271 1 368 443
743 72 844 183
31 515 298 662
770 420 992 889
327 705 640 746
268 123 405 994
693 195 814 859
229 939 906 984
916 997 928 999
451 394 731 766
503 645 982 982
551 344 851 539
131 862 448 989
64 31 361 184
793 420 813 662
670 935 938 947
300 222 494 264
442 209 908 314
802 736 846 748
985 244 997 768
825 198 917 926
195 770 587 925
129 324 233 417
70 789 845 975
482 840 702 862
918 823 985 919
599 216 629 615
693 372 778 567
778 806 999 888
706 288 773 684
562 597 895 881
493 599 961 743
353 125 461 880
873 720 962 854
945 973 950 976
541 681 640 841
907 725 911 915
75 141 764 417
841 978 987 983
647 99 857 759
710 636 963 859
683 485 718 686
672 139 685 346
541 459 807 508
996 790 998 942
280 6 931 65
136 651 882 813
444 312 776 807
936 82 994 594
562 687 627 720
462 720 723 729
526 81 598 392
987 776 989 824
414 50 552 759
284 22 982 938
13 815 601 815
435 78 670 834
407 542 871 611
38 605 937 675
497 260 901 733
694 986 962 996
75 22 667 398
967 625 999 672
88 674 511 947
600 614 638 888
267 162 691 436
699 979 762 979
213 302 996 372
438 263 680 355
394 674 608 904
35 394 96 742
573 789 711 898
373 148 556 168
275 679 483 689
431 54 888 522
994 501 997 947
137 47 414 701
870 508 927 581
99 750 778 962
848 865 982 890
462 613 979 898
671 880 705 951
916 248 979 509
890 10 994 730
709 841 873 912
70 330 701 690
290 282 442 522
618 356 618 889
573 258 766 974
843 804 864 886
969 955 970 989
561 867 698 973
253 752 469 922
203 473 314 668
283 271 311 422
475 364 551 417
582 886 948 944
385 631 586 662
378 991 981 994
67 945 424 989
990 479 997 902
492 731 938 757
432 274 969 843
70 912 475 971
28 515 460 806
91 778 690 941
475 675 740 851
907 832 926 876
587 4 590 111
185 938 826 975
191 672 303 770
370 317 884 978
762 470 943 539
212 133 877 253
323 661 591 854
737 304 786 688
707 791 859 862
553 238 787 946
119 31 138 458
737 351 913 985
465 758 754 918
167 482 587 852
749 161 914 428
951 550 985 934
721 866 963 973
373 914 626 949
144 564 155 645
394 809 625 880
348 655 761 891
590 923 650 931
473 583 547 878
553 98 971 574
373 971 658 992
49 561 760 769
564 794 989 829
937 892 952 965
891 522 893 848
509 64 742 168
702 596 810 797
687 851 936 977
83 654 115 936
446 713 985 910
134 725 797 742
261 867 638 929
752 35 880 50
250 421 463 481
153 13 936 88
967 963 967 998
709 812 739 838
863 972 942 990
25 628 204 988
646 907 771 964
88 994 877 994
315 779 408 983
398 676 772 804
826 716 860 786
848 272 851 272
599 74 878 626
19 28 721 618
288 214 453 322
423 530 573 907
788 28 993 177
343 1 760 559
256 648 311 874
606 785 946 931
946 216 978 365
484 449 490 866
958 460 993 970
733 902 934 968
856 314 895 977
352 524 893 848
833 70 960 478
506 205 530 559
130 566 635 762
458 250 529 372
297 664 330 785
720 563 881 617
266 362 832 854
907 319 989 512
594 781 965 885
570 2 827 316
514 384 813 909
359 172 486 476
232 104 603 498
993 250 993 659
330 518 559 561
202 709 230 780
662 791 933 793
126 579 984 824
216 553 298 650
746 248 921 798
746 391 989 549
746 683 989 699
876 449 949 741
771 980 899 986
418 484 977 601
285 81 631 958
446 182 453 253
545 945 902 947
726 690 790 990
102 294 253 960
143 54 885 134
907 527 999 971
302 990 410 992
235 855 246 919
933 420 980 983
276 715 771 925
308 877 995 904
78 711 386 968
197 413 197 507
396 685 494 842
29 111 969 740
772 422 874 917
188 939 196 975
469 541 476 645
866 154 962 979
529 330 983 853
144 162 281 382
704 401 982 484
200 620 637 730
163 115 808 837
119 281 899 851
281 244 712 910
386 433 571 841
872 968 905 978
752 420 794 830
140 239 973 800
81 174 145 649
221 212 225 801
249 61 710 751
387 879 939 962
751 116 986 619
742 470 846 832
733 778 758 905
658 835 933 884
365 258 634 625
234 524 946 875
424 969 830 969
306 93 515 964
46 572 570 792
560 418 715 651
325 39 718 506
957 794 994 814
632 837 633 922
735 375 885 525
110 134 493 453
488 290 1000 528
500 457 841 933
506 519 741 543
43 9 934 413
208 532 842 726
659 509 686 517
935 896 966 955
527 589 571 903
951 305 965 931
135 303 645 556
388 639 875 892
621 269 811 604
528 328 537 828
252 745 794 793
724 591 970 956
362 446 833 827
335 858 354 998
367 775 639 783
894 716 935 754
748 487 986 720
874 787 884 830
915 172 959 823
381 373 797 853
178 389 498 958
358 933 563 969
990 924 993 1000
714 473 997 611
662 675 863 884
477 817 838 936
344 509 946 958
440 751 474 886
408 329 906 936
902 734 931 921
703 220 811 644
310 886 410 974
509 152 713 400
677 213 872 744
391 721 681 787
823 338 838 920
754 806 791 866
269 506 345 703
282 328 693 350
245 971 864 998
407 724 970 886
587 115 607 644
261 64 530 461
847 833 944 955
444 981 895 987
484 734 853 925
143 17 808 261
670 86 903 190
867 622 887 672
639 818 736 864
664 708 881 765
124 315 981 454
807 932 910 940
53 599 125 762
121 262 260 312
899 192 984 340
8 86 801 626
441 85 860 753
169 793 812 815
252 274 773 693
965 514 974 908
809 269 849 965
90 308 736 610
104 826 222 938
143 731 469 759
565 513 883 653
867 854 944 906
356 741 685 836
398 538 801 772
166 241 682 319
915 573 931 967
826 488 837 916
303 253 785 711
36 119 674 400
823 487 892 874
480 560 770 800
378 857 914 980
457 142 502 310
54 166 224 732
29 603 239 863
983 395 996 451
394 604 458 693
873 215 941 955
339 489 757 824
55 614 316 952
567 543 575 680
615 220 862 374
619 968 810 996
225 788 283 803
328 396 936 633
37 291 756 642
327 150 782 154
773 381 803 924
675 830 706 911
525 641 566 867
982 926 983 941
160 207 975 395
378 730 914 864
431 242 591 966
312 979 751 995
236 476 818 697
145 818 231 818
77 576 690 593
385 605 998 621
117 693 259 758
834 93 992 499
957 223 967 975
663 23 746 816
980 889 986 937
403 264 785 621
824 258 994 915
99 45 122 687
788 725 999 843
687 838 824 858
314 280 877 460
57 657 786 915
192 73 720 241
576 582 768 944
291 405 942 992
502 689 565 917
434 582 663 992
390 493 829 876
455 553 457 824
993 127 995 283
937 898 951 953
117 40 297 810
117 515 519 878
819 873 881 903
85 413 776 546
962 426 978 846
910 837 965 848
145 656 801 976
99 476 139 596
640 676 790 848
893 951 911 959
179 995 397 997
97 939 317 967
882 778 990 789
385 621 907 899
470 632 494 836
425 802 552 853
692 289 804 926
908 812 950 860
714 162 792 947
743 456 916 595
498 762 930 866
406 206 541 912
939 955 988 969
952 141 955 233
284 618 303 971
890 799 892 961
644 605 934 898
348 751 498 799
264 796 618 805
59 370 427 588
426 395 460 953
790 376 797 795
990 357 996 972
463 343 979 747
58 734 457 920
146 848 399 1000
791 574 883 681
444 351 675 382
617 311 660 372
956 473 960 888
159 268 978 475
874 405 998 700
968 127 994 927
794 668 966 756
548 526 831 656
416 319 623 739
587 262 947 547
867 41 891 306
819 373 985 735
138 35 418 169
783 125 822 461
103 510 330 900
768 226 860 397
685 703 886 833
342 843 514 922
515 543 991 971
95 940 559 979
559 5 940 817
335 829 766 980
627 257 760 614
648 635 856 915
248 696 931 864
376 729 926 759
348 688 838 921
421 919 790 964
9 957 923 966
548 247 728 980
36 86 486 759
280 895 857 980
882 361 996 834
80 487 530 515
182 7 246 389
574 302 862 438
927 634 961 935
737 761 937 937
542 512 790 646
547 692 598 919
239 591 757 860
427 358 512 364
39 880 880 921
302 362 721 906
854 403 934 460
941 534 978 595
858 878 886 897
596 659 992 938
163 783 887 827
449 929 712 979
37 757 789 918
47 405 556 998
127 995 419 995
85 302 768 786
775 124 855 147
681 207 771 588
142 803 201 992
346 823 768 940
789 226 910 735
990 152 996 710
364 345 505 703
45 463 256 963
222 79 495 969
261 585 810 623
379 717 795 771
719 175 835 423
350 463 779 905
823 191 998 233
161 828 839 974
814 676 1000 820
440 330 787 377
639 734 755 898
120 574 317 853
534 708 603 858
652 276 898 566
603 424 957 944
355 500 554 728
856 729 995 919
361 475 433 908
345 247 673 766
240 837 794 978
869 432 995 886
267 640 350 768
816 575 900 693
728 191 787 881
7 823 106 904
568 56 683 173
462 966 678 1000
23 493 893 537
166 176 314 523
429 307 924 668
181 367 224 700
919 955 978 989
439 747 559 900
769 106 789 727
84 625 338 971
600 949 874 955
207 125 323 710
809 611 876 866
426 56 483 994
552 629 679 989
417 707 982 972
314 937 501 965
379 900 502 908
697 928 785 990
940 697 976 984
425 968 891 987
386 804 653 933
156 234 433 400
842 127 935 817
130 363 579 530
470 195 550 381
600 564 602 601
357 421 943 751
89 573 849 824
339 286 727 931
393 469 806 605
663 241 742 795
428 162 865 391
68 876 107 918
681 821 766 901
938 814 981 865
428 979 621 998
529 901 926 918
884 551 959 658
456 993 608 998
462 276 963 494
668 663 882 768
679 192 810 609
385 382 673 699
466 737 817 883
369 358 512 456
953 692 966 869
566 943 588 963
786 698 802 786
212 889 403 986
54 579 354 751
25 114 324 801
439 844 537 851
938 622 983 863
862 496 890 837
154 245 890 681
266 618 545 729
299 912 729 978
357 252 706 750
556 347 618 823
401 428 821 644
62 381 855 583
115 482 473 784
587 383 688 901
220 664 224 808
503 790 676 913
710 801 989 843
468 14 905 95
132 487 920 822
58 77 92 814
328 140 962 274
423 864 695 932
157 613 389 729
810 553 934 695
878 922 937 980
619 212 799 769
835 979 860 982
70 48 862 714
563 923 630 990
81 306 502 996
404 64 805 103
546 728 830 812
942 664 947 975
208 118 715 455
385 188 402 584
407 174 854 629
287 749 733 750
896 217 920 689
895 550 963 863
69 883 874 967
238 689 826 693
196 466 750 862
349 869 803 924
620 349 982 919
24 835 260 990
188 18 959 80
959 513 964 792
964 271 986 963
383 600 656 747
862 69 989 71
686 355 696 429
181 778 736 994
805 945 911 962
577 467 1000 558
311 68 659 315
411 233 639 358
512 591 795 615
830 800 912 971
663 15 741 565
56 243 444 296
656 289 666 495
53 707 576 971
919 814 1000 851
388 477 613 788
372 363 928 852
15 760 66 841
950 616 978 991
665 742 972 915
313 670 630 711
805 949 832 990
903 64 936 637
388 122 402 822
177 543 543 643
76 87 846 166
530 931 560 977
277 766 752 805
526 562 745 639
27 481 935 854
105 649 438 702
751 157 837 563
97 75 345 411
402 414 760 711
354 393 626 968
232 965 792 987
111 309 784 755
125 607 269 734
768 739 927 975
494 566 692 990
833 181 925 216
753 893 836 971
88 818 206 978
631 395 736 476
155 666 941 818
688 891 999 999
256 534 896 857
91 887 303 895
632 179 792 676
230 866 763 947
596 690 829 720
114 120 675 786
649 211 686 794
498 383 804 999
121 657 847 790
429 274 531 524
894 56 974 815
374 659 460 956
924 728 963 944
185 200 371 721
223 153 775 360
73 234 437 788
204 112 911 338
465 841 759 892
922 39 992 257
396 544 935 794
146 26 992 126
526 217 794 778
956 541 968 544
883 469 970 718
714 281 932 962
551 473 914 584
752 322 773 672
267 677 333 764
980 59 995 168
398 808 410 919
452 274 874 324
644 892 941 954
772 275 812 846
548 135 976 370
716 54 768 247
674 757 933 850
208 114 993 164
154 818 314 823
710 862 725 923
929 845 980 946
492 603 546 780
241 256 891 492
627 237 741 479
201 192 966 860
947 107 956 923
866 299 967 653
547 640 801 992
699 591 780 719
356 950 756 984
516 941 578 1000
388 379 869 569
457 920 590 987
309 377 631 680
823 598 962 944
95 919 496 942
582 749 994 949
766 749 895 934
512 607 667 922
532 287 775 497
872 711 884 793
385 218 705 914
764 654 951 686
178 935 990 947
406 216 900 923
674 480 919 859
959 159 966 204
857 926 985 984
134 307 795 771
197 752 635 752
201 317 851 850
55 3 878 958
639 1000 683 1000
349 539 673 704
137 52 360 84
335 66 526 474
828 915 897 995
573 189 780 296
376 720 664 780
980 145 989 633
881 336 882 724
39 41 664 956
681 57 861 810
289 677 701 988
115 43 884 968
120 599 677 601
534 908 550 935
611 334 767 360
52 735 224 911
321 416 498 609
416 968 915 975
158 453 488 704
104 390 824 749
708 731 991 949
20 669 621 717
306 128 851 907
302 495 404 837
945 710 975 847
394 6 575 73
5 730 226 902
978 233 978 890
74 823 521 844
104 123 331 883
386 383 942 728
959 954 984 963
932 886 1000 902
839 96 1000 845
582 427 990 994
31 382 494 947
228 813 301 885
231 707 545 732
734 311 822 387
275 891 762 947
513 795 594 929
259 776 773 854
897 38 920 339
277 29 764 897
423 828 920 890
314 307 341 726
516 45 700 697
403 241 807 833
592 442 726 797
516 614 814 957
364 725 381 762
412 125 935 340
623 116 686 151
570 446 892 548
960 313 986 892
675 128 875 892
42 783 457 949
525 394 840 950
634 129 786 222
529 655 705 821
991 562 994 597
262 787 383 902
523 971 912 985
256 233 961 455
975 15 992 470
378 174 590 378
947 281 999 402
831 43 833 651
553 614 912 914
140 673 677 879
231 432 856 717
462 287 583 313
988 310 994 939
457 296 750 436
223 570 252 864
784 59 880 768
162 468 187 717
816 421 879 427
350 136 768 200
42 716 801 889
6 295 945 850
457 205 471 844
632 303 898 783
164 661 485 877
600 811 986 861
906 638 997 992
700 336 854 638
988 526 989 803
708 442 761 968
687 608 783 681
445 195 809 329
653 51 927 184
871 1000 925 1000
130 410 236 690
940 212 952 832
246 683 607 836
420 256 424 642
155 939 569 992
186 149 510 335
220 295 669 719
128 33 229 308
9 103 769 626
611 700 705 855
642 743 814 930
729 526 813 582
306 184 404 233
821 712 920 731
730 174 809 188
489 786 714 839
139 231 176 571
184 971 445 996
368 551 861 763
58 202 314 355
986 735 988 886
371 583 505 674
637 520 884 716
828 535 962 850
67 535 963 593
96 821 485 941
862 586 870 639
12 236 282 855
545 625 582 953
75 922 767 925
519 462 607 723
96 777 694 989
32 419 67 811
250 291 588 546
627 533 651 916
440 737 966 796
449 23 638 69
782 8 784 416
1000 23 1000 821
826 867 961 968
272 892 908 971
238 782 649 946
86 276 520 923
141 52 347 581
377 494 994 624
113 132 160 446
944 441 968 760
835 966 994 978
6 450 882 740
313 544 564 558
437 559 829 650
403 914 720 996
516 724 650 801
186 942 1000 989
569 555 694 662
203 978 308 992
266 321 675 963
563 53 590 941
181 843 405 849
504 855 614 868
887 466 994 723
991 125 996 625
487 455 680 950
870 625 960 683
265 687 475 837
798 553 969 809
655 179 704 836
799 741 905 848
999 185 1000 376
