1000
147753833 19505317 755017513 434114680
388094374 239359632 616318183 572030165
213744987 20641743 253564048 618939723
317724254 701554509 369005105 804648939
465206498 742436148 474213995 853441665
28854047 453438819 826801668 546556494
623635583 948674468 649306156 991347752
891545453 97182583 943968813 892939706
472258474 554890568 973337574 797378355
625490197 108149616 703744425 269877063
906117787 305229114 968359361 677813758
76826895 748147021 682710378 921455385
137752580 814647541 727959185 930865297
943428716 848094180 991466179 968607702
878469061 39349063 986211318 236241715
302703281 680511161 356275229 887976765
61970708 783392772 261458142 815253950
166633769 994535207 778129097 994759669
456053475 850801078 915235128 897057104
247260083 235771612 380886109 543589071
513595711 838958005 626942605 945892154
929475010 710291303 997137714 791767501
91211293 94100989 636263374 622222104
927799193 625270893 952759666 937951399
160778372 401700131 187177329 698815327
49767128 732456074 628251536 827453797
881461955 664754149 910914630 963681999
785811530 651058416 917285186 752179569
820118363 571967110 972832523 809062866
283922632 776760364 429589931 893806023
221908144 909568346 870129162 936099701
298603221 430217437 943465311 875720282
52231128 813083233 639016572 850076100
608809307 530443338 697018369 755592439
100078882 923711603 246194616 957756347
753988303 250454779 796055363 572281117
617489272 773494922 897523581 816729051
666683051 780758457 935953665 833987931
535517567 208944137 577966667 698734678
825197968 279902145 866494109 995526630
477051605 490515670 948936094 558798425
814890909 544525727 962340359 972535657
365911023 253360215 443523000 564999121
853786871 31956189 908737936 935670706
500216476 479232549 883028103 801867343
839977504 499441112 917650884 551786653
890586773 648057149 927087482 807036929
998696513 218064153 998758207 347376637
666278960 293814262 893215080 651379677
229640150 406602767 924333018 878188424
465900057 840547830 507048786 916552416
21799964 626376484 316520569 712042823
192485765 338259434 345068230 821780187
820225939 882713310 908474568 938485533
283387045 581871164 723300600 626589871
691829668 465978768 895503791 836615410
334170260 550208119 712782550 725602382
105361537 680175950 981149544 921620198
18139502 12911212 360520345 739828774
572705930 462049237 998983524 507175841
960099592 804886109 974577790 956336350
683703460 219566868 725689489 835867977
601914416 308613002 821761865 776183166
823791225 337379774 899587539 970684310
520878647 975614130 895617302 995901653
521515622 107390476 801894933 628889398
105368791 551377888 272792436 753879368
380252327 801017154 450791175 984741638
696441714 412532049 804567179 648323231
898133912 653232634 972187223 655303644
988627859 998035505 994564796 998226118
947652056 788050315 972334407 924578649
34201160 826843624 980270825 986873170
165739208 67702945 773553258 745537648
551613162 159789891 760545692 961639048
132403536 296207077 598554126 797295452
577159307 930237822 953563405 933047723
467881594 457133022 523651150 833780975
22332729 501683435 150338469 663121542
27089895 615568119 803439207 895689379
659284213 707666198 668302158 849643173
128982192 184813268 546800604 268352023
252449769 143532804 253509691 373056963
651190794 857983472 727586534 885864319
633424577 37618966 962114557 879041428
251451028 592408232 463349319 795874468
925077307 426783494 998660748 506200084
635683612 704819897 755827337 968424700
14883654 550237143 529722923 806186728
649681701 839381172 864119180 845296050
357771937 986015083 931100681 987863482
872045076 49459833 972500110 603795900
59904170 322741800 253248634 360712031
213008938 14552463 482500700 412701576
81017144 977702960 921553268 993560380
856655716 410982348 878711980 503141998
254732543 988866443 403352643 991944900
268341272 268823677 716226876 408507245
52522811 744485539 369483995 934416565
912507082 829487463 980999104 906290574
23370147 274784675 237982284 472869473
453636470 149876512 672838947 736341565
378307797 251434972 729285897 494668140
634644940 28371943 734709916 996284985
562993003 599166910 842211851 845873734
468625893 338011957 475690558 623597016
848422948 509048431 866833490 835479729
370171906 25719451 627171217 780865973
743230474 303267096 779176525 361223258
669561605 630048858 820075438 942719285
600640233 6245006 616616721 921696164
590020917 722353824 748581920 892073994
461851291 151691301 727357057 715936242
847247835 878302614 911033907 983946833
169730280 118641043 645123759 659649788
602641747 749004334 790529542 859087220
147698171 283940990 431418094 558533892
713042879 89966173 815991909 226558803
59204949 721217210 289928526 925836321
954815745 360503267 988768453 468741530
777202974 120090466 983014115 408805462
984049497 525531651 991632642 830429281
4178775 667252089 288392970 736342023
794292133 396735039 811270834 664313054
636468447 132671952 910703171 862979975
742588491 250669790 845436124 289206288
32026107 58846724 92871495 290776463
538820359 18005644 577563357 892368239
435874159 250736941 462805656 993108328
882677914 32651385 997024165 400879337
800500090 185577682 869245096 760006920
3752648 128045582 793784503 422227470
664126331 314069040 922475300 602106896
157980194 364796124 830004474 943346371
1873234 277511875 299486905 891826978
681728543 912056515 825957214 950216002
439855058 538475556 642428988 960338267
650522162 459644821 884274412 913368329
476627266 781087298 886170894 860845758
219000561 969899341 407111547 990399635
621542247 162144901 763454984 180423465
49108329 586898975 669851403 772611306
848522371 172789274 855001203 253443914
607593966 342641585 832058269 568614847
741482504 845394940 770766380 998483690
131474174 79987013 743686861 272692817
433978620 267598110 906262999 953925127
296506732 187414797 969542571 264835966
443205034 237084087 970029843 713282806
317805234 853019197 749706061 859357655
14237998 468130349 900460009 666296392
679195969 700018235 811587901 733933460
460442808 842599782 789393564 970683240
328709072 201100630 920608685 982813385
591781879 627006305 764504787 866346808
856978368 962644123 949729656 974621615
562687942 655051295 576807496 849108155
358042575 664640849 995217378 837999440
94480947 223662044 646762179 804872636
939120749 914964531 941611097 974350524
197528218 809346321 667724238 974398469
608102894 693796703 973335719 769462943
279982427 502035681 469321455 690454344
193841649 20507376 316983724 840364858
985897046 462530791 990376741 816526672
705209214 121272781 911853720 422665267
410566078 389321808 760730277 928375083
226595622 412784489 361745243 623849297
577475143 45542351 974947917 657005783
685279126 489928976 854514977 633764885
290323261 879719675 391057273 993488692
739821422 431099920 953731022 650985300
722938630 399829739 728952945 737579362
226323869 476919291 468713309 616781530
560469514 71841881 812072944 137221486
442617818 473036340 830763947 906360951
651405262 493297280 867135992 561414737
956490003 678432175 978413887 683925026
954730905 489713936 957372764 529600167
913083419 520034720 964871705 809523989
240643111 874039710 929739068 913084882
988879464 861315281 992546508 993624670
522822154 888184920 938538121 947733574
963849104 255062156 976527472 408675086
100515224 956486651 751006778 971740787
771853787 787194311 912601153 884463357
872775759 283762202 953270709 961011401
713341382 165451293 838316883 536477137
770948825 887722723 975559737 928033792
544161624 625124414 968544763 775835061
559716739 452368774 598304981 512811725
810255226 580744811 958223702 598427453
256809412 911275646 535906298 972379657
661575231 154509330 833322999 630003327
902925355 717699018 908771825 785165944
5667633 658539459 738500235 885176569
740218315 716790705 891039185 900182846
214539754 320936708 765544592 392142577
374111140 182869468 954818064 923717099
960208495 912783919 987921175 914980593
756905084 425853942 976748070 569474470
898332849 50255025 993998083 178093675
547923565 453620916 883198201 583878347
338673239 209111571 927843390 799773524
380339486 597231246 985129722 796613940
552152027 489966613 555597010 862176487
714125083 642189493 906587156 919164705
192965241 606759446 824221956 676932457
64177857 333410299 926595446 983763774
942803179 456075623 988825965 762339319
468036295 149536202 649492087 841549168
718799330 496234774 903621435 742711844
282019922 106727010 923599322 437145950
572304548 758472625 953019442 858493123
230949889 519646937 964700905 934415805
507844172 803753534 520920451 995418180
424154020 159471826 707751605 236635269
266146784 779308133 740882004 818477261
530402681 530894914 808446619 578256461
477901263 138888333 667292527 293251876
96770773 536383661 657662867 640304163
721884321 977519776 909117485 981433620
911575898 585789477 995013637 863701443
690436556 257971059 815197786 331077347
658462736 430653234 914652114 463408501
533522758 501581602 921667923 817337387
669647337 849881773 998362035 872353176
872537849 327954769 928731087 766619889
744934662 835675426 907514392 860530894
238346377 428639359 471953937 672965776
755478133 479268584 917406136 637190155
794873983 145271789 802755650 287530085
475328363 28545619 916415218 113850585
519959069 457023938 965444341 485222804
629033052 861381931 700856405 985042088
540897819 237391483 723844352 865464638
652261435 672178436 697878405 679487260
91205108 206074760 605171876 466159631
967392858 121690009 985197034 942495347
601499926 500394747 846217467 738861380
280342749 554454819 591534114 996042728
903298599 275753784 919411538 747289602
905863281 562045175 995462962 877654743
429929387 104943062 725303132 241616423
290449358 530205403 429082399 732439335
753127109 290118308 888801465 804934025
916174628 676362696 999150923 893057303
462140273 527814918 835696234 536557398
838314279 746165575 927417557 811887664
917351426 945630421 927909288 978383637
731961327 645962714 981711559 686163127
904983877 932471632 984758032 947970888
565637969 195744174 946024943 885265726
541270029 294559710 859332521 636836244
153712516 473669806 418410361 822903033
795630111 298031207 949542701 352042325
431333803 550031061 979597764 757990023
774868732 551000358 801643129 699691328
366116420 335319315 534554711 891668008
677099554 501669609 992882653 620907523
962511716 525522663 987826552 679886138
179987227 120127451 549121203 278195908
457800373 776294245 726327401 930476888
977627665 327389289 998901341 953798568
637621727 519514724 680394078 633819349
185009762 790741184 682834938 911304340
844118473 876429449 882992592 935758930
695951291 515736291 902625321 690911448
350087126 538438208 546419080 541478380
328559702 965468424 707096399 995212934
932993130 730997716 979747740 804328051
700804567 912543525 855908974 926478946
30274561 226375079 645291434 922766821
856750320 176879949 974832097 181011612
428120821 728832886 773038592 741055168
324133027 419014114 950487851 651396362
135163722 427978024 752698477 880881055
174471336 532165238 377906912 963298960
725527590 505825014 894689329 515524517
547867200 253594660 831433538 390276417
221980833 792364205 409742940 918223278
564228742 843271599 681298331 947710409
502481140 724178955 955954633 774206164
189503619 67437130 974054535 623887674
443765867 27882977 596360139 863485893
812343 883476921 404310030 958749079
599164424 686713482 737210586 956970401
278087582 97777478 906727110 774128814
407507327 493795277 956367578 749210874
656089516 32084804 731406648 139982306
721121764 130705940 806251403 357186244
719095231 937058219 837676382 980595530
357672325 669734840 659773679 917436880
96521335 254358890 942766381 383920189
477016914 237987485 601628867 882102044
476438195 335394195 944538325 869864323
882422127 33181615 983060626 568426963
157439223 343732307 999130105 401903088
249565105 222038892 446139254 456231849
392741278 536389335 893138355 823643642
161393901 408495536 749162102 469168115
889059642 987381662 994136947 991420993
850847006 577327734 913058971 702903093
494453358 593686439 891615977 735626777
265570954 372596330 596254021 717336472
493283237 260961822 628298039 952220703
414540451 59342644 450706267 900526936
911961464 415294865 959159145 565727314
255412992 554794028 880086491 943003692
495490477 20443476 661298395 603424841
627061858 18016366 692433908 197835492
361262851 643263372 852837106 910148573
728360173 862522653 870450991 919075711
416984546 869156922 522515143 936977235
390853101 80464887 552955222 599378632
738160149 983489562 807610419 989434589
145149191 307158575 937606566 309682228
597702994 582764178 810831302 845780295
233638880 635114146 887127231 704320954
436922260 733613595 910284328 988992405
90843278 5862106 173855356 74334729
355979065 656780319 387466580 963060498
817048774 45358652 931192786 888993046
939799351 803860350 994005282 991709858
192544313 334434953 737374844 753268817
894549478 317464636 932205613 458992542
197905980 875207586 978896545 994568025
26584096 935170121 665036720 946506609
162307525 966625278 691562957 982151027
169585541 539113746 757060721 546393912
915975353 708691543 937144418 793534846
202157613 124623256 607265845 608003977
925556246 533713763 926954213 915850370
94137609 697284490 991142947 779505782
967984798 906400723 975151135 920788013
418509937 760253957 948325183 765810195
206854878 525645630 925309311 974209365
748596821 579818749 856940209 607058607
228912840 150439527 665128337 517163823
491994314 547345833 928669430 666572452
90117648 724818196 475308454 966103326
713805871 408511409 781554759 905529550
934090497 518595476 996466912 670091045
862751757 465111506 912647652 965126586
722431627 393916757 917088444 547016526
666781084 21477401 754650786 336798996
596990304 830526367 833250933 849771735
450583282 231586538 872558887 876636906
631628205 979912102 918532394 991961736
560788120 738060365 663584125 901981387
873686798 167708593 885240831 288080570
944249765 620541946 976238196 747423471
77805158 879368755 189347228 917637746
580549640 173584943 897639970 909968739
792047245 527378214 902265928 886101804
570172429 724484875 948506033 894481596
713895089 592413302 944887131 634661237
180372272 163989875 184394027 950097436
686957787 755483292 731310149 962508274
561779736 721439499 715082062 896851863
10023126 967934944 833632193 968960383
850464991 954277640 924700048 969752589
328237066 237700905 911777792 591255435
681929371 24755674 953373918 565093245
426772943 621055669 754364427 741303574
374359439 911077379 971924979 966850858
846477599 265265750 970006323 759082927
682825387 127040398 690120742 552387019
843805389 731159723 881834266 835666918
632787896 718282443 933030880 759648984
669541761 215298415 698582570 627744412
247502975 41487691 932821519 611138808
828872515 379189783 996739062 702464799
340192838 649847273 384856716 966921054
931324188 397958896 994918598 770882505
299483421 980510192 327138158 985430984
183639722 833811415 809436141 923922935
35607323 781158192 513153905 934962134
859837671 296299288 991551603 958282946
830464208 514523500 881425359 847078455
257411162 297670660 962705355 308306664
714461947 536513600 821937131 858223760
133412026 436479047 783353096 644990146
239160157 723630535 968204147 764104363
894476064 978361930 915323310 997260915
481585066 606392641 677872493 629687948
316054546 886445270 811275467 936903983
239484486 982789601 521420439 988181206
197527740 566042455 293199044 718166612
213156026 893705735 590266700 973120863
870236505 575069620 948145103 656675631
436941611 381762012 705529193 763009921
972001131 777480111 986256356 976837917
941143101 913160108 980362199 999223634
727907459 378987963 888722423 557188413
289779831 723134697 372930488 879472708
267679846 323904 482907000 779008174
377959477 868494462 392506529 921415245
937855494 40317394 978014677 266887411
69953195 443764444 185157475 654356848
105212839 915805253 895070523 955966984
339900380 413269592 640800694 462212644
558695874 660539228 862376962 885964708
311377680 930013346 517847978 973953360
736476207 340062212 844627235 565397742
987524609 658239569 990842008 915789164
536580873 743817061 931062156 785443652
539953212 764607885 872149694 938776569
183161626 441235967 805618578 660449299
801373318 583162299 937081414 782200536
383998174 28518014 505143576 634479617
841460374 154327211 900204662 735932697
700920496 599275640 887064260 958211503
723856139 448710339 936089623 540826768
111803647 994245865 459388526 999665271
370643682 628872620 849792480 798276486
78201712 441295661 253364708 891623843
834156693 355301967 983107521 392579245
78093450 579470867 244074066 862700855
184347662 505485070 998782250 985081937
392226789 683262864 744728786 937144833
809450097 935095606 959889610 948031480
471742656 29510804 494026212 165390589
466705757 634728070 795216328 999496398
535956806 59841704 714104198 369501112
880083323 209658100 934975041 428259499
992603789 207409637 999608752 635701885
384071471 499044290 556477643 774370786
866111937 145041023 892768219 147434633
85596273 426583944 913136477 630690619
58608480 906034653 455577373 933754933
815947185 254314246 826192371 598210604
533319927 458518778 866352348 707358932
545286011 905945414 793821522 929780345
675907217 624768942 958293326 916300896
330635234 791812253 519851119 835554862
401783769 11302531 595336962 255880993
755395292 83888804 954891109 409875636
183428226 527517290 622181729 790797292
682629082 288073383 912247117 640358399
888802576 53802588 994425433 328280542
758449517 888485649 864709953 982059301
916428977 749214075 996348614 939021467
864542899 356144478 989851371 781160034
243133443 342660643 844483440 425895274
904914429 285057525 931531738 794477877
633896163 664253452 985653411 696680311
656087066 958868097 939457738 959554845
970352781 964913333 984459829 988519651
267773034 33962139 833088128 833013834
937919439 934540082 964884616 954808442
520922353 256423581 783743538 543287713
632418968 362690218 930640861 811327560
391385738 35412843 718356139 550716342
622801524 969591345 716242966 997265137
669704439 706565107 853023578 791688216
162336396 828265207 669891844 871481605
938707653 908598698 989193203 942860100
680122478 887119448 984632847 895403096
973984910 754364005 995997535 931130686
23043121 403240983 38054168 723095197
234329172 499664059 620931922 746540321
706931023 567158252 908962550 957473043
227052059 361283831 663884298 797793982
877665844 259257615 891826564 997719657
602095897 955188525 898985179 996315730
863607936 370636090 882153549 809481041
142471007 986131664 938146744 988572413
653404313 398377594 970981370 649365755
453090271 527350162 700348113 545275495
813109705 541715693 862558179 936054336
334138710 826056190 536351637 922350169
493809229 62034649 593130981 683820950
585690655 247311355 679441159 980242659
505527738 324442859 672345934 915483581
545811195 323918006 926210345 832748720
358764107 483024020 818556024 923157639
606616499 105184697 663548012 974526683
700329314 43473626 777387784 682293422
667385142 480454218 911445448 804583809
806202216 482735622 938031992 799056038
801638858 367032116 872791986 474706947
419105226 672520834 822383434 863183044
677537941 830862027 743199275 836640248
418005059 275372032 814584188 781176319
604468111 370261551 672976601 481363049
76671810 538994870 990669887 719773331
709568473 399689701 801719282 500049246
248209264 228295064 635338026 608543575
263922662 129495065 368472031 789894700
530401617 79604149 941677413 216883845
301599568 952640503 924723669 999052214
643032093 973786944 896188081 976224939
963527898 575416067 995204389 646571770
819001159 416100248 988729817 823465741
234494471 443297013 654548734 468090905
826165479 66038416 921929934 643564188
569641078 776612447 739923858 879099199
668338450 218234559 869323530 498006420
764592032 113373879 775931977 419941596
430724059 753136842 689877406 918807230
829428343 674077210 990087006 728435832
88975533 174109689 997747915 514075409
203047331 969689520 439247357 991139916
845476118 836095317 964347007 950101493
814723788 94841400 901876838 270078435
989688764 422756331 990467482 426546529
187710717 782949887 700654776 848791252
647050071 715822033 775843385 791928807
836170175 523933172 848225976 912779032
575034011 191855908 647574693 973149779
674739474 381990455 847508491 954787223
425182203 643383863 722466882 774142685
580232192 447126764 731391284 693485123
794367684 198759382 935968866 392021798
853181382 753730933 889441190 775018040
456075996 384339230 487632573 561574615
331040954 618639665 534083420 802369799
811443098 548424779 862556703 549340580
981081549 911763084 998264143 992568685
331210718 697825756 758060447 993621517
747381991 352259739 866740932 493805950
581833507 932185221 905547829 994107301
75420920 73200765 458165728 617017233
411096077 695980825 659611496 848514644
396693486 700787327 808755089 937422853
216762718 184477542 231243294 779421865
468009612 669061778 611015276 762946036
858441251 740581800 917655193 922085972
290215819 631120343 331374519 652780297
219073613 508268552 612758365 934205971
676946481 763804035 844912909 953752663
890844017 972929070 954930929 987807502
65408477 768831164 201656025 911964140
523891889 113828231 664158619 925880778
328931070 354735555 429369142 852367205
297093925 565502732 699140512 660151811
786436106 925161552 936810428 946736899
657557067 283304625 734477245 835334116
794921871 966276384 992428656 971275294
585753047 991528411 807438246 993845011
534709502 290201229 880503900 501507131
170992528 852296013 326006260 959344823
727146273 230844499 905127231 312868806
454964436 22814821 892867303 577805974
645156956 352374871 651489959 993494061
226209914 572461680 674039433 675655484
727959399 941508114 872291189 992469861
534556785 594226283 866423744 906106643
281845834 430688619 505527151 978771176
788908747 469434216 865325333 548525464
24159448 480219346 790319996 784509217
401541917 506689513 430790297 754891088
966070034 823900871 968194933 926411338
362924684 365985819 931723092 574977935
312063355 92261720 694651939 406086925
796058313 268144261 980944058 303282372
953047924 248605352 969154879 950550965
380034641 923983199 586784876 980214588
987077070 604480014 993617806 970060953
91276340 900547927 429709921 995041663
171726017 176928720 183792495 970977912
591156360 489328175 852746284 598574202
320899982 187106971 487636871 231995162
153529256 527906415 611444665 698246674
803562503 463281962 936769176 934153684
871549394 655685849 989258459 946761013
167881078 825343701 935790477 917104695
911192901 743560817 986405887 756113855
935973474 501908244 944169095 831346914
881462119 364592208 902395397 383631204
832570116 199040360 841276328 518035018
716256708 857828800 787805199 993976250
267532845 790490911 740060457 820865641
15505921 223661720 111081558 738199819
923471961 46527908 992183684 962846589
994869615 184400252 997230407 226532885
664493372 454931518 684370868 460712757
725077182 372990107 728007338 501367526
96967251 896524607 139610054 937777722
740453257 554421589 900172172 819279293
532212437 886072249 973924305 912348432
406261491 255112146 496127999 461721537
193838452 977181952 523447114 985537325
587427202 195967000 697631040 369001366
683209412 197215113 712701913 865853506
739844809 590286361 744973905 950589012
975892234 235484945 983469589 844791537
672196639 586071690 734454319 990061537
179687024 212938967 783861717 798610209
862535660 58218693 896780769 818557585
879775485 975203149 939604464 984112255
471918962 413626443 848803221 421904601
594718196 222019960 681636372 671352762
411506579 827498144 833387572 837878712
618101621 421544416 675855486 979032625
460414390 204499089 472758521 843622643
395953432 471502927 664271127 540011406
980299661 418724269 982763008 786164859
57815658 398556901 144365949 937866431
154063953 148078729 323065798 816478108
893045900 993342337 988400932 995154809
127101926 384192035 602789249 635728687
995507383 466686736 996602734 974453808
230746214 396644701 357476919 603877521
442053420 659974555 516720898 966997829
111974172 76115804 864961541 634908691
330398047 999169850 709663121 999829516
927624825 369070554 997787823 389480355
796552001 738156243 875419276 758058434
738285441 930672274 896020233 930741350
889909445 127636386 966593482 859902046
950892740 963648130 992173654 988684255
210577278 951951881 257729343 990871326
978458241 147322449 996864408 151890896
122736182 373725656 594897750 762629498
218777675 763351175 405496726 901135742
95957566 851008862 814616630 989050123
295234537 106248660 512416432 551333348
35992228 893431891 144365535 932673718
86968368 955574275 650973627 974980204
342771038 275721458 511861619 925474579
3241977 859735172 781240598 976363334
310570714 786528506 988883307 886171926
536837162 272462073 925488958 539567442
782352150 588182732 890198455 991295376
312659923 638289758 844134284 722812458
762301354 615129052 970306203 617897421
196408966 691461188 929086833 777433911
148750296 656439023 646624381 711141747
375564189 878846636 936387194 987155599
156657890 945166957 356965969 968280949
69974331 132488912 235265840 651544970
747142625 740269891 807995187 981534650
611925771 275409950 948524280 721697568
73884785 377642953 571528714 897974850
875885086 607219955 957646201 799222352
582863749 72381482 824786942 182649926
126070952 470703692 812524591 544383757
805649250 469518002 841221938 554967003
18627102 57279090 804229628 215594673
328523419 990077919 918117593 993760373
646702872 710546229 837552092 916911485
691114142 901743337 760294604 945346534
739499175 22149448 808347099 543509678
599027670 189580784 610717247 872982480
820999264 372313353 905410618 523224312
352460183 357807812 616328480 441936943
83703440 541373959 167586083 607532809
238902254 535043608 939834316 977390423
323608904 363053583 769621832 435246678
513296276 339123391 772773710 532583000
771733089 190845587 841770781 945532290
710979021 312580641 940224184 448289231
804213758 918735472 821697573 941690636
893619287 700175037 903955855 879203069
634275004 318210700 662860757 937802412
445793953 296608483 457852461 566391347
276121239 168881136 880332195 178502748
457940827 404741323 948253268 722037792
750935461 994491893 904186186 995186587
118088350 118386936 368568270 408949272
433508618 436956227 479352360 679376120
261089209 834006045 372759714 965282089
761571819 15427557 811773198 618534516
921923380 453609833 950996484 642066964
685503180 145597888 749683609 369325578
188959731 693842276 847881063 769264588
466648225 510765579 811950665 511732660
860899228 286779726 894580098 586938695
536418154 236358894 623794311 863676831
720850424 443299486 812433673 860515338
583461980 712148497 745231243 840576589
400180222 192240563 789505440 865181178
350639918 659308418 671076180 859708306
607860038 106069177 979115377 952612805
639257157 568533072 709420128 952934745
263769355 419559848 428339247 692308426
830521106 261683173 928194537 811567830
163846850 173456106 333399412 186432789
563785251 141977476 969345759 767008088
669856986 607858923 797510204 869187039
982364421 288714252 994364980 401741081
642349775 436353074 773680738 891179322
366730025 598601083 818694301 657676242
122729983 600626342 726167862 809160631
501847506 134666778 505940518 483910721
995019957 418017480 997898302 940555229
56232013 535397655 208281893 849346400
699042087 569749852 842994719 845550232
848138757 160584964 970223581 867433288
407216288 79368788 702685450 680575093
887069019 961694768 984535885 987008500
792877976 482651682 895152433 843174954
364257308 155031076 943150420 462263225
64866109 964802158 165207962 991445143
424247569 789986817 703528879 945408558
837084723 319369692 860517743 904892749
41162755 118146566 498935299 882192670
935974365 984242455 950827021 998725160
471995384 733058841 654637219 840986952
600380468 698673098 665736086 709925029
160838285 404154338 958617043 965257313
140222200 435789906 242940110 515514107
612950048 952226468 697326641 959482983
350449640 108124612 790172180 435757383
567675381 675020899 877271602 814876233
399691019 557620195 703303508 639292555
568499700 932079475 811018687 951201181
404147993 344390728 793981853 767036744
871447193 109364550 991826928 571145803
39668757 724977509 436710203 751510003
84325202 565974542 302146915 710754018
525014754 99563240 884566519 525970665
743736458 98995784 793920375 153153105
22661130 154470491 308014873 363162264
189180154 216088089 615206567 926254343
88721037 181210890 669301448 638390253
667048423 716533269 816458856 861037794
972448185 449371790 978737179 575464281
674991366 59442177 923992422 956206997
556196780 916537509 994535246 942062915
91232650 932262321 811310762 998082336
608644978 805086166 940284727 909078707
854301465 314662940 914328196 466504178
281494386 603539756 931275683 850928467
97376710 270743277 721454657 903484108
419706393 922482796 689763194 953755031
753243606 90102748 760307676 221585576
588848432 641223185 643300920 661592190
245446011 751427606 761912550 975252592
579064509 555511587 862511290 781404773
551727693 325378824 735708415 704635330
853316339 718688839 958447458 765851702
659461762 249780529 859437351 487830865
559509639 9284212 681247329 146949796
129081070 175260666 256615813 278976187
312367877 470426737 352646289 489664504
655881845 876171006 705163513 940004188
340720448 162237155 924694356 443481981
520850832 541220562 803225720 892775192
86300563 12429614 708809065 929070626
344274906 299364751 575456353 699347449
869684794 762569744 938428679 917179576
127105263 459976066 535775980 518210996
872779969 108575373 889688785 862189903
371328130 818618544 424103546 937644442
731797403 612454482 876423573 618880604
53354304 339062246 831509659 747743533
647745231 104070142 939977363 509418135
399491126 129945889 918918857 286938301
673013771 180872657 815513002 335668131
233244461 62691078 391649927 821144210
472099283 302395437 487796648 655884010
326874465 462300059 492955512 844448676
758966605 180940071 975471712 712039523
905454608 241928983 995550226 587471643
406726476 498507361 977745152 831867507
576405325 207217041 841365199 510039401
945194615 651956503 973921248 881276111
31965886 368090718 416722001 753635875
560583129 621287018 881141065 830547691
574509211 325146351 720124816 393476424
900693843 526317261 937144443 727026961
355774673 822112671 705605022 855486691
974036596 650628145 981364402 778338250
935262842 341338394 936467761 854844390
863974684 145992389 996367852 504045377
592338469 689351021 731599705 823531114
338844532 547790810 453608276 634268774
409069134 547177897 671553526 587096507
327734717 110378439 850322660 794516491
919555744 507672719 949314276 802869478
52055111 495704727 309700060 615872366
651335979 77457028 810134747 692470877
375614744 133519249 780104507 643050032
433793776 128285589 503534479 435674872
313646039 972167104 758483945 997156639
287912127 486926746 532265107 625192041
521928914 106845657 732439202 439132006
809865220 104841539 957968147 487696412
336401881 465653739 700460215 494030524
510978478 583828566 835393860 785062339
90901550 882452454 602173929 963037240
986900485 39340913 992519691 819272557
910741380 436490659 914008028 583725010
612416635 987130899 906052087 992654530
381156534 446634093 776497139 577512007
774446095 491370133 886829293 706790893
485890866 587091467 605914922 664932654
579508404 842572300 860405645 849707568
181781845 183156026 513680473 880109215
576925561 209567692 667617276 544063733
272784943 828982546 808824087 878035835
785585946 71031346 851222607 283211371
295583506 632052470 867389191 850910929
683574353 212954534 820201066 323465522
196952820 277920036 836784461 542908080
826073073 927317440 957608157 958535846
473079541 637542708 963113709 761120476
786425940 251750313 885353527 582814823
352626117 624005712 809030954 671671407
115261580 536917255 299529839 883390785
312733116 519255898 957708815 641384910
520922267 189107140 753073509 327602281
679408038 942984896 952806468 962925595
461859625 561730023 477042719 660375317
539765145 96536116 928909271 839412767
432960436 937936064 502974947 997808737
64076161 532045775 333528139 912255971
608533301 195647203 923111236 996092465
314264602 327936699 751670682 873373575
887490239 243097070 921585159 844061355
305329026 828130860 496210435 952414965
225934272 354064750 415335546 968013104
632591593 902065120 694737764 927406512
462106942 767644678 580852163 778538703
408130911 499781280 533093546 905637938
23362132 497797114 576758485 940636538
668222577 276286117 785512496 976970454
934126298 525990441 958485689 796978343
709314899 786549932 880253914 832576194
133515722 227871504 491072050 342913939
153527906 434077663 468909247 535696320
671300431 952709667 837393196 978152365
687454357 20328224 999851456 370970118
743082375 190374202 965544041 969076439
77427490 76305277 128436427 668698235
261194642 528499395 874823621 643836107
498211986 771204963 540192328 924215168
74334025 203989192 112178543 497109072
222448922 75912637 377317955 176191765
55640558 597223778 712739473 735226787
630058491 731782021 900460686 732846499
412078504 770120528 476084052 927187863
921819124 55897346 967874868 871076915
647490516 530596949 713874417 878562966
175522716 367908071 556423632 879272070
608892350 307272095 628594361 327215402
109650889 429277980 290283793 931863952
368176086 720484139 478802503 824116894
649250103 441486868 772535530 451172161
511761234 114283001 599038620 274223109
821574648 745076825 827538821 973683459
531018259 792880120 773662525 954380519
471606459 380371872 487491152 514375609
817685754 828207759 869701677 966601168
202170445 987319764 841997327 990271596
393550426 629957330 731689660 757422403
95751455 424414745 833051358 609601248
471281175 601752229 515798810 835580450
989141048 973890170 999626975 976463374
577695632 280305157 890855808 355846108
101558685 409828284 995045186 636463087
610068932 769759636 876001831 805654638
326328984 417131634 582646782 926953946
178595071 215121550 206133569 704467304
533031389 929987826 553730410 968780424
703133247 654879066 914997725 986072699
623099612 643602171 625952875 886146573
338881433 426916925 759827752 973682955
637374482 810380602 650063807 860650862
278260523 638215339 540810879 938374856
817192830 281353322 993638802 805312817
812581187 980494396 916937594 987400848
953376310 606747887 972982244 902739407
978029820 113618387 998154428 741922867
628825717 903142788 984292063 956459729
932348584 868752906 977774957 909346824
228882062 793915060 597426318 828592750
747878877 555960818 921360521 735715316
377321931 854255354 866381476 942058508
394855263 713412664 775123740 780522526
695984139 750759070 907049976 981661542
962162566 93291964 991495659 586271997
931155904 797317996 945850964 966140494
911320317 309850581 992919303 338298376
194081963 452602260 887633222 782497449
220135809 376482144 760078423 588481129
797010613 927612573 883411985 963262998
170754556 122076722 811917155 447254151
427216488 613674314 965065526 894482792
574825276 555702484 871030494 657922167
602031878 35442731 651319150 638023702
586719692 712843236 703152433 990710442
744634312 838022903 943711841 847637142
526252675 916725007 526266262 954508387
357927287 598191515 707895248 942297545
513240933 108626288 541963259 198212396
206481080 753439071 789104509 834657672
977028956 699809716 980034009 712943938
482810903 640341284 525299443 706272975
779603812 173797118 976588723 365355968
492891980 164065738 655936051 566830653
824532286 789895063 889387552 967422960
836063341 850680066 926185302 896810667
602831470 244548974 930534208 418771373
468565180 660032192 546949277 683889242
466481179 998554042 892075859 999030093
988471379 197071073 993915317 314833196
675066239 724686057 801289698 770858167
742982735 811523516 958976419 851320289
493329894 951288742 772334697 992178970
185207207 623326164 484680391 777380681
929765911 501553629 935624765 521888239
890196050 745384274 963362739 907175797
6232259 131489971 823127003 525902294
87704511 820088060 458580423 992588925
643596218 864239991 713091082 873249957
132874450 90532193 886813455 123742812
486358805 758779938 754275222 953122724
195245148 532437807 351509758 871084568
316755315 955217254 672405181 974133346
51831842 77986953 170196429 216221417
783354501 930778403 898095331 954231293
248288947 794122085 485586004 815134063
187308981 77859255 980383415 665486293
762248756 224324497 963794335 880617098
298237301 669087034 946063550 820667861
764117710 957029161 943000025 989014438
978556318 782651254 982273980 950721683
280580293 948559445 453372885 966199771
78437106 807006484 107549134 978983333
24263258 275050592 160043174 432906278
140850114 562332780 294779125 611325581
645020999 98615188 900182832 167543425
467185182 394125651 560730715 465399571
435410877 770638086 900885070 956043792
790996342 261756757 822553579 985012738
892410441 290167878 896428052 632079259
333021066 202221909 516955570 844032032
577321522 343300396 581593836 383956753
873497750 2901646 942497796 610213328
110276804 592016251 727546311 996607670
854601822 160235515 979679910 371507394
212799 94237997 929653702 356990359
754939184 927887817 792897522 977610131
361098023 641744534 700761646 812041163
136651672 150698235 403353390 203854438
329511889 641773452 650585574 854475738
178891300 114438962 940538765 319708635
814482973 819746632 827838959 992581494
211781187 906236067 395553348 977478099
719427718 767404349 740991892 810351731
687300556 649223001 963534891 658747613
3331708 235106820 497925943 528584117
731091507 37795223 901006116 947648648
887918024 921636211 987662246 938490312
869330643 41351830 909998055 274577416
164747820 788818656 287540575 890806596
300095052 193821258 367894526 977363638
910476532 530152488 940809565 635725547
356616630 795589246 751127077 986633015
576108352 930253162 996019360 941707770
925742871 677023679 930997602 749162466
691843208 251522617 782266523 337884874
150971289 916076386 925005649 999218003
832054690 959537356 900402511 983486845
217192637 112436682 282388723 452071770
483031141 488663975 764449662 683595909
365298200 876425808 400946850 947285512
419163795 532704505 489512014 748316403
920218586 304809996 973739113 610885841
940028306 902895539 974847775 998653840
170888586 540034987 387111244 623785917
486708333 583414930 893408485 776672054
565616381 135540536 594362048 918090665
189312159 403597367 380695975 420268686
615852095 277708393 970282970 672458601
851859056 215892108 938450908 453623176
134103107 917614171 568685760 955833979
714911542 894037652 943146721 922550728
195919946 320603771 435896604 576680404
61207033 956185431 643499107 969724768
264509947 156393046 267505105 177212697
481777982 481629809 733073067 623675859
972527447 324075994 997857524 378609309
636977296 320455270 975461326 396618539
195157356 61753620 480001895 218276879
644157609 213595401 657583540 306109475
477662478 906955086 483994909 938693806
406036838 723190489 892833319 819867589
795137948 755034106 916540134 914708097
353997620 209900975 869317618 559516338
929997056 325189691 947568618 445944597
105454209 844681888 441806420 983532819
212175959 933766259 675017566 975807606
28477141 416807100 519688919 457889958
632541609 827839810 913558830 831441421
526443851 639157409 927118320 854493800
713293478 323981066 716374289 590769837
29992710 128958873 612322682 306102728
124169666 342465535 243600282 782123555
856990340 726818199 989418277 981573500
819463319 606221660 886807112 993508671
219260314 414148776 412115404 990666227
635207565 759674111 937826707 836231243
748472287 170333136 991691613 379891826
374579421 540482502 873970999 887734594
798026033 939874332 861933213 965188684
