1000
151804945 58889500 268764499 971064330
68839971 762421081 851227588 879980183
714979123 408047061 960946404 957155716
734852850 59896135 824684932 99252551
986711056 407758766 996814702 472753545
722116282 315025237 982979519 848458224
953697962 933170361 975553058 989241492
310730247 893817780 476064933 937723668
38989540 226969397 940474517 643048270
349728991 872275388 429373256 954437929
213922884 125915354 896498576 299440917
679901264 935921932 823442866 938058630
318671906 167068358 743223976 988084699
843226457 103721742 865334203 912306295
851631457 126509027 930074449 503936281
183997855 272522660 515260003 589782543
490855988 794927616 919998874 880770943
364341622 248651667 441586132 848618191
170149574 387436091 368487783 588856575
787011238 70274317 956052133 403701146
340552822 184196322 404896690 505957704
955278657 625905122 991605659 821716087
33655762 816882749 64072945 817044123
743508156 366352930 904338223 473318667
151630969 344517396 570084957 950717974
693393473 536138811 774303151 661894781
247790970 793549185 736544566 846122165
688989566 809798322 944815701 926838748
388790261 476813312 736619982 541003649
832409865 560802750 984991464 678445881
556330787 149112651 742065062 716278216
387354722 852397334 731478416 887480071
346836913 721495905 826360502 814650785
945760553 625739875 969273837 918607633
700724180 129329863 939752709 828617023
344464193 360318161 543401254 453488716
140922434 744746187 445876356 755142680
190170619 57614646 849790455 662171817
36748645 164810429 723761186 336837405
392247288 982958746 555795121 985254403
285703651 271773689 751561147 759163045
77463442 429140831 280709270 590975368
758222577 11188067 760176176 675112824
581007717 447252972 913430413 632631883
299960355 788290978 761692515 859438564
186896669 140053801 724021605 989462798
216542060 821107691 415380637 852697005
409465362 696788171 668963180 811845708
797308305 305605723 961446864 995112495
543430743 547684040 919253279 772389923
548108750 879483377 959745819 910458244
418277450 110869260 779129418 143458955
717503558 329830231 908598439 749829092
686372331 371324666 888051061 761262932
590657342 749488536 597579982 898042493
234724616 827614813 295806582 980419634
450926445 497979626 582153505 836151155
94754561 21149049 394934585 991396761
837153959 357260510 889648549 781756482
472671713 218186632 514137967 496313860
402309173 129529540 685995697 883543078
218266346 594854467 611385231 804643955
290320199 262797116 835709740 833304994
658665273 667678338 866540452 693580823
76968569 24116731 778560203 110775190
439621485 289602385 829388305 303468804
571367358 688609739 932255198 994297203
748595831 791654057 986424502 906945481
345060482 605587948 583194988 815094712
4472816 475480090 594011603 550745270
186518844 124787549 690254613 163696103
407257546 822904657 963027684 861334415
871336997 277749391 897463603 356677482
540048396 838548790 777349809 841537773
914502294 40754396 995598630 852174148
352832602 184120450 814861558 312005543
972645612 515863972 978357833 829557050
792506466 702412982 821051245 911911949
983511870 592292441 985784335 743609738
232892514 374537934 248194865 573447032
948080627 566540149 957142721 667008680
342997639 556473734 391026528 827956835
865269786 905355899 962513226 923884956
268979965 956524617 712931152 973156151
112676853 569967216 210272409 774383312
636073487 832804335 732041007 875979343
13518259 359967298 51561066 697029246
578139684 63920865 676684560 814357629
55309230 568829564 507551275 784592612
968406872 457683809 994882716 739264818
700193232 94792506 899281441 949466109
863139179 559189624 864591193 815716194
833371219 705534106 928612770 754085097
268699595 357974442 688127824 998340318
944213935 337066275 994841453 841955025
686561531 919003157 897529743 964302403
261438037 429601388 768635954 732780995
843792907 487559360 893883332 622591543
283174158 592298605 868184771 789655079
689794489 329372220 840117332 567845665
433550923 454554722 910440716 698035487
670733379 243029323 892596872 765370412
72045959 221830806 990348653 728089907
256966984 316110320 403284785 356758312
306944301 341866579 385682841 834785990
122745067 730101955 194742497 790471259
764946090 555170264 964057798 772923430
646860399 732800021 679420518 936442588
571420741 99463621 938759869 487542123
71018233 830338496 630210992 945739507
671684321 977298137 938376232 989646982
880053823 37412327 998270691 888381929
973750907 490650975 976796391 653943588
604949993 328367128 759282495 693145675
332725870 554168216 853804639 899400847
210511405 94565906 787215293 337228925
456678286 412282010 721818225 607663693
722093016 929148845 956507411 951861758
931885684 747871945 989559420 955261958
478089396 21655493 950059622 135658297
939450533 797861973 948071927 924067521
936038392 565468785 965599652 602358880
998296222 532878190 999199467 901699460
137804691 287896169 423510654 493394340
728404344 353982946 814486419 495518904
735923953 974649228 772830223 999385991
324227657 492141173 901301439 732906519
642161732 581916075 927113479 670983773
929384041 614301168 937625683 816546391
136783987 902089748 896767192 992897946
640726511 627572069 707974063 768188826
908610277 206719767 931579332 620656039
98999977 737314732 160051540 988034035
451083383 700459456 840287229 991056664
184564241 282531747 303170173 867572808
232482075 569895819 873779759 588123562
360520364 445565074 493180603 605599120
858771296 923047124 890992495 982371478
897944554 883595123 989534449 910046041
148017720 567203585 750205738 634987399
915110309 660882600 930652595 941080185
831190168 821452628 835857938 860390933
889988746 745567606 998306959 951721555
437613485 934193956 985984694 993039146
595936011 453243220 702402642 645792915
437653097 664077544 713083343 960765905
779406980 62462955 842770455 94518193
593904036 118074063 798438801 718304944
188972221 302497205 917365946 891447667
26048648 331303145 104081526 947320909
211656091 613901016 532370410 822690242
41265103 516648783 684001411 723282308
535965118 265821069 833463343 751057517
365458556 630610425 985260380 721054815
559671015 241049148 661375665 964714289
349785673 504880738 823850128 792435849
446786730 202338502 829206906 773735742
191431780 123621127 909136050 341177048
709044513 295497917 923885691 391481061
237067274 837459572 931247163 911882825
402356928 445929970 565420985 579686345
566834822 546736600 814950905 754205774
570252851 449081834 770069512 776778562
423997898 47970098 485432137 742586596
677529201 341670725 869643260 702335540
562878709 678229944 766517916 892736955
493509130 866501040 813537141 931766326
45481035 136186647 263260183 631475468
696097951 891807071 887008697 957393388
431775528 940520561 971266779 963323726
670705265 759872550 986941430 996722195
907826091 238161915 945340005 676943817
915276834 496515885 949901355 811264515
780660869 642918646 961344999 827316357
269866227 325939732 312467680 734370477
230544942 820148122 293813880 851091816
842802626 275806297 995503160 936925310
973161711 542473886 985248120 844136363
50843014 412681143 155053753 939480846
201208316 76340121 843653853 234385023
859662161 794693714 953742746 925774534
100964012 496045600 540265108 905480271
103610626 201007225 563904510 651449836
15217599 789525967 882371378 937999232
253038642 275541139 793047511 727719722
669244122 662237746 764081091 695363881
994264687 621050707 998651697 704591801
547117222 571266319 983041390 669353468
67001472 164194944 572825451 699969710
247988445 725190330 509387672 756855175
925222257 601939728 964876214 638310117
903281404 820475795 925331306 935495932
770214459 38917003 803378003 888984957
69267232 402037826 671384684 904818507
305569928 705285634 342375075 724759951
172565215 51588640 758177784 637781274
788536492 770398062 991011175 884091666
849630933 225355898 976703469 910090887
57278940 108238655 256645029 966359138
865736172 779293667 929163265 870112162
799870961 271218278 845417293 844716145
853762203 308893831 940346506 912016716
28245858 847580811 871580109 961961637
826729319 518196362 990343888 578857179
658940511 436266380 711282662 763321692
293356509 394216730 964886908 705782003
36311159 303614679 218556629 514259789
939935385 31320253 957339784 824809426
687163829 363314897 833546176 840212291
620393764 236764196 645470544 917954554
220338028 432350208 687538382 646919224
122597440 525952213 503285990 664827182
807990068 582773605 880681189 705317902
182721734 708972076 944832943 954455718
350125569 61282491 749388227 157618244
418141481 156651312 489966125 739979023
763240706 430325889 999225618 600669541
445217921 805896206 510960844 961188312
208545823 899489765 635062889 991949437
231818663 801433609 423426477 868791624
307235342 430320504 731913720 947731386
157077944 276030238 530704493 661394152
409972854 254144306 859192169 399732598
64771101 773785432 371391168 950272900
730628861 365660813 827171372 936164339
247193072 176114410 866866094 735536839
563065324 642802254 913167117 952569775
122558297 225411226 743889628 417259645
25248153 143358212 40520327 733838021
478360771 579673231 877022543 870501789
291583943 265488451 448350857 625626535
385812942 947619670 939866539 999304737
743218862 27099187 802059712 532746213
729257741 65785923 959504412 408344189
247788063 840580485 353309121 947828699
697369011 121291079 946795053 341707895
561006516 857785192 666877919 906075419
760956187 905220347 855035373 969761577
814242363 370662345 985505805 747139681
502198853 998464612 905378388 999856631
272062257 324822839 980035428 534587331
477034699 400361427 848645002 966053318
883280819 790478910 963908686 926124731
785509286 687114039 852009991 739676296
251457997 503161184 856454757 912826736
914779256 226741163 983063616 505463898
4385930 888487584 555362517 974096887
170288591 231756933 518186832 744702997
861111978 247797308 866350197 662298208
780038173 475176904 877370527 517479258
487080437 536055976 572871709 856544731
407352885 615035693 778509532 845728594
59165934 369910007 696034596 889969347
409837212 317725560 749946644 746788072
719683578 68846904 857220070 770872178
514983587 155648359 532210350 205461248
692749627 375454510 700137275 428942734
15283324 943289668 31451679 978697554
939580939 82101730 969118260 509677101
188680564 42091015 639457388 469717584
352199870 288977127 361751594 389118388
570931501 409264437 990969821 848173653
681044740 946206492 685312213 986329303
584571131 285263307 865610711 880575754
529708642 168815669 866335924 351960486
831562318 420753796 880438648 710567802
903967689 719778931 932452167 936553635
269673403 759144072 349629785 948691396
491506781 245538817 774647888 301192229
659736756 745114357 950046823 812816027
427240694 775027336 811618100 851274404
713385506 434243825 752312564 671780354
752928278 361476154 993871438 941214266
592560552 935127090 647094729 955686274
275608120 857129889 300200480 999304993
601308671 808368577 783181295 959996609
576127153 43628915 674059185 786128967
275609053 28210737 621586965 323550342
75931329 213739343 974663803 637971352
330087387 455836456 542746920 869389731
550674657 418389330 614702977 449891177
366561975 386236992 560321547 941432034
777182434 363410385 917371781 478568088
441094789 576888737 678165090 940187373
840382451 286722140 884845518 650120991
994170071 335004782 994402674 993899694
139447951 687211187 440510631 922478985
879702721 250740363 944540999 661575988
385983169 442147231 968269180 753940066
718451389 982613244 730891474 989505069
81499739 340487408 509633642 599196129
159521749 765740432 949005195 767819852
324261504 452514710 361092800 883899374
406029425 737725824 704428394 810451088
181342807 548049974 642712202 604240844
722021846 333126728 735506704 995069587
652680262 46825867 789162584 170720076
983646875 981798809 996685099 997372849
70121142 146509840 682163326 490753523
227033300 761781873 577892925 771973397
65162855 360998411 624624732 799287174
878551573 854385238 945530323 995672662
815446078 54202637 876695904 195816386
141414874 224831432 372673958 747992549
466182428 753386152 521334925 802806555
294614686 979528135 386864047 980742881
293060150 314647846 752754577 577702749
181726247 271590169 762430857 997621327
401980728 940077838 932861042 985797289
841353504 538280392 860912042 867406367
738983053 767279956 739802413 904375343
101779518 974401000 632753203 980649968
931695741 847257967 938013285 854994719
696601460 242882833 777302365 773212178
86165407 336834936 141693746 887259845
389382572 33942147 695614807 314201514
21588850 80016333 796465219 680069129
895116131 227778047 956785903 827707822
167597217 780886407 933598788 902466044
254405239 350213972 783577372 735033649
461765977 354219716 880329977 459581252
810978185 752943183 881066357 941473754
6941261 226354919 517539156 234847893
68863563 202354073 148142159 695164337
627093322 65465897 820470289 378895184
138744222 483101414 148388436 780749213
316644808 757965493 944882443 878685404
449291677 670816000 802611723 695391477
955975821 255145552 967096506 600500435
314896932 594425821 999909710 841824359
571810264 291800768 988385174 587907300
262417354 135767991 867029708 676977742
680301293 739249711 904695512 791090387
277441406 230609066 766124799 669075389
50309773 643570284 763087967 758090932
171717573 934454064 255136729 993515025
872173568 494161786 920599763 597657810
23545911 66448156 378890007 83001563
495176797 328934357 642147143 340272357
789374434 247816958 838852974 812014106
597667953 276173684 776444675 742246138
323787365 330791428 969303015 910724796
642211217 570341172 883757321 630492867
28943675 286215659 83659983 896981951
587536978 936207281 773486396 961965393
696370906 744423263 954274036 974038925
245689002 229093202 477115280 444098346
742955758 394810838 938810670 554506874
736617024 343091912 786553559 381222173
461395522 966015651 572997879 986077242
300968994 125446261 769360069 713435199
50319726 877036092 604829746 917996469
92784144 453081804 732649847 995560748
716657768 278306085 740410651 425958348
671603367 808951935 674366734 907516221
982488654 964747685 983351393 974577292
175260204 727847230 919494376 912905991
197958114 270599252 659511690 307852707
638950387 675950630 973836410 850449022
981758772 200690553 995006110 961796336
632840299 695624304 764584393 972844433
227104391 643231471 340325109 805756388
971453854 695938016 973118131 838544098
137091665 675212025 387286217 698732341
159361556 483362393 672031108 992151155
923212024 617975379 958777805 797678242
883678216 880010276 974465032 926037987
704456308 811905055 778292587 875151749
832131401 296253949 987015101 936420606
344921182 361617307 695732000 599474087
132662387 708808711 407448423 935390065
159756673 988202828 295070938 999700347
806300251 175491534 826762783 977478389
610261530 352118126 802897396 731579174
826309978 956928001 958651314 995543585
53770941 190780908 657830143 739092862
696583287 799183963 772788412 960149587
969580172 373106622 977747041 816511358
894808565 12936252 918619165 57654057
585566187 120454511 926015028 636902214
815536427 394084672 967064952 462157570
563570994 517680829 706535919 736330499
99706804 86147946 684010594 672959728
342184388 747817243 415882181 918108149
458434108 786025229 608810945 871105661
555567978 128124430 703744794 204216110
688441325 228792300 831978977 789682483
307060387 789445446 347114614 837086208
677609892 845915769 846076491 886409164
975514649 456195869 992189891 526785102
365110896 415659588 409636714 851601226
38022762 836945505 772870495 927141297
563056260 86611767 604845967 884670219
75395541 269841087 928522422 727743817
770078459 105287282 982702200 537928689
185239289 639193822 472841485 916902341
751985619 888245739 814729178 988659283
881281086 352977104 891670148 662384015
760196351 301761432 935789696 572148872
28063428 801176805 997750446 870262265
583372998 847292612 709555711 939245775
471509199 629391765 563366559 827525944
470175048 370608245 904473253 412101231
439663878 162752087 551032621 690253606
523564847 989537560 528962471 996018642
925373394 855440484 990750690 862262688
113892200 85472176 940100825 620520709
206548251 238579414 401540526 852849720
292467407 728025959 994015900 893417888
908596604 756366196 950902401 886217238
565045385 136249217 819435388 695792114
386463334 214753992 964292349 529232189
388678356 627659560 573426517 742343657
296324362 633540822 662187136 993582219
88393307 158330237 656646992 407371681
107350378 498074544 781415028 557275253
56325011 410759381 385305297 680421446
613354025 378153153 914881387 688440746
605886110 492160763 738252570 698011725
147000716 860656985 466437374 928574514
434696450 147318494 480430568 871804685
459126821 501040966 732168746 908051857
628195216 739269936 705159084 750648578
800734675 575943416 918019530 814960024
884930543 844356883 891238503 895260094
201278478 595972519 259691979 753682979
564932097 187944862 634723353 858232228
662392986 151955371 755926889 788620151
60063277 390402387 191818925 538779143
584041827 564263301 606367859 595420498
84301415 752170689 129935809 781066538
642396657 229407065 963427134 929371377
412739865 776938186 477951067 969308701
684316244 184433880 994094151 302054070
698480890 436077574 895962858 467240891
604456027 509394083 997298055 949750974
355219173 330351988 446147078 742180925
967435409 79185631 982818138 422510571
219077840 633576729 253363018 779459030
141027875 394255509 972523007 679708518
918079626 462474233 970734348 886280562
543505344 259230561 784289048 573226142
583804714 928356264 788332274 945446885
831851451 800379031 882237768 978313639
221183180 7106328 586441165 628596927
372046880 566678200 669966608 574612016
721296171 433072738 732803387 435463805
981742733 318477683 984625870 697345341
318112831 906593626 368380145 948037781
215337034 357046632 481994545 939040736
228837672 745391448 769010474 952157977
780928104 803978175 965578220 926387097
5716651 155742229 892367020 220867297
913001050 302081569 919709493 493174735
229708721 7374768 672646905 360024262
381339146 8952981 678354035 457595369
249077696 1725090 602075849 568354837
156382958 486253305 497449887 757434656
605250785 382722333 859444524 421587237
519492582 440329391 941846419 715845577
999814446 235410459 999962713 718267921
835387819 916925779 878305942 934644543
865942529 877378980 998931886 959210696
751256454 680677297 993028040 797009110
290971617 849778398 317390585 861764433
110114766 193856621 500950027 923842799
600131925 270649543 827093541 673617547
516111527 708217539 592959249 879286234
385078594 853299592 422623729 894403837
655329338 901231161 820329851 901676590
791243466 257195856 915485812 616671915
996924783 847466766 998267613 983262811
979239079 428930181 992690786 808604773
878496446 10946217 935502033 623180724
584453924 586973521 600598829 988611708
287558976 131481869 371671845 678363676
538520893 768634134 989527369 848024353
921574609 642440150 951617286 654468803
599134717 879803456 639858697 921833269
666131927 964832235 926225713 970709808
719011775 324751558 994413482 835422460
353640550 154184365 903394593 937062514
552037780 225604550 704157598 490295409
733074700 418798023 826911862 670018862
873922947 659149217 971940009 851478226
573161059 456510755 686663118 561729362
852565573 345812593 858711429 563324932
540708775 697596379 780859675 792447846
482689982 401430374 810499023 628401550
695851522 837837383 816679905 998353376
763911982 944851599 802240958 967396561
680072568 100450992 930946708 823751435
731280549 428244707 736120029 677309915
306739702 757484348 535141533 885205727
19817602 12781002 387409301 943142078
261646802 983348182 700989872 988058067
867900312 478775110 898982098 960117411
969809230 297628334 995924059 854164680
92155988 695921865 922057763 784467522
570145758 122010773 813746145 807398691
428929583 11416756 935715497 647953143
819281834 38544240 990946222 284463771
404980944 360745925 525265923 697379532
140179229 112024299 846703551 833075754
819013611 815439132 869835134 829022967
579285092 392934970 893630280 829095762
338488129 965874271 679949260 980414990
734021908 854677801 922061422 993545122
102783170 791063864 843850729 908267532
706297211 5417493 886454575 855297906
111968703 304743420 388580141 834490810
792527379 736697246 939479088 955648442
799209435 662306972 811311150 900258646
664960958 623826054 701623291 747097062
975906248 630864351 978730950 775342098
970097834 896726281 989273633 954981765
968502598 926614153 987936289 974732669
652915956 805199760 933380915 846597582
607112317 869446511 901408609 964673649
136789309 198773920 642726497 929838551
693908283 674193151 782647309 910653001
647683716 434745352 975313341 926677586
666468855 336102966 992677388 893388474
694135566 349428755 787750060 964318570
62711371 725864843 371347171 860262303
714130830 667575897 752250692 721047019
916158206 860146630 991826501 902483745
296592537 729865661 297044932 936073474
964789478 901808601 970570738 991198989
638755839 647090245 798487281 963353429
882466043 764995266 886671210 905685598
592156413 792973087 752066844 850762449
261812503 983017045 604634148 999167415
713091187 225879464 986756123 681456420
805460940 224117140 986934469 789108443
516058494 403141805 597694210 637116689
115189262 477747531 411153836 837648567
507810418 103345524 665515994 347453193
328974760 111522041 561304497 196381678
651934609 824986333 697842265 830788969
629602757 758455580 954065509 889832413
817073402 651689525 864556182 911898208
270543448 371289942 446109262 584295743
991871660 878968881 997561696 950193051
815291019 637350235 935506667 984056259
190038624 316599904 711955313 344619581
758177620 189083693 898276014 404145488
962878777 155229958 968764735 616278831
652897029 666759957 689606101 852043305
791864130 725410887 956943669 779710259
633914856 447773563 636670350 704844799
990593702 381961487 998656167 636100160
224422189 415394152 666263521 893830259
187545695 736155620 640175670 849016005
944229575 375917901 961941019 795001355
562450062 545997196 785962372 909216266
352776913 998666924 352809096 999770487
17829319 474720007 611699349 924270898
938004634 41213321 987518564 649234005
114374775 23860372 836795947 806011005
277218978 864942289 664275874 942817900
186042314 663803895 448861656 786845061
92975595 519266775 808445391 568860921
822253874 864225608 866120187 938691218
516629141 780993749 791207196 819888928
771981796 475374159 971785400 705743819
347386426 593415601 484721682 851928277
812080166 250735917 863296529 455995321
700125623 400436226 967198672 410753067
789784939 901701632 875955406 930821180
383750556 145565003 438182998 456315230
754267893 707766462 792030251 735985921
805088571 372229295 981697280 981200703
94178956 22215388 817088866 921216719
925749912 709389958 966013026 914744057
712334947 517957836 794884439 615631868
248914498 899059024 371445343 905611352
898602816 815240731 906234871 880758206
89893463 457303925 557565672 548605951
328559445 537578707 495424373 802700336
991684060 400814719 995030911 682062145
585960513 809508854 738388893 954694610
716114811 798410364 826095340 869066564
482776786 270081690 688336002 863675684
5218980 829550873 881927628 854826318
899782344 646830813 906954955 961561423
575453811 196000955 840710441 710990257
344006327 932429338 561011292 992051274
658442145 63850457 794978268 630368388
684167218 568941714 848631913 798828459
937886604 745955217 952514593 980621161
833215042 863715252 917836588 900635697
824888415 560594620 882307401 584939575
818243553 940180647 915811797 982070529
904376171 425697772 939541718 630270680
99855518 457025862 658380158 635432002
769884072 446801266 782549536 846507797
35592925 437106975 692344054 455444769
782711933 250325808 878888820 767241273
138216698 754414048 635019708 853133069
947267631 735404492 996834773 952312933
478014791 837186452 614671519 995156209
13944418 862757562 206459738 901297903
286668080 184405603 438632560 273673407
655438907 916158818 692594392 974235392
44400217 728243505 872965895 886272708
374364421 445219393 401904177 704294252
776105825 327850871 869337167 781671482
464515121 155736229 501339260 184320843
919077601 103391971 959858275 112818154
935378027 766556442 950235661 806175348
599771916 293878847 825194620 854875048
388623626 571251219 691714323 657983971
644314449 110140224 720104596 924888775
189964707 422676274 339687517 892910266
618785054 372542024 787458094 387258630
119238379 19777930 689499408 429680539
71818771 867164292 608486235 975057847
553778607 443688070 830419822 606034734
448818288 199111822 908212147 298991055
566403539 659332403 715872557 917191813
295103865 329531375 767047602 501784650
543518137 430149283 806831344 885719200
15153902 138327256 258547860 174773581
617986276 938601939 893175017 964827433
95037311 684379059 278743071 832540008
530362648 894903419 888938404 935563745
585613810 921539336 921625834 989764688
422353488 838189870 919007835 938006037
637938155 40429462 817435800 555612669
723722525 454483770 789360728 810459686
777497581 145285784 970536878 749565367
907355939 202596948 914996463 248221866
640644303 623654963 887846699 832893637
983647380 411318527 986296805 634254060
706684571 488459884 929024967 997957788
152771177 620403404 730960486 780103760
334666575 503502554 948589427 741457380
542767968 102290422 710537968 523367264
351999517 20308671 458869645 865877127
94755075 321634551 284227478 850547112
719460449 980754517 912052268 996972074
612429929 430958465 870423940 792862007
894058365 793589217 984296221 889010247
675798189 819276944 989213098 997688346
691414595 990645880 750914912 999678621
879324758 479293585 888851343 672249809
204347772 560931147 730755224 849512668
768576130 809837346 943941028 840445488
482911074 725695450 900338542 944583421
90522212 782844477 453081492 911258557
134039128 979315329 835604201 987895656
955834325 251557404 983443493 346327810
141240566 132998251 481928951 678863011
695592233 747333843 715839849 779336220
268707048 599869793 293781118 877628156
637911665 679392920 871181552 900125709
165247203 472284514 443500384 819227825
295072649 150834365 855162746 593798284
313883430 682120049 463468293 849058989
979258624 558307350 999263199 971060389
133732805 736765512 762087915 745489825
765174574 915875171 953773062 942808441
197949810 8750368 339347870 881511163
32047260 743023464 727004632 914737314
71743010 916620019 481744362 981852058
330772384 861952233 669738168 981234657
327510831 636749091 661122930 701673701
267875142 468013072 483159369 701359819
864439145 111099794 915863739 921757563
753543731 25422233 857066838 480593865
72584023 664021582 586735634 702887201
760277679 514030384 999932110 704446527
443890899 223429893 709843125 810822240
452576200 955165431 734657198 976830787
716886757 35360618 771641091 836396336
590228363 287921479 828227510 549301742
273391412 336941537 785746498 940969301
858810744 880930519 887259394 997766035
459134876 762369239 968624268 814130165
49329397 557733933 655481476 769619405
538386022 358520902 546030941 757599316
604874973 746722911 962815720 795254733
613336491 239196311 812907248 710719666
645475745 806154180 694823773 879959717
57847885 810034492 874197681 824870065
266373208 592386167 572846553 910404196
20979253 571973434 658059792 966966111
980980067 762451144 984034984 911738942
438123945 833798885 890447875 870440751
555175421 583866862 576631415 645282201
445759447 894572638 782337753 944591248
110673136 358922687 606908270 670502522
624440808 525904959 655310052 789692821
980821938 872861162 985369039 999696966
760876187 379092160 882645942 821699646
61176307 235146576 383681099 843625199
621310989 202876224 665831207 974667266
924343260 435724363 955019322 919808988
311354960 442158882 828433983 559367214
505883757 85114015 932814076 778168396
279395399 441089828 298678226 516433908
664755969 261156491 691267385 909810625
402864893 394713945 435584338 708632301
45214855 194597267 612053581 711779174
363303620 679700613 421682565 822964755
892569375 355334589 945737780 756452579
196029542 236850300 368405137 851208833
665719910 847636462 814661997 942775102
698430514 550420206 745049785 926597453
924564749 198499227 925947642 824503153
289412914 822498856 911104767 825042249
213212921 78960897 636301717 650417551
246890902 947339999 319564677 977761170
789208107 139279032 917594244 242864025
887523805 345086862 957868375 768042456
619594943 873092247 823523741 902925556
260288233 877462993 665830565 892542250
95024565 190607688 388976544 370667855
199498763 319243106 309010083 515001152
523406841 692838763 879293639 721737435
971780184 422198794 979024589 516246902
553648969 538981873 753270633 820106976
844992032 134368947 859700994 363650433
691788602 723864575 861138190 807381151
891688076 524510102 977002903 976345155
511710416 670282258 737889034 850731279
153467791 755847893 946379952 886894657
73369353 859378940 985005322 920395824
854179099 155231001 867556959 295114796
379881792 404291270 661962010 607978821
261955547 511098420 653355612 925575632
342566942 791550274 448040121 925725602
337592632 787537344 662300449 996888118
2626189 335238622 229749448 870431000
85628498 377967078 868553386 834889964
682625303 100213081 783354320 755348411
217623307 789593334 298234475 837275209
991615167 777686587 992171000 832106292
142396332 695400555 506073825 747369913
450593895 650940923 812392860 909424723
834628479 390807565 969272265 576550411
599557191 136235217 724204052 661867344
133797491 25051802 938760384 567180737
849404046 805423446 868525658 811755030
94585707 9994507 139631300 550648641
92082332 41210095 716901272 156811948
519612416 891321116 941553882 992892667
159101925 925544358 896567208 947496751
441547640 541928626 928799126 739494578
655980774 671258379 845475977 976356080
382404257 585914876 689741596 821294414
333919369 82561801 989657602 903463858
404926202 781109196 693821361 784293842
392476276 240184121 631641615 481866986
500583994 867298606 852363544 907668100
197861976 98498446 689751180 520051040
41405718 607484513 767497708 978541632
221460498 744431245 805799239 882618819
657505802 957596778 788293922 979535809
823003146 858122773 827409315 890797298
793619427 855444840 851962063 858261937
489466358 47941020 860649670 256271255
167022454 338600495 615144227 746544051
359744004 306129072 727825900 346752420
53755967 283556851 857110322 897521596
862104655 265302433 968945485 377030604
953091232 92250044 990702687 399393901
330499629 141575781 822452364 828031008
291987907 488499224 482744287 734864958
564257833 822771316 571233021 969414130
740138400 761587197 956626081 838523022
151064665 911612246 673267544 990951273
285472432 968964875 771887982 988102369
721963048 859576836 882140239 941307136
852943956 770560532 981213452 984360358
601036691 672820576 655605217 985438711
971514526 204644185 998830429 891660533
379245163 86219584 907703777 221884848
17212917 85549832 261130252 482919792
327329923 439344201 991257254 527799900
749377997 315581856 773061406 907744156
879781046 749135932 992154433 978830136
20001604 799189797 632800232 817607320
831022379 604227593 969285202 819188156
299029752 756945805 854261821 760550459
612248119 554547384 949447246 722824034
832910407 901615036 968309969 977892773
400937546 401674101 964629271 819519688
798870727 772152288 932443024 793042485
768343404 758928352 963959455 855641676
279060486 992692587 903501731 993053205
16498751 753976254 597645979 964467772
998920449 316920713 999058942 835514695
613944683 900000591 967597845 978203902
246047728 830439711 473198283 893224051
952780174 687814929 972419912 969076220
517489494 8355579 992982891 301242054
225307605 364996213 633692553 808294112
304750990 213584653 435093131 434761966
820445211 887559840 981180199 942648108
252319364 623209167 423597426 705075924
806018909 493719131 989295985 665651763
433237717 248256212 743579993 621148166
773284190 688182444 877033037 772958385
154815569 965934577 307230382 995701354
27192972 514973780 611220842 811534255
588725039 967649906 944811460 970764302
613066527 379709772 652391977 761553779
748444151 860118356 794891379 973506718
812869304 529379985 848696443 741401534
361269945 997258756 915140415 999194122
433041327 332263322 537333594 546391740
310903563 914014775 667517083 950492076
544729378 416960382 961528522 534594549
716575473 177269474 905686037 445603741
769030983 729267019 853459022 819041662
129637908 646688632 877887710 816140496
31612649 281857606 939757251 493241104
194282285 766625950 563618568 932977686
185155169 154823833 368655005 816319506
978152578 716989392 982974973 721817003
705682135 819715856 812268008 880552254
429106569 859473426 873865116 865739988
687851836 996535087 727541231 997194380
152629402 778623275 336220618 860320452
641264831 162911362 978930894 974716896
205421432 676321382 758921987 902546302
402156408 793829624 815132446 983209276
789597705 685467620 929130318 935714008
9604922 297951440 601871391 869018167
796839332 394789465 993327905 600496306
179233066 537239624 550026884 595556322
923865053 195029298 976054027 523120605
601387024 963516823 629178625 976965745
39873176 115806720 442685434 853321794
11468457 941369197 546736715 958887548
930258391 456446473 956540858 492569274
200106014 439222208 901061312 813880846
163156526 127371232 937317605 520343111
537064153 118513448 762164106 381927681
677293515 504373322 951645148 613810595
260375823 570044438 477309882 834748247
510194545 917938439 685234352 982593373
701008664 643202673 835137152 925277130
844682634 212823278 864448501 698291501
624205784 122804667 805635883 137013585
266538313 198317533 727649640 944163283
397194880 30017412 881150420 35976405
303576151 711711174 424812535 793808497
840442447 754513627 982863634 977389310
384109570 346829315 804362190 537082924
885092226 238975030 935611431 334141835
984323331 925309890 994259778 943127040
477453067 29931474 667597002 167542436
276238738 164475024 676405835 682753588
478330166 578431617 489857314 747086049
139773114 9029278 289149928 145554394
778235790 192555550 871273565 594380132
665096638 911384332 863370031 920308198
411702017 788750241 539005218 988732237
376489561 147033077 808764165 535139838
801573567 716334227 922560468 846139337
642952312 230083145 822778396 792730372
527535608 484953572 970637278 609444560
759308012 305452185 992768035 990923305
613817440 499517771 682469544 782164338
637719936 366943123 782639744 972171330
28899787 22706887 300852245 500025207
932410420 122109121 989508925 847580678
445255013 678612882 765921597 724112990
661686070 920623613 688627181 927087690
67653982 285539608 816536112 952578606
771514280 667834061 812400352 958498123
887394461 226002919 944504382 571769964
656614513 309514912 675128513 432240659
48330392 752757026 329068152 971772642
69310596 428415045 938322933 963010115
319422533 54393074 873131245 449165239
374927440 396038304 793941159 822945388
850742998 349783224 999271184 636212588
851905725 559969363 908094990 699539610
371477483 297779801 679176901 878510973
707567092 234013420 748613747 661526857
830192663 603148428 837355797 890190209
541731322 853420761 966464621 916109045
991021598 473659210 995826983 985177948
314148553 266097655 448680279 759904345
65934976 778699574 917976387 783761857
781173363 940393451 879773086 947100995
358556069 115991141 847908335 646446256
600116591 852542485 903513982 936562771
73600064 321712735 747727651 451736397
141748483 644001356 702332444 692856800
658915888 984084237 862335149 992104848
161024576 631567918 332794830 994754009
668676845 459293264 914710163 986488191
311340052 222402727 702674805 933328435
344840141 231516411 753883865 468387507
963317312 881352644 972357780 999962760
170652062 316970579 246520931 686540960
786154464 712787741 959685700 979495088
595575084 504314430 774266160 770812639
327546946 857989353 804882359 965973727
377483968 437827688 610687484 654844848
347871822 447306585 886342392 624302579
524069324 652832220 744917461 704364195
204584101 375482305 703754051 398149442
495084360 313411186 973023152 547551864
149874211 380517316 810275792 979920527
447251891 398483675 736395120 482303531
32099850 409269108 963636974 475575203
788152681 999961426 900983356 999999885
822970151 749552771 865782219 868096764
234154267 84476352 239988180 600383363
847514549 474701220 927325778 688050789
52102731 701348428 383398249 718444027
46692169 908350477 885452068 942753290
421753068 405949353 913506207 788172040
763752128 365013789 968595831 705490399
758948545 204254576 855533830 926154200
336242965 194114426 720236012 400495434
256235851 728898822 364144148 883517910
934744264 872664467 996897809 969857306
670520404 42681988 983494952 280477973
67250920 206282717 429340440 397231592
771803045 495856553 865088213 708665975
610575559 777321718 751831961 999636667
799125794 361256691 947026452 770028499
823973916 213188175 976889239 489156276
569644820 348425313 799282191 703153500
132667815 67991782 635430143 84946890
48702676 969081485 497470810 978813304
521613615 350493978 806742132 892533291
113776595 16172291 781432446 155974819
973716683 379823927 978365816 595357051
501365636 492081970 604577347 752113967
377171314 388782657 719362552 488800328
86205076 279447141 812823618 436092542
292016234 185197058 502149994 222161523
814016071 482088423 932588835 899817844
843660439 718577739 939781221 817285604
845838461 361333361 948026451 631894818
160193323 308771556 462700387 532877454
66450297 756219838 712540113 967822241
595170686 628222619 907996323 715212203
314277121 180953251 459563652 633810667
498807567 233809195 742320326 345977523
935245246 720441805 967894902 797451440
895222152 871819422 944409387 933389032
810533813 7475214 888239219 470849506
87240121 917813086 456046385 954878761
23297046 261661321 258480865 357378718
407838573 769616189 636506758 889145651
508691267 495422233 671095087 635282016
520886720 474330606 944901260 886054999
247792187 489633497 927589646 517101000
27230130 106320067 378230647 433599345
50389478 873513342 987764592 934733147
85423489 56062379 364042129 76763303
716803193 820926079 903457122 969833332
649010145 192319263 769400101 592791619
964355684 93781458 999334209 853616409
410035228 805907494 519592219 867380156
953725341 840225781 964085500 926911674
860812400 826244731 903796925 860395882
525038447 979365802 619243010 984353958
499504820 398771498 726958755 532664682
716173487 372522592 834844571 886911446
781660776 211183638 813707291 239592633
120071001 230281609 505089489 370117803
554133532 492038368 977250467 717860522
630234026 754248368 781088299 908427362
658654487 321457354 898650089 913466088
117454352 355098093 601875231 405454830
885173259 971191098 947626594 981143150
955971110 46583967 973384141 952285060
167863509 334563600 492077736 548753869
328503379 84170582 699118812 94568271
474962547 576852237 520386646 915478195
740094628 91212076 914155450 138986046
931343853 184051595 961051025 249013602
134681486 692674461 645882542 899593312
226940757 799456740 495014564 820560807
834895974 205961018 887097984 216180720
378740324 527649492 946694118 630122934
250428933 634188448 684012647 639310854
967683362 294891653 976561542 839602202
490783316 547568410 697445673 681514798
325807196 237274127 901922648 425177955
508889388 256442250 603740986 340377245
547675804 744554141 695495573 856795542
669020314 136924307 904398815 999528222
965454045 673618342 985587400 884408417
170248229 651592984 803859611 893507499
374332737 391088500 723046079 649211257
303905978 118626916 974450026 894980395
624068065 725603527 888003300 761227902
266508725 351185871 335355893 357717472
849463030 151964734 869418572 578567619
