-0.42 -0.78 0.53 0.88 0.52 -0.30 0.16 0.36 0.20 0.27 0.07 0.57 -0.11 -0.33 -0.50 0.60 -0.20 0.78 0.36 -0.38 0.22 -0.71 0.19 -0.15 -0.16 -0.06 -0.04 0.13 -0.25 -0.56 -0.15 0.21 0.05 -0.06 0.23 -0.44 -0.01 0.15 0.17 0.10
-1.08 2.57 1.99 0.21 1.28 0.20 -1.22 -0.46 1.02 0.68 0.24 2.07 0.88 -0.78 0.64 0.25 -0.78 -0.14 1.18 0.96 -0.56 0.74 -0.14 -0.30 -0.81 -0.59 0.54 -0.18 0.45 1.12 -0.07
No solution or more than one solution.
-1.03 -0.39 -0.59 0.92 0.31 0.43 -0.15 0.80 0.27 -0.10 -1.14 -0.22 0.53 -0.48 -0.26 -0.02 -0.31 -0.04 -0.12 -0.27 -0.67 -0.30 0.10 0.46 0.13 0.34 0.80 0.56 -1.14 -0.96 -0.09 -0.16 -0.07 -0.46 0.26 -0.27 0.35 -0.18 0.34 -0.34 0.51 0.72 0.49 0.59 -0.41 0.28 0.15 -0.53 0.92 -0.60 -0.54 0.19 0.65 0.34 0.21 -0.44 0.01 -0.10 -0.26 -0.77 0.01 0.17 0.40 -0.02 1.05 -0.78 -1.04 -0.38 0.20 0.42
No solution or more than one solution.
0.32 0.18 -0.71 -0.64 0.26 -1.12 0.34 0.89 1.92 0.08 0.61 0.58 0.15 -0.53 -0.31 -0.58 -0.01 -0.81 -0.04 0.10 0.90 -0.39 -0.08 0.38 -0.70
4.35 0.51 0.10 -6.22 -1.20 -0.32 -2.35 -2.06 0.30 -0.74 0.40 -6.50 0.29 -1.35 1.07 -1.46 4.05 6.88 9.67 -0.56 -5.69 -5.35 -3.48 1.00
-0.10 1.81 -1.12 -0.08 0.20 0.96 0.65
-1.03 0.55 1.28 1.12 1.87 0.72 -1.30 -1.18 1.43 -2.12 -0.48 2.10 1.54 -1.20 2.49 0.53 -0.11 -0.49 -1.38 -0.45 1.84 -2.64 -0.84 1.53 -0.33 0.56 0.62 -0.40 1.48 0.84 -0.89 -0.08 0.04 1.83 -2.25 -0.98 0.12 1.51 -0.25 -0.52 1.13 1.21 1.50 -0.70 0.38 1.13 -0.42 -0.96 -0.55 -0.56 -2.94 0.97 3.00 0.39 -0.83 -2.64 0.03 -1.37 0.25 -0.13 -0.19 2.38 -0.21 2.60 -1.06 -0.65 1.18 -0.41 0.87 -0.19 1.53 -1.62 0.43 -0.29 0.14 0.93 -0.65 -0.71
1.25 -44.23 -15.26 -21.07 -6.40 8.14 -12.80 22.00 10.98 -4.39 9.81 20.07 -16.24 9.46 23.97 -14.67 -10.79 -15.34 -20.26 9.80 31.62 11.12 25.02 5.44 8.83 -23.06 23.05 -17.77 16.38 -39.06 5.89 -10.74 19.32 -16.21 -3.53 -39.27 -19.24 -11.70 -5.06 24.92 -38.68 1.00 -12.26
