No solution or more than one solution.
0.17 -1.13 -0.62 0.27 -0.04 -0.97 0.12 0.97 0.11 -0.83 -2.01 0.22 -1.09 -0.57 0.95 0.62 -0.36 0.21 -0.30 -0.92 0.98 -0.47 0.36 1.27 -1.27 0.24 -1.56 -1.02 1.16 0.47 -0.71 -1.48 -0.04 -0.06 0.48 0.17 -0.48 1.41 1.53 0.72 1.92 0.05 -0.14 0.57 -0.22 -0.37 0.32 -0.22 -0.41 0.69 -0.69 -2.16
-0.55 2.50 0.33 -1.25 -1.25 -1.56 -0.39 1.10 0.57 -0.59 1.86 1.68 -0.09 -1.72 -1.79 1.49 0.54 -0.36 -1.09 1.17 1.77 0.78 -0.91 1.22 -0.83 -1.89 0.29 -0.02 0.34 -0.95 2.42 -0.22 0.43 -1.09 -0.79
No solution or more than one solution.
-122.41 43.41 -36.43 -37.67 -24.07 88.85 -99.66 -203.46 70.44 -30.16 59.83 -112.69 -34.22 102.36 -75.04 -33.03 23.81 -58.90 8.97 -6.12 -91.40 -68.04 -77.51 -64.08 48.33 1.32 -11.60 90.24 -32.93 -4.06 97.53 48.69 8.09 -128.72 59.25 45.69 49.64 97.29 39.27 -165.94 31.53 50.54 -18.37 32.78 -8.48 -22.25 19.42 72.47 87.30 19.85 -106.95 9.84 -97.03 -114.86 124.73 -49.36 -34.24 39.34 45.73 -82.46 9.12 40.27 -83.93 -4.68
-0.19 -0.75 -0.52 -0.55 -0.15 0.24 0.98 -1.38 -0.48 0.13 0.01 -0.67 0.66 -0.41 -0.22 0.02 -0.41 -0.51 -0.29 0.01 -0.93 -0.44 0.07 -0.04 0.01 -1.07 -0.25 -0.30 -0.16 0.42 -0.43 -1.35 -0.46 -0.23 -0.01 -0.43 0.08 -0.59 0.55 -0.40 -1.16 -0.69 -0.25 0.29 0.08 -0.24 0.73 0.60 0.47 -0.03 0.42
-1.62 -2.93 -1.58 0.16 -2.18 0.52 -0.34 2.13 -0.48 -0.32 -0.13 2.51 -2.05 -2.53 -0.34 0.03 -0.04 1.07 0.18 -2.71 0.35 -2.74 0.87 -0.82 0.88 0.71 -0.23 0.14 -0.04 1.06 0.22 -1.68 -2.11 -2.54 0.57 -1.26 1.97 -0.97 -0.65 -0.47 -0.46 -2.09 1.11 -0.18 -0.04 -1.08 -0.96 1.70 1.44 1.91 -0.64 2.30 1.29 -0.45 -1.54 1.37 0.71 0.49 -2.03 0.40 0.47 0.08 -1.28 -1.25 -0.13 -1.34 1.13 0.83 2.74 1.72 -3.23 0.70 -0.28 -1.24 1.77 -1.32 -1.25 1.00
-1.67 -0.70 -2.03 -1.04 -1.92 -1.80 -0.21 0.63 -2.59 0.04 -0.78 -0.01 -0.77 1.09 4.14 -2.62 -2.04 -3.85 0.68 -0.37 0.82 1.93 -1.92 -1.06 -1.10 -1.53 -0.80 -2.79 0.24 -3.15 -2.23 -3.02 -0.62 -0.79 -1.33 -1.14 0.90 1.44 0.50 0.91 -1.03 -0.90 -1.79 0.01 -0.34 2.60 0.62 -1.13 0.57 1.09 4.51 1.26 0.78 -0.36 1.84 0.98 -2.26 0.76 -1.44
No solution or more than one solution.
0.54 -0.37 -0.01 -0.36 0.31 -0.13 -0.20 0.28 -0.50 0.81 -0.63 -0.57 0.47 0.37 0.55 -1.48 -0.37 0.14
