No solution or more than one solution.
0.45 -0.08 -0.54 -0.42 -0.23 -0.43 -0.06 -0.08 0.29 -0.45 -0.17 0.42 -0.38 -0.46 0.61 -0.01 -0.33 0.11 -0.48 0.25 0.36 -0.63 -0.13 0.78 -0.84 0.49 -0.15 -0.44 -0.21 0.44 -0.07 -0.42 0.33 0.06 -0.13 -0.24 -0.30 -0.70 0.03 -0.13 0.42 -0.01 -0.48 -0.43 0.22 0.16 -0.51
No solution or more than one solution.
1.36 0.37 0.36 0.90 0.19 0.57 0.61 -0.50 1.70 0.57 -0.73 0.02 -0.62 -0.76 -0.02 -0.08 1.13 0.16 -1.01 -0.02 0.24 -0.25 1.06 0.42 0.39 0.08 0.21 -1.38 1.26 -0.78 0.24 -0.58 -0.28 0.00 0.53 0.43 -0.52 0.51 1.12 1.05 0.88 -0.46 -0.91 1.28 -1.59 1.38 0.38 -1.04 -0.00 0.10
-4.70 2.73 1.74 -1.25 0.06 -1.36 -0.93 -2.21 -3.56 -1.87 -0.71 7.13 -1.24 -7.97 -2.08 3.37 -0.22 0.36 2.47 4.46 0.30 -1.80 -1.36 -3.89 -5.25 2.35 -0.55 -3.86 0.15 0.25 0.60 1.92 4.88 -1.42 3.50 0.36 1.97 1.92
-0.66 -0.51 -1.12 -1.05 0.41 1.06 2.05 0.01 -1.08 0.32 0.97 1.17 -1.97 1.67 -1.47 -1.33 -0.02 -3.17 0.96 0.96 -1.35 1.24 0.97 0.23 -0.60 0.10 0.25 1.40 1.16 0.37 -1.83 0.49 -1.11 -1.06 -1.15 -0.34 -1.57 0.24 -0.04 1.30 -1.06 -1.24 -1.23 -1.08 0.61 -0.66 0.62 -2.29 1.96 -0.99 -0.52 -0.10 2.20 0.34 -0.02 -1.61 -1.92 -1.25 -1.60 -2.51 1.14 1.50 0.79 -0.38 -1.99 -0.70 -2.03 -0.11 0.30 1.54 0.53 0.76 1.19
3.75 2.87 -9.42 -6.10 -8.12 1.73 -2.99 -1.96 8.14 13.72 7.15 -6.23 -1.85 -5.72 -12.03 -9.38 3.67 0.86 -2.09 2.30 6.70 17.91 -0.76 -6.88 2.72 9.63 3.15 -5.35 1.52 -0.94 -7.85 -9.46 -3.95 -3.75 8.01
No solution or more than one solution.
-0.91 -0.07 -0.15 1.25 -0.14 -0.03 0.42 -0.05 0.59 0.26 -0.72 -0.98 0.19 -0.44 1.03 0.57 -0.31 1.23 -0.33 0.41 1.25 -0.98 -0.18 0.17 -0.11 -1.02 -0.15 -0.75 0.14 0.51 0.23 -0.13 0.23 -1.48 -0.19 0.46 1.39 -0.91 -0.56 -0.74 0.66 -0.50 -1.07 0.39 -0.22 -0.97 0.58 0.33 -0.70 0.16 -1.37 -0.33 0.83 0.57 -1.35 -0.36 0.66 0.35 -0.02 0.22 -0.09 -0.31 -0.87
No solution or more than one solution.
