-0.66 0.03 0.16 -0.89 0.09 -0.68 -0.78 -0.29 -0.60 -0.79 0.10 -0.62 -0.79 0.54 -0.02 -0.43 -0.08 0.54 0.65 0.45 0.25 0.41 -1.72 0.07 0.28 0.26 0.28 0.37 0.05 -0.22 0.10 -0.75 -0.56 -0.51 1.00 -0.85 0.33 -0.34 0.22 0.36 -0.31 0.31 1.81 -0.38 0.35 -0.01 0.93
-1.34 -0.26 -0.93 -0.18 0.79 -1.46 -1.69 1.35 0.88 -2.10 -1.72 -0.71 0.45 -2.50 -0.69 -1.81 1.04 -1.68 -1.81 0.14 -0.63 -1.19 -0.73 -0.62 1.57 -1.04 0.07 -1.31 -1.65 -0.61 -0.86 0.45 0.44
-1.58 1.30 -0.84 1.99 3.36 1.14 -2.81 1.17 -1.30 -2.76
1.69 -0.15 2.45 2.11 3.60 -0.75 0.28 4.18 0.07 -0.19 1.47 -0.14 0.72 2.30 3.59 -0.35 -1.26 3.37
No solution or more than one solution.
No solution or more than one solution.
0.08 -0.77 -0.37 -0.67 0.30 -0.19 0.49 0.25 -0.39 1.04 1.50 -0.61 0.38 -1.01 -0.16 -0.45 0.78 0.30 -0.29 0.22 -0.35 0.50 0.35 -1.47 0.22 0.58 1.29 0.24 0.71 -0.32 -0.05 0.83 -0.17 0.79 -0.60
0.11 1.77 0.26 0.68 1.41 0.79 0.50 0.07 -1.33 -0.69 -2.38 0.73 -0.06 1.13 0.99 -0.22 0.18
-3.66 0.09 -3.07 -0.89 -1.89 -1.99 1.52 -1.71 -0.07 1.16 -0.60 1.26 -0.01 -0.59 1.67 -2.65 -2.14 -0.42 -0.09 -0.43 1.18 -0.49 0.44 -0.51 -1.44 -2.48 -1.34 3.40 0.81 3.28 -3.74 2.79 -2.18 0.66 4.29 1.15 -3.58 -3.69 -1.73 1.37 1.58 -2.00 0.72 3.41 0.73 -2.05 -1.41 3.40 -4.17 -2.12 3.21
0.12 0.68 1.36 -0.18 -0.44 0.57 0.15 0.96 0.38 0.13 -0.26 -0.07 -0.49 0.39 0.36 -0.44 0.72 -0.52 0.00 -0.14 0.39 0.39 -0.49 -1.02 -0.54 0.58 0.70 -0.34 0.12 -0.68 -0.12 -0.49 -0.43 -0.11 -0.10 -0.18 0.01 0.11 0.18 -0.80 0.02 0.01 -0.45 0.07 0.80 -0.42 0.20 -0.40 -0.27 0.20 0.35 -0.77 -0.18 -0.27 0.54
