100 1000
1 2 62
2 3 1
3 4 17
4 5 79
5 6 36
6 7 77
7 8 3
8 9 97
9 10 17
10 11 1
11 12 53
12 13 54
13 14 61
14 15 37
15 16 62
16 17 99
17 18 61
18 19 15
19 20 68
20 21 60
21 22 61
22 23 67
23 24 35
24 25 85
25 26 62
26 27 25
27 28 15
28 29 31
29 30 77
30 31 48
31 32 40
32 33 49
33 34 41
34 35 64
35 36 32
36 37 76
37 38 94
38 39 23
39 40 92
40 41 75
41 42 68
42 43 6
43 44 81
44 45 87
45 46 84
46 47 10
47 48 29
48 49 27
49 50 61
50 51 43
51 52 44
52 53 32
53 54 27
54 55 69
55 56 35
56 57 79
57 58 79
58 59 51
59 60 90
60 61 84
61 62 2
62 63 84
63 64 82
64 65 14
65 66 37
66 67 6
67 68 43
68 69 69
69 70 12
70 71 85
71 72 77
72 73 98
73 74 27
74 75 23
75 76 9
76 77 100
77 78 21
78 79 60
79 80 100
80 81 35
81 82 44
82 83 98
83 84 71
84 85 98
85 86 57
86 87 45
87 88 23
88 89 60
89 90 51
90 91 83
91 92 95
92 93 47
93 94 41
94 95 6
95 96 31
96 97 3
97 98 94
98 99 50
99 100 30
82 40 24
75 71 10
14 91 99
10 85 2
34 64 3
71 1 39
41 70 87
82 6 75
52 31 29
22 76 27
17 100 80
43 91 22
99 4 11
27 45 76
96 65 31
83 36 84
10 6 96
97 4 95
71 83 3
7 11 41
39 14 91
51 44 15
10 55 78
61 90 11
9 11 59
74 36 25
9 4 53
65 43 95
94 49 85
2 50 77
7 30 5
96 52 66
5 86 15
85 78 45
20 2 39
1 54 34
24 21 44
46 39 40
44 16 32
29 61 34
7 55 56
99 48 75
46 38 35
42 65 75
37 88 6
12 18 55
56 11 74
15 81 43
82 78 21
88 75 95
94 52 82
47 85 82
83 42 2
60 17 63
18 90 76
51 75 90
12 65 88
100 36 39
57 53 41
8 45 97
47 98 42
43 10 48
81 58 68
43 98 15
21 66 52
27 69 81
51 9 15
95 4 47
32 98 28
6 97 59
33 58 94
99 55 44
34 39 37
73 4 22
99 79 54
38 81 83
44 22 9
36 65 34
97 69 27
23 63 15
24 51 77
26 79 24
8 79 41
79 97 24
32 46 9
82 46 97
89 63 60
47 100 86
7 20 74
32 54 40
46 59 41
67 92 11
23 85 42
48 43 94
36 49 66
94 50 77
15 67 68
98 90 40
27 36 19
33 52 91
85 9 51
13 37 89
13 65 23
9 54 27
75 14 53
86 75 69
95 2 44
28 77 85
48 69 16
1 68 79
1 33 5
32 71 30
25 48 68
65 14 42
47 84 33
46 2 81
65 50 66
93 64 79
39 67 59
66 12 77
29 10 25
96 4 23
77 86 35
49 83 16
56 31 1
50 47 79
82 56 88
74 22 64
84 57 64
24 97 30
40 14 28
14 26 75
80 29 55
54 86 84
31 38 68
35 72 96
5 62 23
77 12 75
21 78 98
5 52 4
3 62 2
32 78 53
91 74 78
21 73 47
41 36 84
70 12 99
41 31 11
83 89 70
75 84 11
3 26 62
69 40 57
28 12 96
29 13 89
100 79 81
48 27 39
62 15 49
18 78 19
3 31 45
41 2 92
65 20 10
100 8 59
21 69 72
21 18 75
77 13 26
51 49 90
40 76 81
70 28 40
51 28 75
96 100 19
47 27 97
54 90 91
33 13 86
16 96 55
75 17 5
85 93 14
34 21 27
55 19 3
52 89 23
3 23 75
70 100 6
72 84 13
40 58 73
84 63 3
41 23 67
96 47 6
50 12 57
44 60 26
26 40 92
35 52 79
18 66 35
5 93 21
32 49 19
35 78 94
37 32 60
47 49 89
17 78 29
39 64 42
40 21 90
40 31 61
35 9 73
39 18 42
50 7 58
57 74 2
66 35 45
76 88 47
46 62 42
83 67 23
7 61 63
79 71 54
57 77 42
29 55 45
54 2 29
60 31 100
72 14 5
28 90 87
66 14 36
81 84 51
59 92 65
59 12 43
39 28 44
3 14 30
47 14 38
83 45 78
89 49 84
43 62 92
34 67 41
43 37 99
27 81 69
52 15 39
85 57 73
78 63 55
76 8 38
66 75 56
28 73 37
94 58 9
80 84 8
61 33 78
37 100 79
64 74 95
22 82 75
91 50 54
38 56 51
9 60 48
33 3 32
36 42 85
92 87 50
82 63 62
74 45 31
73 91 59
24 52 1
70 21 38
48 61 77
41 11 8
63 26 96
81 56 72
17 52 25
65 91 51
49 53 98
49 58 96
85 90 87
82 50 17
10 41 54
42 88 86
59 94 39
93 40 88
78 97 39
35 79 12
56 47 39
65 59 63
42 50 24
89 43 4
76 74 87
34 44 98
32 48 10
16 75 40
18 7 37
10 84 52
80 59 2
25 30 8
72 41 1
30 67 58
96 49 79
97 30 50
94 96 66
38 58 5
35 67 13
20 16 45
31 81 34
78 86 71
89 41 22
49 11 99
100 44 86
74 42 33
12 51 24
49 4 98
56 64 49
23 56 19
54 33 98
22 79 16
37 92 18
30 45 27
33 40 55
70 74 7
75 37 30
85 21 56
47 16 24
95 90 63
85 69 76
45 29 42
30 6 59
65 1 59
20 74 70
26 93 67
41 20 82
55 33 61
13 27 90
6 90 61
59 36 65
64 87 73
29 36 12
54 72 47
59 15 39
64 17 71
64 43 52
14 92 8
29 99 71
39 17 32
18 49 68
65 76 49
83 4 100
41 18 82
53 20 14
27 44 29
25 21 36
75 95 53
92 82 54
20 32 64
70 14 8
94 32 74
26 76 89
13 30 95
11 8 86
84 100 38
28 24 43
65 63 7
73 12 99
22 61 71
68 88 85
45 100 90
68 42 72
39 58 60
98 74 11
14 33 52
33 39 60
53 51 81
27 66 86
14 52 37
4 32 54
93 69 32
62 73 33
16 37 46
63 38 40
35 1 28
3 41 10
44 64 34
78 93 50
13 31 3
37 41 88
22 42 55
35 42 85
22 62 33
47 31 71
98 41 66
50 93 69
72 61 53
46 78 84
24 42 98
66 99 27
49 3 5
23 17 35
25 98 79
74 78 80
4 36 10
38 96 47
59 2 32
48 72 99
51 89 53
6 80 22
82 57 74
8 30 86
37 46 90
77 87 80
6 45 65
99 2 24
75 92 20
15 80 97
55 50 15
50 46 83
26 10 47
38 60 47
51 27 70
34 46 33
71 16 78
71 30 60
54 88 65
35 64 43
74 95 18
50 84 18
60 54 57
50 45 70
58 18 26
7 39 65
100 13 32
90 1 10
90 63 91
46 93 40
91 97 100
28 33 66
91 87 86
90 9 35
2 5 77
79 50 91
76 32 43
10 70 10
94 70 56
89 29 73
77 46 10
1 64 88
10 3 54
8 40 91
99 76 5
86 20 90
97 1 28
65 51 10
16 92 74
77 70 31
73 30 100
22 56 94
21 51 6
30 78 67
73 1 1
57 15 46
50 52 44
45 96 8
36 82 73
83 74 83
54 13 82
43 63 5
56 94 93
70 47 21
98 59 30
40 91 94
95 66 57
56 8 52
40 90 27
90 99 14
24 92 51
60 37 34
97 87 62
17 10 18
67 2 32
73 19 95
83 53 95
86 80 16
66 22 17
84 65 37
37 2 5
66 15 63
73 34 5
13 83 67
82 52 82
2 18 85
59 19 77
29 82 100
48 46 39
25 61 20
71 61 92
87 2 20
27 24 58
63 3 46
58 25 83
45 7 13
1 18 49
46 27 52
15 71 96
82 66 68
73 50 100
19 41 94
67 46 85
62 56 50
99 61 72
25 32 38
43 49 53
57 81 43
51 26 86
95 13 25
32 16 36
21 38 88
4 86 36
8 83 29
18 44 15
49 57 11
43 71 98
89 7 43
87 67 86
39 68 8
52 93 73
24 74 62
71 26 9
15 64 82
8 22 44
63 72 59
39 35 13
95 46 81
39 85 41
42 1 57
15 63 67
88 22 62
31 16 91
74 88 40
26 100 7
2 97 2
88 26 61
39 52 24
15 9 92
15 30 74
98 1 13
58 23 90
5 14 90
48 18 16
95 15 94
39 89 91
30 2 96
51 99 46
18 86 9
15 42 89
70 56 23
55 47 22
35 30 99
29 46 11
75 46 63
97 51 16
12 36 87
52 76 21
24 77 51
72 80 34
67 55 52
83 99 91
57 2 62
53 43 49
5 25 23
34 7 4
99 1 60
21 8 33
84 90 19
48 54 64
25 47 59
6 71 45
41 60 30
86 8 33
24 29 99
26 92 92
68 93 73
30 68 74
2 38 16
58 84 49
41 82 6
50 69 15
45 18 16
10 48 49
54 64 70
16 23 96
29 90 58
66 4 12
17 80 6
24 13 33
45 53 74
27 98 71
39 80 83
88 49 51
1 15 36
31 28 59
42 81 9
11 74 36
55 94 43
64 33 2
27 94 74
15 31 49
99 53 94
78 42 52
93 53 83
91 23 40
26 62 73
39 2 50
54 17 62
9 43 34
95 50 91
98 53 9
63 24 83
96 71 42
41 83 7
72 12 45
12 47 85
65 100 72
22 96 41
85 27 81
11 5 57
90 5 88
40 86 24
18 63 63
46 4 21
73 79 99
20 23 32
70 57 55
12 49 3
54 87 47
10 69 87
51 10 68
82 71 64
35 33 58
52 69 49
50 32 68
45 51 57
16 62 38
19 61 72
23 88 84
57 72 22
64 90 45
50 19 69
88 44 81
22 40 74
44 58 19
6 49 73
53 46 53
7 40 58
90 22 97
35 68 60
41 12 96
1 38 29
47 72 34
87 35 25
44 33 56
79 7 54
4 30 42
53 89 36
28 97 65
71 4 50
68 44 37
49 20 96
33 42 88
92 52 22
20 75 57
34 23 7
17 13 84
19 34 35
60 30 93
80 62 70
100 87 93
92 81 4
18 73 78
5 7 69
50 78 61
82 32 88
70 40 80
27 32 17
97 15 22
24 40 69
65 88 56
97 100 41
10 92 8
58 79 69
94 44 53
43 47 13
94 57 21
79 53 100
5 61 18
73 57 21
61 85 64
58 61 89
13 99 7
59 11 44
75 47 2
89 54 38
8 35 14
12 95 3
45 37 21
60 15 12
99 12 17
3 30 19
27 40 31
23 95 82
95 32 95
11 65 65
92 71 97
37 17 88
47 80 66
81 36 64
75 70 55
30 65 51
57 51 72
72 55 58
84 98 46
74 46 48
53 39 12
97 90 47
5 12 12
37 5 56
24 85 7
94 60 92
13 55 97
37 11 82
60 12 21
16 26 97
78 49 44
43 59 63
38 84 36
70 79 63
89 34 61
91 49 58
2 98 93
5 15 38
11 32 83
58 65 29
16 46 65
59 54 50
82 5 65
87 94 34
63 60 12
52 1 95
75 98 45
27 74 35
6 4 71
19 40 9
76 53 97
45 59 26
30 39 72
76 25 13
96 43 9
52 29 78
93 99 31
79 34 70
76 78 14
79 39 18
2 64 66
47 45 1
55 2 87
89 74 52
9 64 65
36 1 3
89 42 28
49 19 54
91 44 46
84 55 6
35 55 78
74 67 100
71 98 31
99 37 56
45 80 71
77 97 58
8 91 7
41 51 89
33 80 19
68 49 48
2 78 38
77 63 72
6 27 12
44 42 19
18 3 20
19 69 12
1 32 71
61 34 63
81 63 64
84 76 26
66 53 67
80 7 11
33 59 52
53 35 58
61 21 72
76 90 46
80 97 26
50 21 50
9 56 50
70 1 30
42 9 57
99 43 7
55 30 28
6 18 25
2 11 14
87 38 66
98 10 70
93 28 29
85 68 92
45 32 17
14 34 67
93 3 80
51 76 4
39 77 36
60 19 11
7 38 81
70 7 70
5 50 66
33 23 2
72 62 80
53 78 17
28 98 33
92 42 55
64 80 70
6 24 16
55 79 83
69 1 87
61 73 37
6 74 29
11 25 38
59 47 56
79 98 93
5 17 18
74 33 28
22 87 46
61 28 31
59 31 22
61 14 64
72 95 4
35 93 25
44 67 18
86 97 78
21 54 37
27 75 76
78 66 30
57 65 13
99 7 16
97 53 69
28 71 26
52 16 31
37 87 14
85 87 4
61 32 56
19 37 8
98 65 30
85 2 28
2 92 24
19 39 18
39 50 1
92 90 80
45 77 1
13 36 78
79 44 8
43 61 92
74 16 55
30 99 76
66 89 22
63 66 20
88 64 25
73 6 4
36 57 87
62 40 93
13 87 17
75 52 1
68 2 13
54 80 13
24 17 26
73 63 67
23 81 80
85 25 26
68 98 7
77 1 17
62 87 14
66 20 18
88 45 67
10 60 26
23 65 14
66 87 46
33 94 93
1 44 28
50 64 76
42 30 4
52 10 46
87 40 93
47 17 76
31 90 93
89 73 20
24 32 28
4 28 80
12 2 76
87 36 80
74 8 48
15 10 33
79 21 25
8 71 20
47 99 4
42 39 76
70 97 48
42 25 89
37 1 89
34 50 89
58 64 93
81 54 48
22 99 20
54 74 20
26 75 48
34 29 48
80 88 20
