100 1000
1 2 90
2 3 94
3 4 6
4 5 58
5 6 40
6 7 4
7 8 22
8 9 5
9 10 30
10 11 40
11 12 74
12 13 46
13 14 68
14 15 20
15 16 32
16 17 76
17 18 39
18 19 98
19 20 30
20 21 17
21 22 7
22 23 92
23 24 89
24 25 2
25 26 32
26 27 39
27 28 9
28 29 26
29 30 63
30 31 49
31 32 52
32 33 66
33 34 49
34 35 72
35 36 6
36 37 44
37 38 89
38 39 88
39 40 7
40 41 24
41 42 75
42 43 6
43 44 26
44 45 10
45 46 62
46 47 53
47 48 17
48 49 81
49 50 56
50 51 77
51 52 14
52 53 87
53 54 32
54 55 32
55 56 35
56 57 53
57 58 33
58 59 98
59 60 85
60 61 42
61 62 91
62 63 53
63 64 63
64 65 57
65 66 3
66 67 71
67 68 38
68 69 93
69 70 38
70 71 35
71 72 60
72 73 83
73 74 50
74 75 11
75 76 78
76 77 75
77 78 98
78 79 71
79 80 58
80 81 98
81 82 85
82 83 84
83 84 39
84 85 83
85 86 76
86 87 67
87 88 10
88 89 15
89 90 5
90 91 68
91 92 91
92 93 26
93 94 19
94 95 3
95 96 75
96 97 32
97 98 36
98 99 28
99 100 39
40 25 48
61 51 12
52 57 36
91 40 47
86 75 62
46 98 26
22 1 10
59 31 78
7 43 79
85 24 68
37 44 84
87 26 86
56 35 56
7 14 4
33 44 10
43 41 2
45 2 43
94 20 24
31 61 42
57 81 58
46 78 74
58 84 1
75 6 49
8 87 38
30 76 95
59 30 48
97 45 37
6 53 17
41 18 32
87 44 19
36 5 45
51 62 42
85 67 12
86 56 96
18 1 34
26 4 5
50 82 63
45 6 49
78 80 25
18 28 18
91 6 35
76 69 45
92 65 96
63 27 40
56 6 97
59 90 86
62 20 30
54 96 31
87 55 61
86 13 4
59 29 23
27 17 18
15 21 93
25 81 73
74 23 90
92 82 89
12 51 93
8 95 70
13 68 63
68 79 39
11 46 49
91 47 84
9 85 59
23 94 45
13 65 8
38 8 50
3 98 85
10 96 96
8 18 69
49 83 100
17 21 76
58 11 24
27 98 91
30 42 19
77 40 9
75 1 85
15 43 70
82 73 51
47 71 92
1 99 59
54 44 75
97 14 40
15 27 87
86 76 51
47 72 77
97 69 10
59 81 10
31 47 100
86 18 49
55 38 93
74 37 18
58 3 35
99 2 45
78 91 13
59 51 90
80 9 86
52 87 35
65 20 57
26 20 95
32 87 37
22 72 50
64 56 11
99 35 91
85 30 87
53 10 8
70 64 31
16 31 75
49 2 74
69 52 36
72 50 43
88 41 37
31 26 67
38 93 9
32 97 64
54 79 95
74 89 51
83 53 32
41 87 38
3 5 15
32 3 98
83 34 77
61 9 19
4 86 23
14 40 41
30 55 9
72 28 14
62 24 56
7 37 41
62 77 35
12 28 96
75 10 11
56 8 2
85 39 16
82 57 76
44 29 57
45 40 15
54 38 50
72 12 67
97 40 85
25 19 38
93 2 9
23 16 56
14 11 100
53 29 92
20 1 31
58 70 54
43 51 68
6 47 54
97 1 59
49 78 50
4 49 27
70 39 56
1 93 17
14 29 72
55 96 63
85 40 36
24 80 89
60 52 8
20 96 73
99 77 28
54 60 27
77 94 32
78 72 95
62 15 85
54 93 87
98 25 86
8 30 80
16 100 84
57 5 9
73 25 17
16 60 19
69 73 39
42 14 49
86 94 92
90 8 71
38 95 56
35 26 27
54 64 38
45 20 53
34 65 29
68 83 87
62 98 54
6 57 34
93 76 89
3 48 20
38 27 86
47 99 10
66 35 53
40 11 42
32 82 46
57 97 81
18 50 88
35 79 39
92 44 52
97 24 81
35 82 3
27 99 16
24 51 13
41 95 32
68 93 17
73 45 62
74 88 17
90 85 3
49 16 88
76 60 68
95 54 24
13 4 26
36 58 98
26 10 54
82 27 43
74 92 44
96 56 97
83 78 77
59 24 63
40 80 19
97 19 51
68 88 69
93 47 91
73 46 9
35 45 50
44 50 76
89 66 45
45 95 57
46 1 76
91 27 8
53 39 87
15 68 58
68 34 65
58 29 76
34 71 54
1 61 52
69 58 39
44 17 14
55 8 75
36 67 12
47 67 35
87 80 57
45 53 33
30 23 19
60 33 31
15 32 12
19 23 82
15 95 26
17 86 13
55 57 62
56 100 41
54 90 55
82 87 72
83 6 44
67 33 64
85 43 26
81 86 99
55 28 50
96 84 42
81 12 60
46 66 60
55 86 73
53 58 17
67 50 39
39 26 33
34 55 70
81 67 33
69 41 39
18 75 53
71 82 41
11 69 91
58 28 76
12 16 83
63 69 4
31 77 32
90 48 97
53 38 79
90 97 26
57 66 12
67 56 11
39 41 92
40 44 79
1 47 81
56 60 54
2 71 67
4 83 20
67 12 37
56 72 24
44 28 69
14 53 85
46 58 67
37 94 34
34 81 67
48 73 55
41 6 2
93 8 94
30 68 26
21 77 24
7 63 59
91 48 60
72 14 43
84 32 86
7 13 81
65 42 64
53 5 73
51 15 78
80 10 88
37 75 50
63 92 26
91 67 75
56 3 18
19 43 37
12 5 94
55 75 18
94 50 8
55 24 41
5 13 98
3 40 86
39 78 2
10 63 2
62 71 13
15 76 72
40 8 90
65 62 98
84 61 55
1 98 92
43 63 79
20 31 67
34 89 54
56 73 86
21 53 16
57 100 59
88 37 63
61 100 68
7 9 14
3 45 57
34 98 23
55 18 8
8 45 22
21 41 35
83 22 93
78 70 14
96 72 5
39 60 77
94 57 67
45 31 75
53 90 80
60 81 63
30 94 74
43 10 34
17 40 52
69 15 59
54 85 95
79 4 62
32 47 53
68 63 92
20 14 54
49 51 30
45 18 37
16 95 95
38 20 78
98 82 87
80 51 90
58 96 7
93 39 23
87 38 86
55 65 43
80 77 95
90 16 33
1 74 11
40 93 98
64 1 44
22 71 17
64 41 24
95 86 15
42 40 74
29 93 10
55 78 16
92 16 37
25 22 61
21 98 62
37 73 72
44 13 53
64 42 23
52 77 16
74 18 65
73 67 97
12 89 19
92 88 68
31 4 56
36 89 79
50 15 12
77 56 8
70 20 96
60 41 58
100 8 4
82 79 3
86 62 3
7 22 55
18 9 90
37 16 88
74 76 66
79 92 1
18 44 94
71 81 58
31 5 9
30 63 89
33 51 79
76 55 3
89 22 9
5 87 62
70 72 94
83 38 52
41 32 83
8 58 92
58 12 48
36 48 24
17 4 41
95 21 78
12 96 59
58 49 90
84 72 79
60 79 56
95 30 48
22 4 95
86 11 57
22 47 75
77 85 40
14 8 9
55 50 50
64 73 73
35 97 5
47 68 78
5 94 90
87 11 71
60 87 7
91 28 30
82 29 28
20 90 14
13 30 83
69 24 30
64 32 42
37 61 93
69 83 78
63 36 95
15 12 43
73 8 63
79 25 1
14 66 63
56 37 53
18 77 21
75 62 18
45 29 23
83 86 29
99 41 65
6 33 22
87 7 75
81 17 54
71 95 1
9 33 36
29 79 48
85 14 72
82 80 76
55 43 12
98 57 22
71 19 18
8 4 38
12 46 34
24 49 68
39 49 96
55 1 88
25 96 8
8 49 54
21 73 1
41 72 95
68 62 90
68 75 84
40 47 96
14 90 28
59 99 5
85 62 96
13 94 10
41 13 4
97 18 10
59 27 83
3 55 82
54 14 30
8 59 15
27 70 37
82 64 11
42 19 21
22 6 74
11 2 61
75 64 25
56 17 23
32 61 15
1 52 76
61 58 98
74 69 79
17 78 87
86 7 1
56 36 19
50 32 69
46 62 30
4 30 50
22 69 22
93 31 79
54 22 35
86 100 69
34 26 70
22 56 58
80 46 51
42 62 88
88 24 79
40 66 96
34 97 34
100 87 81
75 35 20
42 83 29
70 63 65
72 62 23
8 24 45
60 11 77
82 90 7
44 61 90
19 100 44
91 100 74
56 74 70
39 57 77
1 19 82
95 7 36
1 62 82
61 70 22
99 14 70
80 63 58
45 77 55
71 88 22
90 11 1
2 31 78
33 17 45
6 27 47
46 20 67
56 28 6
60 63 51
7 70 66
22 57 60
20 16 5
86 33 73
47 18 66
48 94 94
27 5 86
4 92 65
21 25 84
84 90 61
86 6 13
99 8 71
46 57 48
76 85 36
23 87 7
71 9 67
48 59 31
80 37 65
49 79 8
6 92 78
85 35 47
13 83 58
29 67 18
2 90 100
25 46 11
97 9 45
80 30 29
38 79 96
9 1 66
47 65 71
9 76 77
24 14 94
83 48 5
94 76 65
93 36 24
40 22 37
39 98 20
71 55 2
61 4 61
28 35 6
68 23 28
6 51 57
77 84 23
70 66 24
9 91 30
92 66 5
67 62 19
79 99 7
6 34 48
11 63 83
7 24 21
75 78 3
85 81 7
39 92 72
33 20 61
11 36 41
63 100 17
42 7 93
67 99 4
77 48 97
48 56 89
6 48 58
27 55 37
89 56 18
94 54 35
20 11 6
16 22 64
63 93 74
30 12 52
82 97 13
23 100 100
63 78 60
20 60 73
24 27 100
48 62 28
14 23 78
13 20 21
73 50 64
90 43 23
32 26 100
40 4 45
83 97 66
99 26 25
6 100 5
43 20 30
95 88 100
74 21 13
23 27 69
82 19 91
74 78 92
64 62 3
60 62 38
31 87 68
23 58 16
46 23 43
71 73 56
37 27 33
34 91 43
11 39 85
26 2 44
99 63 87
67 4 81
64 100 71
99 28 51
49 85 61
16 13 60
14 2 48
29 4 80
3 100 49
36 94 34
52 28 45
73 57 69
60 19 73
59 37 1
88 86 40
44 83 33
36 85 87
91 30 61
3 9 88
3 76 21
61 53 93
22 100 53
24 58 84
91 54 20
19 90 64
76 6 59
29 62 3
29 42 49
60 53 64
49 32 48
45 54 22
29 20 6
82 49 46
51 76 36
6 60 42
9 78 11
36 53 13
23 98 44
44 77 20
42 66 61
98 72 2
89 81 60
31 54 4
56 49 38
99 74 36
79 42 1
25 23 88
60 37 7
77 55 22
23 91 88
85 56 57
19 27 81
67 78 15
83 70 65
47 61 7
19 37 13
5 82 33
17 68 70
68 31 97
18 12 77
67 7 80
74 93 92
77 59 28
38 43 44
5 49 4
5 55 46
20 8 8
95 2 20
41 31 31
59 12 71
16 61 48
80 26 83
18 25 49
27 96 91
36 88 56
58 15 70
64 21 89
32 40 57
87 47 6
90 3 40
78 97 59
70 43 27
85 6 74
68 19 25
10 14 69
19 44 25
73 94 73
79 23 71
68 49 46
100 2 31
97 31 43
7 27 83
84 38 47
2 75 93
15 78 77
14 26 55
52 93 74
35 40 27
97 89 6
83 18 4
67 44 52
72 11 28
94 34 70
66 86 72
30 44 14
98 2 65
63 53 64
23 7 91
63 77 21
38 34 6
57 21 28
54 74 60
50 37 60
32 12 25
51 91 25
37 24 68
70 86 28
88 55 33
65 96 62
94 60 81
67 55 36
85 37 84
51 11 55
26 90 59
69 39 71
20 51 62
93 75 64
96 18 27
64 4 64
45 5 42
8 62 22
44 21 38
25 47 42
18 35 2
95 62 18
53 48 84
33 74 14
26 22 85
65 14 65
75 65 14
31 42 44
21 24 55
37 84 14
94 87 25
7 30 2
18 15 33
16 94 61
21 40 16
52 30 40
49 93 43
76 62 44
32 34 21
42 23 84
38 22 34
68 91 25
49 99 80
85 69 31
92 28 94
52 100 46
51 94 89
1 21 91
77 2 1
67 28 93
91 1 80
78 30 73
40 84 72
33 28 15
93 20 31
60 64 42
72 19 80
82 45 85
27 10 82
9 25 100
39 58 11
87 64 47
99 65 29
3 50 100
43 91 69
59 86 29
3 47 55
35 96 12
98 77 40
38 59 40
45 58 13
26 5 12
57 75 81
26 12 80
49 57 25
57 17 99
36 80 82
28 19 70
10 48 47
77 35 16
58 41 27
17 7 15
73 91 29
37 64 29
99 43 47
88 44 94
15 64 34
24 81 46
85 75 52
98 52 72
29 2 27
38 70 20
47 26 41
1 67 62
84 65 47
71 43 55
26 95 51
41 35 82
17 58 41
6 19 94
41 90 12
92 19 41
35 100 51
34 50 27
3 22 51
62 7 34
14 39 82
81 93 82
15 99 11
16 72 89
71 12 16
9 95 20
63 32 97
31 82 31
9 30 21
79 87 47
69 37 82
28 8 29
66 59 69
59 53 27
88 2 83
48 31 52
69 57 15
92 5 29
62 28 46
28 42 66
10 88 21
19 52 47
86 34 21
32 7 99
70 59 66
9 36 97
67 24 66
5 33 46
62 73 99
20 97 99
12 49 16
52 91 97
33 72 99
36 86 66
4 2 52
31 37 46
89 52 97
80 12 80
61 29 99
28 74 80
38 85 99
78 13 99
4 74 99
