100 1000
1 2 97
2 3 34
3 4 84
4 5 16
5 6 84
6 7 86
7 8 46
8 9 86
9 10 65
10 11 17
11 12 17
12 13 95
13 14 56
14 15 55
15 16 50
16 17 93
17 18 34
18 19 1
19 20 55
20 21 48
21 22 91
22 23 69
23 24 41
24 25 4
25 26 90
26 27 94
27 28 87
28 29 28
29 30 71
30 31 10
31 32 36
32 33 54
33 34 68
34 35 85
35 36 22
36 37 58
37 38 47
38 39 12
39 40 97
40 41 91
41 42 79
42 43 98
43 44 18
44 45 58
45 46 74
46 47 57
47 48 94
48 49 40
49 50 73
50 51 79
51 52 17
52 53 88
53 54 70
54 55 37
55 56 14
56 57 20
57 58 17
58 59 62
59 60 6
60 61 80
61 62 51
62 63 13
63 64 37
64 65 46
65 66 65
66 67 58
67 68 93
68 69 97
69 70 88
70 71 56
71 72 19
72 73 64
73 74 37
74 75 89
75 76 17
76 77 84
77 78 61
78 79 25
79 80 53
80 81 12
81 82 62
82 83 50
83 84 87
84 85 10
85 86 49
86 87 15
87 88 17
88 89 12
89 90 96
90 91 78
91 92 69
92 93 90
93 94 20
94 95 98
95 96 1
96 97 68
97 98 34
98 99 72
99 100 52
55 13 58
67 36 86
39 33 86
21 37 81
23 89 38
40 36 50
84 26 85
66 74 14
42 18 79
23 87 92
88 8 18
60 11 74
2 22 69
98 48 16
68 87 52
12 26 57
95 27 3
38 75 13
30 94 32
88 55 34
24 77 33
25 63 9
22 14 3
6 32 26
53 35 66
31 44 43
69 3 27
94 98 30
23 97 19
24 52 47
60 81 87
97 57 73
28 3 5
97 59 52
44 13 58
82 75 21
64 54 13
2 94 39
66 31 1
69 92 89
66 86 99
62 99 30
68 86 30
60 51 41
53 57 74
29 10 26
58 71 5
98 26 1
37 70 80
50 68 95
69 83 54
9 74 35
77 95 89
49 53 43
40 45 12
26 88 57
81 74 47
38 63 44
38 84 15
95 17 90
53 34 89
38 96 77
59 4 43
49 22 20
66 16 70
37 3 21
34 36 89
27 71 56
24 34 69
60 41 2
81 4 16
8 86 69
6 81 47
22 6 71
56 6 86
78 60 43
12 2 28
21 32 57
45 66 82
19 38 67
21 71 91
89 80 38
46 3 71
52 55 78
85 59 62
9 36 41
62 20 99
34 38 39
24 38 32
5 90 88
53 11 59
75 36 13
84 79 36
42 49 69
76 5 88
54 100 6
43 90 5
19 100 35
44 68 39
85 97 99
3 26 2
43 73 35
30 45 74
2 81 92
40 24 83
1 44 28
13 26 89
86 24 95
40 5 69
64 99 90
95 54 39
28 59 62
44 83 56
53 12 63
28 37 58
92 33 57
81 93 9
41 22 93
19 68 78
36 27 28
22 33 37
55 17 28
96 84 21
73 78 1
26 1 60
10 53 95
73 87 50
65 79 91
9 50 23
55 73 91
34 29 73
1 22 85
33 83 70
23 84 42
69 55 12
10 47 51
62 26 15
92 13 51
8 24 49
65 15 65
16 65 75
84 89 44
68 89 8
89 78 48
15 5 21
1 50 62
25 59 60
26 23 60
27 64 79
97 25 47
64 22 68
26 66 12
5 25 62
31 46 91
78 36 81
63 15 21
6 84 71
91 20 27
89 7 61
79 26 82
8 64 93
95 53 100
34 65 75
82 67 61
91 43 72
41 64 57
49 29 29
44 26 80
24 36 87
20 8 75
40 6 47
46 11 97
57 66 89
14 56 75
53 91 76
50 40 90
35 70 69
67 27 54
35 23 52
36 19 11
70 34 97
66 72 73
36 23 6
41 63 52
74 32 8
43 31 9
69 75 27
48 59 71
89 3 61
11 85 31
8 90 90
1 59 11
78 12 87
16 72 87
80 86 82
10 70 58
99 30 92
69 20 17
32 34 56
15 90 31
2 74 34
98 60 36
5 26 37
17 99 9
31 19 95
13 75 34
49 3 93
2 23 82
40 2 45
28 5 74
45 85 100
35 72 92
97 74 91
78 21 54
98 72 53
31 28 89
9 62 72
36 15 91
53 24 79
83 37 43
48 33 54
18 96 10
74 78 8
25 77 83
90 10 53
46 82 61
4 15 61
7 2 9
7 23 22
89 43 52
94 50 22
1 34 57
25 92 65
74 87 60
24 29 4
18 5 9
26 29 76
81 44 82
55 65 71
35 4 10
44 84 82
38 15 11
66 23 53
5 17 50
64 58 54
71 44 70
84 35 5
93 78 44
82 36 91
93 12 93
68 22 35
92 57 77
64 6 39
18 38 43
49 32 52
49 77 59
79 38 65
76 93 69
44 79 11
86 100 54
87 43 26
53 39 99
61 83 80
14 84 28
55 35 1
51 49 21
91 25 82
81 78 80
66 47 54
75 47 92
16 87 20
22 65 57
86 17 2
10 38 33
8 79 59
60 79 18
51 23 76
9 20 19
39 42 53
31 41 35
54 1 51
26 36 26
11 95 76
97 49 48
20 90 37
78 68 88
11 90 77
47 39 20
62 23 74
50 25 15
45 64 66
5 37 25
89 95 45
48 75 100
40 30 49
22 39 66
68 16 88
44 62 11
29 54 45
24 28 92
81 9 98
48 86 48
48 29 45
41 49 85
55 37 35
94 28 97
73 51 44
1 55 56
3 50 97
37 54 64
53 79 12
68 46 2
66 53 30
90 52 88
62 100 54
63 91 4
90 41 4
29 75 61
22 57 18
82 18 12
40 85 11
75 79 71
33 59 36
66 28 1
67 87 73
12 90 58
61 88 70
92 36 16
95 91 5
14 40 24
11 18 79
23 6 4
56 37 63
14 5 24
40 57 84
99 13 5
52 12 30
5 81 28
7 11 6
70 38 87
74 89 24
82 47 90
93 82 9
82 39 96
71 47 72
71 15 66
94 18 91
82 43 32
58 82 52
72 59 89
80 34 93
38 71 36
53 7 19
90 40 77
57 72 33
22 8 19
46 63 98
2 46 64
40 37 70
99 15 79
60 8 53
6 72 99
78 82 39
75 58 81
35 28 8
2 8 44
22 80 7
100 69 79
67 76 43
84 2 90
36 63 73
30 71 8
34 4 84
58 40 16
62 48 69
2 98 54
86 3 65
86 54 99
19 22 55
31 78 5
34 12 41
17 41 3
46 88 50
39 15 11
97 9 94
38 49 23
55 6 65
72 76 39
70 51 26
99 22 60
52 45 47
34 10 20
82 70 12
73 3 55
8 1 43
6 10 7
20 87 19
82 54 48
30 57 93
57 76 27
50 31 84
40 66 7
54 15 48
1 93 56
53 33 25
21 98 26
79 36 56
27 57 36
25 90 17
62 37 64
88 74 24
97 99 15
28 100 93
38 43 47
35 58 67
65 30 20
9 28 23
57 59 66
36 58 21
89 62 59
8 56 76
9 4 44
30 62 17
36 68 39
69 9 97
53 42 56
86 61 75
91 4 75
92 94 60
82 51 31
88 56 99
21 93 99
29 13 37
16 1 56
63 87 45
16 67 52
50 35 34
2 26 60
98 89 71
27 9 90
48 79 3
51 58 20
12 97 23
94 56 67
70 99 20
41 67 80
80 2 13
65 73 58
77 100 98
78 8 66
19 91 16
36 94 31
84 93 38
63 90 80
18 68 19
85 38 94
80 35 1
57 17 63
15 29 48
6 68 67
82 2 28
71 46 49
62 34 99
17 3 63
81 61 43
49 62 76
79 98 19
50 6 50
62 53 81
26 100 8
40 100 25
72 93 25
17 66 14
49 79 15
48 3 21
44 4 50
65 2 39
25 85 26
2 97 8
86 42 99
11 92 97
33 55 76
88 60 80
58 96 68
26 89 18
67 65 19
90 19 51
64 14 27
4 97 68
56 95 93
60 66 40
71 35 73
29 79 83
21 40 23
25 23 64
12 18 18
4 14 40
41 35 66
37 23 45
7 67 88
70 14 83
59 44 71
63 59 70
89 86 95
53 47 12
18 69 2
54 34 45
3 40 88
73 88 19
76 11 50
82 38 76
19 1 7
36 71 78
83 89 55
79 6 28
75 17 55
31 62 53
91 82 82
69 61 25
45 1 37
90 28 65
27 6 18
16 23 14
69 38 26
89 50 42
17 45 57
82 4 79
85 20 66
33 79 60
38 42 1
81 48 67
47 93 40
18 48 2
45 100 30
85 82 25
84 17 15
26 18 33
75 57 67
42 72 40
69 76 92
82 17 92
21 88 48
72 77 73
74 18 18
95 55 5
84 52 97
62 17 81
73 21 51
84 77 42
73 67 55
15 20 38
98 83 7
68 14 33
39 79 31
48 73 42
80 25 8
79 85 89
72 44 60
58 30 46
59 82 92
33 21 87
16 43 72
16 22 46
84 75 98
32 62 43
20 67 74
46 87 66
51 66 20
85 43 75
9 52 17
47 52 9
55 48 26
76 4 82
26 21 74
21 15 27
70 57 78
29 73 80
93 90 7
65 12 40
69 58 32
36 32 61
66 90 55
21 85 95
70 67 62
13 74 23
60 75 51
49 92 48
29 9 53
88 78 44
7 97 48
43 86 86
81 25 95
76 63 2
82 3 38
95 51 9
5 57 81
80 71 44
2 42 39
78 13 16
68 17 70
85 94 23
1 52 78
73 27 49
66 41 52
27 56 1
58 85 37
52 33 53
18 28 46
6 37 26
20 4 15
29 17 47
84 40 24
79 35 9
32 4 34
28 48 51
19 81 24
48 42 77
46 19 34
25 40 7
30 56 71
34 94 53
47 36 95
27 54 79
82 68 88
25 72 41
46 36 60
16 95 47
92 88 85
87 47 64
64 5 38
88 5 64
39 48 25
57 87 73
11 8 34
73 90 85
17 60 7
30 42 61
97 79 21
46 35 78
39 12 11
94 47 3
19 73 70
34 63 36
56 90 74
5 23 75
20 23 59
5 89 95
11 57 33
58 76 98
51 89 98
89 38 23
26 22 77
7 37 21
61 24 15
15 86 68
89 47 23
87 40 74
94 51 49
67 31 73
43 56 67
60 16 36
2 69 24
23 44 28
10 13 45
31 40 90
8 87 65
17 26 85
95 63 18
8 46 10
49 88 25
46 78 72
82 73 59
67 60 7
88 16 22
30 36 68
17 53 29
85 95 8
20 27 25
37 34 92
53 25 68
28 55 59
30 75 22
83 23 7
98 45 27
30 92 63
15 69 77
18 1 14
74 62 33
90 100 87
72 11 72
24 96 6
49 14 45
98 84 27
20 58 80
44 9 46
52 63 65
5 43 57
39 80 35
40 83 27
81 56 8
79 50 84
94 62 4
35 13 94
80 21 64
74 90 49
38 17 29
28 53 84
84 43 76
70 60 15
16 14 32
93 89 38
93 24 36
34 91 4
95 22 35
56 63 40
39 97 11
91 74 41
47 14 76
24 26 98
4 22 87
70 26 67
94 25 6
36 33 42
30 95 68
18 98 51
83 14 2
40 62 22
80 76 10
9 90 77
14 53 42
93 42 61
12 63 36
84 76 38
96 3 100
12 30 41
63 72 84
98 24 3
21 48 32
88 34 27
37 87 5
21 70 72
91 71 84
99 14 30
78 71 38
84 87 75
54 98 64
81 62 58
58 68 10
73 35 24
67 4 30
72 2 3
9 33 62
68 2 45
6 8 75
2 53 96
61 36 46
22 58 49
27 49 35
71 39 4
2 20 4
51 63 13
65 45 46
79 20 22
85 98 18
49 36 67
52 31 96
26 97 78
10 20 66
20 98 24
66 46 14
12 71 59
19 41 3
20 13 100
47 22 85
37 82 72
29 95 82
11 13 50
86 18 37
30 43 98
100 49 30
4 54 35
1 99 13
37 32 67
14 11 96
92 66 10
98 33 14
44 46 6
36 20 86
15 45 62
53 89 4
5 69 38
21 23 41
5 56 55
70 89 77
18 87 100
70 85 6
11 49 29
36 11 86
81 91 64
57 78 78
21 82 5
38 97 16
97 27 24
10 52 16
70 95 29
62 56 13
83 1 72
88 99 78
22 20 23
80 85 96
48 26 11
45 57 10
40 29 85
7 83 6
71 18 63
55 83 68
19 60 100
17 64 96
84 15 14
13 50 94
96 99 70
41 58 42
50 83 46
9 58 96
38 35 40
66 98 83
19 96 55
5 78 42
19 65 13
74 50 94
59 17 86
96 34 41
40 78 96
4 79 32
36 13 10
81 98 86
38 6 44
67 80 42
24 30 59
35 60 59
10 85 29
4 88 2
5 95 94
16 35 13
96 75 16
92 24 94
20 18 44
53 64 41
80 48 22
82 62 33
30 7 85
21 7 77
1 49 49
23 50 32
77 94 6
76 62 2
41 55 62
11 48 51
69 13 22
91 26 46
89 48 100
55 5 81
38 32 30
24 1 29
34 39 42
90 77 14
29 69 29
97 78 29
99 58 83
32 92 100
70 68 94
72 61 96
28 6 49
24 99 63
45 38 29
91 56 22
96 22 83
44 78 83
36 25 32
80 27 14
55 27 33
7 86 32
18 21 3
65 11 63
61 45 33
65 95 81
27 81 100
33 18 3
67 78 83
45 3 40
32 69 63
96 20 31
18 79 63
53 73 83
14 1 31
99 39 31
26 34 31
60 27 40
96 82 81
32 2 31
28 46 81
