100 1000
1 2 41
2 3 83
3 4 90
4 5 38
5 6 8
6 7 42
7 8 62
8 9 66
9 10 29
10 11 13
11 12 88
12 13 43
13 14 52
14 15 80
15 16 100
16 17 57
17 18 86
18 19 26
19 20 91
20 21 43
21 22 67
22 23 52
23 24 64
24 25 86
25 26 74
26 27 34
27 28 23
28 29 77
29 30 46
30 31 89
31 32 64
32 33 22
33 34 85
34 35 75
35 36 69
36 37 7
37 38 11
38 39 64
39 40 33
40 41 64
41 42 27
42 43 39
43 44 49
44 45 38
45 46 36
46 47 41
47 48 91
48 49 14
49 50 60
50 51 73
51 52 99
52 53 59
53 54 82
54 55 5
55 56 39
56 57 6
57 58 48
58 59 25
59 60 70
60 61 49
61 62 95
62 63 81
63 64 60
64 65 59
65 66 19
66 67 30
67 68 6
68 69 58
69 70 36
70 71 36
71 72 66
72 73 51
73 74 55
74 75 35
75 76 23
76 77 70
77 78 83
78 79 72
79 80 32
80 81 47
81 82 32
82 83 38
83 84 60
84 85 24
85 86 42
86 87 63
87 88 34
88 89 2
89 90 54
90 91 49
91 92 87
92 93 58
93 94 59
94 95 63
95 96 25
96 97 71
97 98 51
98 99 57
99 100 44
54 66 45
41 46 21
35 83 85
41 34 39
43 13 57
75 19 21
51 97 32
3 11 85
30 86 68
23 71 39
78 59 69
13 95 46
69 25 8
63 51 55
62 5 72
82 7 55
98 32 49
33 56 89
2 77 89
21 74 91
87 12 37
33 72 39
77 6 99
19 51 44
70 57 91
48 52 70
38 41 98
94 20 1
84 3 15
60 91 39
23 86 76
20 65 94
77 60 14
94 12 73
6 83 9
51 6 3
85 92 14
48 31 92
12 67 25
82 73 92
5 86 29
95 60 40
22 57 45
21 91 85
39 64 72
89 16 36
68 40 50
1 56 47
72 17 19
40 5 11
39 72 20
95 38 46
49 98 17
45 70 40
28 79 48
43 6 45
49 19 2
27 23 85
55 87 4
78 80 25
88 68 84
11 25 82
6 52 40
21 30 12
35 32 75
6 47 24
48 53 15
34 50 16
78 94 20
90 50 15
28 96 97
73 37 64
95 52 78
5 64 42
1 79 66
21 64 39
2 61 8
61 69 11
84 23 43
54 18 67
61 74 66
58 96 36
22 25 94
13 16 8
68 42 78
1 72 72
42 4 6
14 62 66
93 96 34
60 70 3
13 37 63
48 10 41
75 73 32
11 100 4
10 2 33
39 28 16
26 35 19
87 29 19
53 42 31
50 76 84
32 19 32
22 50 33
3 18 63
18 33 33
94 85 18
25 23 41
87 71 39
83 77 43
34 13 14
39 25 64
76 43 12
96 33 54
86 63 83
8 18 8
28 77 60
76 55 100
40 99 95
83 45 58
93 34 24
57 43 21
69 88 39
17 51 100
78 48 27
93 27 62
26 48 94
50 78 5
54 48 35
34 20 41
54 13 54
5 55 8
44 13 45
20 47 68
57 55 70
50 23 47
64 61 73
3 56 74
56 69 78
20 61 80
64 17 79
29 40 43
5 82 52
58 92 91
40 53 57
24 38 63
20 46 64
19 85 26
33 24 78
23 39 27
58 38 68
30 28 78
4 34 81
97 10 65
54 31 17
96 40 16
89 33 71
47 21 76
1 66 100
7 3 96
73 60 4
45 24 54
82 96 8
30 44 50
27 7 29
36 20 91
34 49 83
9 89 85
96 47 80
88 64 82
2 87 35
40 32 79
64 97 10
73 31 44
55 18 93
82 43 3
65 6 16
31 20 46
49 41 23
11 81 94
84 21 85
23 64 84
48 2 11
56 72 19
11 21 62
75 52 46
80 73 50
86 10 83
19 94 75
80 38 87
94 96 69
83 4 12
1 68 68
11 35 59
98 59 57
66 93 90
85 76 96
70 55 48
60 27 37
3 17 4
80 46 22
13 53 94
96 83 9
56 49 43
39 35 55
95 34 73
5 75 51
88 94 67
40 94 50
67 25 63
54 2 100
18 21 66
10 54 82
15 40 88
91 29 81
15 100 40
90 51 61
23 85 14
55 94 50
48 86 32
66 13 42
51 16 92
99 45 57
54 97 8
55 40 20
74 91 93
84 91 48
20 6 70
12 3 81
7 67 66
65 45 99
14 3 54
21 25 90
95 25 49
59 51 35
38 14 76
3 25 86
47 8 70
52 31 24
18 15 32
62 52 17
29 76 21
95 46 40
33 29 46
29 96 11
49 82 63
61 59 42
51 81 73
91 86 23
78 49 23
41 23 48
72 87 10
43 35 68
74 98 54
98 52 97
5 58 6
33 92 19
58 30 68
18 80 18
62 67 63
66 83 64
78 92 10
20 45 52
72 3 78
77 12 98
37 35 32
23 12 98
52 32 79
33 91 93
34 73 53
10 66 45
30 6 32
98 91 94
53 56 5
13 23 65
33 47 9
2 63 63
4 14 52
21 2 27
1 82 70
11 24 44
68 81 84
10 63 10
39 54 51
50 43 38
43 49 29
74 94 41
66 89 73
91 76 10
49 13 55
29 98 79
16 53 85
3 77 3
63 1 44
33 100 6
20 84 49
73 30 95
70 59 73
27 83 88
85 34 81
37 26 28
98 37 36
28 89 30
34 48 39
13 81 34
10 58 10
52 16 2
55 46 97
92 100 10
6 78 78
42 49 50
89 31 67
39 61 58
66 88 95
14 40 49
69 40 72
91 4 82
80 100 95
60 63 69
10 4 49
60 58 57
37 60 53
27 14 71
82 97 44
57 18 6
11 41 46
15 89 58
94 87 55
66 15 51
55 20 83
93 31 97
15 59 15
94 6 10
46 79 48
24 69 42
58 8 51
100 64 40
31 81 95
78 74 47
60 13 75
93 21 79
99 39 57
87 38 88
64 52 9
2 41 19
55 90 53
39 6 5
88 74 40
76 88 2
56 16 87
40 44 42
93 58 95
80 50 70
73 91 51
76 73 86
26 83 97
59 44 15
39 12 43
18 10 27
22 34 65
54 17 14
81 50 65
33 77 1
36 95 46
49 92 17
16 60 26
5 59 99
71 21 62
48 95 78
65 28 79
18 78 42
18 100 42
78 76 9
86 44 2
61 31 50
10 81 26
61 83 10
7 2 48
44 6 2
35 97 78
55 52 88
35 90 96
90 47 43
61 21 62
15 20 10
25 98 55
49 72 94
27 51 21
55 31 98
6 86 44
67 58 57
5 89 53
4 48 26
5 11 40
70 33 93
80 1 59
14 73 43
76 31 49
77 35 73
29 13 86
8 93 13
15 79 3
34 42 28
15 60 87
31 74 67
54 88 91
84 57 18
7 17 62
63 38 11
45 22 68
85 98 65
60 79 16
18 29 75
18 74 48
28 72 80
74 65 68
66 30 99
75 53 44
73 56 15
40 76 89
39 9 65
37 56 21
62 42 66
10 25 45
89 75 24
21 1 49
61 79 8
78 43 56
44 39 97
76 100 48
91 87 45
67 4 45
24 61 45
7 64 73
29 82 76
35 80 26
71 83 59
77 88 5
76 27 99
3 86 90
27 38 51
59 94 30
86 9 41
56 27 97
70 38 29
14 39 30
18 67 90
81 42 38
44 62 27
73 18 29
81 52 67
59 18 68
89 40 73
29 9 31
18 44 32
2 62 93
73 11 40
28 42 14
25 19 16
30 33 21
69 48 97
3 75 24
63 32 95
50 79 3
45 18 4
19 36 36
94 22 44
39 89 12
81 95 40
57 88 6
63 69 53
19 86 45
44 61 74
3 69 89
67 32 97
33 69 57
57 91 3
17 59 3
10 49 77
85 39 95
75 34 50
16 27 46
87 43 59
95 89 86
47 75 60
19 95 76
64 20 50
63 99 96
20 53 26
54 82 52
81 53 6
69 82 68
29 19 17
76 37 87
99 51 79
75 95 42
72 18 66
40 57 5
26 95 7
79 56 9
77 43 18
32 29 72
10 90 79
7 99 3
37 86 27
66 14 96
4 74 29
51 29 7
56 11 29
7 52 28
64 72 92
63 91 7
65 26 6
4 21 44
31 28 37
29 26 79
87 46 85
72 77 94
10 60 75
69 27 79
69 75 12
91 82 78
50 52 28
43 40 53
83 28 58
12 80 1
29 16 17
16 34 62
69 99 52
86 98 70
46 89 37
52 20 96
43 88 82
30 94 94
60 5 84
96 80 15
77 13 67
5 22 65
86 40 54
57 76 6
42 33 76
16 39 22
37 58 52
68 66 81
96 11 59
85 7 55
67 3 48
97 74 63
47 80 21
30 39 30
46 82 1
27 18 22
27 19 86
60 38 1
91 53 4
19 21 62
20 63 31
35 25 89
23 55 89
21 26 8
98 36 26
21 80 29
29 23 37
27 48 35
15 65 83
9 91 56
10 91 50
43 54 20
90 82 96
98 27 96
29 2 14
100 77 83
38 86 7
52 69 41
42 72 54
86 89 27
81 4 20
94 73 95
39 78 37
88 19 30
60 26 35
75 100 2
89 44 38
28 62 98
57 71 88
21 13 83
53 78 24
24 6 100
46 77 56
65 63 98
45 62 21
72 2 82
56 29 96
51 58 67
85 16 31
40 18 35
59 50 94
83 74 81
64 24 52
25 62 66
65 35 80
4 63 65
38 56 17
92 35 51
87 28 37
50 14 43
24 94 81
48 11 20
67 100 22
33 53 83
61 51 100
17 97 4
82 52 33
92 76 9
80 99 58
3 35 7
13 62 99
43 47 100
56 12 60
46 75 13
74 51 29
26 52 81
21 62 12
59 16 56
62 100 13
78 35 97
71 32 24
48 28 93
18 93 93
25 55 59
42 25 19
31 47 93
16 8 91
47 27 77
34 83 5
30 8 77
43 27 2
12 99 69
28 85 86
84 26 59
98 48 46
82 11 77
27 6 89
37 41 70
33 21 76
94 28 75
92 66 90
86 15 23
49 84 96
37 43 87
56 14 28
99 19 100
66 44 14
9 5 11
61 55 87
41 95 58
70 28 82
44 37 41
9 7 34
28 44 7
94 80 23
46 68 88
16 47 55
51 37 26
43 17 53
29 69 69
76 99 1
88 15 47
74 30 19
92 31 1
78 91 90
91 70 33
81 35 51
64 8 52
98 41 2
90 80 80
97 16 12
31 63 27
4 40 20
84 25 87
16 45 11
71 2 58
37 52 76
65 92 72
96 12 81
78 57 3
92 71 41
51 76 17
75 29 36
64 60 7
61 18 38
22 37 84
40 74 69
81 60 92
8 10 13
17 82 47
24 32 38
73 26 56
88 80 26
75 11 22
71 47 89
62 90 14
1 98 13
50 18 92
37 59 22
2 69 2
4 57 89
57 9 100
25 79 5
3 42 25
54 90 28
100 20 92
90 56 98
5 71 15
100 48 30
73 10 99
52 39 27
51 73 54
19 31 33
62 30 84
50 40 17
79 63 86
37 23 34
2 67 86
63 52 25
68 21 28
86 83 36
46 13 92
60 11 61
67 15 5
58 78 80
24 74 30
6 21 20
30 34 91
81 2 53
58 34 20
14 82 31
53 98 67
64 74 91
71 90 62
17 2 35
29 7 62
44 33 9
89 51 90
42 17 55
92 34 5
46 12 47
96 3 28
67 99 33
17 89 15
20 2 53
72 15 17
35 52 12
72 90 85
34 55 23
89 57 93
47 91 77
29 53 36
100 95 61
34 79 30
93 97 15
22 84 20
27 24 88
79 89 7
75 79 65
5 34 98
89 97 33
63 84 87
4 84 74
14 98 99
25 89 60
37 30 92
50 66 53
35 6 4
26 41 33
46 53 35
16 63 35
45 94 61
3 5 60
35 53 47
28 33 60
18 77 56
76 33 4
99 18 54
67 31 72
96 99 13
65 67 77
23 8 28
61 12 84
60 6 24
57 73 76
21 12 98
7 12 9
36 73 24
92 43 25
95 82 19
39 51 60
91 11 92
26 63 82
88 61 21
28 4 25
4 58 28
59 8 98
60 55 1
89 70 22
51 54 84
43 59 69
22 100 23
95 51 99
73 81 61
34 69 82
71 34 37
79 20 22
19 9 13
23 79 77
76 14 18
16 9 11
29 73 75
78 90 77
71 4 13
66 20 37
22 93 67
3 20 93
42 57 34
68 44 74
34 24 7
8 82 84
45 84 47
16 61 11
41 65 64
93 73 18
78 21 74
64 2 74
57 33 30
41 63 77
68 99 87
24 20 4
35 28 23
39 46 38
31 1 88
35 12 69
84 95 25
43 70 37
78 55 75
63 55 90
82 94 80
7 28 75
23 35 18
91 24 9
94 60 64
62 41 76
33 60 18
84 55 61
100 37 72
1 54 34
75 55 56
35 63 25
4 73 16
20 99 18
78 8 58
13 76 74
10 20 34
30 13 74
99 78 61
66 19 1
12 78 80
24 29 16
29 58 47
14 44 13
17 25 72
70 93 71
2 68 34
13 15 1
27 73 22
70 23 90
19 6 71
26 19 18
96 50 12
87 50 56
100 25 65
36 5 56
12 45 69
41 78 61
92 97 74
46 33 88
97 81 56
50 58 16
24 96 31
86 75 16
63 67 31
72 27 31
42 51 12
66 18 38
98 84 80
87 42 31
8 84 31
81 75 71
88 10 61
81 49 71
49 85 71
93 13 61
90 25 71
53 65 71
