100 1000
1 2 26
2 3 89
3 4 85
4 5 94
5 6 97
6 7 94
7 8 48
8 9 68
9 10 86
10 11 78
11 12 4
12 13 20
13 14 12
14 15 78
15 16 35
16 17 21
17 18 71
18 19 88
19 20 10
20 21 38
21 22 15
22 23 59
23 24 94
24 25 19
25 26 51
26 27 56
27 28 8
28 29 93
29 30 84
30 31 56
31 32 23
32 33 96
33 34 34
34 35 1
35 36 57
36 37 100
37 38 71
38 39 11
39 40 74
40 41 94
41 42 3
42 43 47
43 44 79
44 45 15
45 46 98
46 47 87
47 48 51
48 49 79
49 50 71
50 51 63
51 52 20
52 53 86
53 54 46
54 55 93
55 56 75
56 57 25
57 58 5
58 59 42
59 60 38
60 61 8
61 62 27
62 63 79
63 64 93
64 65 54
65 66 19
66 67 82
67 68 36
68 69 64
69 70 78
70 71 6
71 72 86
72 73 30
73 74 89
74 75 75
75 76 71
76 77 36
77 78 15
78 79 82
79 80 60
80 81 1
81 82 91
82 83 53
83 84 56
84 85 50
85 86 70
86 87 64
87 88 98
88 89 26
89 90 42
90 91 85
91 92 71
92 93 60
93 94 20
94 95 44
95 96 97
96 97 27
97 98 9
98 99 2
99 100 64
11 33 71
99 73 70
23 6 79
16 2 31
13 2 45
6 37 61
52 80 66
95 78 24
30 71 65
52 86 77
61 14 22
58 22 12
82 91 58
29 82 85
15 20 73
91 52 65
8 3 93
85 88 5
64 96 26
5 84 70
42 97 88
64 26 17
39 18 99
31 81 76
52 67 56
32 54 94
88 84 49
76 85 23
63 25 78
55 92 83
19 81 34
92 100 94
40 38 4
27 56 9
57 78 78
51 80 27
47 51 60
4 57 63
29 13 26
87 28 31
90 88 11
94 31 91
21 55 26
78 10 2
79 60 82
60 81 53
17 22 16
63 76 7
19 67 31
48 23 76
46 67 76
62 89 10
59 37 93
14 63 40
50 6 30
63 13 69
17 15 82
54 24 46
32 68 42
38 85 71
3 40 38
17 58 31
8 53 71
24 53 44
99 77 96
20 40 48
97 61 55
77 4 4
64 76 37
56 15 80
35 69 67
50 87 87
87 26 4
5 69 50
40 68 30
47 91 46
52 60 70
69 82 71
2 27 71
64 22 51
55 69 12
87 3 70
69 41 81
42 30 53
83 68 36
47 86 7
52 19 49
32 100 55
54 64 27
47 80 52
98 91 33
16 43 5
90 37 97
72 37 2
81 67 35
99 72 17
98 16 62
46 6 62
67 10 55
51 91 59
100 15 75
87 42 15
85 41 78
11 86 17
15 2 17
69 26 64
66 76 15
84 13 48
78 45 44
18 49 51
13 64 85
32 26 17
16 90 27
54 81 100
6 33 42
12 18 18
70 65 35
79 1 56
10 99 32
24 85 93
20 42 60
78 19 16
23 82 32
72 62 33
67 76 19
69 3 35
24 32 19
43 2 68
70 67 22
76 41 85
34 39 55
50 69 1
23 77 61
58 42 16
92 48 49
70 100 2
36 74 44
44 76 97
86 28 40
92 85 53
1 44 6
19 23 37
39 72 76
84 66 88
98 12 59
85 97 19
24 70 75
92 71 43
90 77 9
81 83 60
32 77 7
72 3 58
91 68 72
100 20 96
49 7 6
47 57 60
66 38 9
28 78 95
81 21 51
18 58 76
38 75 84
96 62 97
20 43 78
32 4 46
47 13 79
28 22 86
5 94 79
29 88 88
55 66 45
96 15 32
34 43 73
22 42 54
72 13 48
68 73 36
79 2 85
29 95 10
12 3 73
33 89 52
1 59 58
48 33 3
81 46 4
30 25 92
61 77 8
78 25 79
52 50 2
6 9 100
9 78 78
73 30 15
85 81 60
36 6 6
35 98 16
78 92 59
98 93 11
95 43 74
79 10 49
31 11 23
82 46 45
22 60 20
2 91 63
99 94 53
29 39 69
76 52 57
84 49 19
25 40 18
65 97 43
76 78 11
25 72 52
96 23 75
73 27 18
9 39 51
21 98 40
35 66 60
56 61 40
33 74 95
79 66 25
64 50 34
1 6 23
25 65 13
46 99 22
53 1 79
46 19 61
2 71 25
40 8 93
97 49 68
71 85 58
75 56 67
48 16 73
85 72 21
3 9 62
12 91 78
9 65 61
6 4 21
83 53 70
92 40 48
1 22 54
2 53 30
96 30 8
22 38 69
43 33 54
82 65 30
25 88 18
74 90 50
54 40 27
6 21 36
68 17 5
19 82 78
12 89 56
62 27 100
11 38 44
50 53 76
6 71 38
79 91 85
100 50 90
75 84 16
76 83 55
98 100 60
12 41 41
77 26 63
55 17 99
5 97 8
2 89 56
28 88 44
100 85 39
80 83 32
67 30 30
50 37 21
53 88 80
50 16 93
58 10 20
19 7 65
8 83 65
64 91 6
8 10 80
18 23 27
43 22 17
9 36 98
22 7 83
23 10 2
97 22 2
50 36 76
70 9 31
20 63 25
12 21 28
24 77 49
21 44 42
82 42 43
27 24 96
28 1 84
35 80 33
9 56 7
69 47 24
9 35 69
41 26 79
45 2 33
13 36 60
99 66 25
79 32 8
63 86 38
15 35 53
35 95 30
67 3 100
34 8 24
10 91 4
23 1 13
78 2 29
80 9 66
37 64 89
82 17 40
78 89 42
87 9 47
75 92 98
65 99 29
35 91 42
83 99 87
65 57 45
10 32 36
67 15 85
17 36 36
90 35 9
84 21 59
23 56 47
18 21 15
44 6 44
41 97 73
12 54 62
72 91 26
56 86 68
94 82 49
66 72 2
94 54 33
83 85 76
8 19 88
40 6 49
81 30 74
65 23 87
31 100 44
58 4 25
71 69 63
91 84 26
98 4 38
14 67 20
86 23 27
90 97 87
69 59 83
17 81 99
89 21 25
44 33 66
65 14 32
57 20 44
17 73 37
97 62 30
32 97 1
2 24 52
91 16 49
30 89 59
86 82 90
11 81 53
72 75 93
94 100 27
68 74 67
32 89 67
30 26 59
11 18 68
72 78 32
90 6 50
92 9 89
73 15 68
92 50 64
74 91 87
26 67 34
79 61 73
82 9 46
43 64 48
57 36 46
95 38 93
55 61 85
51 17 32
52 68 11
34 52 89
93 87 21
26 72 49
21 72 21
72 83 98
89 65 45
70 15 73
79 98 68
84 90 46
96 4 5
23 63 90
9 57 72
32 62 74
88 4 30
7 34 92
69 52 14
28 13 37
11 69 86
86 38 70
9 96 57
62 29 83
37 5 74
17 19 41
27 71 31
57 38 66
69 77 68
90 9 47
45 22 87
62 20 36
22 31 99
75 3 100
99 51 59
63 31 13
7 55 64
81 14 82
82 4 32
8 75 33
34 80 47
48 26 22
45 55 99
18 30 57
28 36 75
69 37 34
2 85 20
38 68 54
36 81 23
99 13 77
69 89 22
10 65 66
49 62 91
31 55 5
71 21 70
14 58 47
83 36 43
94 38 97
35 47 83
43 1 11
55 23 22
59 3 89
54 22 23
96 88 90
13 33 54
100 9 40
19 2 24
99 45 92
91 30 91
30 50 36
69 81 18
11 67 45
100 63 25
86 2 95
81 95 77
4 17 47
93 100 9
1 67 10
8 29 89
63 28 94
53 29 23
9 64 50
13 82 25
37 81 50
2 58 81
23 93 26
98 41 66
89 42 12
61 91 22
48 6 56
82 90 94
59 76 35
77 36 68
52 30 10
36 29 90
43 72 49
7 52 91
85 26 44
25 90 90
60 6 55
52 41 92
29 68 36
98 20 100
3 92 7
51 74 33
60 10 84
88 20 18
36 95 75
69 21 77
74 23 39
7 26 75
49 25 50
31 84 86
24 95 1
63 17 11
55 42 79
94 27 76
88 77 66
56 82 3
80 37 91
27 81 27
100 1 59
83 66 88
96 99 39
31 78 6
34 75 98
57 96 88
38 56 34
54 61 89
63 34 64
96 76 17
98 78 84
100 64 45
14 99 90
31 35 100
54 1 3
38 18 57
73 20 30
9 13 29
35 56 25
73 26 92
76 21 51
23 8 20
54 75 18
4 69 81
2 76 52
9 58 2
80 93 74
77 5 92
88 14 31
40 80 39
9 15 34
34 54 29
54 35 58
62 78 41
70 36 26
53 67 2
31 76 7
25 60 96
32 58 63
6 94 68
21 82 100
71 99 37
4 40 24
98 42 52
58 94 20
89 76 37
87 66 37
67 24 52
46 96 10
1 39 87
57 43 14
11 28 51
9 28 45
4 22 12
72 32 37
26 11 86
78 51 88
40 98 86
14 60 43
53 46 48
60 30 8
6 13 77
94 4 26
51 96 84
8 5 50
82 100 97
40 62 38
5 70 48
14 98 54
86 32 56
31 41 20
36 73 82
90 71 12
36 85 62
98 22 96
27 68 58
6 22 91
50 17 4
21 65 5
50 78 73
60 15 40
47 74 82
5 63 18
31 21 73
84 26 17
10 93 40
19 59 65
18 29 97
39 97 72
53 44 3
63 35 13
24 99 64
41 5 82
22 3 74
90 58 51
50 63 28
52 62 90
20 35 88
84 6 33
82 66 55
86 98 21
12 74 81
71 40 81
31 82 17
46 72 67
41 81 96
79 84 84
25 52 33
16 61 13
60 93 18
93 22 67
44 4 75
82 34 64
70 99 17
62 68 61
60 82 70
1 18 52
81 58 40
9 69 13
99 17 56
94 65 42
99 9 52
3 90 94
81 48 6
41 6 3
8 17 8
97 68 55
16 85 70
67 73 72
80 28 32
23 9 39
68 61 48
41 92 7
46 75 72
12 52 42
38 8 57
11 98 53
38 10 91
90 69 92
89 1 82
27 93 42
24 3 51
72 23 63
46 21 80
41 46 8
12 66 31
27 34 59
81 87 76
16 18 3
1 7 8
14 44 39
100 36 87
87 6 12
61 64 43
97 28 100
63 58 81
85 77 69
38 80 16
56 63 15
10 74 84
12 51 6
5 55 67
65 45 38
29 17 57
22 62 46
64 1 98
95 67 54
51 68 22
29 81 37
13 95 11
29 44 5
57 85 98
35 74 19
3 54 74
52 48 80
69 30 13
54 97 97
48 98 96
45 38 83
69 76 23
38 71 10
45 13 34
70 20 74
27 91 91
35 84 81
41 66 52
24 7 33
12 32 21
79 8 11
36 24 43
99 57 37
28 5 21
70 1 57
90 5 43
13 92 31
65 2 74
62 81 66
65 49 96
97 4 98
85 43 9
19 12 10
86 94 5
93 20 43
69 66 22
81 43 34
51 3 3
43 66 96
60 5 24
99 87 15
42 56 13
55 100 16
9 29 61
34 37 19
62 23 77
12 36 31
17 74 95
81 97 98
66 89 13
16 23 69
54 28 77
16 35 81
32 14 62
78 40 61
96 6 81
45 57 95
30 16 4
38 19 81
57 98 85
43 29 87
77 57 32
45 36 80
22 61 22
39 51 57
86 10 5
72 87 35
22 78 67
76 19 9
33 53 58
59 35 6
45 72 38
54 9 41
51 89 21
77 55 64
13 50 6
98 31 72
72 36 13
44 13 38
23 71 10
70 73 58
3 78 83
16 12 4
2 87 9
65 44 97
88 78 62
95 79 54
3 93 90
38 60 53
91 7 99
49 10 45
53 89 50
4 42 88
31 5 89
79 52 9
67 99 57
23 98 43
64 48 84
41 63 3
11 90 19
73 44 75
69 23 72
42 10 66
13 60 84
84 57 72
82 25 19
66 71 95
9 25 45
39 11 94
32 64 89
98 6 35
10 72 62
59 81 23
85 65 92
25 17 18
97 79 48
7 94 46
59 79 54
86 55 63
74 66 39
91 49 40
24 10 77
100 2 34
13 90 69
58 92 92
8 14 3
59 65 41
61 67 28
56 5 99
25 6 95
71 3 91
71 7 95
70 28 61
70 63 73
8 15 72
7 47 82
28 100 63
30 41 77
17 70 11
81 76 77
57 64 4
26 6 80
96 27 80
85 6 29
80 57 99
7 66 24
4 1 50
91 36 90
90 65 7
26 28 35
60 49 10
19 9 15
6 57 23
97 6 63
83 92 53
39 76 69
86 16 95
100 14 65
71 82 80
82 14 55
90 73 12
35 81 95
29 90 47
82 3 86
87 39 61
2 74 41
64 75 65
35 100 92
98 68 80
47 17 28
60 24 65
100 87 65
90 36 61
64 80 24
14 95 1
79 12 7
94 84 62
70 13 39
1 98 55
31 40 86
77 48 69
7 53 69
51 46 29
83 88 24
26 62 67
36 80 46
40 95 62
51 62 28
56 18 35
98 5 1
71 20 47
46 78 14
53 64 72
87 40 65
24 92 39
12 42 83
15 90 83
42 2 16
68 41 99
31 36 99
51 70 29
17 92 28
15 51 47
44 39 28
34 59 67
20 78 16
79 88 41
29 66 35
35 61 58
51 11 16
4 36 83
71 65 7
55 12 58
66 68 39
85 17 28
46 54 24
80 12 41
28 12 28
28 20 41
77 41 12
98 63 41
100 26 14
58 5 12
78 49 1
11 44 66
34 16 28
36 23 1
75 16 29
18 63 1
56 10 29
88 39 29
35 24 14
35 14 14
24 13 14
73 1 14
69 99 14
56 50 14
