797
523
921
839
854
867
987
893
470
373
471
270
855
308
167
817
340
655
406
994
617
273
41
56
610
464
767
410
165
106
870
422
705
972
342
90
233
546
625
552
915
120
473
218
139
392
849
451
357
104
966
832
80
558
823
435
605
464
51
948
875
94
320
323
973
434
990
15
376
759
470
351
630
700
893
478
952
368
725
700
94
406
822
915
753
329
517
794
103
245
629
630
523
745
433
106
189
82
811
310
500
51
183
798
891
388
528
34
371
964
71
77
747
38
818
464
893
749
726
698
735
914
901
728
896
283
875
952
166
517
266
913
448
449
403
918
815
323
3
975
80
919
666
541
66
175
203
126
495
977
383
36
373
546
900
798
353
473
245
255
396
931
867
625
308
524
877
299
435
266
41
849
190
570
40
376
517
457
373
400
431
371
276
910
354
779
849
189
82
362
56
896
172
674
353
798
253
300
24
56
900
919
921
561
235
522
509
868
633
975
764
891
946
559
768
850
967
396
880
713
462
407
405
233
771
223
928
310
647
528
175
921
850
373
113
502
517
218
155
956
289
802
328
249
415
3
109
606
94
776
675
818
698
472
94
822
205
518
209
76
997
27
404
411
788
82
557
167
434
517
257
558
891
188
734
817
806
631
135
794
797
254
44
886
597
30
381
921
336
61
822
946
104
385
890
242
875
948
18
726
252
564
231
981
439
435
473
377
407
358
615
256
126
856
440
546
61
691
124
178
655
634
611
660
973
318
910
213
910
780
914
310
257
164
921
368
421
79
896
75
716
518
834
705
75
980
887
725
254
734
214
658
353
410
464
716
841
354
728
573
545
768
514
254
75
224
476
56
35
5
840
458
633
330
945
725
745
440
753
815
437
960
262
396
53
995
239
720
495
759
808
557
413
582
893
935
558
583
515
876
396
366
376
143
66
877
489
289
44
900
850
500
517
44
404
273
356
44
494
353
416
381
524
290
504
578
473
509
403
522
514
548
48
807
944
206
822
17
223
338
346
109
348
296
5
207
383
526
388
921
124
61
92
968
952
4
540
162
324
629
340
175
741
396
77
267
915
553
735
736
17
318
299
635
299
882
318
840
510
263
981
399
737
202
501
375
922
674
931
220
145
