875231
114844
31873
838369
613150
48796
1361
746985
106697
865039
558263
875231
76171
612454
875231
167767
325505
875231
93754
875231
7090
281378
875231
424982
15668
111277
875231
763531
161914
875231
737793
92870
875231
666371
229516
870243
23608
214013
863307
816942
703137
659544
287691
859990
70722
4133
875231
431170
875231
268214
875231
43059
13782
486456
405678
875231
341640
596786
684676
615288
875231
30392
171341
100413
133414
875231
26929
875231
630487
741027
76594
130502
400294
875231
717207
410034
657493
84382
529450
875231
736322
537197
270532
65316
343238
130296
875231
470144
875231
363984
677156
875231
633396
109822
467906
182092
158632
875231
875231
47254
387853
863577
328410
875231
4650
875231
284740
146059
875231
481661
875231
522051
152
653190
784152
364259
5404
288206
875231
52388
421127
875231
7936
631779
757099
49954
209544
301419
875231
195095
405118
145265
595164
343645
523188
74233
348132
428663
554067
699469
54966
871084
507771
8529
545974
875231
353294
781656
368850
664976
490865
716264
370408
875231
685146
608991
16367
563140
875231
875231
74447
271867
260979
724631
29147
2383
866295
875231
875231
875231
450571
455483
7936
37664
9073
375548
822400
545920
159072
51924
863666
875231
268328
875231
117103
403656
20217
875231
710628
424293
103684
842234
862602
1197
50456
875231
828385
181157
846531
735525
46844
652882
875231
648764
145053
334337
481500
875231
300569
32634
476630
447357
822747
308083
121770
811111
537372
875231
332414
745992
875231
777014
530558
763428
657469
109409
875231
848029
262838
297027
588270
584659
185368
112974
875231
581704
35221
9912
396550
74210
852015
232497
239137
133730
84848
875231
875231
378137
137687
875231
727570
875231
794136
846430
337939
667064
600978
875231
672742
0
169024
659551
118152
875231
481099
875231
52620
874719
875231
817919
702897
457946
39476
243291
355373
875231
2361
37832
875231
875231
875231
875231
875231
20624
28552
73231
840100
825679
875231
875231
875231
552655
738217
12339
849927
864967
45106
6582
674080
43425
875231
848722
875231
88861
209540
130761
10432
348421
580975
484211
875231
875231
875231
176416
401874
306
8017
874530
411342
870193
115291
1685
875231
422234
0
214193
22308
194947
138946
875231
0
875231
875231
875231
875231
10269
872433
843788
875231
238902
542070
267267
277654
875231
836050
104720
845072
48418
875231
647722
875231
542272
406555
761197
45087
474533
43974
298711
304603
727282
875231
875231
201893
2373
372851
637592
5692
63127
442789
732123
640177
161609
3606
866545
71463
875231
875231
543507
844583
257980
198526
875231
875231
9590
620381
752006
718942
875231
845779
489561
875231
860037
10436
875231
557830
2716
173286
398916
7185
875231
779546
458610
875231
504758
59834
875231
875231
875231
875231
160407
345405
471827
203737
845433
810140
505906
875231
391118
33257
573940
302415
172985
540697
703637
521766
0
868830
875231
9031
68111
35814
738920
612945
27955
176586
674255
306
663968
611617
875231
284256
282723
14624
81599
875231
875231
256937
564849
634234
497929
288314
69134
20904
126004
723362
388180
875231
875231
875231
271595
56241
28515
875231
802606
875231
166364
184704
750722
38188
524526
875231
675388
455672
875231
570616
875231
806898
53929
191468
106154
672562
875231
875231
875231
474534
593178
875231
875231
773179
737707
399765
875231
875231
875231
42989
5225
257096
260688
862867
370960
182913
875231
875231
282442
875231
875231
874530
320466
665854
147337
799202
875231
233518
818407
49071
824425
561189
8882
875231
875231
875231
9601
35473
984
103017
536257
97784
173918
153190
636778
875231
82598
707983
148555
336610
48828
109784
271125
875231
453438
369466
386969
11663
56388
875231
189154
244695
729894
2193
602333
620437
2050
203210
208864
252131
792155
875231
63564
600140
9586
54114
526178
875231
829663
170938
875231
875231
875231
863152
306
816792
344533
13227
875231
2193
22904
13594
484870
702983
766218
875231
598422
20548
430436
3602
318736
789232
672244
869356
743807
396987
229101
875231
520706
753719
760455
155398
516441
71186
265636
554698
317399
200682
41484
825537
30211
872655
471030
39684
393779
184269
78426
25907
697165
397378
368662
875231
749058
726387
122319
193607
96510
647972
18450
468284
632187
78275
7465
771497
670437
875231
626728
828657
110144
869356
529587
53089
152
731360
704367
875231
875231
197805
61065
395558
264531
875231
855887
875231
213106
142033
391478
48998
0
863729
163288
113654
2193
64395
548685
875231
875231
875231
372975
250486
875231
871934
663169
875231
438162
544844
201212
790704
184436
875231
875231
739529
12125
708382
732902
727877
320002
875231
822051
494371
874372
875231
528743
147442
875231
146417
621781
475563
122446
875231
833793
629106
639770
490744
875231
536909
712483
108150
188678
232026
640452
28258
875231
40932
573828
321668
869831
875231
787394
318577
875231
95002
875231
875231
875231
381730
846448
675631
651630
472111
279048
875231
636389
724666
831720
307376
12157
18813
784438
487992
465538
377145
477957
3447
875231
230747
356719
667059
625200
597912
875231
267381
670332
868389
875231
709200
515266
0
738484
365116
875231
867406
677372
735364
312896
418821
646766
832999
403295
499784
569306
407548
185231
763734
843490
694001
875231
217448
875231
713516
875231
314645
67242
875231
356559
875231
58954
685119
875231
875231
505313
152
15732
722453
162143
875231
875231
875231
107063
875231
373045
875231
443845
875231
875231
143463
875231
285153
182530
388636
580576
558848
875231
332920
596873
134582
707656
293061
21904
451763
665966
593192
86387
409500
875231
716865
168342
560701
875231
538115
112272
513519
42938
285135
862894
875231
72484
4650
121087
686282
875231
875231
239937
363302
638857
875231
353954
0
240911
58634
875231
24304
739390
875231
372353
79636
28325
636509
226678
873505
17738
718992
28538
875231
107763
575693
875231
875231
639785
875231
870204
614539
179576
875231
291917
198622
537436
875231
875231
391288
637
875231
111031
80134
875231
875231
5170
28703
167396
178582
4655
339815
875231
211243
875231
399704
875231
17305
875231
53774
55416
608397
84868
140815
111466
875231
566880
43122
875231
875231
4158
739886
819700
628143
875231
612758
828091
289310
297443
11838
180753
436163
197771
875231
90591
793034
25339
649032
414069
445598
484999
0
875231
0
795677
33777
394890
875231
875231
5187
747223
306
6063
0
860367
875231
14419
115324
558153
760942
485122
332951
512324
875231
9045
13587
39704
762065
533067
439848
0
787219
108166
875231
339191
129708
124852
250186
548622
554319
875231
191172
545633
164040
875231
875231
369024
838523
306
875231
441306
31407
129606
95941
875231
859561
869018
1197
165907
588389
447816
4708
78539
191026
766065
450043
110176
100033
821583
570791
807130
14242
390230
263859
66348
708808
703212
430974
624770
875231
65712
676840
589603
233532
793126
875231
632588
875231
875231
9912
875231
866478
875231
164366
202034
26833
512150
14110
61605
56781
379358
451191
625409
440732
875231
526096
87509
749461
327396
875231
56736
875231
856565
281977
11666
10641
780070
349104
71713
531748
161070
875231
539203
816723
315577
875231
334231
40400
537004
536668
0
777098
69832
823964
875231
875231
875231
875231
379494
341394
335001
121455
875231
875231
3257
744411
585911
875231
248069
19682
61990
754693
303811
875231
566958
205206
875231
803471
432808
875231
356078
45829
36216
875231
848462
515986
589283
875231
0
152
875231
447473
1197
745636
509418
2198
265471
797030
875231
322790
0
593058
875231
840771
875231
587604
875231
875231
286313
67286
75934
334013
13416
74978
432581
542710
615983
843690
6517
564167
447814
760507
118014
875231
239078
490484
212364
632948
579355
670298
4650
75290
30246
875231
240603
6927
284288
0
795278
875231
673933
875231
52357
142770
306
835499
243629
728251
834187
829155
875231
214402
703964
230854
680885
3257
799292
399487
263396
862642
361836
654432
851046
180806
232257
584480
875231
875231
422032
20828
657745
423865
607679
91989
816608
875231
554820
304161
46883
823638
875231
325826
732592
875231
213468
228219
699943
875231
51565
242362
606443
19850
780776
76366
875231
872978
47255
36255
190422
37603
875231
574412
210663
431688
779035
480694
88673
507276
874543
41869
725789
873505
875231
875231
644136
237677
875231
84316
95739
875231
190452
317821
547052
333848
875231
119291
112622
10106
417924
825659
875231
875231
239172
391436
168218
48757
872459
3251
875231
19365
875231
875231
875231
484341
223658
284821
854064
834946
875231
53338
875231
5547
848856
540457
4148
705043
875231
102238
728517
875231
208618
875231
202504
99906
685574
582307
52859
668399
251243
2050
875231
875231
738137
875231
101595
45372
875231
94434
369249
41843
303585
875231
586115
634485
875231
592903
875231
13012
139193
854224
45394
875231
74793
7280
875231
678703
61934
875231
61057
702829
875231
29696
42408
299316
643643
3438
875231
850045
102384
875231
875231
153081
720456
860911
875231
875231
837275
431088
394593
161560
627677
503793
274651
181070
875231
875231
591125
255650
875231
110362
754398
112472
152735
353959
875231
152
519046
63206
5419
46623
875231
375396
121418
320359
304884
784846
410531
439744
13930
398797
15630
757300
875231
10436
602933
180346
828637
263379
635448
39766
369976
201732
157491
875231
851341
584677
273238
875231
531207
614490
874724
278048
422264
615982
874895
427711
709436
875231
672443
461226
641648
381808
788760
875231
332551
179023
869908
519685
408356
871926
360119
3463
829275
754702
875231
50451
875231
875231
5547
563399
875231
875231
467201
789183
583780
405362
334277
408752
306
54958
271941
506862
462339
832899
161544
402140
0
538300
318124
521892
29874
480999
838043
199323
875231
407927
875231
86503
875231
371804
875231
7115
383201
875231
91466
23303
144363
347689
7023
130467
67130
309250
57291
132556
802649
875231
875231
702565
234029
875231
374365
875231
451839
716796
10441
875231
570673
875231
596047
120235
18150
364394
227148
850157
15643
19102
544605
645302
118812
23317
750408
18757
709285
602708
779732
875231
87759
875231
67779
347884
778857
875231
63265
875231
109688
692136
838737
875231
55178
727268
652877
875231
6582
552067
875231
275543
156524
871787
757858
391027
88792
590899
434572
875231
875231
19588
137735
60358
458165
433722
820375
1185
700047
724001
437471
248234
748390
7119
732345
0
386913
611881
875231
20463
875231
40492
112909
875231
752026
874875
13240
141804
817114
666100
494910
538987
875231
547099
874560
734983
21112
408436
39741
875231
818258
284848
37845
676494
289851
869332
875231
875231
875231
120083
602631
875231
855355
57043
6430
763343
172904
875231
836802
875231
9202
9937
875054
875231
875231
875231
509113
446907
353341
422758
115264
875231
875231
30540
875231
670273
402448
287680
56251
670618
6763
462407
701516
498777
68810
514130
331433
601645
875231
875231
814618
242117
861872
182680
56175
192558
39020
57183
28834
274472
32372
249579
728689
691045
245808
770378
540748
586898
532431
397407
311280
50184
81896
269288
47477
875231
831289
539349
749611
187747
19687
875231
37338
820304
176560
461813
875231
384344
161635
875231
250463
3774
875231
475771
325295
467011
423320
577610
744449
606387
875231
6614
379657
516734
409074
44984
875231
277162
875231
801069
247496
684742
4158
4845
720016
875231
11118
632531
40573
128724
292875
875231
506239
875231
27425
875231
875231
416387
621043
100455
579020
388539
141463
395407
474898
69121
131679
3430
41225
161807
358064
862433
413159
212786
32910
179744
875231
875231
4650
17557
384442
19310
574461
875231
558241
333933
875231
673641
590157
220083
233273
765152
115112
78834
6808
540669
241054
216830
808811
691373
304388
875231
749220
517632
59950
13584
687842
390164
836433
340923
875231
298377
88813
617599
31534
875231
429883
514388
252329
385839
743025
330265
875231
760472
81019
502590
808451
703258
200496
156975
588183
649490
30022
860301
24106
649519
875231
567622
479730
447788
783051
875231
119831
703915
326722
875231
34466
215854
456604
875231
875231
38673
190348
150480
875231
486
875231
131199
25186
725397
199071
544008
126044
613381
812683
466199
225870
183690
30692
268835
665596
0
875231
875231
260708
48570
193715
875231
875231
781086
293186
73550
121831
658681
819234
504130
196009
875231
693869
257003
854007
501949
0
875231
49359
740374
591197
568837
871287
875231
90357
419004
525310
875231
411207
123715
875231
828630
322320
875231
164
376947
2193
766648
150712
820311
415095
643199
56130
725594
7878
875231
155831
875231
875231
875231
246780
310576
875231
0
868222
483377
875231
444460
140359
621395
115380
356587
396873
657916
869018
618439
706250
471988
494145
611775
497879
238954
683862
577538
413097
149003
337873
838814
7685
96751
667249
167428
875231
254586
298508
875231
7512
875231
59508
861901
250734
152250
379466
478384
37887
794782
254419
530848
875231
13258
763989
482484
248235
808603
306
250868
673445
784883
9525
875231
603436
869644
397604
875231
5737
44216
715368
3428
875231
45341
619199
149286
373116
715272
26765
424479
317863
22462
875231
875231
875231
20709
151531
747250
779330
805814
652250
58819
875231
486675
624902
875231
225377
464121
784739
875231
543699
875231
812654
669777
875231
337239
724494
875231
743557
88991
875231
27567
875231
875231
809480
875231
657929
756854
106310
172566
475193
108509
587906
9621
648586
629411
875231
802088
56130
875231
114186
39578
875231
778885
499989
875231
875231
306
875231
523989
668529
486
194852
294925
8188
182445
780924
309991
140302
11778
142800
693209
121523
270255
163098
517032
26084
875231
789259
875231
875231
571920
168533
258499
68613
875231
540382
0
699945
500254
875231
608522
839041
427626
618533
100779
11150
329302
333000
98453
792267
8702
875231
875231
548662
317723
62825
875231
59187
4828
527100
875231
362294
517097
447968
324726
726344
88380
875231
582778
184499
875231
347869
306
409895
486207
875231
875231
534190
657442
345655
38666
171636
875231
874701
90418
761053
10285
12470
869540
627784
3251
51956
586372
540738
135859
572902
239553
875231
179256
11856
875231
83876
624500
415708
16740
66799
875231
849293
875231
875231
80454
369448
482118
8151
875231
581255
241762
875231
42771
3257
875231
7304
178246
784476
103096
613488
875231
875231
422581
875231
875231
875231
365953
7608
224849
181857
11943
875231
304044
24320
160693
875231
369880
875231
844791
550572
293683
852554
563689
44729
254318
93539
29654
40280
875231
0
45233
11159
875231
875231
592561
40182
875231
187510
875231
4148
480278
875231
292254
818207
2722
221759
26074
290603
390131
680814
67463
498016
28583
18665
476402
875231
544098
16330
572837
15653
430436
50083
422218
87264
875231
875231
527758
7465
623418
157432
552984
498044
385151
34687
193150
556529
67811
790194
216202
314038
291875
865397
91554
863826
875231
16704
0
491197
844998
81100
486
265940
278283
52743
183045
633313
652389
875231
495815
875231
3430
875231
95763
127189
284214
220259
21401
692317
875231
699410
132722
18448
571065
228966
875231
682760
6073
503665
186491
873693
875231
875231
544171
795199
812114
875231
875231
410888
704887
344900
875231
389064
557217
794937
70974
875231
741603
7064
769488
761340
44525
598065
122288
776870
866645
4655
875231
763425
874697
868521
795311
875231
429029
875231
33912
543608
396101
871420
875231
75625
284738
858062
176283
723689
538264
307072
875231
776751
152248
327239
371808
217975
471465
43789
711341
875231
875231
2732
758690
275543
555127
486
54832
758914
875231
276287
468874
126358
0
138310
349996
275112
707053
875231
875231
684201
875231
76777
875231
324223
662327
289349
422658
6954
56430
91583
849668
63358
718542
6765
433890
219052
5700
872783
215060
82925
497281
32004
607469
545487
19560
460312
220961
875231
445374
851523
232727
730349
875231
681487
794044
524750
2730
731249
753137
875231
370473
431806
235940
429393
2050
875231
875231
489805
137934
851894
2361
602186
875231
324144
505106
875231
666000
875231
442383
613783
875231
762958
875231
995
390271
13727
875231
708704
8430
710477
2198
171181
861729
875231
595647
132240
9210
875231
549209
815696
94590
875231
704597
32865
139315
40289
864207
231563
795325
834257
810038
875231
649889
652248
777930
30916
294737
830831
669829
872292
703774
230751
875231
875231
474981
279958
186820
867976
875231
875231
365497
875231
563140
118411
43789
483886
875231
875231
875231
35136
478912
592670
490155
498782
115257
169859
81858
875231
211748
875231
537184
822147
301444
817546
202618
875231
461544
39440
522021
113456
531782
454086
16367
671910
615824
60446
360273
837561
589619
579625
795996
171307
226117
583259
875231
548726
875231
473933
5354
619769
765107
524116
36448
875231
847444
33985
687842
774370
822533
47610
859660
875231
875231
175438
860489
288457
58769
336719
524989
558504
644530
777516
875231
429659
93596
463128
565979
875231
505701
399494
723731
7824
745092
874895
875231
166143
805942
463793
620966
875231
152
171057
875231
184207
875231
875231
846600
850944
92312
386607
795431
872130
60881
159874
19377
875231
875231
729881
875231
875231
631915
10441
875231
247073
138827
14405
6140
189870
72770
127278
121383
875231
791755
309237
262215
875054
102152
875231
347499
875231
875231
400603
637021
671696
504208
712118
20531
690052
641429
875231
875231
674233
690294
416215
6755
675
807069
270758
29813
218058
572069
741044
609100
875231
875231
682516
739857
875231
875231
875231
0
47799
805730
875231
81302
1851
64382
868623
574338
426636
875231
875231
0
285161
473484
152
532067
142112
875231
875231
20396
875231
718690
414390
249203
479796
875231
656078
515227
415308
316810
354170
828585
875231
76041
634481
0
530726
348372
219123
33993
14348
221037
34593
875231
565833
875231
645625
597041
875231
875231
122193
213985
788252
304115
821363
875231
177936
873505
149681
36629
0
875231
796010
111401
210699
213437
19464
829260
89712
33584
38864
875231
875231
860369
805927
740819
304798
875231
72606
10283
468745
786150
875231
393272
4650
92527
386464
622073
875231
511682
710103
491410
787495
558448
202606
809614
662451
376133
548334
875231
771846
875231
867171
811980
496167
3976
859561
523208
262648
875231
726620
722612
652345
872459
257179
23988
302706
875231
315440
498032
73365
629873
665623
458718
678004
875231
89377
29638
875231
839552
532177
82638
21944
433809
250368
596993
7824
875231
13577
302288
875231
875231
558118
875231
372109
875231
555565
156648
874212
875231
827036
431930
826039
161078
40848
25803
26441
860467
145319
761396
875231
213913
703595
875231
2027
7285
875231
608399
875231
837487
875231
240552
769874
875231
516786
522808
875231
291629
791238
574258
145892
875231
875231
724965
95174
875231
265453
7770
86267
1668
875231
875231
875231
347156
874361
530754
362042
46345
875231
366936
735219
214807
875231
396654
309122
875231
176968
664666
704705
3774
389268
875231
9795
82466
124680
875231
461933
863696
875231
875231
211500
667064
873845
224236
746685
693323
282846
875231
412429
786754
295957
102352
781810
386099
703972
7463
542163
516361
875231
835705
841402
0
29902
444057
214913
17314
875231
261203
242166
694808
613863
665485
96494
638048
538730
213891
97044
0
23800
648074
480608
708828
10121
743762
217912
51863
560239
875231
875231
680418
875231
160479
350942
128419
843330
267085
76256
737259
875231
353329
875231
875231
538621
875231
0
212057
79524
796487
875231
76668
419152
875231
517547
383804
517360
208077
38150
875231
785753
0
191221
206650
866857
693733
55002
467905
875231
60028
624932
200297
869861
594347
386658
342194
875231
875231
647781
13380
875231
194857
2361
139874
875231
795264
267812
636385
82817
875231
46891
565884
0
152
875231
836700
128579
7936
875231
89676
1683
875231
875231
702762
875231
41712
621320
56812
125191
678574
63849
581920
875231
875231
580477
875231
507778
875231
875231
470471
101837
301950
606083
46746
3277
17419
875231
277859
80129
54851
875231
875231
320579
754094
377374
811221
682672
569541
489603
875231
510433
202906
346081
656193
13025
820110
19282
410864
792163
364010
690145
875231
875231
569753
750645
3635
97208
456480
843135
39982
627768
557458
90709
211258
2020
450291
836293
618285
486
300602
16517
872153
875231
875231
863529
65166
745484
12541
157848
763863
875231
463295
645508
875231
269733
819357
720632
378778
574902
875231
745691
1141
231598
839951
501606
102969
506551
711588
789096
520433
281686
103543
525791
79767
496402
836030
520988
875231
875231
351000
668958
795769
187257
152772
306
875231
432472
510671
753534
325916
875231
875231
875231
854133
301724
702128
32557
302056
766338
8746
302240
636708
706182
793501
279899
189527
870054
29262
102552
859095
875231
819916
552692
38942
117876
788131
875231
875231
856155
875231
36086
6656
138790
199860
279764
375396
221000
101974
20256
388037
666872
558585
1683
16707
15487
24729
566876
726105
8310
460152
776498
234496
635277
13538
61308
5026
107388
794790
875231
871932
564013
875231
78581
276333
875231
31799
598197
702145
875231
596310
842454
4457
2558
411248
832378
24238
672106
551392
371559
875231
648070
605866
276167
825054
591027
875231
28191
191533
623447
875231
99810
875231
68811
407901
875231
875231
875231
150006
488574
512528
26744
854662
502381
343229
239485
32323
875231
38142
875231
875231
875231
875231
92100
112781
834317
875231
875231
858484
875231
866451
621565
831158
143623
84660
875231
875231
742558
20558
875231
377421
875231
875231
354625
618130
217449
241270
102397
169254
875231
875231
875231
809262
523596
107835
318678
810322
865943
278820
815837
190135
231751
875231
69164
102037
875231
781704
171325
693944
434216
84521
875231
875231
866478
12121
222349
835335
43711
651008
842194
14321
451794
875231
28445
85837
875231
875231
535672
597535
699793
124546
2066
875231
323806
157502
191640
875231
875231
304052
46335
808076
85190
31714
54733
470159
643426
875231
74792
875231
875231
468041
215644
529563
164852
848764
11996
309555
128121
723776
84616
413492
872459
875231
875231
875231
404558
875231
27753
480277
195074
254967
50976
10060
145252
52622
875231
412867
850136
272579
36711
84741
120658
2887
311004
332150
805633
875231
105932
875231
621744
791914
508349
309136
527029
875231
222519
240675
102449
101094
378507
813962
768790
59525
863305
79276
486
698948
774115
91595
857118
647178
807213
875231
448208
861308
873156
629791
504309
875231
10207
875231
42984
875231
875231
194199
875231
56665
596191
176815
459627
757765
875231
286410
847185
875231
232678
639280
875231
867278
875231
875231
875231
799778
708934
592460
694102
262443
860550
54673
467890
687757
129458
701366
653939
690093
354221
125439
46926
228190
387516
737761
658836
39555
712400
875231
101184
38815
556290
743665
100089
274423
10621
456052
113598
307127
577918
14703
306
119648
306
259240
525632
18713
508194
355051
787687
875231
875231
715856
745190
106170
490419
333093
875231
875231
397354
713512
633214
765760
506322
43983
875231
529066
811612
754053
608480
875231
182560
644475
875231
875231
875231
601779
33999
306
596620
875231
446416
42088
875231
875231
91163
93625
4149
10121
871452
214495
61697
775780
263761
46270
241367
368535
108253
144192
278503
875231
311683
875231
310230
39329
71666
41593
875231
121913
875231
358806
130668
875231
119694
332120
491312
558748
459037
419396
174112
875231
457514
477145
858172
420436
623635
445017
318797
270740
875231
101827
196226
387112
41207
875231
875231
339505
54350
6582
402228
875231
18448
55827
677074
34347
14142
875231
755378
875231
504759
875231
486297
696704
22640
555151
180169
24469
171760
875231
2027
450411
132797
772867
875231
743889
431000
106686
197167
273382
218345
83677
1361
875231
401360
642127
875231
798154
617190
149026
407980
875231
11473
315282
875231
9359
132852
594008
875231
138692
333483
49673
18281
875231
132886
382653
875231
826693
703242
875231
874543
778297
875231
97065
92998
786063
775275
875231
3088
875231
834658
875231
137207
439606
875231
303931
270317
508095
15154
111408
621364
875231
549043
648238
0
5203
60837
875231
875231
92769
62410
36781
717463
604444
875231
695157
16935
7463
875231
849337
875231
810563
35664
760561
294175
647872
692111
875231
96489
471454
83265
178199
271165
847109
458970
679681
456485
46335
875231
165146
522327
758465
152
875231
875231
446865
244605
173941
799513
794618
809870
875231
1851
112426
875231
875231
377180
206342
187491
777360
875231
875231
67788
418880
813058
238107
140219
260515
592237
6226
726183
609454
185894
9601
333886
276423
113207
529770
456953
875231
455236
52351
770013
875231
16388
808606
625028
618099
801361
875231
586965
436098
875231
56928
464690
875231
17483
875231
60855
140403
208880
869384
141392
425867
371471
291137
137975
387532
405898
768015
875231
156151
334129
874560
289438
326792
678234
502733
756310
506125
44516
830930
484923
736868
774771
43149
508074
289361
875231
171620
875231
428864
730499
875231
82826
631022
714673
390175
163311
875231
602512
6348
870884
241263
875231
812670
738921
875231
875231
76932
602169
578851
124135
670921
647349
339621
72996
300087
828273
227398
875231
48358
144482
603143
29718
875231
875231
0
175131
627923
9961
875231
139579
653127
405880
254721
208501
693360
3600
482076
231016
417242
875231
875231
8678
474989
858019
201501
240742
617706
875231
875231
90918
56492
418079
875231
566562
388159
875231
875231
875231
248565
875231
781358
26683
454465
99697
875231
588873
744851
807917
61366
69563
505909
875231
218872
7632
8182
217218
670385
871912
663343
769623
875231
875231
368116
301412
44554
572456
77180
863883
875231
407784
779561
691913
106681
875231
478370
733906
736238
209456
789280
319472
875231
28589
627369
1697
88254
72067
665826
875231
9419
875231
875231
395732
592790
90886
295021
108986
22982
28014
9050
799382
540807
875231
552457
240002
712187
494227
57196
875231
12538
875231
288591
69043
717442
875231
38285
697183
493395
824331
58284
848023
617591
592012
67803
318933
582044
15450
836054
698935
875231
142466
194574
347986
694732
35023
494378
57834
154708
219881
875231
170768
39679
584362
735728
405406
875231
534423
1487
165502
17768
447189
184430
771496
4655
283773
0
0
845582
875231
860507
129996
71176
875231
512939
856158
862484
875231
73884
243354
255468
551256
4655
28888
136922
875231
110452
380877
870402
740603
101466
869835
875231
429270
193127
783337
817254
240708
493164
370356
797587
7685
333248
150156
597729
305372
206581
875231
875231
875231
322992
874895
13518
875231
346817
245829
875231
412202
3247
182903
737936
424662
544278
875231
27200
875231
168860
323180
13584
875231
875231
875231
713404
2924
221610
472159
301595
12209
713406
114387
76772
486300
5805
578047
875231
2187
453709
396013
872082
566443
813128
16134
545500
33014
570978
654855
95943
184161
713425
464817
466072
47137
748935
81095
627574
139639
875231
12024
757105
98645
94992
875231
158125
12560
875231
3428
875231
826637
4822
84924
333173
177065
538440
108490
227691
13927
370370
815949
170166
875231
37603
722655
875231
300374
875231
822673
620709
631169
499752
262286
427295
116854
875231
875231
637849
637719
102935
8879
673332
737242
759856
165233
341597
202094
875231
102687
779307
251354
486
530648
783027
259949
359374
123438
849628
875231
811677
44157
177025
186155
311459
781880
289394
307121
306
437463
835628
875231
72283
806786
91890
8358
355692
327002
592947
875231
711084
875231
875231
874369
285142
586621
17912
666595
30107
218796
13416
99607
219232
686239
65830
88371
407212
295534
680937
545970
0
3287
497480
875231
71643
477750
875231
540308
790503
875231
875231
875231
531055
125691
875231
432732
413708
307014
504056
99618
582972
441403
157341
436816
264250
84128
856414
520998
203131
121438
172038
9420
494636
875231
278838
875231
0
722372
553388
781858
790706
514174
766117
578766
16513
875231
875231
875231
574716
193808
875231
875231
875231
58294
875231
467021
11162
224793
120722
218261
311881
158699
683946
111928
141649
875231
85608
424711
93702
91680
851790
130387
22659
875231
875231
789910
159466
321763
517937
875231
481678
875231
875231
264465
257457
757307
70212
645291
42149
875231
875231
306
692066
875231
457
494838
193711
689049
537162
599150
138385
27346
37906
827474
875231
465087
99576
45072
226923
875231
448464
646995
419898
557747
852550
10112
107155
223278
261493
875231
57476
875231
875231
551423
869675
812208
875231
205927
384402
36998
870221
875231
94110
726354
875231
116272
139974
875231
875231
199212
875231
25448
875231
707408
0
258643
503297
518651
441466
875231
175639
244436
176334
264926
60881
470858
210418
875231
273731
580633
185248
650174
243188
668439
3606
437539
101955
120053
433363
763249
874895
875231
875231
306
875231
488673
2099
875231
184727
875231
875231
32554
74634
431850
523150
598130
875231
28382
875231
51982
88528
32631
17768
61964
571703
2537
574921
867598
851977
823034
434671
262360
54531
8882
875231
312764
872501
641072
875231
254787
4318
875231
875231
707801
875231
57032
63883
3791
648178
243092
875231
1159
520438
508961
219124
875231
673006
708782
215843
471413
330388
101955
60052
410581
393242
147751
703261
875231
589698
875231
324742
197396
875231
875231
15511
875231
48151
618200
16206
377131
45593
14604
875231
875231
834272
839916
657479
475489
577163
561267
299925
132381
5711
410301
93024
375707
854640
591267
764146
875231
410273
875231
875231
645728
740141
277777
396063
544844
875231
821395
875231
875231
67226
803242
868820
816964
764194
594293
388603
657825
122900
620122
875231
11121
875231
322814
294329
40796
366056
100680
260362
173315
24314
669974
285174
157711
697269
507478
0
720988
182895
865101
533759
148415
875231
61918
875231
214725
40828
875231
308631
63929
782026
39248
570317
268361
784935
71856
875231
219636
113605
283548
875231
228731
18895
341492
471784
727251
781458
505909
23078
605214
875231
39145
191321
621762
71928
875231
640732
10445
875231
11302
875231
246338
56768
875231
52194
466039
723944
1323
875231
875231
162780
798073
377580
875231
628594
807168
793603
269416
531246
303626
437292
523002
703992
447055
115068
415273
270177
875231
43091
656009
862864
254943
875231
821587
218290
82549
20362
875231
301551
875231
696637
806371
463880
548222
875231
533195
434732
579160
869326
632904
875231
400830
15096
639978
875231
342972
86913
89191
875231
543783
250564
171343
285939
485245
865627
456087
59410
38192
1030
860893
417276
833656
176317
622422
743826
184413
712312
875231
834861
875231
8882
759248
875231
8950
603245
24668
201977
9073
875231
3986
21178
38699
613197
50449
39986
239607
875231
3251
875231
59895
217240
628813
316566
245669
6755
88779
97740
875231
737955
615189
875231
141146
38796
865621
225381
525143
441013
875231
33613
7608
273904
18557
750102
875231
268464
708564
721104
326472
565903
763774
313739
14441
875231
875231
202274
875231
875231
774241
7255
86394
875231
385326
123730
609476
27318
874716
441242
875231
875231
875231
545902
875231
711475
875231
875231
366567
859518
870760
457999
875231
541966
830595
854688
5111
67697
865540
875231
553595
984
875231
875231
585998
206076
695638
875231
29494
797741
228069
50605
875231
661882
875231
875231
35751
462677
637
875231
875231
875231
875231
131436
875231
433196
273400
72611
875231
62930
685808
35967
875231
647535
288074
362600
593847
874214
875231
875231
291169
75775
89450
697977
122030
298906
153115
875231
633996
870210
7636
36582
229670
617690
361662
875231
715592
827228
486
337184
764496
875231
0
761672
875231
482828
875231
75884
297608
554981
74447
130402
143010
620461
324698
205030
346873
273417
39741
85182
875231
707111
630546
29512
629023
875231
129430
33934
533192
726240
13959
101047
638804
875231
734948
11246
0
509418
292748
875231
700248
398815
362712
433131
1510
579609
711511
873505
875231
816264
677643
659961
410842
298140
875231
25461
497918
468756
673542
195639
799792
22355
346145
785327
875231
18443
726770
851343
116000
600352
821544
875231
741368
24872
599143
47501
272514
65628
64904
634508
664310
19167
652441
875231
193002
360977
505028
518863
698706
875231
875231
814976
863926
43334
486572
875231
230974
77847
875231
0
5822
775436
685116
875231
875231
32842
97724
179024
862960
31710
349942
875231
122394
248906
500994
409191
537632
728688
710632
497041
407263
875231
200874
599947
17633
474006
395102
875231
478451
423278
527371
875231
216008
875231
751828
511935
875231
875231
389746
873360
875231
11487
175726
29602
875231
697959
868321
408509
712311
875231
58547
875231
854921
332579
831137
869208
25467
13778
41709
0
332166
395968
873841
475261
15170
875231
868356
103284
81681
55756
657188
875231
875231
875231
803031
641475
288071
440916
171296
131747
875231
635012
866169
128950
362955
464225
163177
723271
130745
374761
337814
371101
774302
875231
751921
159564
360719
173057
874056
875231
862867
574413
329896
875231
429244
36780
772380
875231
817290
582686
741887
875231
875231
823670
875231
735056
1361
283552
732053
55226
637
2215
352573
875231
38423
875231
486
232841
875231
594249
875231
334540
59355
739079
703490
497789
422416
206842
0
432017
286541
43701
719469
875231
875231
875231
516223
356752
759596
120310
43554
13081
538636
775723
645539
202044
9769
862420
875231
729962
875231
875231
867264
875231
414965
875231
875231
6218
698529
362546
146657
80407
94424
343691
865348
228432
361170
1546
66952
325861
274315
875231
72658
298067
269496
7313
0
875231
621700
647622
875231
293892
875231
651682
63356
184106
10784
394686
875231
676173
137658
738307
129528
875231
515152
460192
875231
441471
875231
865812
379781
569540
793840
984
163219
451508
708693
605697
3606
268096
257949
273785
866643
875231
165601
86842
839953
647701
875231
152
72724
875231
82795
4655
208297
859725
567474
875231
621534
783249
12339
663247
99129
27148
43644
875231
161006
788597
232026
875231
571509
596337
875231
58528
59648
875231
847494
0
712317
305355
337315
867540
875231
143179
235103
874701
875231
721494
111753
508590
56350
39279
398101
395842
49532
875231
532696
