875424
94413
876291
671916
65405
728707
108951
673202
327844
415327
173360
17961
876291
642177
85147
304897
830965
2790
293345
864023
5763
876291
128285
193423
337157
876291
494524
876291
137522
114198
7829
165294
721584
876291
876291
18111
464601
552529
18286
101848
876291
317761
876291
876291
880
860606
195713
857311
102327
64928
791944
183544
85091
185869
724863
876291
876291
65268
65446
12873
644283
281160
823562
0
802704
52380
449197
89997
83160
876291
876291
876291
503
873859
42240
625461
249375
490159
683648
3126
143096
876291
245742
623665
510517
876291
13913
449469
260475
683580
7883
847120
295511
876291
3470
672662
808803
62115
876291
876291
428490
689645
765828
650196
9009
459535
63673
876291
35492
338702
388050
305769
458626
262295
373275
157761
876291
19213
659235
605735
544554
446620
729932
9715
260133
405564
20581
876291
569490
163554
862566
768943
876291
840114
16404
876291
876291
356858
701712
570796
4929
501558
65275
340773
876291
876291
438048
535954
285691
124413
191060
301102
876291
746724
876291
360154
114184
876291
76946
56684
647239
802004
876291
867554
512139
224372
429439
876291
163601
196857
40485
749909
224537
11346
159936
181652
628831
57851
689474
876291
876291
75030
658006
578187
876291
0
440732
467800
351572
872807
160
197600
547804
876291
589197
71776
124884
268638
747767
343132
154690
34966
51847
545652
867785
71190
876291
876291
876291
362477
149751
30267
665772
876291
668884
98581
831798
322418
708942
29802
2106
37072
18111
657211
876291
183332
876291
876291
656993
345691
456774
832104
454608
333720
715333
28782
98632
650672
357187
437224
876291
792373
813617
855201
843210
24602
31665
480771
874186
17264
856356
70121
843825
138608
876291
213882
652281
114129
793682
65786
815311
53016
581543
239541
637172
650851
225946
641610
149618
759437
714863
7312
2379
645309
116042
440926
876291
485678
21068
876291
80604
234577
246045
703
296114
876291
630928
307121
0
873126
9701
817327
876291
547834
728290
876291
705235
876291
171741
418389
58857
355753
706447
355880
846358
33544
406926
394356
14176
564244
126630
876291
707842
14760
0
761957
876291
738398
480539
876291
808377
453941
454120
640860
876291
79108
62870
611743
203850
766275
606162
36381
635728
581253
151675
592835
876291
621506
599608
574053
255271
876291
876291
81343
65750
597011
715904
543062
595994
720297
876291
876291
876291
819089
617586
254408
694
148603
504711
860256
207725
209109
876291
876291
269121
869263
486263
378817
876291
27990
195352
511606
127548
876291
72609
602476
871795
862776
504752
876291
787707
607638
610754
192788
876291
772364
4574
251736
109318
20210
876291
520199
15972
876291
876291
876291
798239
3716
2773
450652
429283
876291
259547
876291
565255
176163
671278
876291
158535
11137
312030
42402
268431
661644
402122
181156
565154
795535
789463
52984
876291
50057
8997
397835
23166
875011
17264
659917
795348
876291
876291
669664
325430
876291
554189
170923
686534
1920
685596
77197
356349
855695
206747
852194
0
876291
830137
181879
434165
406867
863313
72938
876291
602906
876291
876291
440370
124685
703
690706
876291
876291
561061
87069
403327
771146
876291
71044
285879
278006
876291
589232
364710
120709
11440
806978
876291
758783
44529
478741
6845
557739
224977
697459
876291
607999
445741
323390
799319
656772
296091
765406
682592
876291
2106
778152
660341
763921
658026
28972
723576
876291
876291
384327
756675
635629
846991
876291
876291
287794
15146
876291
560453
876291
876291
818637
876291
876291
869016
74342
876291
843996
876291
867267
566488
876291
130607
870901
123215
142493
202385
312960
437300
667795
876291
876291
236936
747052
876291
741827
681217
856348
511074
876291
16241
242149
88954
837250
24294
876291
840925
16241
270623
489648
284002
498867
94748
825060
876291
862764
69428
4119
19520
692198
487922
876291
872833
387778
240640
876291
179494
555421
20758
94820
779362
584680
244075
442181
392274
876291
839043
419485
646295
764533
876291
563641
35887
876291
78113
59286
374487
876291
581564
697359
61634
91639
173863
368631
441932
278981
86890
642631
414709
876107
129596
649837
876291
876291
464712
120022
5475
205177
561462
755252
52601
876291
329954
620859
478660
632236
876291
294657
273891
587830
24148
876291
857090
876291
876291
512461
370901
615054
737524
740713
761664
23077
23132
22303
876291
310334
167588
56436
851811
580350
19367
34125
509955
286733
76907
876291
761244
876291
22264
200154
246232
876291
259812
42877
876291
536140
448649
22109
241091
876291
876291
876291
465051
16570
161205
271635
104298
876291
269277
453524
23445
150366
825788
258852
352127
13458
876291
730847
757715
517086
548990
4331
464150
876291
540001
190786
876291
390567
876291
586154
876291
697841
876291
638174
377011
157462
876291
876291
870039
607771
876291
252373
275300
361880
667612
479014
261090
876291
212784
817946
876291
126517
125650
61203
15629
304518
8866
876291
668059
638279
366183
64835
876291
456116
876291
856197
413099
90065
343
876291
135895
255038
817568
876291
870712
876291
778176
509713
415153
598358
328399
684434
588696
294602
134878
16152
876291
545131
555624
175848
435780
272467
649718
504041
7845
564900
876291
876291
876291
187925
876291
876291
694
880
844422
81513
31172
872135
377231
406845
876291
875924
534
876291
364035
443602
348712
16570
876291
16582
798330
55193
876291
522323
846101
332168
41498
219990
10915
226450
830781
331936
317872
398947
52917
714489
6318
857478
5952
876291
876291
262572
293016
876291
866810
852327
876291
638472
416155
562907
95921
425656
411052
344612
102257
75507
38861
824358
326828
60256
801995
406808
52850
875584
660907
598809
861667
503153
14425
16835
822120
710428
12814
293149
190537
876291
143844
876291
25998
653603
3470
559204
353300
727887
185934
363885
241456
876291
660847
66591
470432
201328
876291
203183
1212
280819
295697
876291
856321
453838
544526
558645
290693
874511
15301
27885
249194
769285
876291
682288
582032
634213
708921
876291
483907
876291
241554
353926
876291
209754
876291
305227
447862
876291
876291
363630
194453
193325
131636
593337
489990
756498
3126
876291
726151
102529
192190
876291
109057
567196
215766
271534
1422
460595
876291
876291
876291
807990
274553
876291
172001
570386
876291
407699
160917
178816
5398
759874
876291
717099
474993
857399
572036
844626
876291
839282
20092
81746
557019
663002
876291
46108
876291
653292
19927
254247
255233
320163
16245
75627
564776
450050
158418
254362
876291
856057
317186
551880
552810
852441
16241
873824
630909
24825
699555
32423
78043
29565
876291
369404
450412
422597
56838
82267
862153
876291
228270
702341
5325
876291
649703
548858
699840
195851
439185
45106
438193
351508
811672
876291
410740
458527
659949
876291
230843
876291
32966
485199
876291
202624
246568
614715
876291
27999
23132
192131
384813
857904
208241
8394
806496
252182
721087
93283
192414
50994
742686
876291
842735
603455
180790
159795
876291
550724
824499
871251
876291
662943
875743
26743
876291
456661
527902
613323
876291
595825
777572
228131
876291
23300
319354
380232
23096
226247
876291
864336
752381
48201
2976
8303
569333
40064
865138
559824
522630
583743
9370
876291
513798
398294
210832
143002
1738
537428
876291
1732
558117
7320
158834
538989
361319
863817
823277
876291
607786
108999
430608
377648
591805
50593
143679
876291
876291
819148
75148
876291
379424
676852
308645
876291
697165
145785
876291
713
795497
832138
576717
876291
38373
814115
67081
806712
469145
73303
24836
242052
876291
266279
756812
876291
316521
356578
876291
760209
876291
876291
197397
599500
28995
876291
337327
876291
227198
876291
876291
227132
876291
83783
849278
15399
389257
688416
454138
272628
426648
488922
508992
764219
876291
606270
844452
226309
39783
164940
250833
876291
132412
876291
149597
2463
634509
0
191956
876291
685589
591687
478367
42596
262487
56486
128731
876291
195464
6073
264295
433689
76850
876291
321355
876291
341709
600248
200773
425874
0
876291
394604
876291
486544
876291
839398
650165
66078
198368
13255
1038
580386
511975
23463
663930
344257
250726
548592
876291
225876
876291
876291
686544
876291
384806
651448
195532
435832
353690
28634
257613
653895
684024
876291
275271
145490
226017
444450
164748
876291
650168
876291
211101
261265
23445
759496
32349
755390
808833
93155
824424
61430
748859
244865
554707
542847
562090
29168
611842
735507
138629
876291
0
876291
744787
876291
13545
876291
876291
358111
66164
588884
876291
832226
876291
876291
647091
836101
677315
829755
876291
226300
273589
67695
67577
26743
876291
658842
90602
694711
876291
874536
876291
876291
222701
27501
117547
876291
876291
876291
518118
529823
876291
876291
161642
583470
85234
110573
876291
876291
876291
876291
869620
0
41948
874018
15458
857641
876291
863834
105611
702357
556585
9378
876291
719696
876291
793866
876291
178224
23095
217470
135109
667059
225378
876291
608872
867485
811307
481567
868444
876291
876291
646153
74266
345607
876291
602747
876291
876291
437367
300880
679856
862173
150
20385
4331
156576
492189
871251
876291
801333
17467
292742
608067
866589
81925
189365
366735
873332
456769
876291
54823
216823
395943
184578
0
462704
124276
28780
21258
876291
29825
5278
0
51799
876291
0
843157
259342
876291
301902
646668
37043
294357
706671
8722
576384
196886
876291
504321
843776
693524
237264
103328
180157
257666
89624
348157
874858
770686
876291
34299
485066
380335
401581
738423
442382
565825
213188
876291
825961
876291
627124
876291
870933
86553
876291
203261
876291
1429
876291
876291
365704
231320
632602
39726
876291
5398
876291
712728
71206
415992
92623
129863
1233
190183
876291
692550
876291
9336
298232
363859
483214
46582
876291
876291
850405
876291
876291
876291
96910
4726
485803
221648
748585
556823
293051
481477
876291
880
561389
876291
52357
876291
611808
95146
410324
527601
341660
876291
876291
762395
829126
876291
122510
876291
41682
730368
506798
876291
77821
220140
487637
25816
515071
682157
810394
340461
626372
876291
593884
862028
45884
31583
246215
876291
899
295760
876291
876291
145891
31651
664214
810411
876291
42572
457421
876291
876291
94006
460731
875924
876291
876291
856097
525151
449431
232825
0
710124
102761
344407
200403
0
179409
6845
0
623514
35591
856299
876291
876291
700288
426117
43316
501404
124016
440214
876291
337327
876291
745481
307375
93649
648942
196571
316352
258080
814368
876291
126554
75803
470264
446885
385827
876291
161838
876291
179086
646334
408111
85545
715017
57408
876291
88878
876291
36039
746724
484152
327709
876291
844487
648062
44937
0
876291
3134
391957
73972
9881
123422
429480
15294
22983
441268
827240
63512
664889
876291
876291
682249
876291
844942
6517
369238
757549
441129
51563
206124
603527
876291
875750
336913
124995
876291
56767
839410
153368
414514
621790
377369
299302
333558
780538
472003
133859
713
2394
876291
566475
606923
876291
25596
257030
816887
585160
126723
31314
802856
876291
876291
525611
505504
23132
332523
874509
87154
185981
14241
556919
0
876291
41469
19146
28921
7985
447919
0
379261
575257
115259
11440
876291
876291
490627
94450
826271
876291
876291
31018
164959
613967
272861
417336
167630
768252
817157
876291
876291
477744
860124
177858
860110
183154
104464
718023
876291
337563
276594
458875
876291
9826
546068
3203
0
118075
358736
164172
876291
603632
876291
871594
15088
876291
51908
492396
876291
693664
290639
480386
876291
369278
876291
876291
876291
340448
33717
547432
474113
642652
491000
704406
2260
389193
253242
170252
376208
211471
782194
493054
817914
705861
433620
436678
876291
464643
9715
92923
759955
404725
67780
85870
187420
876291
352548
44486
876291
30734
418593
0
0
876291
401259
876291
180743
845368
876291
371092
274256
657575
7325
637573
876291
237235
876291
0
85538
168148
876291
65937
147518
112224
757714
806199
144197
8805
99383
26768
522
14214
343299
492818
73339
806962
211385
54306
384944
216639
246926
876291
876291
876291
876291
499868
873004
866158
113635
876291
253852
876291
181022
458456
246499
543134
603521
876291
876291
876291
584672
57002
288014
606040
628510
105648
52713
572598
51722
53421
876291
785062
876291
506938
319916
876291
80644
331590
864444
245627
26901
876291
141413
644948
880
876291
65743
440881
782371
876291
671846
39878
655143
876291
876291
701255
68210
876291
647827
458374
1071
876291
570495
876291
351936
876291
512662
47276
109078
876291
677211
498356
479793
876291
22179
218874
876291
5112
876291
870701
876291
395330
876291
39748
196901
707869
1059
876291
672445
185479
610132
3716
571912
876291
94174
46262
876291
531150
421345
484259
11099
876291
12411
199337
815297
876291
876291
194725
540076
201322
63934
44361
97603
76138
756934
632337
509288
419640
837345
876291
135630
198466
492297
800065
596245
876291
57639
876291
876291
181503
0
2274
123404
649798
745591
315240
746905
307276
89957
832387
345964
13742
278780
819434
876291
490952
876291
508691
760261
83154
876291
255821
626770
876291
255098
868743
868805
34237
43661
863111
20557
876291
837713
389965
746825
876291
9643
267940
303155
11055
415804
876291
188330
91871
876291
433208
876291
876291
249349
876291
479348
502500
497047
876291
561366
178977
76320
726013
2773
669815
876291
817489
657387
526809
557817
876291
687511
869119
244424
40106
527204
489633
418090
876291
143224
584260
876291
869056
684914
63485
401825
318454
191868
37942
876291
226276
876291
611948
876291
876291
876291
138724
668777
22332
668425
813932
51352
546857
876291
525473
876291
876291
876291
23638
1390
422605
709227
529450
845622
67239
111599
876291
258109
876291
29700
876291
18526
24098
98035
648294
876291
28437
137796
637981
876291
876291
876291
539437
874830
37063
379878
876291
870405
509982
528
876291
861874
245180
398439
876291
876291
441751
26906
371849
97750
874880
367798
10020
145270
356122
732068
840328
876291
194508
687448
553683
192996
15860
95120
319676
784932
691951
288083
876291
180312
664704
242328
102003
851555
48121
876291
458838
403506
244474
654774
3707
590110
3310
561225
167805
477438
121577
736764
846609
0
709807
737959
873663
371902
495751
705951
11411
876291
858769
876291
89270
601928
90296
17049
876291
596692
365624
358181
84829
383150
645508
273756
805851
116431
489486
646496
876291
317926
270680
150
389127
876291
876291
73285
101868
156963
661528
156114
417271
263973
190145
681506
875743
5484
150173
218885
437466
875924
146612
24098
36070
31013
876291
876291
225895
406964
820344
572722
146782
875564
815010
812925
775599
0
847304
49263
876291
876291
622324
876291
866131
876291
876291
232600
813023
474233
125574
308585
392379
21611
871232
645155
24833
876291
532840
719889
846716
203630
435289
201057
664689
625824
1233
186411
876291
638010
17271
226094
130555
728052
841860
308386
784717
876291
565597
115709
876291
872998
99567
876291
39225
806095
310478
811800
343
69748
742632
2091
18619
506471
704895
102854
136871
876291
381390
394310
281391
373387
31230
280695
785787
78952
179512
876291
856130
876291
32168
34642
534
210150
876291
480783
17959
714867
851038
124778
553067
875924
875750
322332
96907
233422
150446
49470
876291
730621
281742
694
678225
507830
876291
846911
12584
876291
279017
876291
586758
30562
61753
135734
267512
172700
876291
60946
399439
0
866769
880
428265
336371
124589
579581
869869
587325
6781
649683
532362
873157
0
872834
799663
835803
742483
53669
876291
848600
597415
876291
161071
661237
869198
72633
865201
870326
39572
0
150429
125929
57238
758877
175330
876291
33535
71751
158869
802786
266267
470389
399226
875400
0
5763
165489
10020
713
1738
126377
876291
162779
11870
866264
279303
727673
55701
849036
677280
717471
876291
132837
11944
766813
431265
178029
640858
6212
876291
81925
2230
693203
109350
861502
372441
530426
876291
703742
63006
12310
669685
815972
103740
876291
85381
775121
81523
759454
876291
808266
66666
876291
0
475270
876291
138651
876291
253736
876291
876291
438079
149777
117446
24210
461260
574725
442122
448602
556692
876291
529898
69415
633559
20190
0
734511
876291
876291
222809
716051
871220
502212
875750
876291
876291
70695
133225
757586
544391
366697
600772
876291
3151
424830
838098
107400
847205
199831
131404
876291
480537
98822
629420
1390
876291
220951
812982
523204
538891
162040
324388
84861
876291
72291
876291
854332
737524
707710
609567
876291
5133
876291
646245
602686
481685
876291
621553
446252
738999
264574
1736
328269
6436
814368
709928
876291
296565
753819
127723
90555
630545
559142
801074
423015
153771
395951
876291
876291
507306
626386
345887
377132
12310
844211
876291
761122
876291
8444
690065
123313
243690
134662
110967
139415
628662
499712
4931
290856
876291
876291
365966
373973
746958
81271
200901
876291
499960
174799
876291
281159
29511
90266
58024
328218
494297
876291
56799
188724
749211
151557
716450
601421
876291
602971
132886
82571
876291
743777
36632
694
741584
444707
216854
118090
814598
876291
102933
828966
523571
876291
842149
876291
52551
668179
846516
836929
49289
827737
124924
767260
637556
160097
461300
876291
876291
810265
876291
876291
612674
876291
102547
76060
679640
660137
542759
439753
535284
673415
844776
303040
699225
70131
377945
833495
876291
562870
82321
876291
876291
876291
254575
876291
876291
546705
163472
430987
25006
869972
25020
876291
873686
586098
498030
875750
508914
77412
876291
647763
565628
104444
795158
335685
279993
402065
211963
854187
876291
809219
826156
876291
531510
355411
398996
548131
627880
28163
876291
447810
0
176983
486474
550420
638325
121064
614051
796972
876291
317162
868578
435277
337583
876291
678150
11111
752185
699690
365869
253164
876291
876291
876291
701208
33603
867483
219272
876291
64554
81874
543542
684069
876291
498658
22514
156062
314859
59127
726110
19277
714144
185993
744243
591011
876291
876291
4187
258955
707086
768257
876291
786586
876291
518556
451255
876291
655440
314250
631575
266498
448586
640028
876291
8004
876291
567731
368372
576288
527846
705322
876291
1562
374699
112533
180942
729187
876291
805851
324753
118634
343
56847
876291
876291
463512
486985
132508
698802
420236
268965
25331
876291
876291
105178
585318
343
623694
876291
860989
189576
876291
482092
876291
657452
7693
646156
668840
24994
876291
245897
180045
13095
876291
140870
876291
615849
86012
876291
406823
30562
23193
876291
0
316850
347734
659394
745526
243271
65984
876291
46895
10869
432886
321785
873332
694735
407473
170372
524378
1437
876291
876291
876291
170726
382746
356842
876291
667219
459289
53071
77300
876291
876291
876291
332332
876291
305662
405169
874163
876291
94697
876291
0
490861
625262
497056
160952
806001
876291
444545
876291
311549
642779
240672
19367
23526
850824
876291
831726
876291
876291
6992
818681
428973
61198
876291
9762
603436
569114
776701
7861
349858
257213
60588
153770
826561
467897
450587
140255
876291
0
340314
355581
312528
43983
617823
830639
44622
876291
689811
564501
536473
837539
868206
24166
668242
113080
725875
17264
49837
876291
295222
544492
380463
227117
461654
277247
876291
876291
876291
876291
105250
629675
10681
876291
876291
1059
96955
876291
55997
26987
780906
876291
521522
2260
876291
496111
24992
876291
0
90482
101163
284792
516877
32579
197574
774624
55780
129697
876291
711623
339431
323342
640904
729219
876291
876291
605887
383350
339324
777460
632165
656425
876291
853277
4274
380133
87942
343
876291
473896
876291
397608
876291
446333
344916
234697
246245
98098
876291
419241
23405
230350
5618
690004
520388
876291
515999
555927
24084
747492
104081
838424
363559
228999
48855
274698
669165
876291
866578
137805
15141
3134
822023
876291
876291
876291
876291
286662
14791
848953
53880
259488
152265
619776
475080
0
245842
818074
5081
668167
663388
15435
876291
876291
876291
57093
315981
859010
849205
34415
10964
317696
9182
94644
56601
831713
439411
876291
795440
36300
692736
868910
312265
876291
849129
561034
607690
121297
876291
876291
258354
35778
876291
27158
285475
297703
0
564748
876291
876291
33783
772732
230665
625713
876291
488270
341570
850076
6801
415786
723433
37011
508071
80184
18567
387149
876291
186899
388667
639783
3664
138015
312778
159326
530319
104836
46799
594881
133651
876291
339532
447339
48029
72404
36287
67166
750784
124665
343
596498
276877
680735
516034
876291
876291
832579
314193
876291
180707
876291
540337
809293
876291
850857
13697
876291
569747
34660
876291
701614
298511
80069
756299
876291
759099
19105
604055
429255
693834
776174
554373
64201
46278
523902
111694
374692
876291
847861
510745
856871
57574
71923
792176
758522
61793
451072
876291
422742
170488
167211
782317
143914
288403
10383
876291
722063
587563
876291
265992
876291
876291
507157
663391
32584
237879
6199
281830
677926
707790
870161
876291
651853
876291
615855
496562
270869
28004
838524
876291
248929
561528
3314
338172
868238
3395
456106
582272
45820
12317
671603
876291
110639
175333
876291
130096
876291
0
27670
204145
20926
628762
876291
876291
513347
631070
295321
613215
798199
538237
628391
876291
550907
13923
209678
1257
408650
392032
874349
345126
876291
222752
876291
374015
15419
526563
876291
876291
630854
876291
876291
137171
1390
5750
868360
93603
876291
285941
310281
683350
876291
553791
876291
578662
40136
554039
393065
326972
876291
567123
825960
63791
188102
788004
863305
114106
465551
713
144146
851010
281760
876291
863863
876291
599736
792278
488763
416996
521861
21120
165805
876291
493042
132831
752132
680771
62171
674081
876291
876291
200781
26749
115412
179750
269280
11443
9530
876291
110426
876291
368454
406983
876291
281505
625176
576209
733880
94187
876291
416270
185085
682737
671602
362323
302761
3126
876291
705251
542333
485259
49108
876291
815814
328296
24514
2621
777941
159310
647197
111154
433034
67035
876291
470418
850856
89364
241629
668337
821854
292914
124463
272717
692894
876291
875750
631866
318162
125787
234149
443763
300653
270385
876291
21786
681173
876291
630663
32139
876291
348426
847235
758325
876291
382741
816772
869489
876291
876291
355554
207417
404468
876291
864890
565570
65434
19557
874341
5278
234554
484999
876291
540306
876291
624921
876291
522
534793
157802
215335
661580
876291
580363
457105
470054
763304
605028
825901
1212
211352
113497
869957
695259
876291
214041
239664
344452
591904
268302
21741
651794
876291
64809
340894
817704
198965
199941
284419
597359
148865
610284
13294
476136
92710
442117
436116
624650
102326
217002
27158
500218
147868
729304
447982
862251
822542
486425
790390
650876
572116
876291
876291
876291
478290
876291
578452
64478
602082
509529
0
794832
82539
172553
876291
876291
770888
439500
6958
876291
105847
139742
187129
401717
659468
876291
357875
535492
584386
876291
876291
1212
876291
876291
252458
182484
677298
19645
197400
42927
876291
37909
590727
33717
591135
876291
876291
723827
162599
265420
448611
843596
876291
876291
127169
224110
384624
876291
650046
534296
373489
812597
863110
258974
522
18440
721945
115317
876291
876291
849293
534
725310
378243
876291
42724
800748
368190
648889
581289
48420
732608
0
871251
876291
20658
876291
876291
574827
754766
329592
580164
861215
0
786498
73394
232384
127122
741730
876291
753996
724438
679727
876291
150
405553
418191
457367
11306
384980
542303
307982
603286
709411
876291
13505
315754
470826
306693
30787
107658
876291
876291
876291
382601
46360
487171
386694
770438
684437
876291
876291
6828
876291
6142
45896
171437
876291
649155
817637
876291
140626
286870
634946
213421
276281
807026
22695
479636
115840
437184
871251
418123
876291
876291
847552
674722
153088
56179
188530
75132
876291
876291
77520
92678
40430
26808
876291
39214
405489
876291
311950
876291
656916
690274
502163
876291
652159
30221
56793
89499
746239
848668
560014
423544
231858
700288
469319
136863
767641
728140
605163
876291
805071
109789
876291
162391
876291
231447
876291
872144
814259
876291
376507
876291
572006
40048
101018
876291
876291
165830
127791
2205
127682
0
49572
253323
806918
96478
465287
876291
353842
15279
139122
561996
148745
350948
116256
707752
876291
668228
850289
708357
101003
253866
600129
306466
876291
819773
876291
781519
305389
515027
700750
220979
152805
876291
377736
7845
458780
77748
876291
876291
452351
715327
245874
876291
688486
465983
39406
628057
467916
364075
876291
682454
116591
876291
206044
665601
506729
292795
325293
5462
94797
732724
12197
527794
741079
238144
736940
876291
596909
185114
576803
866022
722537
27605
336675
322253
876291
181438
802538
276800
858047
876291
116983
708732
519787
405316
221391
442485
670593
876291
123527
113605
104200
716217
778196
876291
496275
876291
318857
831074
876291
613444
527686
840751
876291
625763
261375
560197
8861
543055
64201
876291
876291
180647
487204
201495
395514
874189
27990
876291
876291
35492
816967
53201
344779
296847
477755
326477
676383
46608
856190
591486
83735
871251
796505
710957
705393
223788
876291
253356
468455
876291
320178
440749
876291
854560
789983
338648
502658
64194
108447
876291
58509
832924
876291
519210
54792
8486
22359
1233
826227
6091
155906
28703
50275
302141
543816
531248
67950
697271
128249
46608
130594
821641
722504
876291
24569
868807
372027
49174
876291
408748
300038
876291
5174
856176
39009
750983
78481
151462
863647
876291
31678
876291
848870
605953
840203
807511
876291
139214
636992
520686
697992
335094
398416
505037
753873
180642
126730
876291
542236
1390
150
876291
118741
876291
669934
855874
873336
857675
634038
876291
85375
754854
261789
775507
61281
568258
876291
239708
839584
876291
445295
876291
876291
45391
591610
658856
247855
845937
790824
273039
194106
25527
876291
876291
847015
103571
876291
187604
341740
720552
3783
2974
876291
0
339289
876291
876291
876291
656013
743986
876291
70451
73662
7320
377069
285894
821487
761912
568324
876291
69120
729014
468312
803398
659509
876291
876291
138821
132266
823463
801896
876291
876291
805239
114265
876291
466286
61470
157823
876291
586218
270600
876291
12995
44397
188476
97535
749431
8325
31744
297143
351096
423838
143814
713850
688085
428767
876291
721148
43937
135275
876291
869263
868139
0
252069
854707
8828
16133
876291
876291
0
476879
475050
41640
343549
876291
255073
4323
5618
554529
341700
252290
876291
17231
839157
876291
876291
640118
207780
861871
197444
592141
572809
414151
179679
876291
876291
11842
12987
865194
405791
442209
876291
210382
580417
734665
366948
407369
812131
743950
876291
11440
454699
317478
876291
193596
876291
618932
536363
234814
691558
876291
479048
366037
122958
876291
262168
53506
876291
425104
876291
449749
632760
48464
365768
315756
188213
359736
178090
82277
277699
742126
701995
75013
807017
460112
45628
817407
876291
442470
51727
534480
876291
691567
86593
6188
388455
758096
264247
108712
876291
254025
214416
876291
876291
298501
876291
876291
615614
166663
607520
232574
561418
321375
876291
246751
876291
876291
628316
876291
294722
23492
449496
422635
876291
70863
87357
531525
285432
8568
393146
81025
317025
8145
70546
876291
81449
624966
876291
92265
876291
669530
64470
876291
876291
876107
876291
876291
876291
209082
876291
693914
876291
13932
656051
10938
647085
876291
13246
795765
876291
488571
757570
230304
16158
351601
677007
876291
876291
753994
866769
313169
829152
60256
663723
655078
821152
876291
412103
10023
875924
683433
5278
123984
130145
876291
16716
876291
647936
82435
876291
228670
876291
541589
697008
545610
875379
252996
876291
111875
876291
712192
876291
38301
624895
35050
39397
876291
876291
285672
797764
391455
2463
876291
172748
876291
706301
311454
374118
876291
876291
876291
536369
747911
876291
876291
708865
12197
443870
876291
191505
53929
44648
240305
266189
396023
145640
388618
60967
127052
876291
82127
435921
664401
121077
431474
277203
1548
869885
600767
502901
59523
284928
354060
314433
376312
624583
576939
729469
831907
45821
4631
223288
461252
153174
876291
192208
872448
100326
23679
876291
823871
876291
876291
703768
441131
807068
876291
876291
47363
542446
214200
53605
680704
9174
597810
648798
648835
133955
3938
839939
25954
781912
356329
868510
9870
15977
576538
848908
124520
109320
395323
876291
204010
570261
876291
3441
44392
372225
42389
336016
876291
690181
69042
868900
516530
876291
384503
146712
876291
876291
152372
243883
17264
6357
876291
876291
216665
773252
91227
0
876291
876291
814574
785960
25724
197453
369624
863638
558742
441442
876291
876291
72952
7006
29825
834486
876291
514019
376896
420422
479952
502301
876291
324199
613024
824146
876291
713
864042
876291
876291
205318
38354
601577
270382
639537
368444
0
745726
876291
46251
23317
375476
281249
571717
596756
773827
214143
222080
253622
876291
17264
14075
304740
876291
79041
163716
188169
452041
49554
797740
158992
10456
260962
153468
876291
876291
379848
876291
159067
68613
130932
876291
876291
726409
445956
647329
720713
876291
876291
634515
876291
390821
759049
867902
122884
322567
294203
876291
568771
285732
783775
1390
876291
178553
503452
77800
112724
667189
504701
0
876291
876291
876291
50020
876291
500957
876291
423818
42658
814906
437106
785082
876291
165811
876291
876291
39484
876291
456399
875750
876291
542193
6896
205533
528644
751883
731350
159427
712557
506625
521832
280369
113675
747058
495116
782198
39389
11430
585580
421191
24450
477720
819190
81838
624507
381952
226546
379664
876291
876291
876291
333752
876291
756544
600211
625084
275218
241698
621829
766845
0
252229
54917
539388
325543
876291
876291
66975
496220
65259
876291
825888
233681
876291
707431
88725
876291
300258
876291
7845
876291
3903
336395
615320
876291
876291
766019
765553
799468
171410
654272
876291
338683
807642
876291
876291
440623
536643
158590
87169
876291
67324
876291
177071
625995
170574
863461
868287
837997
875072
876291
16602
876291
10570
4465
40119
876291
844783
174918
330450
709285
479471
337770
624296
868100
15290
288258
34604
824926
135140
876291
815337
560533
27298
289303
152136
694
57782
468116
641377
672563
6389
876291
480140
0
876291
876291
468882
272439
325811
876291
876291
577367
876291
40106
436127
743030
732563
876291
255326
876291
764630
4452
876291
849991
289645
347351
227282
313837
590891
876291
876291
23132
64231
876291
483264
84575
97862
876291
484988
606124
419605
876291
43035
112964
876291
876291
596640
876291
149595
876291
46221
12772
851585
129587
134926
555972
2596
2621
812650
566008
250984
271445
472183
854987
550659
873859
851089
214011
29337
849275
66890
21530
870364
565539
9521
875750
0
9753
0
876291
689515
404216
426413
672274
543077
876291
96903
228327
876291
303564
876291
86892
876291
304313
618480
93715
120727
7312
852846
746753
721330
717442
9174
128063
26442
745429
876291
876291
876291
35323
237381
871010
653058
303101
601798
343
213896
684172
576393
6828
218723
68619
267018
3110
336078
876291
79348
203099
112208
0
876291
876291
876291
89230
828559
876291
9422
329598
876291
876291
873680
831609
112607
25102
711388
876291
52299
116306
876291
111614
876291
325812
844628
783297
876291
876291
874372
606099
876291
876291
660089
202199
340017
116959
876291
876291
843258
333132
615084
800595
450867
684217
34811
869665
808111
876291
283635
56669
324933
330379
235004
121356
622838
148517
388014
531964
876291
773988
3984
876291
80513
288586
35972
876291
871251
876291
672659
308370
220150
35183
189822
501565
530306
565317
551892
719768
876291
260620
568542
96167
144259
140596
280898
876291
3628
844471
94146
13377
753811
286190
61201
17109
430323
876291
771160
187320
876291
511355
475183
333304
876291
637172
370619
564030
285477
518028
876291
841831
414569
274774
713676
124254
133583
628015
775638
125183
654129
308702
547138
876291
876291
411347
189029
640676
679690
385237
831440
876291
58283
513610
620516
806886
767561
868795
852846
5158
821467
348641
876291
103205
50152
479057
657094
876291
83133
316873
22929
828481
790631
19816
852373
103986
876291
542158
310689
88278
713
876291
861126
214444
224413
755757
1349
710506
421311
290898
832983
11043
876291
876291
335741
277972
36736
876291
876291
483600
236173
2758
199526
876291
88896
876291
876291
840633
0
490444
876291
403740
709214
649396
162765
169398
876291
796818
533745
776739
184599
169935
876291
207301
671099
583186
346717
876291
41285
93128
876291
468120
384240
876291
39212
655430
184541
274723
856135
12483
451355
381865
7133
39896
47615
51625
169158
1004
544370
194869
211094
64184
83392
723991
876291
93998
90778
876291
391028
440511
580022
9242
688308
306194
876291
876291
876291
876291
353423
292778
869288
567604
591349
319632
876291
778853
3103
62289
623595
78638
483109
296922
224052
586471
349506
0
876291
876291
663400
232348
8849
876291
138958
876291
876291
876291
0
688854
368793
8521
439816
781679
79252
438860
4929
441231
876291
821643
850803
660196
876291
870202
74923
163781
729449
647367
876291
126670
411496
876291
829584
871041
876291
384539
226343
297586
155844
476835
876291
198204
876291
876291
332777
287416
27596
56787
255721
876291
18162
876291
457042
679228
65483
485077
814276
135612
873691
748978
876291
430022
876291
835803
77109
60128
554216
675885
45264
462478
816288
876291
869319
876291
187305
96045
115317
83113
795525
314346
824144
764422
54356
635329
780545
846551
876291
298502
16992
42587
816957
207800
0
876291
237595
812349
847055
875743
876291
140381
876291
0
49951
2696
29160
692226
350602
876291
92946
11448
395083
880
654540
781679
114280
0
876291
0
49090
217992
584048
876291
534963
876291
631048
876291
876291
876291
494235
198305
865923
585623
740170
653652
165863
394490
228659
819505
26096
851699
344395
155009
876291
876291
788684
876291
876291
503721
493629
876291
805433
40464
642558
462725
36933
876291
265357
271337
106658
85966
696990
4395
334346
876291
105558
576386
351001
445164
791844
735398
113554
293530
608840
876291
72741
428396
876291
876291
858238
278897
123401
140659
381416
111325
258159
414917
374934
876291
129697
135775
