754599
231718
15059
700954
874836
874836
793800
672846
874836
874836
734441
874836
874836
722015
483191
716209
248681
554413
799704
415091
431111
378839
576398
396512
901
783707
874836
2667
874836
870596
50113
874836
233170
681345
664148
190250
425719
199502
476675
874836
874836
654520
874836
844936
874836
822163
350884
874836
625344
5216
84371
194758
780745
109436
285371
874836
307892
306489
252779
102052
736916
0
608769
861416
768819
36372
241143
583095
669822
874836
874836
690088
521446
2360
499707
768825
174123
145508
500945
2178
229319
240229
104054
874836
401874
15927
874836
775882
874836
795624
642225
641680
23187
708888
61010
434832
1817
790458
603530
31881
874836
195
713724
414597
694835
8468
27293
874836
182605
733117
113093
14989
46293
25665
868460
874836
154853
858058
495114
874836
12552
278288
680136
623160
804346
874836
343563
585642
633411
339787
860336
51865
345098
551840
439338
834026
874836
649907
506038
874836
874836
66702
762214
22840
242410
765705
278900
395900
716993
874836
864649
787842
874836
563618
558270
561573
322999
23181
141163
528331
644571
433968
874836
874836
614371
874836
874836
248723
568353
350977
588029
687523
26681
838034
195
97243
195
318912
635599
256207
874836
263028
72555
874836
67537
874836
301769
262051
874836
452484
30389
874836
874836
717465
143435
638040
874836
488732
84999
874836
371636
259992
874836
795629
874836
446804
874836
874836
28611
439420
867286
363199
12206
57935
673899
874836
462148
49772
239222
874836
874836
617673
252023
867597
387506
79967
535268
874836
258319
499063
7862
94888
679674
696101
874836
874836
149084
689839
94531
774459
27037
776066
529782
874836
470227
421193
231486
336439
96674
8990
874836
39450
874836
222911
2010
114219
497865
402258
391598
580876
532356
98140
751383
306189
831342
8145
40456
527604
316262
571427
874836
6674
485892
745244
24551
874836
436839
874684
359769
784176
26831
61375
244117
10896
874836
874836
874836
6258
363743
265167
874836
227550
852650
874836
21465
86164
711485
769769
649175
874836
271373
536959
874836
505226
545075
87917
874836
874836
428702
350399
356004
758847
873260
38804
507583
874836
188189
316966
874836
874836
639000
274265
106632
862830
538515
572627
874836
874836
361874
541
874836
565938
511541
874836
874836
842597
44990
155323
874836
35856
187261
358384
108536
128480
391132
751342
572969
389800
818697
60569
2360
715803
519806
874836
188029
93103
675627
240927
523392
383751
874836
710178
519694
708076
797572
874836
868269
874836
377458
874836
436134
279059
36397
108458
874836
657424
547239
469520
390746
1809
22895
835791
156409
177115
4123
375703
874836
431134
734884
157142
236389
874836
234773
744882
345981
289196
872955
285501
17476
471186
715395
874836
874836
743744
646758
740866
22494
490354
850786
274753
874836
9520
826217
874836
874836
25782
874836
874836
559194
874836
105764
303814
810173
874836
901
9185
11421
9879
168179
759703
213107
779004
10823
517273
842506
756158
379
264822
869834
769376
833854
762570
304392
19009
245450
874836
874836
874836
874836
369361
874486
252540
690115
874520
614691
874836
215283
874836
846361
874836
874836
408853
874836
149261
813509
707787
762977
867842
251072
515872
874836
70130
394852
167301
656973
372442
849462
259421
195
686467
204553
730395
478317
110654
823629
534629
157870
874836
874836
816617
28811
312204
870452
431984
388996
57449
579476
249595
874836
370970
90403
874836
874836
22408
845820
874836
523615
519132
715608
68708
575420
57408
534382
775737
761364
512771
874836
564622
434979
84912
591084
325379
635131
620695
69941
263313
874836
699140
307438
47380
45994
586212
874836
520680
874836
55904
51811
691848
223004
14315
787320
652194
5929
616820
36341
874836
874836
856348
369530
857701
691283
113169
117552
330052
874836
17162
572285
435681
128480
42756
874836
23384
654460
874836
864096
617288
874836
20318
256188
755926
874836
170520
822741
213602
874836
688015
570883
397563
811169
874684
186104
0
240372
786016
416974
432409
66458
233671
699310
182783
543839
398366
691107
115522
874836
195
874836
759214
100152
94866
821734
21956
258586
97991
77886
874684
516345
874836
614850
441348
564687
215219
14178
874836
195
35677
836370
98151
331771
668435
626878
874836
47191
78388
874836
526115
874836
874836
874836
159214
102047
874137
437793
473558
874836
24731
152105
874684
450803
874836
874836
694443
353084
874836
296267
733411
298919
874836
874836
874836
874836
662945
172263
405362
648785
874836
824400
425142
643501
66431
874836
567506
4677
29354
337012
874836
1634
874836
598661
195
874836
757150
90154
731839
797561
865994
796855
874836
702775
562869
656737
105261
901
566349
212627
352781
184665
821769
874836
301166
874836
642628
874836
814242
53439
632144
806118
311119
7176
323749
126307
874836
717326
363746
479619
87403
874836
142043
108964
275728
235780
830796
863876
462738
7355
874684
542862
874836
171997
332403
874836
874836
874836
23658
326858
572305
874836
291596
874836
137230
868208
832294
365051
874836
640166
874836
874836
136331
339274
272736
319020
739906
874836
874836
874836
11093
40577
874836
558987
874836
277003
874836
624359
303054
547358
195
874836
874836
693098
2184
828628
81487
142572
133568
380818
269020
146038
874836
823636
136988
754502
70560
375106
96566
37705
233753
874836
762792
874836
13465
765802
874836
874836
184212
478882
289354
874836
349307
901
874836
181221
613745
397542
874836
452444
874836
184889
462510
757801
33163
280387
745582
564575
319948
874836
195
874836
232658
293516
600090
874836
461775
785999
297328
874836
24225
865517
901
305034
874836
2005
874836
86900
17736
874836
126763
107417
737054
682710
163090
22738
874836
367672
27117
864033
42838
410585
389093
451567
874836
874836
874836
612866
218054
117296
607056
567029
522455
723565
361116
459168
43521
859639
874836
874836
874836
237682
776618
303402
184577
5417
139910
874836
203942
425557
564897
874836
160061
52838
666427
612204
874836
5702
874836
468231
626177
48046
874836
13915
529771
869427
874836
361525
2010
851612
61124
4940
832385
184972
871301
874836
12206
874836
874836
48397
652805
874836
352610
874836
819390
874836
138313
874836
111315
599147
56916
658420
158911
63078
561393
400051
527307
175031
19652
554603
260058
874836
874836
874836
874836
1810
872744
141863
605379
874836
817531
834462
315465
48255
12572
874836
874836
85027
23398
747300
709051
636287
874836
772275
679271
744902
809450
874836
22758
628273
73848
178256
874836
383156
582496
894
92437
874836
837367
651342
7181
704299
12744
224769
874836
526709
86991
259987
797516
676868
853669
874836
27888
262247
279202
360472
526360
874836
874836
874836
264893
407205
874836
874836
635755
658190
808669
851961
13533
874836
299281
758651
348862
94239
361218
468035
54391
874836
676647
3008
874836
289511
874836
800304
396362
874836
624449
566623
746804
655031
119411
432910
762456
483777
765705
362060
874836
874836
771984
874836
843775
380713
55504
368201
811202
102864
552
346260
806723
274063
75881
295018
874836
6258
58331
42807
603055
874836
292605
93785
244745
27811
874836
46025
326250
129248
787840
87979
102094
874836
391265
398585
874836
457270
39554
17196
457588
135711
859092
338823
874836
550448
632459
738085
865310
874836
320034
533338
269807
821566
874836
874836
874836
311847
29620
747487
874836
564503
654474
874836
34916
81718
874836
522157
874836
381063
15916
195466
760634
654858
23142
874836
534429
146018
863727
207758
267258
63825
868906
400468
321113
195
500915
874836
874836
677449
170334
607771
147469
17901
596129
577701
153712
874836
874836
0
644529
874836
343432
195
874836
216631
303903
874836
638043
268018
105782
52344
350251
590770
477342
874836
269781
503324
757530
874836
359881
874836
826165
16853
874836
764110
721461
722395
874836
46615
874836
777077
443675
3008
874836
255135
366979
585915
729535
874836
17237
614878
874836
650113
98361
874836
298133
874836
860703
16670
88727
676343
12363
354639
518222
785931
874836
839703
137848
66550
765089
291443
706032
753531
201399
874836
36932
748890
874836
644406
3591
874836
23873
145753
819986
117062
872915
505723
874836
221275
874836
556054
22076
88326
874836
874836
245131
874836
28039
726630
874836
35308
769735
17207
2321
615922
165851
158204
525642
355067
721442
663671
13214
62712
593330
723090
76028
1618
740944
125589
874836
434126
630529
96889
455109
817555
797935
874836
360346
569495
874836
645688
424434
44278
866028
874836
429643
317813
473638
835154
772687
813225
11865
677190
762593
50103
33496
15756
862609
36333
399215
874836
472122
401695
18302
92033
583102
515173
594348
874836
874836
35228
290088
1443
1246
33783
76162
8270
874836
160242
871498
874836
3772
598358
223915
373915
47408
874836
874836
874836
666748
521544
872033
529087
222452
874836
874836
1443
52581
654880
2184
57669
36383
313760
255625
17146
451863
620397
351377
595853
857856
651145
554874
165962
74807
380736
874836
360259
121201
797942
192053
491574
874836
66950
748953
824987
700662
84587
107213
495359
516576
40878
196628
343937
369345
874836
110599
47929
874836
744120
271255
49991
874836
874836
874836
731650
219548
70996
349251
872380
596778
874836
537044
513639
311478
152688
312705
750730
27017
561478
379360
247649
720591
533062
613740
753525
571
713891
68285
267542
874836
441688
874836
863083
1422
110517
36078
470334
539479
865727
874836
5350
874836
209794
65804
53316
574389
13134
535341
36563
286642
223769
509972
270007
471341
631510
725291
470248
874836
874836
274032
874836
705262
195
874684
740294
874836
50695
874836
761950
874836
168802
435640
391489
677943
379
12507
465906
874836
820256
874836
16305
501769
595257
50858
874836
10035
768718
2707
814122
501528
8818
835754
248505
874836
484632
817476
269468
845751
9089
790930
598960
874836
25141
770826
874836
16853
85290
874836
3056
282545
502193
372315
85799
858696
403980
818226
300033
860500
734527
733149
513706
772297
44535
49404
845250
586709
725026
48744
5699
874836
874836
621734
221068
708734
510614
172172
874836
846043
338631
195
313835
405659
874836
662179
328235
802925
874836
874486
384526
874836
870256
45071
874836
226807
430274
874836
874836
403594
874836
749822
874836
93708
874836
451286
326519
382549
40322
852775
453608
165781
860681
869432
112930
760751
116935
653298
244909
681181
782310
874836
333209
696452
874836
719381
685484
9888
36157
223137
874836
72007
74377
188202
825309
57437
805895
11471
549061
874836
874836
13879
874836
874836
874836
515063
6806
852552
74218
499626
874836
874836
857271
675652
753198
874836
6466
542615
314188
874836
220693
195
874836
422759
318322
612597
57193
874836
874836
4840
209262
378128
381230
689479
874836
874836
388507
125329
2122
3091
102846
581283
3623
757554
29828
468036
874836
2525
430353
874836
199172
1442
266115
874836
11619
766681
335195
874486
792167
553208
767333
501531
195
37472
874836
18558
874836
476634
139007
156152
464074
402171
874836
275017
800946
799801
874322
874836
874836
172243
874836
92570
712240
871495
68490
874836
24566
440927
534893
48064
109958
117219
874836
735780
871513
432653
874836
874836
48837
694223
874836
132385
331207
874836
224080
27771
172498
276630
874836
184270
872381
262066
398782
460043
338938
837843
874836
395781
874836
384195
157283
870317
186318
477368
804819
8103
874836
874836
486132
821377
527208
874836
646265
874836
627219
874836
532623
652692
171207
73253
72106
60056
122108
432734
874836
151339
785731
378620
19473
874836
206267
280478
874836
88398
596994
133069
874836
40938
401475
330804
276163
375284
709952
215813
784800
298143
195
195
185911
7162
615370
333946
361095
872576
110275
821267
663639
65752
691580
328324
874836
874836
702
874836
6805
762230
65902
874836
716261
104027
259470
845504
5523
72874
99372
589552
741017
766381
874684
874836
874836
850915
711487
874836
794482
11868
342763
874836
790603
368424
426091
95737
178822
643953
2010
435236
477347
710024
170402
645038
1642
874836
473281
827308
777252
874836
244413
1618
117450
448066
86303
125363
427528
500633
874836
110420
901
61428
864385
874836
874836
313737
793538
213403
692249
64477
13533
310441
441713
128788
353865
874836
185016
190748
637359
292678
874836
267526
376940
333316
153720
678776
57758
294419
528879
874836
251718
626418
874836
2857
874836
540430
23483
512332
737912
874684
25493
152322
730122
874836
874836
874836
54434
419583
755073
268786
235718
446308
874836
59719
195
874836
851038
50228
178191
136781
489305
874836
33435
6064
79153
636734
19091
874836
139938
8988
334520
874836
463928
787311
847221
605602
675007
505986
399622
476301
232459
430394
874836
874836
92222
421458
873092
448706
874836
21386
341723
250995
364782
3098
874836
127165
874836
678785
536733
548213
747093
327548
195
189318
166135
392150
874836
758429
419013
122846
34260
647821
852735
824312
139254
130750
195
874836
823178
874836
688934
34224
704470
745629
45057
676578
713524
874836
739927
622692
612780
356281
172794
851020
874836
434657
868145
874836
339758
301449
645136
406189
874836
874836
371229
141950
815930
874836
874836
465085
874836
874836
140225
861761
388267
751384
93977
874836
348683
535127
740940
439135
786364
543670
874836
121842
138782
27330
67892
27950
823921
384748
874836
529397
68749
874836
266557
660369
181864
868588
558124
88512
195
681757
660306
874836
242750
117112
710117
122149
714103
874836
290702
541
874836
753349
375745
217875
198190
372828
283471
116295
872748
159992
874836
579636
702039
630536
88930
275402
755368
874836
557979
503539
874836
664505
512955
195
466134
874836
398227
874836
874836
96046
747465
558107
874836
173892
874836
799420
673879
169594
125345
293881
763624
874836
436263
135153
28811
7746
12556
691383
51597
129600
806478
659136
722513
330633
448880
646842
313576
178739
5477
592295
6657
708273
874486
145835
770237
143890
159741
874836
70977
30242
1644
158359
761354
771650
432755
874836
210923
41971
66404
798585
775242
658038
79474
337321
40636
7862
874836
874836
874836
874836
195
353086
150408
437920
723761
874836
757105
639147
693681
24418
865101
301950
541994
647204
149349
620108
846654
499100
13134
874486
308111
726948
140411
874836
901
389277
656435
874836
60782
874836
34916
869752
278041
1809
874836
849434
184716
874836
257315
603323
870280
874836
775224
209887
519585
813446
226889
288743
752485
147493
681540
874836
360660
129274
13461
610019
76562
52157
874836
874836
435557
874836
401180
16994
785130
352715
788012
3591
479495
461300
66753
341570
392945
8967
349501
313721
532425
5338
874836
627958
652766
181249
874836
447240
576086
874836
40254
79332
797163
522355
547190
874836
874836
874836
874836
874836
631645
737921
874836
296440
420557
782634
337596
195
10926
755421
825797
482585
183923
44685
874836
319640
641881
132441
869919
728915
723608
375395
581496
254779
9295
870222
848486
460682
212214
863509
2863
827529
346446
874836
183715
452990
552028
331270
874836
874836
874836
34359
336309
222382
874836
894
345738
248663
874836
874836
63312
6806
626244
72834
438960
614373
71988
698483
874836
901
447004
508469
871150
64156
734957
676751
462371
29673
270307
579227
502866
22301
874836
831938
49406
23351
262541
228857
298239
52672
874836
556450
723198
399371
485800
740288
3056
867594
874836
625690
874836
50790
874836
512125
21487
1443
805467
63616
267329
12699
136471
874836
122627
691169
901
874836
44520
279627
874836
874836
450204
211790
815148
255743
720005
543001
308120
830209
111549
874836
59921
238530
760257
874836
822148
874836
861383
253081
153489
13854
331609
115404
512080
743817
423088
874836
306975
874836
15351
874836
525115
503518
557228
874836
874836
874836
874836
663213
833510
120846
874836
541935
874836
183279
67025
874836
10044
235657
156981
3056
601230
811577
764158
73531
28450
177694
34959
20956
495354
50103
675660
874836
40907
874836
171228
146015
874836
874836
807546
867430
363769
684113
26331
31363
333539
21269
874836
860374
874836
46686
122253
248958
10722
874836
866691
8449
13163
791230
831278
801878
874836
754803
874836
874836
542047
195
58089
676373
307368
485336
90957
138986
305034
495123
625244
169658
390288
874836
159829
801618
105384
161711
392790
874836
50417
226330
874836
874836
374506
369450
110399
63430
862440
90182
874836
7005
721409
874836
874486
874836
91661
204416
874684
181138
69938
260865
320733
874836
2360
627032
874836
874836
86708
195
502472
363393
206987
165154
866532
874836
542192
385205
310971
7181
874836
461451
106197
831345
874836
874836
545943
5776
597131
667799
472697
48934
51293
333341
548251
74376
243190
699485
874836
874836
320008
175354
22231
83185
649304
279719
874836
138874
304114
18768
494687
874836
685127
434423
874836
803590
136112
212000
874836
656987
874836
535942
758792
87044
162406
874836
509652
24346
854359
634451
502880
874486
776483
901
331067
515814
702249
32462
726008
874836
682594
874836
471215
181893
178855
467537
74314
350795
155838
78477
874836
874836
780317
874836
874836
874836
564264
874836
874836
838013
167535
2202
874836
178869
210233
561077
613852
312928
75476
222108
158043
635929
591669
874836
286034
449112
874836
737034
35180
334863
874836
320391
597911
6461
800655
546012
874836
282027
337476
569184
183934
422438
404768
463615
827210
768596
170029
357787
874836
840948
390557
697852
874836
874836
874836
874836
547890
647300
17343
874836
874836
874836
444883
543563
874836
195
506225
613815
637553
670300
820662
810899
327087
566108
857608
18561
332495
793494
874836
745850
305028
23848
2360
703690
851180
495857
828607
874836
746142
478249
874486
874836
312854
237685
874836
154898
874836
628944
874684
851699
874836
80868
874836
55255
874836
874836
3276
43248
141908
609306
395132
217374
299231
842013
641464
205956
63584
867369
874836
408212
766497
260104
333062
202952
37671
311498
35723
41896
510423
308593
577238
43515
874836
872955
9405
342508
48658
35832
618165
874836
514115
436003
190890
457727
794524
401635
874836
440724
7919
442878
306371
648002
874836
320400
77996
287039
34933
27059
861377
874836
45731
874836
36430
88059
11619
56958
874836
874836
317638
874684
214069
874836
131142
639481
874836
256812
874836
655299
874836
415064
195
17328
338113
163040
776220
874836
874836
59929
874322
874836
874836
779282
874836
874836
555441
115347
874836
3617
408854
874836
174978
234795
874836
584255
659090
874836
482041
853643
874836
207445
1422
874836
856438
621068
590067
177226
333027
815613
195
167606
874836
874836
835353
564013
874836
807513
26124
849963
68799
874836
119127
874836
694367
195
507737
312321
874836
195
874836
508637
874836
874836
13409
668860
156678
326934
212012
394720
10032
874836
614779
444127
54563
362114
546361
27117
189345
901
50248
871345
705486
874836
31230
874836
502021
874836
440682
443337
338749
874836
59000
661146
874300
665218
4474
874836
306567
293912
239582
874836
116272
683216
412743
874836
874836
773574
874836
795308
874836
478812
568846
744538
689802
546805
858548
529785
675497
224113
578927
565774
874836
873075
515484
874836
310385
291144
756603
617131
874836
195
476922
874836
874836
718080
696744
71556
333976
506988
17650
761634
20742
869140
26527
645587
278611
217233
816458
52291
874836
191759
236456
576546
84558
665701
689541
817516
566061
10394
874836
132123
771409
96274
874836
677449
3439
828800
170558
874836
92764
23977
874836
840327
835765
874836
6117
264831
376419
874836
195
202107
139182
874836
84922
380646
808504
16853
874836
470184
194412
309166
203055
642809
46611
232825
758318
874836
312489
874836
312917
115573
874836
128411
874836
533839
144163
865727
340933
786398
195
159618
142492
874836
703507
75016
724181
874836
403315
874486
217701
29200
285876
874836
874836
798257
874836
80167
874836
874836
12036
54598
755615
430874
874836
874836
874836
660367
874836
21373
871691
14253
323797
575702
750552
874836
167670
874836
874836
174555
874836
874836
547632
14577
16256
874836
331361
195369
874836
874836
104733
106395
874836
874836
174932
595506
58315
874836
448089
874836
525572
340409
874836
874836
31790
858585
874836
4677
39795
855743
874836
874836
874836
6064
657905
5890
677003
640530
874836
638482
170593
146525
365813
874836
811402
874836
863898
874836
457172
366223
566107
733933
494910
60199
874836
117148
692416
874836
85788
394869
565340
754023
147276
123144
527229
706723
679221
244744
874836
265700
48042
556537
615027
874836
50615
827696
94199
662046
874836
443706
58316
534741
504840
224159
662587
74259
775166
121838
9728
7355
387477
52688
46419
863130
335224
142797
768848
813883
284706
874836
436642
874836
874836
78011
390518
574140
118663
44697
394856
741835
874836
511522
338993
391928
331041
104763
869086
391137
80523
387908
545648
1810
874836
874836
519821
171233
874836
856397
611293
10823
114336
347193
566317
511391
31860
869593
84329
540933
36248
667307
506551
874836
760854
195
260228
677123
719094
874836
9985
322856
155753
820131
874836
843105
874836
785753
874836
668719
874836
297042
288321
493833
211030
829793
874836
874836
69968
623380
829410
874836
868539
22758
772292
84306
553895
767227
874836
874836
874836
790305
827619
19581
874684
93116
405107
68674
758940
568137
873092
819401
859144
127924
21916
528547
152274
44876
195
596588
195
872009
18590
354372
28974
874836
269556
874836
383824
874836
872009
874836
874836
874836
853004
707031
714268
733503
639890
79809
596774
755610
13943
874836
780755
623330
499122
270272
645327
12772
99623
130501
621287
369231
195
647402
3384
688908
503505
874836
342632
213971
874836
468931
366075
161788
874836
266592
840649
76734
698236
50520
336150
6928
740600
7372
793227
874836
459157
597503
615493
2869
874836
121567
456829
539252
805172
874836
205253
428663
842327
158514
806985
873110
874836
532963
874836
556828
26936
235339
874836
652028
418585
874836
21200
874836
49737
727034
2678
874836
533042
192381
96929
846536
901
66739
204405
311238
191986
287014
351281
367032
755250
874836
146320
874836
874836
536722
766325
778135
811930
629325
599038
533816
469207
874836
223737
874836
717960
103824
644085
22136
593721
13461
559756
874836
785951
874836
874836
432946
142865
874836
620386
499286
84590
160528
817836
874836
685348
870595
1442
47377
199841
13409
308962
864111
103254
451613
415396
874836
2900
93144
692368
118561
874836
350820
370440
874836
119609
874836
874836
1442
4295
72387
228780
70924
590212
874836
287602
874836
36225
874836
319749
7546
662466
16752
618006
874836
874836
632649
246725
699440
375251
324252
823613
319492
585180
386617
49752
535994
870638
874836
874836
874836
573806
749523
668438
96524
1476
874836
58201
48564
440410
89166
517010
389700
874836
684807
51631
276205
874836
96559
458358
736000
218599
874836
874836
874836
6806
105782
874836
73852
5918
112504
195
195
874836
874836
840708
874836
486258
477356
401981
208736
452815
874836
781327
874836
14296
314541
714426
874836
191970
204190
809166
872744
874836
874836
419997
335370
12299
463168
34747
273703
242043
874836
872380
209126
503477
503457
765525
874836
729890
269858
874836
368856
874836
103380
874836
535742
62174
147843
48886
720687
25459
20952
861321
267971
872546
195
750740
827665
478101
864931
40797
874836
874836
120041
620204
1422
785518
874836
600582
210571
13471
495826
67342
261795
874836
361439
874836
20944
517905
511444
266446
156310
874836
702717
874836
1999
460388
786939
874836
874836
202128
874836
867945
420123
874836
539778
664606
263050
625353
557594
571472
267472
56434
65332
289750
294710
369160
553673
99971
22637
817790
539157
874836
165315
173672
874836
579552
109105
34403
791616
701615
180823
782155
547917
655137
2360
69934
874836
527928
608578
582106
823931
27396
667457
840845
1443
874836
318341
856430
874836
344615
367133
868613
512820
523215
874836
874836
874836
690596
874836
94573
874836
874836
186319
248603
313212
57758
56033
860790
85133
842384
574598
810835
874836
835133
370193
2360
873664
8600
874836
96480
621947
874836
128945
382487
874836
141248
781664
472957
255133
874836
847760
160031
273238
374226
405304
631298
431215
355454
793383
9643
867180
874836
198651
33513
142347
771478
10393
175728
31172
467184
632004
874836
870051
535982
16311
840499
841358
746474
857000
224586
41046
829363
717888
874836
839685
786361
191501
139526
831136
874836
552875
206841
761656
358400
43508
3455
874836
859560
62312
671065
339276
148657
379
834076
874836
874836
47589
653720
713999
864174
874836
306193
361038
225578
494423
874836
423739
211477
867601
732412
632620
319541
271930
249682
636300
5366
874836
195
51776
202805
442154
789464
874836
873827
874836
874836
59370
4840
109870
874836
308350
149661
659078
347387
149688
619713
874836
566935
3455
91167
814460
210877
737697
369719
874836
336228
3459
874836
377148
7862
76491
195
56095
783804
3722
740154
338965
820535
874836
874836
874836
209725
343391
195
1246
189124
2175
19512
733517
874836
845141
874836
874836
486717
874836
39127
38258
228097
874836
12468
543353
59048
226045
608602
204124
278879
421815
541
874836
104189
24430
874836
636352
448308
665718
519175
874836
874836
779452
677255
400149
725111
4285
161227
666696
788673
184147
184978
731193
874836
411109
874836
79833
304967
38008
120177
750985
874836
874836
874836
874836
874836
874836
303912
874836
25455
435614
332537
465775
863323
2162
548991
239743
777903
874836
52235
874836
372848
50115
8562
874836
874836
867945
479705
760464
246584
362717
91647
15158
40858
214799
803870
826166
518988
30529
203324
874836
874836
874836
335503
804144
112041
606342
1618
301617
195
198898
34406
874836
349673
874520
551598
874836
775179
874836
874836
33669
688562
822946
394121
874836
456942
142525
874836
859144
874836
874836
15876
259075
866133
143001
640657
535646
183522
2525
216624
195
162343
656827
640227
292039
209122
874836
211926
874836
91600
868211
20278
34721
547926
300754
740088
49102
874836
719581
874836
25603
1443
874836
722430
104150
133030
874836
497903
874836
548303
39202
874836
29708
735384
683900
337607
87980
517810
874836
187511
55841
337802
167142
592988
874836
138796
853082
225691
548648
112647
181393
137847
874836
901
680914
238314
21427
659487
379
874836
874836
738897
874836
270678
874836
693866
742556
255496
190185
734922
874836
122684
195
120207
661334
508716
71813
2184
874836
247698
13117
226975
52259
551417
861163
352279
874836
9728
784600
856419
113169
313060
874836
0
800536
874836
616374
687937
24019
3092
521759
677959
52633
874836
326043
513605
379
874836
874836
874836
332353
874836
421300
830600
866379
874836
868446
779926
16305
232680
355057
860681
806329
422058
852549
874836
365269
496541
685049
7560
599400
283791
649784
874836
68648
872056
874836
4480
874836
103129
278830
856719
192965
700960
571531
864415
2667
874836
457527
684440
847991
637233
874836
568365
874836
27908
59562
768609
244879
868163
73852
737442
650509
517201
632582
114034
485989
418436
874836
790384
901
708717
874836
874836
27310
394255
628724
306981
409646
569840
874836
379868
42712
631798
490077
843222
95489
872381
327502
331064
82313
766030
22840
753053
874836
135188
874836
874836
334038
404616
367270
874836
615709
681414
13648
757347
689004
197345
92806
499174
223714
87563
438706
830455
525341
683591
94295
243555
874836
541
594495
70048
247454
355368
874836
458353
25091
21952
627278
599520
493078
874836
649599
76546
773117
217870
874836
591246
13465
874836
240646
259136
803949
745846
241387
450539
591487
874836
22138
732176
832833
454452
769024
566600
232597
154689
527450
665152
3058
4145
352188
800239
507330
761367
307194
499343
872915
864597
582903
539478
874836
874836
874520
599000
219731
508146
368469
874836
66486
90943
874836
874836
85518
348779
115785
4656
874836
94170
688714
556439
401660
859270
371300
4669
127017
196483
451251
874836
91330
654685
418279
874836
103118
740255
405260
663187
507283
779282
219630
346618
24648
238411
643781
488821
239057
356504
874836
874836
727419
861837
754215
207432
665265
202116
195
148020
662780
683078
874836
854989
40255
874836
722200
66552
38253
21835
612623
43688
874836
874836
21671
874836
775565
874836
901
67156
874836
275804
161522
573999
874836
100741
38600
566320
874836
861836
765629
289137
741769
227027
874836
874836
824463
151764
841241
50544
385194
388072
356588
572590
131114
127922
514549
844948
837313
404056
168227
282275
213436
874836
499767
863168
808043
5216
677256
568369
874836
405771
124379
69990
17343
874836
195
874836
466343
28704
606595
731740
750244
288360
874836
531576
658246
173840
147421
377788
695075
5740
874836
48358
38630
697560
874836
874836
8629
195469
168916
874836
711682
682723
752708
874836
87042
8436
320442
367618
874836
618568
581265
869593
343897
874836
758724
63978
702257
874836
63150
355266
874322
530890
439544
215152
841521
336430
678593
427570
529239
833970
550818
406114
609114
530645
670473
874836
421423
844032
24855
195612
719202
6838
874836
1642
18253
874836
158619
113995
874836
6674
714320
874836
11998
331012
874836
857254
874836
874836
454213
196670
874836
671549
34683
515383
874836
84356
862540
254760
87298
140324
465394
719939
874836
76854
840864
874836
874836
130852
874836
785615
187877
739837
874836
291011
870448
788214
874836
27642
750705
648901
243989
87166
750198
4123
24373
121002
10035
54052
366022
121324
874836
874836
450804
759385
275755
313519
36536
874836
874836
784563
601277
821670
874836
901
364100
437335
214168
447554
843189
541776
568757
781089
874836
395960
284847
177745
852628
307619
176249
1792
552313
382297
779044
872576
210526
8256
407141
682224
874836
871666
874836
417028
783651
421590
118925
21553
670716
2178
713791
233724
319295
874836
874836
379
325829
849596
223795
1246
736007
109345
81172
807391
848573
163707
157634
552123
868274
10394
874836
346334
12419
874836
114969
865259
43481
195
874836
704134
587034
874836
657787
40335
874836
510015
874836
620179
595277
728843
874836
543625
357725
874836
2900
874486
763863
538796
455687
730821
148584
86356
628811
522192
1246
874836
461572
1246
874836
530270
874836
163594
510317
552505
868058
85309
458050
288942
505036
613149
275399
660346
116634
59227
480593
177644
85520
874836
562600
720416
660853
234053
237180
74259
745996
38873
874836
874836
615700
793706
240598
874836
699814
171072
874836
874836
826233
819086
478997
96773
15045
526845
874836
777163
2178
795161
209143
769334
874836
130599
874486
874836
394
729150
7700
689099
145792
874836
130429
451922
108715
198769
874836
585515
509698
56190
852987
574860
574341
6806
106235
874836
27105
206413
874836
832102
872576
566287
779650
512621
874836
268227
736708
662851
874836
498071
195
874836
747535
874836
511371
261753
62530
4839
874836
874836
136157
874836
195817
874836
31504
484110
241865
395479
874836
500389
874836
35995
874836
414243
848955
413018
487954
793133
759365
471214
620237
526901
800505
874836
634918
630631
35456
874836
618352
55767
89256
742984
4677
58173
874836
874836
786948
757931
510180
184931
820409
427736
874486
874836
647151
874836
874836
530914
874836
214192
39775
841440
269092
552764
310721
518843
812560
258926
874836
874836
178134
613921
389976
575783
51339
602644
874836
459508
15638
30907
874836
4687
772972
874836
541811
603573
6474
874836
874836
874836
37891
455659
127702
874836
476123
152896
874836
870596
410477
230921
161226
631975
6064
693425
520772
32774
179762
874836
20431
874836
874836
449401
373729
81664
750627
579266
184109
273002
874836
874836
462061
488468
140454
874836
874836
132187
874836
150398
234305
91979
290857
167991
755603
110111
466094
167997
874836
17133
874836
31985
195
220844
513330
874836
874836
874836
108227
287525
874836
874836
22106
683665
107878
487490
765681
267555
641218
155317
13256
858286
631900
399155
729288
552
874836
101738
494524
219668
14347
5225
874836
88089
238995
255737
61971
430141
25032
28479
874836
215765
874836
39216
858398
825457
661836
19724
195
491944
874836
853462
717822
459633
92587
51712
94714
561900
874836
576684
874836
874520
663030
616337
195
170630
848572
591740
394714
874836
9289
28115
282040
874836
381103
838796
30030
65297
201748
6461
26473
497367
830578
870051
48085
874836
116252
209583
823249
418632
87841
874836
53063
532396
389171
758057
336378
874836
866506
503211
41143
631803
874836
851699
726475
648505
316274
316837
402140
13482
874836
874836
874836
133006
665302
874836
454908
44798
874836
199836
72682
421880
638957
333198
534103
75899
874836
874836
874836
874836
7520
591933
417000
26344
252774
874836
168164
67115
874836
1442
85099
747770
88323
43815
669009
362522
179598
874836
139198
296536
37985
551308
819662
505552
226517
627731
874836
391758
874836
207964
874836
93938
225962
106263
584638
405285
874836
850126
232746
56538
439963
874836
413821
597400
871666
173285
12731
543986
874836
224807
797580
213098
874836
52186
222159
184839
470195
2898
267723
288570
15174
510212
268722
755690
30377
194414
566805
76538
526034
698285
874836
874836
638566
874836
398702
574019
236340
816582
237867
564565
420696
38135
17476
325674
125554
232586
382229
710153
823955
874836
147065
765231
495256
5236
573764
774501
195
311149
32077
575976
97974
4839
414475
805032
275573
557051
238200
514252
707272
21956
874836
239697
874836
874836
98706
868398
106985
830556
493243
872585
247607
874836
458025
434695
874836
533875
874836
37662
874836
874836
11729
874836
822966
151851
29184
561355
26446
809372
653211
430830
469938
874836
1809
670411
759277
331080
874836
874836
67847
690394
874836
573461
2857
164479
221295
874836
236354
833981
480044
874836
758437
857359
874836
736761
678721
151857
25038
506430
9718
874836
399876
872380
658543
874836
523934
633060
36010
6821
516559
874836
765792
28985
7698
571180
629761
209739
338462
448484
108887
231237
10278
3950
12046
868933
874836
601519
660030
867762
874836
703218
874836
817734
667963
36677
874836
636000
711732
189270
119553
184833
412881
102777
874836
318971
13046
751735
812585
708465
552540
471870
21980
874836
470235
43471
299933
520636
788358
104943
776261
798899
7862
683645
874836
790751
874836
846518
2205
874836
874836
88371
276607
644062
817365
416916
214249
419931
831006
93453
716745
874836
901
149182
874836
