93 89 40
18.40 7.57 18.18 3.11 11.61 9.77 5.07 11.52 12.84 16.51 2.71 17.97 2.62 18.42 15.61 12.06 8.42 14.90 2.14 8.27 7.54 11.66 5.47 3.49 9.95 9.67 2.57 19.26 12.44 9.75 4.84 16.67 1.15 6.74 10.95 5.98 5.00 12.96 12.35 4.07 12.78 19.00 10.02 16.54 9.14 6.53 1.63 9.57 3.76 4.54 2.54 10.10 4.57 11.37 13.30 16.91 2.14 16.83 9.73 13.55 7.90 9.46 16.52 8.92 9.49 15.23 10.22 4.63 1.49 2.99 9.62 7.04 13.43 11.70 11.01 1.30 3.94 3.97 9.16 2.28 12.48 4.67 13.27 4.37 10.88 7.95 17.03 19.96 5.53
6.38 19.77 19.06 13.88 9.25 2.15 10.61 17.00 10.31 11.22 10.73 8.13 14.72 13.04 13.84 18.55 13.67 8.43 2.22 7.78 6.66 12.08 7.92 6.87 8.03 19.95 19.62 16.20 11.49 4.88 16.13 13.25 17.79 11.89 1.68 16.40 5.24 11.22 15.96 8.69 5.82 2.29 12.83 11.75 3.22 9.46 15.38 1.93 9.39 19.84 6.40 12.01 16.77 12.51 19.83 5.54 19.63 14.92 16.82 8.70 2.50 16.68 19.97 11.73 4.39 11.00 14.08 5.85 15.49 3.46 17.11 19.47 3.21 8.94 19.93 14.27 16.41 8.82 16.62 19.70 13.27 9.45 13.57 1.75 8.80 8.56 12.11 10.26 14.68
16.11 8.24 16.79 10.18 13.08 4.37 16.59 15.68 13.59 1.78 11.22 11.45 6.87 1.28 10.70 6.74 8.09 14.16 7.54 3.65 16.07 18.61 3.85 3.35 2.29 12.46 11.38 11.93 6.32 2.22 17.29 17.37 1.82 15.68 16.83 19.60 8.99 10.70 3.15 4.98 2.18 2.68 12.55 13.68 14.16 14.88 1.04 13.52 17.72 13.27 19.58 2.15 18.60 16.65 13.63 6.17 17.37 14.84 7.79 2.66 2.58 5.56 16.33 3.24 16.97 1.87 9.41 14.40 12.14 13.79 10.66 2.68 15.28 9.11 3.80 16.81 3.58 2.92 6.62 15.41 6.94 1.48 6.88 11.87 8.61 14.81 12.18 17.67 2.07
5.12 14.13 19.92 4.48 13.70 5.01 6.26 3.96 2.30 17.87 1.60 4.01 17.80 13.45 2.33 17.62 17.79 17.58 7.65 3.91 4.04 12.05 10.34 3.10 4.08 14.32 7.72 19.88 7.39 15.73 2.20 4.32 18.37 17.37 10.97 1.42 4.32 10.52 5.52 10.17 1.39 3.11 16.48 7.86 5.42 1.35 18.28 10.79 9.76 5.08 15.00 9.06 19.55 10.84 13.86 12.72 8.93 12.70 12.47 14.27 10.76 12.76 7.45 19.63 9.52 5.71 13.31 18.46 16.54 15.24 6.50 18.55 12.20 14.35 3.80 6.86 9.59 2.09 12.79 18.96 9.82 4.49 3.01 4.55 5.51 6.32 19.91 9.65 6.85
13.54 8.16 12.06 10.20 2.35 8.91 8.69 18.89 12.99 12.73 15.08 6.86 11.20 4.89 14.31 5.34 7.85 7.50 16.49 12.79 5.06 10.27 16.89 8.31 19.19 3.34 1.65 7.65 11.65 14.03 16.78 8.32 13.01 19.25 6.61 14.04 6.61 3.63 2.27 3.19 16.83 3.45 2.10 11.37 13.44 8.33 3.31 15.66 5.81 7.90 6.83 4.18 6.53 12.08 9.96 5.39 7.93 5.84 14.10 1.55 1.51 9.64 6.08 7.34 5.74 19.16 16.07 11.39 14.69 6.07 5.73 6.06 7.84 14.80 19.16 14.14 18.31 4.23 7.63 11.17 7.22 16.55 12.77 19.12 14.26 17.94 5.07 17.68 5.20
5.61 14.00 3.36 4.41 12.18 17.37 3.87 17.53 8.15 5.09 6.94 9.79 12.93 10.10 5.26 14.74 2.54 2.85 4.25 8.02 13.82 15.89 18.44 12.98 5.08 10.41 7.62 13.87 7.82 13.24 19.13 2.38 9.01 4.32 4.52 8.48 13.16 3.12 10.37 2.75 5.02 12.09 10.80 3.02 3.24 6.34 7.00 17.52 14.13 10.55 10.27 8.77 2.31 14.96 5.81 11.64 12.46 14.47 11.02 14.77 14.50 9.53 19.75 15.75 16.12 16.06 13.31 4.81 3.81 12.92 1.92 9.35 4.51 3.99 11.15 7.08 2.36 6.01 11.70 13.39 2.20 16.60 19.15 9.60 3.93 7.80 9.21 18.35 10.90
11.78 18.98 6.62 14.57 15.71 17.98 17.24 14.40 8.12 3.04 5.94 18.91 10.61 18.67 15.62 8.36 9.30 8.44 13.89 1.41 14.46 16.02 11.36 13.46 4.18 9.61 5.62 8.80 15.00 5.28 7.55 11.81 7.44 11.07 10.24 16.01 19.98 17.63 10.50 14.02 19.87 3.92 11.28 17.97 3.11 13.08 6.58 5.83 8.80 10.63 16.82 13.40 14.06 14.61 6.04 12.17 16.31 2.16 4.96 2.19 13.70 18.27 12.51 14.91 10.09 18.85 13.04 5.62 14.93 9.56 11.02 5.07 14.26 2.27 11.37 14.59 18.38 11.68 9.23 2.67 19.29 16.85 8.74 12.98 9.62 18.93 9.09 16.65 3.64
11.83 5.52 3.60 17.73 7.59 16.60 9.72 18.06 18.77 3.29 5.59 17.22 18.92 4.19 19.08 4.22 18.68 2.97 16.63 8.56 15.67 11.06 9.46 9.64 14.40 10.96 19.97 19.10 19.60 7.20 18.47 2.25 15.98 1.42 11.19 14.15 1.71 11.10 5.27 17.84 17.11 3.39 8.00 3.19 5.49 17.11 13.22 8.53 10.06 14.83 17.27 12.07 8.78 4.84 1.09 3.18 19.38 11.34 12.49 5.79 12.95 2.51 7.40 19.13 15.86 4.06 12.94 6.91 14.30 6.20 18.66 14.50 5.47 2.23 8.40 10.32 12.87 4.21 19.24 10.37 2.99 6.63 11.56 16.91 18.13 13.93 6.95 18.76 13.54
12.65 9.87 7.27 8.29 3.22 2.35 5.08 7.16 8.16 3.89 8.48 18.81 13.63 18.74 11.71 9.77 13.58 1.35 2.73 14.68 14.60 18.36 13.42 5.15 13.39 10.02 16.80 1.08 13.88 18.06 8.95 12.33 17.20 7.68 5.54 7.85 10.36 2.49 3.81 12.52 17.16 14.68 12.63 17.44 4.96 11.90 18.89 10.70 9.68 11.75 2.15 18.05 19.34 12.85 12.43 6.93 13.18 5.46 8.55 15.75 11.79 14.75 11.22 12.78 10.94 15.25 16.74 5.51 8.87 4.68 19.96 19.13 6.51 10.14 15.84 16.60 3.30 13.94 7.58 13.28 11.44 3.85 18.82 7.04 14.17 5.57 17.83 9.84 3.81
19.75 13.16 2.35 3.89 1.97 12.08 7.38 16.65 6.63 1.41 14.70 4.89 5.55 9.15 2.25 2.10 17.24 15.95 9.85 9.64 17.43 4.32 2.21 4.83 13.88 13.56 12.57 2.43 16.32 13.43 2.99 19.46 18.24 2.91 17.70 16.33 5.55 9.30 2.26 8.80 18.15 15.71 6.90 18.18 8.62 4.36 2.19 17.65 6.26 15.57 5.06 3.66 7.24 16.98 10.67 18.35 13.88 3.35 19.80 7.88 16.39 12.51 2.86 17.10 11.86 4.13 14.42 17.42 14.17 9.58 7.42 9.87 10.31 13.84 10.67 2.13 8.89 13.78 2.39 1.58 12.82 3.92 15.02 19.88 6.07 16.13 8.20 3.23 19.05
11.53 13.26 12.45 6.63 1.56 9.03 14.84 7.69 4.94 7.36 4.30 18.98 9.09 19.92 13.29 8.56 19.66 16.28 18.35 14.20 2.28 18.57 8.51 19.81 3.00 7.06 11.83 13.28 7.13 14.31 18.45 3.62 7.36 8.40 8.18 10.34 19.26 14.85 1.04 11.92 15.58 12.83 12.49 11.37 4.89 15.59 6.42 8.96 12.15 9.09 8.41 1.51 1.23 5.55 15.24 17.99 10.42 2.03 11.70 7.77 4.09 2.72 3.39 2.34 7.41 11.60 13.23 17.00 18.24 10.33 5.06 11.99 12.67 1.15 6.23 8.08 11.28 1.29 11.87 6.29 3.74 6.94 19.41 7.37 17.56 12.48 10.28 14.42 18.10
19.93 17.06 12.58 13.88 10.92 4.61 15.71 6.72 1.91 14.07 16.61 16.06 5.68 3.16 7.61 15.70 8.99 4.47 11.12 11.18 5.84 5.01 3.31 9.50 14.86 10.86 11.89 19.12 14.73 17.68 19.63 7.06 2.79 11.28 1.87 17.64 10.77 13.58 6.71 1.05 18.09 4.98 3.07 4.64 11.70 4.97 17.19 13.42 17.48 18.66 17.71 13.91 7.60 2.13 4.69 7.38 18.76 6.59 11.08 16.27 2.39 13.17 19.01 12.23 5.88 1.00 3.60 16.13 5.62 10.74 12.43 17.73 3.59 1.11 15.75 10.43 19.03 10.63 11.48 7.49 8.95 13.21 7.68 4.65 6.50 11.28 1.44 9.05 2.55
16.10 4.37 5.91 17.82 18.34 19.62 14.25 13.85 14.41 15.20 10.75 7.48 17.19 17.88 8.49 11.83 16.46 16.37 12.96 2.93 14.18 9.47 3.61 2.40 8.17 3.74 2.38 13.44 4.14 15.17 4.61 3.53 4.85 14.46 14.60 13.32 3.72 4.79 17.56 16.41 4.46 15.10 18.80 3.24 6.59 7.95 14.73 12.79 8.53 7.44 7.94 16.16 8.00 15.40 16.68 13.90 10.56 15.48 1.15 18.21 17.84 6.38 10.51 16.24 7.82 15.77 1.93 7.61 13.94 4.44 4.57 4.96 2.82 15.71 9.49 4.82 13.78 2.39 7.01 16.08 7.59 14.80 10.64 14.14 8.69 9.20 16.83 17.76 17.59
4.43 9.40 15.16 8.86 6.58 11.90 1.13 8.36 6.27 16.56 5.04 15.89 14.06 1.02 17.89 3.20 12.46 6.98 13.08 3.18 2.56 5.10 5.49 10.09 7.46 10.48 7.00 10.98 18.27 15.98 5.90 14.11 4.48 8.29 17.85 2.66 18.30 19.86 16.60 13.41 10.03 1.91 4.93 4.03 5.56 17.51 15.63 8.79 4.20 9.09 9.57 11.64 18.98 17.42 6.84 6.53 4.03 9.72 8.75 10.30 11.36 16.09 4.15 4.13 13.12 19.75 17.89 4.44 4.78 18.76 12.37 10.59 8.76 3.37 16.52 13.11 8.68 13.05 13.30 5.80 14.80 4.56 4.82 6.29 12.46 1.41 3.22 4.61 13.21
13.41 15.27 11.15 16.49 6.58 18.41 13.14 10.77 14.47 17.93 9.46 18.31 10.80 15.82 17.76 5.83 8.93 7.54 18.36 9.88 16.25 4.86 12.37 5.93 14.16 7.15 6.15 7.33 13.86 11.94 9.20 18.36 16.01 18.30 16.27 14.06 3.31 4.29 19.61 7.67 11.88 10.91 1.95 17.83 2.75 7.62 5.85 9.65 2.04 3.71 7.12 17.62 2.73 18.02 5.22 7.53 14.92 16.11 18.99 8.37 3.94 17.46 14.36 2.39 19.46 3.69 15.66 15.85 18.87 13.74 2.72 19.85 19.52 8.31 4.92 17.48 7.31 14.89 1.96 17.34 6.74 3.13 11.92 19.65 5.66 8.11 7.15 5.47 10.75
9.43 10.24 7.70 15.46 14.94 9.74 9.92 12.94 6.63 10.43 17.01 8.82 6.14 19.58 17.64 16.16 10.11 14.76 17.18 12.73 13.53 7.58 17.56 15.67 14.13 16.17 4.75 5.01 18.51 2.75 3.72 2.80 2.25 17.54 2.37 9.07 13.24 17.05 9.75 12.80 5.28 3.69 11.19 14.48 8.94 2.13 11.76 3.50 7.99 9.76 3.90 1.29 19.25 3.07 17.01 11.60 3.77 13.08 11.14 16.65 6.53 8.41 15.51 9.80 10.57 15.79 19.24 9.21 6.45 14.53 17.36 7.45 13.88 10.31 13.78 3.50 14.18 5.72 3.86 9.47 14.91 13.98 8.24 14.39 14.43 13.76 2.06 12.93 18.77
11.42 15.34 10.51 6.27 13.57 14.67 4.10 8.64 9.40 18.95 7.88 10.34 17.68 12.88 12.35 6.94 13.96 13.88 19.79 1.93 10.00 17.05 2.68 8.70 2.01 1.76 12.39 17.23 4.44 15.27 4.44 4.05 12.65 4.03 5.47 5.01 8.16 3.30 5.24 12.14 6.60 15.34 1.58 16.84 12.77 19.93 5.70 12.32 2.34 17.30 17.93 17.48 10.80 11.56 10.44 17.29 2.41 16.87 9.56 10.04 13.23 2.84 18.94 2.20 15.44 1.64 1.34 15.85 12.35 19.91 3.46 3.61 13.41 1.25 4.69 2.21 12.81 9.12 2.51 16.50 13.90 15.11 19.02 13.16 9.62 17.26 8.83 18.63 11.28
1.01 2.13 9.10 18.95 16.57 15.74 19.82 3.65 14.75 11.51 14.52 3.90 19.27 15.95 17.43 15.29 3.70 18.66 2.79 2.72 12.99 4.16 5.71 8.62 19.68 16.05 2.66 3.90 1.93 16.69 3.76 9.19 4.44 18.95 18.00 11.60 16.56 17.96 14.96 3.66 19.47 6.07 8.34 15.56 14.82 12.54 16.15 7.34 11.75 11.30 15.24 12.24 13.27 4.02 6.06 12.29 13.76 4.82 6.21 10.38 18.58 11.73 13.23 14.77 10.71 12.19 12.34 5.30 7.67 3.38 2.68 16.34 3.55 18.60 4.10 7.43 7.01 7.59 13.92 11.97 3.05 19.74 2.96 9.80 13.05 16.23 17.05 5.35 8.67
18.14 18.63 18.51 14.14 9.25 15.98 3.67 16.27 13.85 18.24 1.38 17.33 13.31 17.16 9.52 4.19 1.09 16.78 18.09 15.20 2.77 10.79 12.35 11.93 18.52 17.54 9.37 4.01 5.71 14.00 11.49 13.74 11.83 2.70 10.69 12.79 19.06 19.59 13.01 4.70 6.40 12.05 19.15 1.83 17.84 3.07 1.27 8.48 15.97 3.54 13.71 11.54 16.61 13.68 3.23 2.27 2.92 11.53 14.52 14.94 18.44 16.34 4.83 7.35 1.20 13.71 4.73 12.01 4.22 10.28 1.28 9.45 16.03 11.51 13.95 19.61 18.42 18.87 13.05 19.60 14.80 15.71 10.03 2.05 18.80 11.01 19.83 1.43 15.38
1.91 2.28 17.36 9.35 7.97 16.38 14.30 1.88 2.81 4.38 15.65 14.20 12.45 14.61 17.66 6.96 6.53 17.42 9.65 18.89 18.07 17.69 2.68 16.53 2.52 16.58 7.67 2.47 8.21 2.81 13.55 2.29 19.97 2.44 15.36 10.40 7.06 7.48 12.84 11.16 4.91 13.45 6.87 16.86 6.33 7.05 9.34 19.59 5.18 9.92 2.74 8.60 6.85 18.59 11.67 3.14 13.30 7.98 17.39 3.58 3.60 15.45 6.28 16.62 15.74 18.55 7.17 17.01 3.46 14.57 11.53 17.21 6.65 5.60 18.82 3.51 13.21 10.99 7.23 15.91 1.17 16.40 9.70 16.43 10.70 13.09 7.94 4.12 16.67
1.31 16.50 6.04 3.46 9.78 8.74 15.37 9.19 5.76 14.74 6.79 12.07 5.00 2.32 10.37 3.16 6.66 3.09 19.20 12.85 1.91 8.38 7.39 13.57 14.78 19.10 13.34 1.48 16.33 18.72 5.09 15.54 10.78 6.44 19.64 9.07 2.28 3.06 10.82 3.61 4.54 7.33 16.62 4.20 17.37 19.01 14.67 10.54 12.95 8.28 6.72 5.78 9.02 13.39 9.01 13.79 19.27 10.03 19.06 3.95 19.38 6.80 2.16 3.23 14.21 12.40 13.37 6.48 17.66 3.57 19.35 12.90 11.41 11.69 19.29 6.55 1.53 15.12 7.78 14.67 11.17 2.39 6.60 6.55 4.03 18.46 4.70 19.48 14.79
12.50 4.17 12.43 14.15 10.90 7.39 7.39 6.41 11.90 12.65 7.15 17.70 2.28 18.74 3.37 10.08 15.87 14.24 7.25 12.95 3.70 3.43 19.64 8.82 15.93 4.92 5.25 9.69 14.62 16.66 17.88 17.04 4.21 19.13 6.54 6.99 17.52 13.25 4.47 19.80 12.09 11.68 18.64 14.32 8.95 9.41 19.30 13.40 8.70 5.51 13.70 8.40 16.13 17.32 11.09 12.86 8.60 18.64 17.64 17.69 14.52 19.92 17.62 16.87 3.84 15.07 12.60 3.50 19.12 13.08 13.10 4.81 10.86 6.82 5.00 16.51 18.27 5.47 8.83 13.53 14.06 12.26 1.49 19.20 5.43 16.66 12.43 10.01 7.10
2.03 3.69 17.04 6.12 6.63 18.65 1.15 11.67 16.33 8.01 9.92 16.01 17.78 7.72 14.28 8.70 8.66 8.43 18.70 9.59 14.99 17.12 16.91 11.99 9.88 14.09 7.96 18.69 17.17 14.18 14.65 16.37 10.08 7.29 1.44 13.70 13.07 14.63 7.71 1.66 12.57 4.82 16.17 7.35 19.55 17.33 15.58 12.19 10.31 18.58 13.61 3.60 14.87 17.66 10.52 15.46 15.11 4.21 10.74 13.15 11.01 7.90 18.93 2.36 16.25 15.54 3.05 14.28 3.94 15.48 11.81 2.41 5.15 15.66 4.79 16.79 14.62 6.10 9.63 12.08 10.99 2.80 14.31 17.07 14.04 13.12 6.79 3.21 12.71
13.17 11.02 11.96 15.39 13.59 10.99 5.22 11.88 2.38 11.55 2.21 14.10 10.23 1.04 16.10 4.82 7.03 3.90 9.94 5.03 7.71 4.43 3.68 7.39 5.54 12.40 4.92 11.60 14.97 15.67 14.61 6.77 8.28 12.01 15.58 8.28 4.43 3.20 17.75 4.63 7.34 5.36 13.39 5.27 12.41 15.52 8.00 15.65 14.71 11.55 7.09 8.79 17.79 19.24 9.88 16.10 13.37 3.87 9.89 15.35 14.08 3.31 5.53 14.19 1.16 12.09 13.03 16.67 10.19 3.99 3.33 5.15 5.18 5.65 10.08 9.00 17.75 13.94 18.57 17.01 3.35 10.83 7.59 8.72 14.41 1.69 14.74 7.52 6.93
12.01 14.42 14.53 11.44 10.46 18.96 10.62 13.53 3.93 4.94 5.32 10.53 8.72 13.42 8.44 2.66 17.88 9.50 11.49 17.20 10.46 8.36 4.37 8.14 14.30 11.33 7.73 15.03 9.94 12.91 2.16 13.67 6.81 7.62 12.38 1.49 17.62 4.26 8.15 3.41 3.81 3.05 8.11 10.89 10.20 18.73 1.07 14.86 6.22 12.87 3.80 12.72 10.94 17.21 14.72 17.90 3.53 14.86 18.65 14.84 8.02 16.90 13.91 2.11 3.45 4.61 8.37 15.51 16.02 10.11 8.64 6.41 16.84 1.52 18.88 19.54 10.52 4.23 10.24 9.32 14.95 4.75 6.14 15.15 16.63 2.74 7.27 5.18 17.81
18.10 17.76 5.06 7.54 4.45 8.31 14.80 2.26 1.97 4.06 9.89 3.76 14.54 7.02 10.58 9.41 3.94 2.46 14.89 5.00 5.33 4.09 7.51 13.04 14.81 19.10 17.83 12.30 6.73 17.09 7.52 15.28 19.24 3.90 14.57 16.87 15.03 2.90 17.82 10.00 16.69 4.64 17.31 16.75 19.54 11.81 12.91 1.83 5.33 2.33 13.82 18.92 19.93 10.33 14.68 8.65 1.76 15.05 6.25 17.60 8.68 8.56 19.75 9.84 18.22 13.69 14.97 6.34 13.24 3.09 1.69 9.29 17.76 11.51 10.83 2.84 3.48 16.15 11.17 16.20 16.17 1.86 10.85 18.42 1.99 11.64 10.54 12.07 11.89
7.03 15.21 10.48 4.90 11.80 9.21 2.89 16.52 12.82 10.09 19.43 5.72 4.54 1.82 10.59 17.25 16.69 9.32 4.66 17.45 6.13 16.72 5.10 9.38 10.79 19.80 15.75 16.50 6.17 14.68 7.48 2.61 4.14 4.40 9.22 4.69 9.56 2.34 7.24 17.53 14.92 6.32 3.65 8.99 16.66 19.53 10.99 3.14 11.22 18.76 12.26 5.25 10.81 13.80 14.93 4.71 9.64 12.00 1.94 8.09 4.05 9.70 14.59 6.86 12.56 12.45 7.36 11.15 11.35 16.71 16.31 6.12 17.13 12.46 11.06 3.40 4.43 10.41 18.44 7.40 16.02 15.96 8.62 15.58 12.29 6.51 3.22 13.18 12.19
9.79 7.99 3.13 9.53 12.47 5.38 7.83 15.66 19.33 11.28 16.80 14.75 18.18 19.63 1.98 2.58 2.83 13.61 14.89 1.76 19.03 13.84 3.66 11.37 11.34 14.38 17.65 7.61 17.20 7.07 11.90 6.40 19.77 2.15 3.22 9.16 3.51 17.46 4.91 4.45 18.85 7.79 12.40 15.82 15.03 15.20 9.89 18.29 17.25 2.89 16.65 9.05 13.89 15.93 7.77 17.21 17.30 8.93 7.00 4.85 8.91 17.04 15.39 9.95 1.31 12.53 14.71 3.28 19.50 6.85 17.94 19.40 11.40 12.26 6.98 16.48 14.70 8.46 2.39 6.68 18.78 7.52 17.91 15.08 9.13 16.96 18.95 4.47 2.80
17.58 10.87 19.71 3.30 9.14 12.56 6.41 11.21 11.09 6.47 15.23 19.45 5.23 12.13 8.16 14.94 7.52 6.76 6.14 11.81 10.91 14.62 9.43 4.18 8.05 5.09 16.17 8.20 11.32 4.08 10.41 10.22 14.77 12.39 15.73 11.32 18.90 10.09 18.60 9.30 6.40 5.43 12.68 7.07 9.26 5.40 12.92 19.65 9.08 5.85 11.13 2.31 4.34 15.15 16.05 4.18 9.67 5.55 2.29 6.50 11.92 11.76 13.69 10.65 15.15 10.53 11.98 13.91 10.91 3.43 18.56 13.00 5.91 19.52 12.69 17.85 8.06 3.72 4.45 12.47 11.40 3.08 7.55 1.18 1.31 4.33 3.70 12.28 11.48
10.84 16.05 18.00 2.29 13.05 3.57 4.51 5.40 6.40 3.85 18.46 19.69 16.20 3.45 2.96 10.92 3.21 15.70 19.06 2.53 6.37 12.84 7.59 10.52 13.80 13.16 15.80 7.19 13.34 10.89 14.56 18.24 1.93 10.25 1.71 5.65 15.85 10.36 13.41 4.26 16.55 6.69 16.65 4.37 9.54 19.81 8.51 5.26 2.80 1.82 5.26 11.97 18.23 16.67 17.79 15.36 11.95 14.72 12.09 19.86 19.73 11.59 16.12 6.59 11.09 2.56 6.80 7.31 19.20 10.12 2.26 17.88 13.31 19.35 14.83 10.83 8.66 12.25 11.79 1.33 7.41 14.61 8.23 14.27 11.19 19.11 17.60 17.67 15.16
8.56 16.23 17.24 13.80 9.36 13.96 8.93 3.38 13.75 17.98 8.57 7.24 1.58 6.87 18.82 4.07 19.56 3.90 2.15 14.68 6.53 12.55 16.08 2.02 8.36 13.27 10.79 10.19 17.41 4.50 15.68 14.91 18.70 17.35 14.48 17.78 7.09 8.52 8.94 7.63 19.94 4.03 10.43 17.18 6.51 4.51 17.75 4.77 17.56 3.68 17.54 13.96 8.56 12.68 17.10 7.72 5.71 12.96 11.14 11.16 8.66 14.50 6.82 5.69 14.59 17.19 14.11 3.68 11.62 18.55 17.04 16.89 9.79 6.12 3.01 11.57 6.86 18.13 11.02 4.53 4.40 16.90 17.90 15.97 7.53 17.46 16.64 2.11 7.12
12.81 7.73 10.86 14.43 12.43 6.43 6.53 8.76 16.13 7.25 14.34 5.68 7.93 6.21 7.64 12.59 4.98 6.64 16.48 19.85 12.82 4.53 17.51 1.31 5.28 17.96 7.48 5.73 3.45 4.35 5.03 14.20 16.91 8.14 19.71 11.99 19.77 7.05 2.21 1.11 19.12 10.62 10.13 6.17 16.37 6.50 2.35 5.96 16.29 8.07 4.65 18.48 14.11 15.47 8.43 18.83 10.74 7.55 10.47 16.18 13.37 12.67 5.97 4.55 16.91 18.96 19.39 1.43 18.91 19.66 13.42 17.81 8.45 8.41 13.45 10.38 18.96 1.91 6.09 1.19 2.10 1.05 4.04 7.63 14.05 17.45 1.47 5.12 3.80
15.71 16.10 9.43 15.00 19.70 15.15 9.33 13.59 17.22 8.84 17.86 13.16 2.44 18.56 14.78 14.45 16.81 11.32 17.34 3.45 17.50 13.44 1.71 15.34 2.36 1.30 12.51 5.73 17.39 6.96 13.70 18.76 4.56 9.69 16.21 18.11 7.78 4.11 3.36 15.70 15.47 4.12 11.48 8.90 1.69 1.19 19.83 9.43 5.36 1.59 14.78 11.80 16.80 5.26 14.77 16.19 19.10 9.47 11.23 8.76 13.63 13.81 19.62 12.07 7.90 10.35 6.40 15.86 13.38 14.63 14.69 2.80 17.93 18.87 19.06 7.71 12.10 13.35 13.09 1.16 9.21 14.23 2.52 3.13 19.62 18.09 4.45 11.29 19.45
15.62 8.54 14.20 10.84 4.54 9.94 6.78 19.43 2.94 7.61 16.84 7.78 10.57 8.32 9.92 7.45 11.59 14.13 9.74 12.70 18.13 10.18 6.14 9.95 1.22 17.92 16.53 16.57 11.72 7.38 19.61 13.97 10.30 17.47 10.20 17.94 14.12 9.66 3.73 3.35 11.87 3.59 9.72 12.18 5.18 5.81 10.48 3.54 6.18 9.98 1.48 1.97 4.58 17.70 14.65 5.58 4.98 1.36 8.43 8.86 1.07 5.02 12.35 1.01 16.05 15.68 15.72 3.87 16.40 7.07 3.81 19.78 9.26 7.59 9.42 1.29 13.76 5.52 13.18 9.12 1.25 4.94 17.44 16.03 8.83 4.60 11.10 7.13 8.05
10.20 14.74 10.24 1.44 19.40 2.48 11.82 9.35 15.37 19.18 16.16 14.93 5.52 10.57 13.15 17.59 15.54 3.92 2.17 12.07 5.15 8.52 9.52 15.42 3.08 11.69 8.96 1.14 1.72 15.33 10.82 12.98 12.01 16.75 6.20 2.28 12.70 12.87 16.99 13.40 19.84 12.76 11.76 15.36 5.62 19.63 1.68 7.59 8.78 18.26 17.86 19.62 11.88 19.51 19.20 4.52 5.91 4.41 6.24 17.26 5.62 7.85 4.25 12.54 12.14 11.90 12.04 12.52 13.03 17.43 19.29 5.62 8.36 7.47 3.17 4.15 14.95 5.06 7.69 5.03 9.42 17.69 15.05 12.33 10.15 11.00 5.50 18.04 6.18
7.61 11.05 10.19 4.58 3.51 14.57 1.57 11.93 19.49 5.83 10.12 6.24 2.25 16.97 10.31 3.67 2.81 6.82 11.39 4.63 1.06 6.21 4.30 5.99 8.74 15.24 1.70 14.91 1.17 11.83 19.94 3.07 2.85 11.40 7.11 17.95 11.06 7.48 3.76 7.70 12.76 19.86 11.50 9.81 7.76 19.18 13.70 17.54 5.39 16.23 1.29 8.34 16.52 1.75 5.46 11.41 2.76 5.74 3.72 15.02 7.25 17.48 11.72 15.76 3.14 1.25 12.28 17.28 15.31 9.55 14.43 2.00 19.49 13.54 18.04 14.28 16.99 15.37 3.70 10.19 17.92 5.81 2.06 10.00 16.34 4.95 14.89 18.62 5.75
14.47 3.24 9.18 11.04 15.91 15.36 4.44 3.79 16.69 7.29 15.59 8.56 5.76 10.89 8.33 6.66 6.56 8.93 9.03 18.43 12.52 14.63 2.03 10.96 13.88 4.34 5.45 4.59 14.46 13.85 9.93 10.59 2.64 17.86 17.30 6.45 14.34 16.82 15.48 17.47 13.53 3.42 8.69 15.79 9.53 8.32 1.34 2.91 8.68 15.25 1.64 1.75 18.55 1.55 1.89 12.33 19.01 6.37 15.84 8.51 15.69 17.92 16.37 12.76 12.82 5.15 7.83 8.33 4.01 8.18 4.72 4.57 16.20 6.37 13.81 15.72 15.69 18.60 10.81 15.73 18.01 4.40 4.41 11.29 17.16 16.84 7.02 10.55 19.44
10.45 11.62 13.53 15.15 6.97 10.88 14.01 14.14 16.88 6.50 16.62 8.64 14.65 5.34 16.78 19.27 5.76 10.63 15.58 7.66 13.93 4.94 10.65 12.94 8.61 19.95 13.64 17.78 1.72 18.07 19.32 3.86 18.60 18.23 14.03 15.31 18.97 6.81 1.79 3.62 12.36 12.16 1.75 15.07 16.12 4.56 14.37 16.21 8.12 8.94 12.92 9.43 3.03 6.48 6.30 19.02 7.53 17.23 4.77 10.84 3.39 8.82 16.87 13.60 15.53 11.45 15.82 8.29 6.24 9.17 8.75 11.31 9.67 1.40 14.39 11.64 2.62 19.90 4.45 5.14 5.51 11.09 15.59 18.97 15.08 4.02 6.26 18.60 1.90
10.09 11.33 11.03 13.31 18.61 4.78 15.50 16.02 13.04 19.23 9.77 13.81 13.38 3.59 5.45 15.88 4.89 18.87 17.43 1.70 4.08 2.08 13.02 12.35 8.89 4.52 9.98 1.17 11.78 7.73 12.34 3.97 6.28 8.08 14.77 19.47 17.93 8.12 6.73 19.08 6.98 18.19 14.98 15.54 6.85 5.05 6.78 13.04 9.83 19.70 12.53 14.93 8.90 9.74 14.66 12.96 10.15 10.54 2.51 1.41 8.75 13.93 15.63 17.43 14.91 17.73 19.35 5.70 14.59 14.43 2.76 5.07 6.89 11.96 12.64 5.02 5.88 14.41 7.09 5.19 5.51 1.15 12.53 5.21 13.83 6.42 13.74 15.27 2.37
5.77 11.09 4.73 3.58 18.67 9.15 15.60 7.20 8.96 18.89 4.06 19.59 16.72 10.83 2.01 16.70 11.02 10.90 7.62 13.54 15.84 13.94 17.52 19.09 16.09 4.31 5.17 9.11 13.08 18.91 12.38 3.72 7.72 9.99 5.25 5.73 11.77 7.75 8.94 6.52 13.60 5.11 14.13 10.49 1.98 16.93 9.79 2.02 2.07 18.87 10.14 13.92 19.99 5.74 6.37 11.82 17.60 18.92 17.39 1.46 17.44 1.73 14.25 14.38 12.88 19.80 14.80 3.44 17.93 1.22 3.86 5.64 14.53 10.34 12.73 5.11 3.37 17.43 15.23 2.97 2.11 13.88 18.20 8.47 8.50 19.54 4.01 5.83 8.11
16.97 8.20 12.55 18.85 8.16 12.05 7.55 15.01 4.18 12.77 13.31 1.67 5.20 16.58 13.64 3.11 19.85 8.19 9.14 14.00 19.16 17.51 3.76 9.51 5.28 1.20 18.37 17.75 1.90 10.55 16.34 5.31 16.06 13.82 7.98 2.43 4.36 14.20 2.02 5.86 12.72 1.82 1.46 14.07 15.50 8.78 4.49 2.49 2.08 12.46 7.00 6.83 4.48 5.42 10.39 18.55 9.70 5.29 19.32 15.97 10.69 7.28 14.03 14.35 19.22 3.99 2.80 14.96 9.30 19.17 14.84 17.26 16.66 17.08 18.69 7.15 2.36 18.41 9.09 5.33 11.16 4.48 8.48 7.52 11.26 1.00 14.85 12.61 1.30
5.73 9.52 6.47 8.27 14.99 18.70 10.33 13.94 10.49 8.44 4.94 10.38 13.34 15.62 9.21 10.19 4.00 13.55 14.93 2.98 19.16 11.56 10.13 13.68 16.56 4.03 19.04 11.98 15.51 6.21 11.37 7.50 10.42 9.54 11.20 6.13 5.02 6.41 6.82 11.67 17.08 1.73 6.60 4.30 15.21 2.16 2.38 6.07 7.04 7.48 4.25 11.55 9.68 4.95 16.10 12.21 7.24 17.74 11.52 13.11 6.72 18.44 3.63 5.50 11.76 5.34 19.67 7.93 2.07 15.92 13.23 11.79 10.69 15.97 13.20 9.68 7.43 14.29 18.50 12.12 2.50 18.86 13.83 3.97 3.35 7.71 19.20 4.42 9.56
11.87 2.66 18.43 4.80 9.08 2.66 13.51 11.08 2.59 2.50 4.59 10.30 17.66 1.62 3.72 7.18 1.50 12.33 7.69 5.38 2.73 2.31 1.81 16.80 19.19 3.30 10.19 10.29 10.20 16.16 19.81 1.78 9.05 6.43 9.06 16.16 17.44 11.57 19.70 17.68 10.93 17.45 4.30 12.92 1.28 12.64 8.34 9.43 4.21 8.48 11.90 3.92 16.93 11.75 15.57 12.35 7.00 12.51 17.98 19.10 19.03 9.65 5.88 5.54 18.68 8.57 2.09 15.17 12.89 10.83 16.60 15.27 18.45 4.58 2.83 6.76 3.24 13.74 10.67 19.20 11.25 16.04 3.86 10.01 14.75 4.92 2.69 4.31 11.67
10.51 19.36 14.18 8.89 9.43 1.98 6.94 13.91 18.72 9.97 14.79 9.84 2.35 9.52 8.55 6.92 8.12 9.28 12.13 4.60 10.81 1.53 13.87 15.71 15.81 2.99 7.62 1.43 2.72 18.36 10.46 8.34 12.41 3.86 8.53 9.77 11.93 7.66 11.03 5.52 7.45 18.65 5.64 3.43 11.68 7.01 9.88 5.85 14.56 14.91 17.84 17.04 17.19 16.66 5.52 14.60 15.97 6.28 5.51 9.78 15.03 13.69 4.81 13.99 8.66 9.99 5.09 10.23 6.50 18.08 2.72 12.52 6.61 5.14 13.05 3.00 11.21 13.54 1.03 1.62 7.21 1.69 6.70 11.93 19.33 4.99 8.51 19.89 3.58
18.82 11.44 2.91 3.40 4.37 16.69 6.17 1.52 8.05 9.98 4.15 3.00 3.21 3.70 9.66 8.01 11.32 14.63 10.89 4.14 14.18 12.95 19.23 17.15 16.04 7.49 14.38 19.76 13.56 7.48 14.07 12.83 12.05 3.51 16.47 7.21 4.20 8.92 14.00 15.10 19.97 8.39 16.65 18.28 16.20 18.86 4.03 19.65 18.06 4.70 10.99 13.50 12.32 17.37 16.95 10.00 18.42 5.97 16.15 1.06 15.93 4.00 9.76 7.29 7.69 6.88 3.64 17.17 11.34 15.41 13.91 9.97 9.72 11.92 2.43 2.19 9.89 5.92 10.81 10.22 12.07 13.66 1.78 5.41 13.67 6.48 5.48 5.90 3.09
2.91 11.35 11.47 17.05 7.89 17.14 10.96 10.97 18.47 11.18 8.05 8.97 18.87 3.79 5.31 17.39 8.49 5.41 18.04 3.93 2.39 6.08 14.70 6.90 5.04 8.49 19.42 19.93 6.48 11.43 9.65 12.08 14.34 9.78 8.55 6.92 13.84 17.86 13.99 12.76 16.81 12.90 18.95 17.37 3.14 6.64 15.17 8.77 4.20 3.39 12.19 19.52 4.63 15.61 18.78 16.20 6.56 7.67 14.52 14.50 9.05 9.96 2.19 19.74 7.88 3.47 6.61 18.65 19.60 18.40 18.18 5.89 18.41 14.29 14.15 16.72 9.73 15.54 3.45 8.45 4.81 11.74 3.22 10.18 14.13 2.46 11.84 17.88 12.63
10.48 7.60 6.70 3.52 7.99 18.25 4.81 15.74 12.40 11.91 10.77 5.11 10.25 4.30 6.92 11.97 3.09 6.97 17.78 18.37 3.61 19.17 2.81 2.05 8.91 13.96 2.27 3.25 19.01 13.23 13.71 7.87 18.88 6.25 17.20 4.04 6.90 15.16 13.05 5.64 9.55 15.88 4.97 15.32 1.47 13.12 15.36 10.10 18.09 18.18 6.60 15.93 8.47 3.30 3.74 10.81 8.27 4.57 6.99 14.87 5.89 13.16 15.51 9.10 6.38 13.43 15.60 9.46 1.59 10.23 2.11 10.67 5.61 17.25 14.17 16.36 4.00 1.45 7.44 15.49 13.58 6.98 2.34 11.16 2.02 15.29 11.13 1.71 8.39
2.38 11.55 12.71 9.32 13.11 8.95 19.93 5.93 7.16 15.05 3.83 2.98 10.56 4.47 9.06 8.09 5.60 13.61 1.31 17.02 19.16 10.22 13.23 17.33 17.33 2.49 4.84 11.62 2.73 7.83 9.65 12.74 18.02 2.01 13.91 4.30 15.15 14.10 13.26 18.14 19.77 19.40 3.49 19.77 18.47 4.74 6.03 11.94 10.17 19.92 16.01 12.25 16.39 13.81 15.09 18.83 16.23 11.71 5.86 3.96 16.96 19.73 16.47 12.13 19.82 8.80 14.11 2.84 17.53 14.37 19.59 9.28 8.15 7.09 15.16 8.78 13.90 15.98 11.90 8.48 7.34 12.38 10.94 7.53 15.98 8.96 2.81 19.18 16.62
5.85 19.93 6.61 7.37 10.30 13.23 6.01 13.74 11.43 7.30 1.32 3.53 2.66 6.91 9.22 14.40 1.92 11.54 3.36 2.46 12.79 5.69 6.07 19.71 18.17 8.36 12.47 5.29 17.93 7.13 2.74 16.63 11.34 4.21 12.91 19.96 16.31 13.16 15.30 18.01 15.84 16.73 3.82 19.52 2.83 11.14 14.23 1.71 2.76 19.20 1.96 5.75 9.33 2.31 17.96 12.43 13.56 5.04 6.48 8.72 9.76 10.10 2.08 9.24 12.07 14.02 5.65 11.31 14.42 1.24 15.50 14.65 4.42 7.99 15.31 14.33 7.03 12.71 12.97 9.25 8.81 11.79 10.70 3.62 10.48 9.46 19.02 14.04 9.81
1.87 8.11 14.16 13.95 5.59 11.96 5.42 1.49 19.43 6.73 2.48 10.85 6.94 9.57 3.37 4.81 4.68 5.38 10.55 2.67 17.23 11.64 17.88 5.53 17.68 7.69 9.38 14.06 8.50 1.43 8.45 8.23 16.91 16.31 3.52 1.50 5.42 8.83 7.89 7.91 4.30 17.24 1.56 15.57 16.90 3.47 11.36 3.16 15.77 9.68 5.80 6.52 9.48 2.58 18.09 14.53 8.47 16.99 2.68 3.89 19.49 11.64 15.79 19.70 19.60 1.57 1.86 10.07 14.25 17.32 9.05 14.31 6.21 14.11 7.18 17.38 17.49 13.79 12.34 13.93 6.28 6.47 13.49 4.43 8.59 13.74 10.06 16.92 5.05
5.82 19.58 18.73 16.12 11.10 3.79 16.71 15.16 10.95 19.28 10.05 13.84 14.40 7.29 4.86 1.96 14.11 2.05 8.82 14.22 16.69 2.59 2.50 11.69 6.07 8.61 5.22 16.83 11.32 16.59 6.15 3.96 7.75 2.68 14.71 5.63 11.42 5.59 5.74 5.40 8.16 6.93 12.30 19.70 18.37 10.11 4.79 16.33 4.23 19.36 13.86 18.49 18.54 18.32 2.67 17.37 2.10 13.49 3.96 3.26 16.13 6.41 13.09 4.95 12.07 16.68 11.28 14.47 2.22 16.84 13.98 10.41 3.16 4.89 2.40 18.21 9.66 18.74 18.00 3.32 6.85 8.24 11.82 4.43 19.68 18.74 19.41 3.64 19.21
10.10 12.51 19.07 16.00 7.72 5.10 13.47 15.93 2.27 15.27 3.99 19.91 14.02 5.90 1.89 13.50 16.39 8.96 2.18 12.20 1.42 8.93 9.67 18.43 10.13 14.14 19.10 6.22 12.43 7.61 19.08 12.66 7.65 3.57 15.20 15.93 8.57 10.83 11.56 15.10 14.89 17.32 3.11 19.14 11.15 14.58 13.94 9.57 2.10 2.94 9.66 18.73 8.25 12.62 17.63 18.24 5.93 13.42 19.57 10.73 17.91 1.11 12.02 17.54 1.56 4.96 7.18 2.93 16.21 6.31 8.32 9.31 15.76 4.50 10.94 5.58 14.65 8.63 10.98 12.20 4.46 9.91 15.31 1.32 3.24 3.44 6.66 15.10 9.16
6.63 3.92 9.37 17.07 15.27 5.62 18.95 1.50 9.57 17.53 13.61 2.32 19.74 1.34 9.00 19.42 3.06 2.00 6.05 13.36 11.62 17.76 7.45 16.93 7.90 18.57 13.99 3.27 14.74 4.58 7.47 15.74 16.16 2.70 13.75 4.97 10.45 6.69 1.16 9.03 12.42 4.37 13.07 19.69 19.52 13.44 15.12 13.54 1.91 3.94 1.41 8.32 2.50 13.70 19.89 17.85 16.94 9.63 14.48 14.10 5.40 11.31 15.19 5.66 19.74 17.88 9.63 13.26 6.63 2.46 13.87 14.95 14.31 16.53 9.92 6.38 9.94 11.33 8.64 19.33 12.47 14.53 4.41 11.28 6.21 5.53 7.05 3.12 1.87
10.83 3.78 3.39 4.97 13.50 11.41 17.27 12.57 12.32 17.31 1.91 14.23 7.38 11.00 12.12 16.86 19.33 16.32 4.96 4.06 7.79 14.89 15.00 5.50 9.60 12.54 9.81 6.37 12.41 10.00 19.93 1.89 15.25 10.93 9.32 2.58 7.77 3.43 1.34 19.40 6.05 12.83 2.72 13.16 8.11 15.70 5.62 9.52 3.94 5.70 12.28 12.95 5.33 11.05 3.56 6.73 12.49 15.91 6.06 12.74 10.45 6.50 13.82 6.85 19.53 15.40 1.80 16.92 4.91 2.00 18.20 17.09 2.85 14.24 5.71 19.38 13.13 8.98 10.22 10.51 13.71 7.80 15.87 12.67 7.71 5.30 8.52 14.22 3.08
13.25 16.31 7.35 12.26 12.04 17.47 17.36 18.92 15.15 11.92 18.93 11.62 9.16 3.77 6.29 5.64 19.06 17.96 12.45 13.82 17.55 2.01 4.30 18.89 15.27 14.96 7.28 16.55 12.19 4.44 2.34 11.76 19.62 10.23 2.76 7.43 17.51 6.48 5.05 14.20 3.79 6.10 8.24 2.37 1.70 16.90 2.42 12.25 8.87 8.93 18.99 2.68 14.82 17.67 13.15 16.86 14.01 6.69 11.15 11.68 10.70 6.84 4.82 10.23 7.11 17.81 11.67 4.83 19.92 12.64 5.12 14.58 9.89 7.40 12.98 7.91 19.41 11.80 12.55 13.11 11.45 16.28 4.17 10.89 18.89 11.63 2.23 16.10 18.31
1.79 16.04 11.63 4.22 7.78 15.35 7.23 14.01 13.95 8.76 11.38 18.06 2.88 9.24 1.64 5.43 8.10 19.26 7.42 17.33 19.84 17.58 3.02 16.97 7.03 10.49 9.91 15.47 13.24 13.37 7.82 14.34 15.93 12.58 5.82 19.71 16.72 2.88 2.26 15.64 19.35 8.71 3.60 17.57 7.83 9.78 9.25 5.83 18.09 16.60 8.34 10.09 11.11 10.65 7.58 6.97 11.53 5.89 11.30 8.71 7.82 1.77 13.85 9.42 13.90 14.09 13.57 2.96 2.55 2.89 18.08 5.02 15.84 8.79 2.79 1.95 12.68 15.16 5.72 6.07 14.89 10.88 9.60 15.54 18.48 19.24 1.87 8.36 16.30
8.04 19.52 4.60 16.60 17.96 9.00 1.05 8.68 8.02 3.32 4.08 2.07 18.26 13.21 15.98 15.27 10.22 15.65 15.14 11.70 17.49 13.30 5.90 7.57 5.01 16.04 13.39 10.48 10.19 14.65 17.94 2.82 16.46 19.28 2.17 8.18 9.57 16.48 16.76 6.47 12.07 12.03 3.13 9.20 15.34 3.10 13.39 7.51 17.42 5.11 10.22 17.41 4.19 15.77 19.68 4.12 11.44 5.01 4.64 5.25 1.34 6.33 17.67 18.17 3.88 16.07 16.15 14.49 14.48 2.35 1.50 11.20 9.77 17.56 7.09 11.81 12.44 17.36 9.07 19.48 13.94 17.01 15.46 6.28 1.04 1.35 16.01 18.85 11.24
6.44 13.47 15.84 19.40 10.54 17.30 7.02 2.36 9.75 1.65 18.50 18.56 14.88 17.75 17.58 8.75 19.36 8.42 5.69 6.75 15.63 2.61 19.59 18.45 6.04 8.94 16.43 4.64 12.60 19.94 3.89 11.85 13.86 4.16 9.10 18.41 14.65 2.82 11.47 14.95 16.63 19.64 5.41 13.42 5.59 19.86 17.96 7.78 12.28 18.34 3.31 3.39 6.45 3.13 1.69 1.81 13.78 5.77 16.95 13.02 4.00 13.80 3.91 13.63 8.63 2.02 13.29 13.46 2.70 10.70 11.93 8.45 4.93 10.00 14.00 17.56 11.77 4.04 19.57 13.76 1.79 12.08 10.54 13.19 2.44 12.06 3.56 14.31 4.37
19.38 19.45 5.32 1.63 4.59 12.57 1.63 1.75 18.29 14.57 10.31 8.21 19.35 12.06 12.67 12.18 18.86 4.49 5.40 15.07 6.05 1.57 9.99 4.11 5.68 13.68 16.76 6.37 18.23 17.04 18.15 4.31 14.01 17.86 4.35 6.48 7.69 8.05 11.73 4.23 8.80 14.16 17.96 8.24 14.98 15.70 13.14 15.74 2.40 8.86 2.36 19.87 13.24 11.21 14.82 5.88 4.91 8.47 8.57 10.98 17.16 16.65 7.76 2.08 9.39 1.62 7.44 1.04 5.40 12.67 15.49 18.96 18.09 8.08 7.77 19.47 16.20 10.43 18.81 15.86 13.63 18.87 13.99 17.24 13.85 8.46 9.82 18.97 4.80
18.37 3.29 10.06 13.95 4.83 10.66 8.47 6.61 11.74 15.58 15.55 9.71 14.31 16.01 12.33 3.42 18.10 5.63 10.33 5.86 7.28 11.69 6.31 1.78 5.38 15.16 11.64 2.85 1.02 17.07 6.42 17.81 6.83 12.32 17.35 12.26 14.95 16.34 13.29 2.81 2.70 6.12 3.87 17.03 11.10 18.28 12.68 6.88 15.26 4.31 8.45 16.70 2.21 1.63 15.20 17.23 5.57 2.76 2.70 17.02 12.79 4.32 13.57 5.16 17.61 18.05 4.41 3.54 16.67 17.86 7.07 7.40 8.93 2.27 4.50 9.07 1.91 9.67 4.53 14.59 17.63 15.66 18.26 18.02 4.85 7.86 12.24 13.00 14.27
1.18 8.65 2.88 6.48 4.64 7.96 1.86 1.15 8.14 5.22 15.88 8.25 15.99 3.06 12.76 8.40 12.94 19.06 15.66 19.14 11.79 18.52 16.10 6.00 16.25 10.65 19.62 13.09 1.21 11.48 12.97 11.09 6.78 5.31 5.23 19.95 6.90 19.40 10.78 15.74 8.98 16.33 17.52 17.33 17.96 7.73 19.52 15.36 14.66 4.22 3.24 8.39 5.74 14.44 14.71 12.01 10.44 9.49 1.39 2.21 16.32 7.97 5.35 2.06 6.76 16.23 5.26 14.74 13.62 13.70 8.77 18.05 14.05 15.34 4.13 11.62 16.85 15.79 18.66 3.43 17.79 17.25 15.60 11.42 18.65 19.59 13.85 5.27 1.70
19.29 7.37 11.90 19.39 3.40 8.77 8.32 15.41 9.29 2.02 8.96 19.76 3.76 15.69 4.52 14.46 1.00 7.87 17.30 2.27 4.52 14.09 7.24 11.31 16.95 14.54 4.43 8.49 7.42 9.25 11.42 16.35 16.96 9.29 1.19 12.02 6.37 10.49 17.90 8.02 7.69 18.59 15.96 5.33 19.54 14.02 14.29 15.89 10.48 2.17 2.31 10.45 9.65 9.68 9.80 5.93 6.39 10.09 14.93 8.82 5.81 3.82 1.22 12.34 17.12 10.39 17.96 11.06 2.11 15.38 12.29 14.57 2.77 3.62 6.92 15.88 11.53 19.54 18.80 12.01 2.07 19.38 3.98 7.31 15.08 13.20 7.45 2.30 1.94
15.86 9.62 16.59 1.19 11.05 6.95 10.82 4.06 9.73 11.73 3.30 13.12 7.84 16.51 9.33 8.50 14.45 4.55 15.48 15.32 14.66 6.11 10.26 19.32 1.33 15.19 2.13 19.21 2.49 19.63 9.55 15.21 12.34 15.19 16.51 14.94 17.22 8.11 9.11 15.19 6.62 15.53 5.45 17.47 7.74 18.82 17.84 16.80 8.56 5.36 3.02 5.69 3.42 3.50 7.59 19.97 13.04 15.40 18.52 1.27 7.67 13.58 18.50 16.90 7.44 19.29 18.03 19.53 12.59 4.70 1.43 4.73 9.05 15.16 12.25 19.94 10.74 10.40 5.40 7.27 12.39 15.62 15.73 18.70 14.88 18.04 13.04 4.30 8.71
8.19 5.27 8.44 13.48 18.36 18.37 9.66 9.07 3.53 11.62 3.72 7.45 5.22 10.37 10.19 19.93 3.24 7.59 2.33 12.84 6.10 6.32 1.42 12.77 1.79 11.35 10.41 18.93 10.82 6.56 3.30 4.84 10.71 1.45 1.86 7.66 15.39 9.61 7.97 16.93 13.98 3.73 19.40 2.43 5.60 1.36 4.28 2.09 17.94 19.65 17.42 18.74 18.73 12.15 15.99 3.04 8.29 15.76 18.79 10.79 5.97 8.30 8.04 17.55 2.05 13.72 4.60 6.93 16.65 5.29 10.78 2.30 19.46 19.92 2.05 11.56 10.88 14.23 13.23 3.53 19.96 2.58 13.73 18.76 2.83 9.77 18.15 15.23 9.33
1.71 7.03 11.97 15.38 15.64 15.70 5.71 9.75 3.74 2.51 15.30 11.80 12.69 7.86 18.77 8.16 13.44 5.36 8.43 11.13 11.19 2.28 17.31 13.38 18.79 2.33 5.50 1.73 4.92 1.79 3.49 7.72 16.65 10.37 11.47 9.33 13.16 17.22 17.44 6.60 5.38 6.59 6.06 19.84 9.29 4.86 7.86 13.17 16.09 15.37 7.47 7.69 5.57 7.59 17.27 8.51 7.48 18.48 9.55 7.94 11.75 1.60 15.86 5.74 2.58 16.18 19.10 12.64 8.23 3.64 19.00 8.26 12.57 18.23 1.43 19.82 3.40 15.92 9.54 9.30 6.75 5.67 1.71 11.76 9.61 1.33 10.55 9.98 15.75
5.36 18.03 4.80 1.91 5.84 13.47 2.46 3.05 16.37 1.66 3.95 4.59 12.19 17.65 15.44 9.72 16.33 17.96 16.87 4.62 11.77 12.03 13.73 11.31 11.81 14.26 19.74 15.24 14.37 13.27 9.58 16.29 8.61 8.05 8.78 5.94 15.91 16.66 3.10 11.75 11.21 19.29 10.93 5.43 10.59 16.45 5.21 2.93 6.29 17.76 15.66 1.75 1.30 8.87 16.83 10.24 17.50 12.17 16.03 5.33 5.14 3.62 7.35 2.82 18.68 9.99 14.31 14.23 16.50 9.39 15.73 7.60 1.08 19.09 16.89 12.49 3.14 19.81 16.34 11.53 1.31 5.63 11.69 9.92 8.57 17.55 15.07 6.93 6.46
10.23 8.33 9.71 16.84 5.16 6.52 18.36 12.47 7.32 3.06 6.13 7.46 14.18 12.58 11.77 4.18 10.70 6.33 14.75 7.93 16.49 3.01 14.94 15.98 15.68 17.28 17.23 17.02 4.96 6.13 8.59 19.19 14.45 4.61 11.95 18.67 2.37 12.82 14.06 1.78 17.07 8.50 5.17 15.79 2.21 13.01 10.92 4.14 10.65 9.57 1.14 2.44 17.00 2.09 1.98 1.24 8.22 4.90 5.25 17.97 13.69 1.96 15.51 12.90 2.54 17.13 1.09 2.18 10.69 10.72 6.50 14.18 3.67 12.82 6.46 16.11 16.82 18.05 19.68 19.91 14.71 9.42 9.75 6.90 18.99 1.53 18.87 8.63 19.24
6.43 8.04 16.74 2.07 14.53 16.08 19.84 8.10 16.70 10.62 5.43 19.90 12.25 13.66 6.38 14.68 14.45 6.96 10.85 8.68 12.93 16.95 11.02 2.69 19.94 15.84 7.63 14.58 11.05 17.58 5.38 1.45 13.40 17.31 13.38 9.19 2.42 8.72 6.29 1.66 4.79 18.51 5.65 6.44 5.30 19.51 3.41 8.70 13.75 15.47 6.99 3.46 14.86 4.62 14.64 11.96 16.13 12.91 1.41 16.08 5.75 6.09 4.46 4.23 5.42 17.96 6.63 5.47 5.17 18.24 5.34 6.27 6.78 18.23 1.32 1.36 8.42 8.92 10.41 14.59 14.35 15.61 13.94 2.60 1.83 12.77 14.38 18.29 12.80
10.20 11.42 13.37 2.35 9.71 2.12 4.97 18.24 1.29 19.33 12.24 2.26 16.87 13.08 13.12 15.44 10.96 17.64 1.70 5.65 9.01 7.46 2.29 8.86 5.61 18.75 15.61 18.29 17.61 12.54 11.19 12.30 7.16 12.91 4.12 14.34 9.61 3.64 15.20 7.02 19.23 3.72 4.45 7.54 5.97 19.23 10.07 13.13 8.61 14.54 13.41 1.62 2.59 19.91 8.40 15.80 9.48 13.43 6.64 14.68 19.89 19.95 2.53 8.81 9.28 19.82 16.04 13.22 14.06 8.44 12.46 9.17 8.32 15.13 2.72 5.85 13.20 2.18 8.97 11.45 7.75 4.70 16.92 19.93 15.73 3.10 14.68 7.91 13.42
12.29 12.30 10.41 19.92 1.25 1.13 11.29 1.94 15.06 8.64 8.04 11.43 5.28 14.25 13.14 7.52 4.48 10.04 14.20 19.18 6.78 11.31 13.81 11.24 6.92 5.82 7.20 18.16 8.71 16.61 12.21 14.09 3.27 6.29 15.65 3.94 19.78 11.99 19.50 6.68 18.28 8.83 4.51 10.23 5.67 2.31 18.84 6.81 8.27 10.34 5.44 17.03 16.30 4.96 2.89 11.96 17.67 18.89 19.03 4.88 6.81 3.07 13.91 16.91 9.30 14.95 1.93 6.35 9.84 6.33 9.95 13.39 2.98 3.54 13.41 17.44 3.56 19.22 2.36 8.83 5.49 10.16 12.47 8.27 11.89 2.93 9.54 11.77 2.54
9.15 1.12 18.10 6.76 4.81 13.07 1.93 8.15 10.94 15.29 4.95 19.21 11.61 10.94 14.57 7.28 9.06 19.70 13.48 14.30 4.54 3.23 10.32 15.85 19.11 19.61 3.91 1.88 6.67 15.22 11.54 11.09 4.56 1.97 17.94 10.21 11.47 19.64 10.00 13.90 15.81 12.82 10.11 16.22 9.95 9.45 1.69 12.09 18.44 6.04 6.72 12.30 9.02 4.55 8.31 10.28 2.53 9.70 1.12 5.52 10.18 17.37 11.35 15.76 19.05 9.15 6.66 3.91 6.36 2.03 15.76 11.86 18.41 2.85 14.87 11.24 10.75 11.68 9.88 5.00 5.28 19.92 3.46 3.44 4.06 10.70 4.33 15.71 6.76
11.28 13.82 11.63 4.91 16.83 6.13 14.47 15.54 17.01 11.63 13.46 14.72 2.55 19.73 11.47 19.53 15.75 1.48 13.41 19.39 7.83 5.66 13.89 10.04 18.44 6.58 7.31 6.28 11.74 4.23 2.11 10.58 13.26 15.88 15.52 12.91 19.06 19.43 7.90 14.24 7.02 17.53 17.24 14.48 12.05 8.43 6.89 7.20 8.01 7.14 19.41 2.16 19.91 4.98 14.14 14.43 2.47 18.19 8.10 10.27 14.98 6.65 6.44 12.53 6.03 15.49 3.49 1.54 2.58 2.72 18.90 10.34 18.15 13.75 16.07 9.36 7.21 13.18 6.88 11.32 8.05 19.94 19.56 14.18 13.42 12.60 3.31 4.20 9.96
9.50 18.01 10.19 9.96 3.34 4.70 14.73 19.04 9.35 5.65 4.59 2.94 15.84 13.36 8.23 13.72 11.35 14.51 19.99 19.21 10.84 18.34 19.91 19.95 12.53 7.59 3.06 19.61 6.24 7.03 6.44 14.64 15.51 8.80 13.98 19.46 16.99 16.19 15.23 4.43 2.62 8.10 14.84 7.07 5.16 8.78 17.39 6.23 6.65 2.50 12.90 11.51 4.21 4.77 11.07 18.13 1.62 5.56 5.13 17.54 5.05 3.59 11.17 4.35 11.67 1.90 2.88 19.11 14.75 17.43 18.11 16.43 7.22 12.25 15.51 19.51 2.81 18.28 8.16 14.51 10.70 19.30 14.18 5.34 17.61 18.83 8.38 8.18 3.10
11.30 4.87 1.08 3.19 17.95 14.56 1.50 4.38 17.83 18.71 3.86 11.56 13.25 10.71 5.35 17.04 1.53 12.28 7.71 9.24 14.92 8.96 16.77 15.26 14.79 6.93 13.99 3.79 4.44 12.19 7.81 1.21 10.27 15.45 5.56 12.74 16.38 4.44 1.38 8.88 5.39 18.45 18.11 4.79 8.01 8.07 18.20 16.21 14.71 8.07 14.09 3.04 5.92 13.79 15.62 2.59 9.70 9.04 6.47 3.12 7.45 1.64 3.11 14.81 14.15 13.88 15.35 11.96 5.37 5.19 16.02 6.85 18.73 13.32 13.13 9.61 16.11 16.95 6.26 1.19 1.77 14.58 19.28 9.21 7.18 2.24 17.73 6.88 6.70
7.16 6.52 12.98 16.77 8.09 4.14 2.95 12.48 18.57 4.41 11.22 13.27 13.11 17.64 9.09 17.57 17.92 5.74 1.76 12.20 16.97 6.19 13.19 4.66 16.21 18.03 10.65 16.05 6.82 6.82 6.65 15.00 4.49 12.26 3.95 6.19 15.17 17.85 5.21 13.14 8.93 18.60 14.07 19.82 17.06 5.50 8.26 10.29 11.73 5.08 19.87 12.13 4.55 3.24 9.77 1.73 14.03 4.93 14.95 18.45 14.05 17.70 9.75 6.15 5.14 9.09 15.60 15.08 6.20 13.94 14.66 6.92 17.62 4.55 13.46 11.10 19.07 17.73 4.51 12.51 13.99 18.34 3.04 11.50 9.16 19.94 8.29 11.71 14.99
14.75 2.84 11.49 8.76 6.64 9.27 4.25 7.01 11.45 4.99 4.87 18.42 7.35 10.98 11.38 1.03 2.66 3.48 19.14 12.43 19.15 4.77 6.66 15.30 15.62 18.71 4.88 14.42 18.44 3.77 5.45 19.75 7.71 15.27 6.28 11.72 18.54 3.69 6.78 18.41 15.52 18.23 4.96 18.63 8.73 17.95 12.14 14.39 11.97 19.38 18.35 14.11 15.81 6.73 17.13 7.37 13.95 11.06 9.95 7.31 15.16 10.07 16.05 2.02 6.57 10.08 19.28 16.41 12.44 1.68 12.20 8.38 8.06 7.97 13.01 17.68 12.27 19.62 4.86 6.59 2.47 17.81 18.62 1.95 11.03 1.85 15.14 15.52 11.61
3.48 14.19 8.14 10.71 10.31 3.21 4.37 19.97 13.23 10.98 16.42 6.25 16.94 1.64 15.77 16.77 19.76 12.79 5.14 4.38 12.83 11.29 11.72 8.71 17.84 3.63 6.17 7.17 16.00 13.89 13.68 1.11 10.93 15.52 17.33 6.11 5.26 1.11 6.40 7.27 17.59 10.99 9.92 11.86 1.39 1.63 18.82 4.81 10.13 19.51 1.51 10.61 2.27 13.75 1.94 16.94 15.47 9.26 9.51 15.67 2.59 15.60 8.81 11.20 2.82 9.25 4.22 6.28 15.57 7.27 10.76 4.77 11.53 11.34 8.99 19.26 10.86 12.01 13.62 6.76 11.38 1.15 7.37 6.06 17.52 12.09 7.18 19.65 8.91
16.41 17.91 5.03 16.81 8.79 17.80 10.61 8.12 17.22 17.84 15.57 15.13 9.27 7.96 8.29 16.83 1.86 9.17 2.97 9.19 8.48 13.61 6.00 7.33 9.59 7.66 16.18 19.98 13.51 15.94 16.82 9.90 3.98 5.19 11.55 18.67 11.67 1.37 6.06 3.01 4.10 17.84 2.80 2.69 18.41 14.46 1.81 9.05 18.93 12.82 2.43 10.25 8.63 6.72 2.11 3.80 12.28 17.76 5.96 19.85 7.60 9.31 16.96 13.32 12.53 17.12 8.64 13.70 4.26 8.49 3.90 8.00 4.39 17.10 19.77 6.06 5.04 6.58 13.09 1.37 8.18 7.34 2.84 8.30 10.85 12.13 10.34 17.00 16.49
12.26 1.69 13.54 5.83 7.78 14.42 10.33 19.71 1.21 18.48 10.96 1.03 1.14 11.71 13.72 17.10 16.91 14.78 2.09 8.25 3.43 16.16 10.95 10.74 12.95 13.70 11.97 2.71 10.61 17.68 2.01 9.53 16.04 12.39 7.34 11.18 11.85 4.18 6.88 2.21 15.74 13.68 19.56 18.81 15.00 5.45 19.92 14.20 16.93 9.39 12.13 11.20 5.65 19.75 14.98 3.69 16.90 13.44 8.92 3.39 16.06 16.55 17.84 7.89 15.40 14.73 8.23 10.45 7.62 15.31 10.80 19.60 12.11 13.49 7.87 15.63 3.08 9.79 5.25 4.45 9.03 16.35 13.74 2.68 13.69 1.10 12.20 6.58 7.17
16.39 18.92 13.17 19.41 15.58 16.71 17.72 12.82 10.53 16.57 2.07 6.91 10.07 12.74 2.22 16.59 3.31 3.68 15.64 11.99 13.25 18.89 18.16 18.45 15.96 1.10 6.24 18.50 14.16 5.24 6.52 7.12 4.03 12.48 3.93 2.00 10.21 9.26 6.66 11.53 9.29 16.00 13.01 5.92 15.12 12.40 1.56 6.65 1.49 4.53 10.58 17.17 2.58 3.09 13.26 14.33 14.17 16.53 16.53 17.51 2.50 14.01 6.32 17.84 14.23 6.27 10.48 9.44 18.25 9.98 16.37 2.91 1.30 4.34 14.35 7.50 9.98 7.80 4.96 10.82 1.47 17.70 16.39 2.22 7.50 5.12 10.02 3.15 14.33
6.62 8.61 7.59 5.27 14.71 5.15 3.17 4.83 16.57 2.12 10.58 15.62 16.07 1.61 3.00 2.43 9.46 12.06 16.04 16.06 12.84 4.11 15.00 1.18 14.39 14.28 14.91 5.79 9.14 14.23 1.29 15.55 2.68 16.24 8.63 18.17 10.44 8.85 6.42 8.61 15.16 13.12 1.22 12.22 13.10 3.14 10.17 18.50 11.42 8.24 14.78 16.90 18.44 7.17 10.98 17.25 7.98 12.68 5.97 2.37 1.60 1.56 3.84 15.11 19.67 2.33 3.39 3.54 7.58 9.85 16.58 15.66 18.86 4.14 11.13 14.06 6.89 17.26 16.08 3.99 5.78 16.78 14.85 7.48 4.46 14.31 3.59 5.89 4.10
11.43 7.74 16.14 18.72 4.74 1.83 12.53 6.07 14.96 6.23 6.26 7.27 5.02 9.14 6.68 5.19 8.60 4.52 1.73 19.30 4.89 1.48 18.89 15.21 14.32 16.91 10.78 18.62 3.54 14.60 11.32 5.96 14.52 11.31 16.36 4.53 5.93 12.90 8.64 3.69 2.08 10.85 3.73 16.99 12.71 10.30 16.07 16.36 18.13 19.17 2.63 9.23 11.18 7.54 14.08 11.97 6.47 2.51 11.04 13.63 16.99 11.09 6.17 8.14 17.81 6.76 6.54 8.74 11.97 8.42 3.66 16.35 12.80 3.33 2.39 3.69 5.02 2.92 6.16 5.72 16.66 13.39 3.43 2.20 2.14 19.65 14.93 10.74 17.35
18.10 13.86 9.43 7.45 7.23 9.48 3.17 16.65 2.58 7.71 1.52 12.82 3.53 14.59 15.78 7.05 3.38 12.29 15.54 1.07 13.19 9.04 7.09 11.24 16.51 4.07 9.23 17.70 3.03 19.71 4.27 10.30 14.60 2.34 14.86 19.22 8.66 11.54 2.50 4.28 13.57 9.71 5.20 3.54 2.48 12.15 14.94 15.51 16.60 8.27 12.38 9.03 14.70 9.81 7.99 2.15 14.51 1.49 16.52 17.36 6.69 19.43 13.20 7.02 14.72 19.20 4.44 4.38 15.65 18.74 19.00 8.96 8.55 7.19 17.03 3.20 8.00 2.11 18.27 14.38 14.99 19.38 4.48 15.47 13.78 19.40 7.45 15.42 8.95
11.98 5.07 19.38 14.43 5.22 9.96 18.36 13.17 11.70 12.97 3.74 3.19 6.52 1.88 12.91 3.33 11.09 15.08 12.36 3.07 12.33 8.32 8.21 18.29 6.83 18.85 8.45 8.41 8.33 8.55 7.17 8.51 6.07 17.07 15.02 14.11 8.57 15.44 7.77 1.47 11.05 19.84 3.82 13.59 9.97 15.18 7.99 18.66 17.67 17.15 18.21 8.86 14.05 4.85 19.47 18.16 13.03 13.94 19.62 19.73 12.51 1.70 2.47 13.16 15.04 3.31 17.34 17.02 10.66 17.01 17.15 9.67 13.18 11.26 17.19 6.22 1.95 19.90 17.34 18.89 6.90 10.07 3.22 9.20 7.82 1.88 18.47 8.92 4.08
4.88 3.39 4.67 17.51 8.13 3.93 11.91 11.14 14.11 8.55 5.50 3.99 11.88 15.76 9.77 12.54 5.13 4.04 3.76 10.84 19.24 10.64 3.98 15.35 10.44 17.62 12.42 18.69 4.48 13.23 17.25 4.65 4.85 11.31 19.75 14.56 7.70 10.71 1.87 19.14 13.64 14.20 16.96 4.63 1.13 19.35 10.94 13.90 11.73 19.75 1.38 2.45 7.62 12.82 16.46 2.39 4.23 14.26 8.15 18.83 18.01 4.71 12.23 17.45 6.14 2.16 18.39 3.43 18.68 11.74 8.22 4.17 16.36 3.58 3.78 5.81 10.87 9.25 3.79 19.62 8.78 5.29 10.12 16.13 13.53 13.54 13.38 11.46 12.21
5.81 6.33 6.18 13.89 10.94 3.23 2.98 14.83 10.83 1.15 11.29 9.20 16.15 18.52 13.36 9.70 8.16 11.79 16.72 2.65 18.63 5.97 19.00 17.06 2.38 14.88 16.05 18.97 6.15 3.01 2.47 19.15 1.00 19.61 9.22 15.54 4.03 17.79 9.61 5.45 1.52 18.48 7.88 18.28 15.73 12.14 17.59 18.22 19.89 7.71 18.11 2.53 5.86 3.96 10.29 14.39 11.30 12.13 1.14 16.23 16.33 18.01 15.76 16.86 6.47 3.16 6.66 13.32 11.85 17.84 10.82 5.33 11.75 7.53 18.20 18.43 13.79 2.48 17.98 11.36 4.24 6.79 5.35 2.35 10.14 8.40 18.58 14.14 13.13
3.07 4.75 7.86 12.29 13.40 11.22 9.25 16.91 13.69 17.90 13.53 10.69 5.34 11.96 1.48 6.00 11.14 4.54 4.46 16.42 4.00 8.01 13.08 2.09 11.69 7.28 17.94 16.78 11.49 12.43 4.49 17.65 14.20 18.88 18.31 18.35 18.72 17.66 15.35 3.97 17.81 10.69 3.51 17.25 7.38 13.40 14.80 18.34 9.71 13.96 8.63 13.38 12.86 6.72 2.00 4.90 3.06 13.22 16.22 19.34 3.53 2.70 17.04 13.47 1.98 15.23 19.26 1.14 3.92 14.18 1.66 13.02 6.99 5.20 3.28 1.79 18.25 1.34 15.17 19.65 10.16 7.93 19.07 3.66 13.42 12.65 2.11 10.60 3.26
3.73 6.26 5.25 3.23 11.37 4.67 9.79 1.54 6.93 14.91 11.02 3.58 13.51 12.41 13.51 1.27 14.29 17.46 13.56 19.14 10.72 16.32 8.41 19.65 7.92 2.01 3.94 6.10 1.46 16.17 9.09 3.10 9.96 19.08 10.73 16.30 13.93 15.58 12.62 14.41 18.21 17.16 18.71 19.13 13.52 12.35 8.36 19.10 16.18 16.13 4.12 10.63 5.25 15.13 7.06 9.23 17.66 8.94 12.58 3.05 5.19 19.56 10.25 5.73 5.79 9.52 17.82 11.42 16.80 13.94 17.93 7.34 2.39 15.12 8.85 8.55 11.04 11.87 14.39 16.03 1.53 4.25 2.83 9.17 17.51 19.65 10.14 6.57 1.84
12.21 9.38 16.36 19.93 11.81 2.20 6.03 10.66 5.84 13.00 4.35 10.32 2.05 19.14 15.74 9.73 19.75 15.03 10.08 4.84 12.19 8.48 13.42 2.95 19.52 8.75 1.53 11.43 6.09 18.22 4.85 10.45 16.14 15.70 13.51 19.13 1.67 19.87 8.04 5.98 16.92 6.14 7.19 17.47 16.68 2.70 2.88 9.11 18.91 15.20 12.33 15.79 2.20 3.12 16.57 10.61 12.23 19.28 6.23 13.98 5.83 15.51 15.23 15.12 6.86 6.90 3.24 6.05 7.25 11.66 7.22 12.77 13.61 2.86 19.85 6.32 12.38 13.25 19.97 12.15 12.87 9.44 3.62 12.29 13.64 1.47 9.92 11.31 11.19
14.04 5.13 5.13 1.35 8.96 6.04 19.90 17.42 1.46 11.50 8.97 9.63 13.77 7.05 13.03 5.14 7.70 16.30 17.64 9.30 3.61 16.52 11.61 1.02 11.67 9.44 16.60 13.14 6.79 13.31 13.45 4.44 1.73 10.86 19.66 19.67 11.34 7.79 14.75 5.99 11.45 11.82 10.66 16.33 18.06 13.22 1.53 18.81 11.04 14.99 13.82 16.64 8.64 5.46 17.77 2.16 10.94 13.64 5.35 4.15 15.42 6.72 3.84 2.18 2.27 3.25 1.77 14.33 16.27 8.17 10.89 14.68 11.76 11.99 5.64 6.12 10.32 16.95 16.56 6.16 19.80 16.72 5.76 1.57 5.53 16.15 1.85 1.24 4.75
14.84 2.01 12.49 11.55 19.89 16.63 13.71 13.09 16.06 15.22 3.06 17.35 19.02 15.58 19.59 4.29 18.96 2.28 13.70 5.97 9.68 4.04 19.37 11.61 16.20 14.33 15.01 17.01 19.40 16.77 3.28 7.03 14.18 4.65 14.66 7.69 4.16 7.12 4.41 2.21 3.04 9.71 8.38 19.00 7.99 13.90 8.38 18.89 16.07 14.57 8.37 14.42 17.80 3.82 14.79 8.06 4.88 9.02 7.43 1.17 8.71 16.21 18.89 11.19 13.85 14.55 12.57 2.58 18.64 10.44 6.33 19.83 5.20 10.50 19.07 6.98 15.58 17.62 7.14 10.53 7.69 3.53 6.14 3.71 2.82 3.53 10.81 3.30 17.23
8.03 3.64 18.85 14.30 9.93 12.27 2.42 11.93 4.43 3.88 16.13 18.34 17.32 12.31 2.08 12.06 2.59 9.70 4.77 1.85 15.20 17.97 14.15 4.43 5.76 19.83 1.99 18.12 9.07 5.87 13.52 13.37 4.59 1.62 2.37 5.53 9.54 5.33 6.95 12.08 14.34 8.27 17.42 16.19 9.79 14.46 1.77 10.51 1.07 19.29 17.84 19.53 1.04 1.31 7.39 13.95 3.36 5.50 10.58 7.20 6.40 6.46 11.16 4.64 2.97 4.66 3.06 3.60 11.34 18.27 15.76 2.11 15.52 13.20 4.40 9.52 5.26 19.06 11.18 10.51 9.58 14.42 11.50 3.12 11.74 1.27 10.48 6.43 9.49
8.64 5.59 6.41 18.45 10.38 16.95 14.91 15.18 18.48 5.88 15.90 6.07 7.58 11.43 15.11 7.03 11.50 12.73 15.65 7.27 14.45 4.27 7.39 7.45 1.43 19.77 4.20 9.45 1.85 7.05 9.69 16.47 1.29 18.39 17.09 15.36 9.59 3.78 11.79 13.45 2.59 15.31 4.32 14.92 1.39 10.16 18.93 10.94 17.76 11.30 17.71 15.93 4.38 18.65 13.64 15.40 3.74 11.77 13.82 3.89 18.07 6.63 15.39 11.12 13.81 19.88 17.73 8.84 12.21 18.89 10.65 4.97 8.23 13.29 8.07 8.29 18.78 19.12 12.67 9.75 5.26 15.38 14.06 15.72 5.46 14.57 2.09 17.57 14.32
