99 86 45
8.23 9.71 4.07 16.35 6.88 19.86 11.94 1.16 1.78 4.16 1.06 6.61 11.63 18.84 6.20 13.06 10.92 3.27 6.77 12.87 14.16 9.66 7.51 14.68 8.33 13.22 13.25 18.09 13.05 10.86 16.16 8.49 17.86 16.81 13.82 19.94 17.66 17.30 8.63 17.92 17.38 18.61 19.69 11.12 11.53 10.02 14.01 16.82 11.23 15.20 11.36 7.97 16.06 19.88 11.18 15.07 5.14 10.79 11.76 19.49 11.24 4.57 5.36 6.00 4.69 16.68 17.91 8.63 3.18 19.02 13.98 17.73 15.92 4.79 13.56 4.77 17.25 9.05 9.54 2.81 13.37 6.96 12.71 16.62 6.15 7.99
12.76 11.34 5.40 19.02 10.66 3.52 6.08 17.22 7.06 3.78 16.46 3.11 15.82 1.87 8.97 12.82 16.55 5.33 11.47 13.90 13.52 14.25 2.07 18.58 5.44 5.98 7.72 9.23 10.40 4.14 6.37 15.79 7.19 6.91 9.50 1.99 6.36 10.90 17.99 15.60 7.15 7.27 6.62 11.46 12.81 14.74 12.74 13.86 8.02 17.48 19.00 12.11 3.64 12.71 2.27 14.46 3.80 14.08 2.72 5.74 11.66 17.53 3.59 6.81 12.91 9.18 13.81 5.68 14.42 8.93 6.50 15.42 17.90 1.88 12.75 14.69 19.19 7.94 11.60 15.59 10.60 11.87 13.32 1.47 2.91 9.54
10.29 2.89 13.30 2.35 6.83 4.24 10.20 19.25 13.43 2.75 17.16 6.98 19.85 17.77 7.61 17.98 18.34 13.09 1.77 4.02 4.67 6.25 7.75 1.90 17.41 15.37 9.08 11.62 4.04 17.45 2.30 14.16 9.76 12.20 3.38 3.17 1.98 15.28 15.50 13.20 17.20 19.64 13.21 10.09 11.84 10.00 7.00 16.90 2.90 10.06 11.22 16.48 17.11 2.45 7.16 7.50 8.02 13.60 13.94 12.23 5.74 14.54 10.71 13.24 3.96 5.03 2.89 12.26 2.06 12.94 4.56 17.96 3.80 11.20 18.37 15.41 18.60 8.28 11.12 1.88 15.89 19.26 1.02 19.48 17.17 2.18
14.87 12.17 3.86 17.96 16.62 6.58 3.60 3.32 5.67 1.76 8.72 19.29 7.48 4.25 16.59 6.10 8.29 19.99 16.70 6.42 18.97 3.72 19.24 13.07 13.00 15.51 4.47 9.85 1.36 14.21 6.24 7.57 11.15 19.32 12.64 5.79 5.27 10.23 13.54 19.61 10.93 6.65 13.46 3.10 15.12 16.35 17.60 1.72 6.85 6.62 1.80 12.49 3.10 14.01 18.85 18.11 15.60 9.00 13.68 12.78 16.90 7.52 5.68 3.50 16.07 4.46 13.27 18.38 16.46 15.53 13.28 6.66 9.57 15.50 9.52 2.42 17.37 13.31 5.97 18.98 11.27 8.61 1.84 7.29 11.78 6.41
10.10 15.91 2.95 16.98 16.79 14.97 16.69 2.33 16.31 15.88 2.73 10.94 5.11 15.36 15.69 6.44 4.03 8.90 14.87 1.48 17.19 9.53 1.89 15.16 8.33 4.19 3.17 4.38 2.87 9.81 13.77 19.02 13.89 9.66 7.90 17.80 15.35 1.26 4.36 8.33 1.65 12.49 10.44 3.55 15.21 15.71 1.53 16.90 19.55 13.07 17.06 9.56 2.65 12.12 9.47 10.17 16.79 14.09 9.59 12.30 3.00 4.58 16.43 14.68 8.27 1.06 7.73 3.40 6.15 15.01 11.81 19.35 7.48 6.28 18.00 10.30 5.51 16.09 18.49 1.01 8.99 1.81 18.42 10.12 1.22 9.18
2.45 19.49 19.15 3.10 3.08 15.90 6.04 10.31 19.27 15.54 2.47 12.59 12.29 2.42 15.94 19.99 18.06 1.62 9.60 19.29 12.99 16.07 11.70 9.60 14.58 13.85 5.99 3.66 18.02 13.32 5.48 10.41 19.61 16.44 12.53 14.41 12.40 7.53 16.03 19.46 10.12 5.60 13.80 1.27 8.75 12.02 16.04 6.69 9.31 3.67 2.37 16.62 7.50 15.04 12.66 11.79 18.39 17.17 2.53 9.63 7.63 10.45 11.58 15.96 13.80 16.33 16.12 8.41 11.66 5.71 2.62 2.57 4.50 8.83 18.43 5.07 10.37 13.96 18.86 3.59 1.37 13.76 9.00 10.69 17.30 13.70
8.22 15.28 19.25 13.10 17.29 14.84 17.83 9.73 11.26 3.05 1.74 7.66 15.46 9.51 17.45 4.24 9.84 14.88 16.69 7.15 7.77 13.16 17.70 3.22 14.88 16.09 12.87 1.61 3.69 12.39 9.07 12.27 6.50 12.06 15.83 2.15 1.74 15.27 9.09 8.28 11.35 2.40 16.69 15.28 15.93 2.81 5.02 7.67 6.92 7.15 5.88 7.77 15.87 2.56 12.72 8.13 7.48 10.92 10.59 18.66 12.06 5.57 13.61 18.23 13.68 3.84 18.44 16.95 11.58 9.48 1.33 6.59 6.20 3.75 3.36 17.49 8.19 11.63 13.73 8.44 16.43 4.57 17.35 8.04 18.56 13.16
17.36 5.99 13.74 4.40 15.03 12.30 19.46 11.47 16.60 6.03 3.44 2.63 4.26 9.58 10.77 2.63 17.37 18.40 15.38 1.52 13.89 4.70 12.76 2.29 17.06 2.63 5.93 16.44 14.08 18.54 19.41 9.51 4.55 11.00 15.14 8.67 3.74 19.72 14.79 1.44 17.01 18.55 2.54 4.47 7.61 4.44 1.40 7.78 6.00 13.73 17.39 1.82 11.17 9.42 12.33 5.18 18.00 6.15 11.57 9.79 8.70 9.45 9.56 11.32 9.58 14.18 12.32 9.10 4.20 9.41 7.63 15.72 17.13 3.44 3.54 10.58 15.34 5.47 10.58 19.96 3.15 9.60 15.84 16.56 10.31 9.28
11.46 17.08 4.81 16.71 13.50 16.35 3.15 1.44 3.56 1.36 2.52 12.91 12.28 14.94 4.89 7.44 9.83 17.62 7.20 10.28 8.47 15.81 16.82 4.66 9.57 9.09 2.22 9.06 17.27 15.34 17.64 4.35 4.32 17.53 10.87 12.89 8.70 14.02 13.92 12.61 11.82 13.36 15.99 19.64 18.79 18.37 17.98 4.46 3.07 11.01 3.15 18.18 19.75 16.91 12.59 4.53 16.96 2.18 5.15 6.74 14.61 7.92 17.40 3.79 19.19 7.56 11.62 11.12 15.95 19.46 8.96 18.73 18.57 11.80 3.58 16.04 4.27 8.12 14.05 1.57 1.75 16.25 3.17 6.56 2.76 11.94
8.03 18.80 14.80 3.23 12.09 1.06 7.84 19.09 15.00 17.50 7.03 11.36 7.03 8.41 10.32 9.05 5.22 19.68 8.69 19.72 17.95 11.77 19.44 14.04 5.61 16.16 11.68 6.09 3.16 4.87 7.97 15.79 16.70 6.20 12.33 12.71 5.23 1.86 8.97 12.33 16.18 8.30 8.09 17.06 9.59 12.58 14.28 17.83 19.65 6.24 12.40 3.67 2.54 14.53 13.00 11.78 16.75 12.17 10.49 8.97 18.90 6.34 1.04 14.00 9.56 15.55 9.26 15.37 8.54 2.69 4.57 6.66 19.82 17.25 13.04 8.36 11.00 9.75 1.88 11.27 6.51 13.79 6.38 9.77 3.69 3.07
11.78 5.86 1.53 3.71 18.99 1.65 9.08 4.01 2.04 18.89 10.04 18.12 15.65 3.09 16.54 5.71 3.85 15.00 14.06 10.49 4.22 10.42 15.03 14.83 9.53 5.61 13.69 12.83 18.91 12.35 6.82 6.10 1.07 2.98 18.32 15.40 9.42 7.70 14.11 14.60 14.16 3.14 4.43 3.39 17.16 19.14 14.12 5.38 18.19 3.37 17.13 4.83 3.88 17.71 14.00 12.54 5.98 16.90 9.56 13.79 15.09 7.39 2.78 11.56 16.35 2.40 4.70 17.05 4.58 9.68 3.14 6.61 12.73 15.80 16.90 6.17 15.75 1.38 3.85 5.05 19.33 6.53 5.35 11.49 10.14 1.87
3.85 4.18 15.53 19.07 3.76 4.94 10.14 16.98 14.59 3.70 17.93 2.15 18.23 4.30 4.12 11.64 1.45 6.07 14.91 11.21 16.33 10.23 3.66 10.66 16.29 4.58 5.19 19.09 6.43 12.64 9.94 11.07 3.85 13.52 18.48 9.83 11.73 18.02 4.19 13.64 9.04 17.34 11.18 8.15 7.95 3.06 7.85 4.46 19.76 6.99 12.95 11.93 18.70 18.04 2.86 7.82 2.71 19.85 9.59 7.45 12.50 8.70 7.30 1.92 5.77 2.66 6.97 5.84 6.74 3.85 17.41 6.62 2.88 9.78 12.17 9.81 13.17 19.40 11.83 4.45 8.56 19.38 13.34 14.48 18.78 4.11
17.52 13.74 10.61 5.44 18.95 7.96 15.76 16.80 17.55 5.68 7.01 19.63 3.21 14.09 6.18 12.76 15.61 8.28 5.46 10.71 11.06 15.69 16.18 18.66 8.50 4.13 8.98 15.21 7.43 4.75 6.40 8.87 13.82 7.26 3.87 9.40 7.49 3.99 5.18 2.43 17.03 9.78 11.36 12.45 10.65 2.14 17.60 10.34 6.97 10.34 14.01 12.13 10.62 3.13 3.85 5.91 14.89 19.90 11.26 12.36 19.53 4.58 4.43 16.48 5.98 13.26 8.34 19.44 5.87 16.66 18.81 18.60 13.40 19.51 7.33 16.03 3.15 7.27 12.79 6.64 7.00 18.28 14.16 2.07 11.56 14.34
4.01 14.85 11.21 6.47 3.34 10.03 12.73 1.73 8.88 11.39 1.67 14.65 6.61 1.60 10.58 5.67 1.76 12.18 13.82 19.38 1.36 5.89 1.24 16.62 5.41 11.25 14.01 19.22 14.40 18.21 8.29 15.11 7.50 14.14 19.29 17.71 5.29 16.66 18.85 13.52 7.58 9.71 15.92 10.07 4.14 9.71 7.86 12.60 12.54 13.19 18.47 3.28 7.47 3.86 2.42 12.44 15.08 12.78 13.22 15.55 1.37 3.39 9.00 9.61 16.83 17.35 15.66 4.40 5.08 4.39 4.01 9.01 16.27 9.89 8.79 18.52 17.90 18.99 9.99 8.79 6.43 13.64 19.97 5.86 8.77 17.42
1.36 12.75 9.54 18.58 12.99 15.37 11.86 18.32 8.66 13.04 1.06 5.35 10.29 1.04 11.39 8.50 15.32 11.80 4.41 10.23 5.75 5.08 15.79 19.77 16.29 5.67 16.71 19.37 4.76 2.04 12.41 4.64 8.27 10.32 6.98 8.10 13.08 10.61 19.83 5.18 18.36 4.53 9.26 10.38 5.53 5.16 19.91 17.19 8.56 2.75 6.54 3.67 10.68 1.74 3.37 5.07 10.41 10.33 7.10 19.27 8.21 19.35 1.24 17.29 9.38 17.11 3.65 11.21 12.33 15.91 11.27 4.04 3.68 7.61 18.22 5.34 10.12 9.94 10.65 17.57 2.58 12.71 2.16 9.38 7.31 4.30
13.43 2.33 18.49 7.61 12.62 10.41 4.84 9.13 15.75 2.27 10.51 12.74 3.88 4.42 7.77 5.13 5.72 9.18 3.49 5.68 6.67 4.95 9.78 13.29 16.40 14.31 9.56 13.44 6.96 10.46 4.12 5.25 6.82 11.24 7.99 12.92 12.31 4.41 5.88 3.14 2.68 15.94 13.29 1.89 17.33 14.01 8.89 13.55 12.34 17.53 2.41 9.98 15.38 7.42 18.29 2.10 2.25 18.35 2.69 8.56 14.69 9.57 19.29 14.64 1.09 3.84 4.89 5.98 15.13 2.25 2.57 10.07 6.08 15.75 14.98 5.40 18.41 12.38 13.30 13.84 2.80 5.62 19.24 8.55 4.13 4.12
3.21 16.14 18.90 5.15 14.24 16.84 12.66 13.11 14.54 16.49 13.38 18.99 15.44 16.38 8.60 10.86 16.22 5.41 7.33 15.36 2.10 12.18 8.37 16.86 5.66 3.75 7.54 3.75 17.98 14.41 3.05 10.65 4.33 3.21 13.13 18.63 10.09 10.20 9.33 4.10 10.61 18.40 16.51 12.60 9.59 15.71 10.46 13.81 17.98 4.80 18.06 10.91 14.50 10.99 12.13 19.38 13.29 14.50 10.46 17.55 3.22 14.95 9.21 1.04 8.70 14.45 16.36 2.79 11.85 16.21 4.59 7.21 2.31 18.99 3.36 4.80 3.22 1.43 4.34 10.94 12.18 3.40 15.43 17.95 4.95 8.78
5.58 6.47 4.25 13.46 16.90 8.33 5.12 3.19 14.27 5.76 4.36 16.87 12.19 14.46 3.09 11.45 13.98 5.20 15.34 19.72 15.65 9.46 13.13 16.56 10.23 6.35 4.79 15.68 18.59 14.73 19.85 11.73 7.75 11.84 15.26 7.50 1.89 5.97 6.00 6.05 1.24 2.26 13.53 12.55 12.69 11.05 17.64 4.61 6.79 3.48 11.29 18.09 16.87 7.34 6.23 15.78 9.42 16.04 15.82 6.03 4.40 9.99 18.39 7.68 14.02 9.85 9.68 10.76 10.33 18.92 5.02 15.80 17.77 5.45 10.01 3.91 14.55 15.77 10.34 8.45 17.22 3.91 19.19 4.23 1.16 11.79
4.67 15.93 5.31 8.10 12.68 8.90 12.42 16.86 19.33 12.87 13.15 3.87 11.08 19.40 19.90 18.63 10.04 12.22 5.36 10.72 17.53 5.17 19.49 19.20 4.16 11.26 15.74 7.97 10.37 12.00 12.50 9.43 12.40 16.91 11.65 5.88 6.54 19.88 9.44 15.36 9.70 3.70 2.36 11.02 5.86 2.44 7.87 18.56 6.43 9.61 6.82 1.07 8.29 5.31 17.92 16.34 3.10 8.07 5.45 7.65 16.83 4.82 14.46 7.18 14.83 8.07 8.13 17.16 10.09 13.23 19.46 12.42 18.17 4.82 9.53 5.56 5.48 13.39 2.15 9.60 15.20 12.15 14.83 14.29 17.86 15.55
7.13 19.05 1.01 3.68 11.48 17.86 12.01 5.12 3.01 3.67 2.07 3.64 3.76 11.77 9.86 4.60 17.60 7.76 10.42 4.12 16.43 10.04 9.85 16.12 16.57 12.27 7.88 18.40 5.67 3.72 10.44 19.93 3.50 10.11 14.59 1.10 19.77 14.44 10.04 5.72 14.69 19.80 1.32 9.06 10.57 11.32 10.05 13.97 3.68 9.18 13.67 12.98 9.79 6.78 1.38 10.69 8.21 2.30 15.41 17.75 11.49 15.49 1.20 10.16 7.63 15.86 14.35 16.97 10.20 2.13 1.80 7.57 17.10 15.04 11.48 2.95 6.63 17.19 5.94 8.09 2.72 5.12 19.71 5.19 17.75 11.06
1.55 19.68 15.33 8.66 3.74 4.72 1.87 15.42 2.61 14.25 2.69 19.30 11.69 11.91 8.56 6.17 5.54 15.20 5.06 3.94 5.11 17.49 11.71 1.83 19.41 16.67 9.13 7.87 10.46 18.37 6.84 3.45 18.55 4.53 15.91 15.83 15.36 6.46 14.36 8.78 2.33 2.19 13.06 16.49 1.72 1.16 8.46 9.02 14.67 12.24 19.66 16.88 9.02 1.28 7.09 2.41 18.11 3.56 11.76 1.78 4.05 11.83 4.77 8.73 11.53 4.64 14.88 15.73 15.06 5.49 15.36 10.11 9.87 10.79 9.74 7.40 19.50 7.56 18.79 15.93 7.57 11.14 1.54 15.78 18.80 9.75
12.43 2.94 19.08 5.36 8.66 6.08 12.63 11.38 8.67 1.40 7.40 1.85 9.80 11.13 1.37 16.51 6.51 19.42 16.16 16.69 5.88 10.52 13.42 15.76 10.51 10.44 3.51 9.08 18.18 16.03 4.05 12.73 6.27 19.45 14.05 14.19 1.35 13.84 11.58 5.29 19.31 3.29 17.08 16.16 3.14 16.40 3.03 13.13 2.16 1.51 15.60 7.01 8.92 6.58 13.05 18.35 13.96 16.96 15.23 11.24 14.17 12.31 12.86 3.48 8.90 19.67 2.33 16.75 10.01 12.75 13.84 17.52 16.68 16.90 11.86 9.58 9.78 10.30 3.15 9.74 4.91 6.78 6.81 10.23 7.29 4.40
7.72 16.91 2.77 6.04 4.79 13.73 13.77 19.38 8.45 19.18 12.49 4.75 7.65 12.29 16.07 16.46 8.87 16.79 18.93 16.19 15.37 10.84 6.14 7.91 14.98 10.16 9.76 4.01 2.23 12.96 4.85 19.81 16.58 4.26 14.00 8.25 19.88 8.96 3.19 14.32 15.36 1.57 18.09 11.99 8.15 15.06 12.53 18.61 6.78 4.31 3.86 2.82 17.95 17.07 13.92 19.15 5.17 8.01 6.14 3.68 19.67 15.05 12.24 6.70 16.65 9.44 11.11 18.67 18.98 13.57 9.71 5.39 16.78 18.57 9.67 10.69 11.80 5.69 16.58 19.47 15.37 10.04 5.55 9.00 14.12 14.91
13.56 19.47 13.60 10.69 19.42 3.98 14.36 4.81 8.74 17.96 1.75 16.33 12.84 19.25 3.30 1.41 14.74 9.28 13.59 15.97 12.52 4.10 11.35 13.87 19.86 12.11 17.10 14.92 1.32 9.31 7.40 1.73 14.16 4.59 5.64 7.79 1.96 19.53 8.89 7.20 4.97 5.92 8.64 16.34 9.53 5.60 11.27 5.33 5.99 1.85 6.67 18.48 5.06 8.11 14.81 5.42 6.04 12.58 3.29 10.39 9.66 3.98 2.42 2.61 1.37 1.37 7.89 14.31 1.71 5.02 5.15 15.33 13.02 5.29 3.25 8.85 13.91 9.62 18.31 13.02 13.09 9.97 3.85 16.37 14.75 12.33
10.74 1.09 6.20 19.49 18.45 2.45 19.54 1.60 17.10 8.99 1.05 10.90 4.01 2.61 6.24 14.98 12.64 12.34 10.71 9.65 4.48 9.43 7.54 15.38 19.94 1.33 16.23 3.27 17.57 16.62 12.27 12.57 19.71 1.25 11.25 17.26 2.37 2.49 16.96 6.02 16.10 13.17 13.39 19.08 8.74 1.48 3.89 6.59 3.37 13.55 13.22 7.78 7.74 18.32 4.57 14.80 18.24 10.58 2.37 11.40 14.49 1.04 6.14 14.56 11.63 8.67 1.30 19.91 10.77 17.25 19.48 10.45 2.11 3.61 11.58 5.21 12.87 10.41 15.26 2.91 19.46 13.87 15.77 13.98 11.70 10.45
1.41 1.27 2.86 17.73 16.34 7.71 19.41 16.18 17.87 3.97 1.45 10.87 14.95 8.28 17.98 10.51 8.49 6.66 3.62 3.22 5.28 15.66 5.39 13.55 18.73 4.98 9.77 6.60 11.66 4.51 14.76 18.86 19.71 12.29 17.98 17.74 13.63 11.20 11.09 2.28 14.39 9.32 13.75 17.21 10.87 15.76 13.39 17.28 5.63 17.80 18.93 6.39 6.54 14.81 13.67 11.82 15.00 6.40 6.56 3.30 5.88 12.88 2.33 6.95 10.95 3.28 1.17 3.76 10.19 9.29 1.13 18.17 2.09 4.86 15.00 2.06 10.49 9.88 15.14 3.90 9.64 8.99 6.47 10.67 6.59 16.21
10.84 8.61 15.04 6.04 18.73 2.50 19.58 18.25 8.12 2.18 11.62 12.21 4.69 9.62 15.40 3.27 12.15 12.59 8.64 7.05 5.55 19.21 19.33 2.76 12.24 8.72 17.88 12.49 5.86 2.13 1.42 12.32 16.35 10.74 5.97 13.23 8.55 14.28 7.29 16.10 16.10 10.50 19.21 1.73 13.48 17.74 1.29 9.92 17.53 12.33 18.04 14.93 18.67 4.13 6.13 4.15 16.10 13.79 10.30 4.08 4.69 2.82 11.24 6.48 13.72 19.04 17.40 15.35 9.95 12.67 12.30 14.11 8.15 13.79 3.19 7.31 3.60 1.87 10.80 18.56 6.78 10.34 17.24 19.62 12.21 16.63
5.17 10.04 18.91 13.32 14.44 8.32 19.93 17.34 13.66 19.91 9.35 5.57 8.84 1.34 16.08 9.87 4.82 5.76 13.36 17.60 18.18 1.11 18.70 10.66 8.15 4.44 14.31 2.69 2.54 3.24 6.28 7.16 1.11 5.48 1.54 4.01 14.88 11.31 13.53 16.83 2.21 15.31 7.34 19.46 11.84 3.11 9.22 1.07 6.34 12.51 17.96 4.27 8.20 15.91 14.68 15.88 8.24 7.79 7.24 17.77 10.34 1.67 7.55 1.30 3.50 19.02 5.29 8.57 16.34 18.35 19.99 7.71 5.83 3.77 18.71 10.46 12.24 3.96 19.63 10.36 16.36 19.48 3.00 10.53 18.71 14.62
12.70 12.48 17.58 13.85 10.89 12.94 5.01 9.00 5.90 11.95 15.61 1.20 15.02 11.73 14.56 8.16 16.98 9.17 19.25 13.52 11.08 19.14 16.59 1.63 9.02 13.25 12.42 2.83 9.13 14.08 19.58 3.79 15.67 8.06 19.65 3.73 6.97 9.52 1.34 11.55 5.87 6.84 5.85 16.34 7.94 2.85 11.71 4.04 4.82 3.34 7.16 18.24 15.47 6.43 4.13 2.21 17.39 13.35 14.96 8.21 14.43 13.90 5.83 9.73 5.20 12.14 11.02 8.44 19.99 2.68 8.84 1.88 19.61 4.88 2.00 6.46 8.14 16.43 3.56 3.19 12.41 17.68 18.18 3.55 13.41 17.35
15.41 19.69 7.57 17.42 5.75 5.56 1.74 14.37 4.48 7.84 12.94 8.92 5.05 9.43 1.69 4.01 19.50 18.95 10.81 6.13 3.92 14.15 13.72 18.59 12.50 8.40 3.39 5.16 13.40 4.79 5.20 17.26 7.34 13.86 2.17 15.27 4.66 3.76 14.41 16.66 6.88 12.35 19.05 19.45 7.14 17.47 18.46 1.53 18.91 12.99 3.11 10.91 11.87 19.51 11.91 13.14 13.41 2.98 4.15 13.04 7.39 16.83 4.74 4.25 12.70 16.43 9.21 18.27 6.61 17.91 17.04 8.06 13.61 8.61 12.23 13.88 1.83 7.35 7.29 11.12 15.52 13.25 4.50 2.01 6.34 2.52
5.98 2.37 11.15 4.11 11.91 15.55 6.74 9.47 12.68 19.43 10.57 13.76 18.95 11.59 1.58 14.92 7.56 16.26 3.30 7.93 5.95 9.79 4.08 13.15 17.44 9.69 2.47 6.77 19.12 5.63 2.19 12.77 16.12 1.99 9.85 12.63 5.98 11.29 11.86 9.04 4.06 15.82 11.17 8.41 2.94 17.58 5.49 5.61 16.39 17.45 11.85 3.03 14.09 1.40 1.23 17.20 5.69 9.79 9.36 1.06 1.73 11.92 1.62 15.04 6.09 9.64 10.27 12.84 19.33 15.31 9.43 7.21 16.80 11.01 10.24 1.63 5.23 5.71 5.78 1.71 3.37 14.25 10.45 10.43 6.84 7.20
2.65 12.98 1.67 16.72 11.77 19.69 1.36 14.60 13.21 9.92 3.38 12.42 15.80 5.72 18.99 13.04 18.50 8.81 18.77 13.77 1.42 10.08 14.72 11.19 11.34 13.86 17.32 13.57 6.34 14.89 6.05 8.01 17.54 14.08 18.66 14.44 8.43 8.99 1.89 8.71 11.66 9.00 9.42 16.46 18.45 8.45 13.76 11.07 4.59 12.48 5.48 16.10 15.59 15.05 19.06 9.53 18.54 5.12 4.77 18.10 17.85 6.36 11.81 5.68 12.65 14.87 15.68 16.76 19.53 13.55 7.13 9.52 12.10 16.45 9.97 3.86 17.57 8.80 7.67 10.38 15.42 4.36 14.36 12.51 19.73 3.37
3.08 1.69 6.59 5.14 15.22 6.16 11.11 4.63 14.23 11.86 10.14 16.15 9.08 19.61 12.49 11.73 17.35 16.83 17.50 5.92 8.74 14.70 2.11 19.19 15.85 19.65 1.90 17.79 19.77 18.49 9.80 14.70 1.92 5.55 14.06 6.31 4.93 5.04 5.75 1.02 6.79 2.05 19.65 18.24 2.01 16.41 11.71 6.17 12.29 1.21 19.60 6.94 6.84 13.04 7.88 14.98 2.87 10.93 2.03 6.90 5.97 10.47 14.81 6.75 9.04 6.93 7.28 11.85 1.47 11.36 12.14 10.73 5.60 16.36 13.28 18.68 8.05 18.15 19.08 14.29 2.13 18.43 15.41 1.46 2.74 4.67
1.41 11.37 15.19 11.32 9.90 5.70 17.20 4.10 10.40 8.77 10.36 13.38 15.81 3.39 1.38 6.86 1.79 10.56 2.55 2.34 5.43 11.85 5.01 13.86 8.93 6.73 18.81 4.58 13.62 13.23 14.70 5.25 7.75 10.84 16.78 19.98 1.91 13.28 18.60 4.18 19.40 2.43 15.83 14.68 14.57 1.30 15.63 8.32 8.70 16.38 9.54 9.40 10.38 19.43 7.88 9.28 6.33 5.33 18.29 8.54 11.42 4.23 14.91 3.37 15.18 13.90 11.97 12.56 5.76 11.39 14.47 1.41 12.50 2.40 12.11 12.24 4.07 14.83 6.74 7.48 19.01 4.08 1.49 2.69 4.93 11.85
19.47 16.08 3.57 6.49 17.57 13.09 1.42 15.83 8.32 3.32 6.66 15.89 11.04 5.81 9.19 8.12 11.33 10.10 9.73 1.53 9.82 16.44 1.96 19.39 1.73 5.78 19.08 12.52 10.05 8.51 10.88 11.12 17.30 13.59 6.12 14.20 7.84 2.00 8.54 12.13 9.61 2.38 11.15 7.27 9.06 9.67 5.97 7.15 15.40 7.29 11.77 2.99 18.59 11.57 11.44 10.50 14.63 13.05 3.87 6.56 8.58 3.94 15.09 7.05 15.50 7.98 1.81 3.71 6.21 3.78 13.85 12.00 19.00 6.38 8.05 17.59 15.26 12.01 16.60 8.33 7.45 9.41 3.67 3.76 12.36 8.74
11.10 15.87 11.34 1.71 10.37 13.81 13.80 17.80 15.07 8.51 6.42 16.33 14.08 14.01 16.70 11.06 11.44 3.21 14.51 9.40 18.07 2.43 3.69 2.82 8.32 16.08 8.14 5.01 17.84 2.06 19.94 4.62 19.38 11.47 16.72 7.69 9.02 15.19 3.20 17.13 11.23 7.29 13.59 13.36 2.12 14.92 11.04 15.95 17.75 4.59 10.42 4.20 1.33 18.42 18.56 12.23 8.70 5.02 1.06 6.54 7.32 16.24 7.18 3.82 15.18 3.40 1.17 7.41 13.12 9.63 2.00 5.71 3.29 17.49 2.16 10.97 6.17 5.44 5.15 4.42 19.92 18.21 13.84 10.18 9.45 8.87
7.06 19.85 18.58 11.47 1.90 12.01 2.32 11.09 5.71 3.35 16.03 7.30 5.65 18.25 4.45 3.72 4.78 14.29 17.29 14.19 18.09 10.41 3.71 14.34 7.56 8.91 9.46 19.67 1.70 7.32 7.04 7.80 15.60 4.39 2.02 6.87 9.38 5.46 16.73 19.47 2.80 14.34 5.85 3.37 19.31 14.37 12.39 15.32 6.55 18.65 6.97 17.58 4.14 19.12 8.87 19.86 5.81 7.93 15.40 19.49 4.86 13.66 3.75 14.48 2.62 15.29 2.25 18.91 9.98 17.58 11.18 19.19 3.97 15.49 10.52 18.56 6.62 8.30 18.95 4.03 7.12 18.67 19.32 11.02 8.73 9.43
5.60 1.89 9.87 3.04 17.59 6.51 16.84 17.54 7.60 15.96 5.44 10.25 5.30 8.49 5.53 7.09 16.47 16.30 19.37 6.55 9.44 14.10 9.65 13.69 19.61 11.06 11.31 18.99 9.55 6.90 15.71 13.93 14.16 12.82 5.19 1.61 7.40 7.69 9.87 9.17 2.57 17.93 18.29 10.69 14.42 16.44 17.25 11.75 8.96 18.45 3.45 3.32 4.37 8.41 17.86 11.78 2.68 3.50 14.28 19.04 13.81 5.34 2.45 1.22 9.42 5.26 18.62 10.33 19.72 13.23 3.17 16.72 1.14 7.19 15.66 15.17 11.40 10.33 15.28 14.36 5.69 5.14 13.17 1.09 14.46 8.32
3.52 4.44 13.50 12.13 18.62 8.72 10.52 10.58 17.69 16.53 2.19 11.93 4.46 10.88 18.63 16.10 1.50 10.28 11.97 19.51 14.52 8.70 10.63 17.23 8.28 11.03 19.58 12.41 10.21 7.70 10.78 3.53 3.64 17.03 19.19 16.61 16.43 1.36 8.52 19.91 14.97 3.50 18.26 18.67 1.51 9.08 14.51 5.99 12.89 9.76 19.07 3.46 16.57 11.78 15.30 7.60 4.29 1.55 11.16 14.31 19.99 8.47 11.25 9.89 5.46 10.73 3.32 11.64 7.52 9.50 7.44 6.42 4.26 1.81 5.26 2.12 12.96 1.91 13.40 13.35 6.81 1.33 11.68 6.15 14.69 15.40
18.12 4.05 12.19 4.63 19.89 7.02 13.94 13.87 10.79 19.97 12.00 10.92 15.18 18.86 5.75 13.12 7.92 2.61 4.96 11.03 10.48 16.96 16.08 3.71 11.24 13.65 2.85 12.48 5.00 13.24 18.39 7.98 15.28 13.03 9.17 5.40 18.62 12.93 11.11 13.09 15.77 1.90 5.08 14.41 3.61 9.89 14.85 4.91 15.41 12.76 9.57 4.16 17.30 2.05 19.69 4.47 7.80 16.21 19.58 6.13 8.47 8.11 15.36 2.54 13.59 15.16 13.45 12.35 3.42 12.37 13.19 1.31 8.20 16.38 4.68 13.91 5.23 1.23 7.25 6.98 9.44 18.26 18.64 6.83 10.90 14.74
6.52 8.39 14.70 16.03 18.69 13.92 4.73 3.87 18.81 3.63 18.33 19.73 18.44 18.28 13.09 3.72 9.86 6.14 2.83 11.25 5.93 7.09 3.72 7.77 6.73 15.73 3.16 1.33 17.60 6.72 16.73 10.42 11.26 17.74 3.65 4.53 14.74 1.44 1.42 1.42 15.85 6.65 18.98 9.44 9.85 2.89 4.08 7.76 16.30 14.60 13.25 6.10 8.66 19.07 10.94 6.84 17.02 6.95 2.65 18.27 15.60 18.22 3.68 13.97 1.21 4.54 4.55 16.42 18.54 11.52 7.13 18.88 17.80 6.74 11.93 18.51 18.54 19.63 9.40 1.73 3.01 5.86 8.28 18.23 6.51 15.56
2.07 11.91 7.26 8.99 10.91 11.28 14.49 4.27 13.34 12.36 16.41 7.42 10.43 17.65 6.95 4.05 10.17 10.61 9.80 18.82 7.45 7.94 11.20 1.84 7.20 15.35 7.40 11.98 15.80 19.22 14.44 8.07 16.70 6.78 5.33 16.75 19.33 14.43 17.73 13.80 7.79 15.96 2.65 18.05 9.66 3.71 11.24 12.78 5.49 8.32 3.23 10.12 9.53 6.68 3.46 11.37 3.32 7.14 18.67 17.84 12.33 18.07 10.26 3.63 5.25 12.84 19.29 1.09 5.42 7.36 15.59 18.69 15.23 4.65 7.92 1.75 8.33 16.81 4.02 9.80 16.27 6.84 10.91 5.71 2.45 12.06
14.06 6.18 16.17 7.98 4.76 11.43 18.00 15.29 8.32 6.51 10.44 3.23 12.37 12.09 10.99 19.23 5.49 8.90 14.16 9.76 8.08 13.93 17.39 4.75 12.65 2.05 3.49 8.33 3.34 18.02 6.08 8.18 19.58 5.17 4.88 5.94 9.34 18.24 14.48 8.05 3.92 5.14 13.36 6.72 3.60 12.10 6.83 5.05 19.93 17.02 6.77 4.46 7.65 9.98 11.87 5.72 16.47 18.21 18.62 8.30 19.24 6.78 14.22 7.03 19.07 14.63 14.04 7.21 19.86 8.12 18.01 13.84 6.26 1.25 2.53 3.64 4.19 7.73 2.60 6.92 14.59 17.78 15.56 1.83 18.93 19.60
7.17 15.41 13.79 19.80 3.80 5.23 2.38 15.29 5.94 8.99 11.19 10.86 9.38 3.02 13.22 11.37 1.69 17.39 16.41 11.09 19.39 8.08 14.41 12.13 1.94 7.76 19.53 8.96 3.21 17.60 19.90 16.43 19.38 18.71 8.62 8.07 8.68 12.22 14.75 10.02 17.55 5.53 16.55 3.84 5.22 16.48 8.23 8.83 8.60 8.17 5.51 8.39 15.53 1.95 2.65 2.31 7.05 14.20 13.32 17.55 18.43 7.70 5.49 1.70 17.61 6.08 10.96 5.82 19.01 12.48 5.96 2.42 13.64 2.33 18.12 1.58 8.35 6.15 12.30 16.07 1.72 3.67 18.63 16.73 13.41 3.77
11.85 8.58 5.82 18.99 19.06 13.06 11.23 5.89 18.33 5.72 3.99 3.63 10.31 13.40 11.34 3.61 9.47 4.78 7.71 15.65 12.98 16.51 8.48 4.04 18.69 8.37 16.80 10.37 4.91 1.49 18.05 2.92 13.63 4.25 2.57 7.03 1.81 17.65 18.88 10.54 3.77 14.33 18.12 9.37 10.43 18.85 1.09 13.39 18.05 18.32 14.65 14.78 9.99 13.18 19.88 3.73 19.64 8.79 16.27 7.27 8.10 16.18 19.68 15.85 5.66 14.64 16.47 5.48 17.32 8.21 18.17 1.38 17.55 5.94 9.90 7.48 13.86 12.39 11.89 9.20 10.85 1.06 16.24 16.95 14.15 3.64
18.34 6.99 2.67 1.85 11.24 10.59 13.17 19.47 13.48 1.70 14.57 7.41 4.91 16.62 3.46 13.83 16.85 6.97 13.43 6.71 11.43 4.18 5.52 12.14 12.66 5.12 1.56 13.18 9.09 12.66 9.66 5.35 16.42 4.40 13.15 2.98 6.51 13.13 13.51 8.27 4.28 18.79 19.43 14.93 1.39 9.55 18.07 17.65 6.99 14.85 19.91 7.47 5.98 15.34 12.37 7.28 12.89 18.94 8.48 6.42 3.96 3.41 10.18 6.73 3.13 11.07 19.78 12.82 15.24 19.17 19.67 2.77 4.45 19.73 14.62 12.24 17.44 8.77 19.31 2.19 2.43 10.48 14.65 8.22 16.41 7.20
10.42 5.13 18.41 9.18 9.27 12.15 7.98 6.52 1.70 5.79 1.45 17.56 19.14 11.49 9.93 11.23 4.40 18.63 6.63 9.91 14.73 11.61 7.55 2.05 17.80 17.24 8.06 8.49 14.94 10.14 17.87 7.98 7.48 17.16 1.96 4.68 16.19 8.86 11.04 2.70 8.68 11.65 15.81 13.58 18.49 15.01 6.18 3.34 17.95 13.09 5.31 3.13 13.19 3.30 15.15 16.26 2.29 5.11 14.32 12.95 8.39 13.06 16.29 12.82 12.93 4.15 19.75 19.79 5.88 16.17 6.83 7.04 11.46 19.75 3.22 17.88 16.30 18.92 4.71 9.73 11.19 9.78 1.00 19.16 16.71 4.28
9.01 7.46 13.13 16.41 3.89 19.37 3.30 1.55 17.80 17.86 19.93 5.10 9.99 9.91 4.86 16.58 13.22 9.14 6.68 16.69 17.61 5.59 12.87 11.76 8.25 8.56 8.16 3.33 8.80 11.96 18.98 10.02 16.33 3.31 2.41 2.59 4.92 19.62 7.79 19.71 18.11 18.63 13.26 3.98 17.81 7.19 15.47 17.63 6.70 5.86 16.75 8.77 16.42 17.41 3.60 16.57 7.96 9.56 13.07 11.34 7.91 16.93 13.61 3.05 16.06 6.51 3.24 7.33 5.93 15.53 17.40 14.04 11.09 2.90 8.38 18.43 16.60 14.33 6.86 1.33 18.75 7.51 2.49 8.87 16.61 5.32
8.07 17.49 19.68 10.34 3.89 16.64 16.76 10.83 2.62 5.79 18.20 1.92 7.61 11.56 14.46 9.39 11.65 18.23 2.03 6.50 5.79 8.28 14.29 12.60 11.25 7.79 13.00 10.42 19.31 2.73 10.08 18.87 2.40 12.44 7.91 15.31 3.62 8.63 6.94 1.92 1.38 9.94 3.76 13.44 18.09 13.97 15.02 7.07 9.02 12.35 19.03 9.02 9.24 19.02 9.39 13.52 17.92 2.99 2.89 9.92 7.82 11.33 18.99 18.30 5.28 14.09 1.49 10.65 10.22 9.83 2.23 16.47 1.77 2.32 15.45 11.58 11.60 18.12 3.41 19.28 14.90 10.08 19.11 11.25 16.20 12.42
3.59 7.46 6.65 3.94 14.61 14.48 15.90 13.49 18.16 1.95 8.67 18.23 7.02 6.88 6.82 19.60 1.37 1.09 11.50 9.87 4.07 16.99 19.15 16.47 14.58 11.05 1.03 15.34 7.29 1.41 14.07 11.35 14.59 11.82 12.28 12.48 17.23 5.57 4.65 1.94 5.79 2.16 3.26 1.20 2.80 8.38 19.43 10.37 12.63 7.88 15.54 14.75 6.34 16.16 10.15 4.80 12.54 8.61 2.66 9.47 6.48 9.93 17.49 3.05 19.97 8.41 12.34 16.21 5.65 1.88 10.01 8.25 7.92 4.25 18.00 15.37 15.91 3.68 9.69 19.03 14.64 17.14 4.43 10.66 14.27 12.59
16.55 16.42 3.18 4.79 5.78 10.99 17.32 13.99 15.96 11.54 2.35 10.02 9.80 10.82 13.45 18.89 18.33 1.63 12.01 13.34 4.61 2.83 1.17 8.88 4.81 1.14 9.47 13.02 2.55 13.29 8.12 12.38 7.71 2.40 10.19 11.82 6.60 14.47 7.88 13.67 17.48 3.93 11.54 15.49 14.27 15.52 15.94 18.13 18.33 8.27 13.30 16.44 12.38 16.40 10.77 12.16 19.56 9.27 11.08 14.24 11.96 4.25 9.36 3.47 19.47 7.28 17.19 16.57 7.50 10.41 13.34 15.58 4.51 1.69 6.30 17.43 17.80 6.72 4.38 10.08 9.62 15.15 5.14 17.38 15.68 12.16
11.28 7.85 12.08 14.77 13.42 15.29 5.40 8.86 11.83 3.13 13.02 12.05 4.10 11.61 19.48 1.13 8.95 13.71 17.71 9.14 5.72 15.07 17.42 11.92 7.22 9.64 4.96 2.82 4.89 18.19 14.28 12.08 14.78 1.56 12.24 17.21 16.96 15.32 13.87 4.57 9.14 2.04 15.74 16.54 10.15 18.99 13.59 7.82 16.49 7.38 18.84 14.32 16.54 14.95 8.84 16.78 7.54 15.59 1.39 13.19 15.94 13.25 12.30 19.83 16.91 10.50 16.52 5.42 19.01 12.14 7.61 1.10 6.43 10.21 12.61 5.31 10.55 13.01 7.94 9.36 5.16 3.13 19.03 12.94 8.63 10.78
5.24 18.95 6.86 17.52 4.38 19.84 7.16 2.71 15.24 10.58 10.56 19.71 8.39 14.84 15.58 19.41 6.24 2.98 8.32 9.37 10.66 12.07 14.02 16.35 4.43 13.09 12.70 12.56 1.58 19.67 12.06 7.50 8.91 16.63 4.35 11.30 5.61 4.65 8.72 15.70 13.14 1.65 6.25 4.62 17.31 17.41 3.95 7.15 11.06 3.04 14.86 15.19 11.89 8.14 19.25 5.00 10.22 16.65 8.86 4.14 15.47 2.15 3.82 18.26 2.18 3.63 8.02 4.37 14.76 4.12 18.45 10.51 1.20 2.70 8.04 1.22 16.24 15.24 8.58 17.88 18.32 8.32 3.76 1.48 1.05 7.65
5.68 10.72 12.61 9.54 19.14 2.90 12.66 12.99 17.68 8.07 6.45 19.58 18.14 6.09 16.68 7.60 17.62 8.61 10.50 2.17 7.85 19.48 5.11 5.31 17.95 17.67 1.12 9.93 16.54 18.97 19.07 2.95 4.77 2.34 13.61 3.93 1.17 5.16 5.35 17.49 17.46 19.23 15.94 15.17 1.49 12.88 19.75 9.64 9.03 15.06 8.82 4.61 2.04 4.89 6.22 8.19 17.15 3.82 18.77 11.25 4.53 3.13 1.28 3.67 19.51 15.45 19.31 12.38 8.18 4.97 16.45 19.91 14.07 7.71 8.46 4.12 9.27 8.01 7.46 8.60 5.38 2.47 11.32 19.62 7.20 6.55
13.92 19.96 9.17 5.47 18.45 7.97 14.44 2.47 19.55 2.93 16.34 18.12 11.30 15.90 10.61 1.48 7.78 7.15 10.88 5.41 5.22 10.51 3.86 11.33 10.37 12.01 1.79 10.25 11.85 8.98 11.51 1.26 10.74 6.98 19.30 14.50 11.18 7.54 2.28 9.91 13.30 6.27 10.09 14.37 3.54 13.48 5.15 11.62 3.71 10.80 10.17 4.15 1.96 3.42 2.84 2.15 2.31 6.51 13.20 15.69 3.46 18.02 16.12 18.39 9.21 10.68 5.06 5.59 6.98 11.89 13.94 9.60 13.24 10.22 8.77 17.86 7.52 13.13 13.64 4.44 9.13 14.05 9.86 11.73 15.25 15.16
4.73 6.60 5.31 15.29 2.83 11.43 10.22 5.02 5.63 6.10 3.45 5.25 16.97 6.33 10.44 14.54 18.09 15.86 2.64 17.45 5.81 2.64 16.81 14.45 10.93 10.55 13.52 13.87 7.87 16.82 10.36 3.13 18.45 15.48 4.43 9.94 5.84 12.61 5.33 2.41 12.49 18.44 19.11 4.31 5.19 13.06 14.29 15.00 5.70 3.46 6.62 16.82 16.61 1.33 13.04 9.83 6.10 16.18 13.80 2.15 9.31 16.41 13.79 13.20 4.80 3.56 10.83 18.49 13.77 13.61 4.24 13.04 10.58 14.11 8.30 3.99 18.16 16.32 16.06 12.72 10.32 8.56 16.26 19.35 9.95 7.41
4.42 1.80 3.92 12.76 1.43 3.52 1.01 13.70 5.90 10.86 14.33 8.88 10.74 10.57 9.35 19.58 14.26 19.30 9.91 10.65 14.17 3.04 10.44 14.54 10.76 12.25 7.72 16.02 9.52 10.27 13.86 16.71 2.57 11.04 5.58 4.08 5.18 7.06 9.46 1.29 4.45 3.43 14.48 4.43 6.62 5.52 12.87 12.37 19.69 5.69 5.20 6.71 16.02 3.29 4.84 12.82 9.09 7.57 10.67 16.14 13.95 12.23 5.60 19.25 8.31 10.61 12.61 14.60 1.52 11.96 16.12 6.77 9.79 17.72 16.99 6.84 17.39 10.39 15.22 9.77 1.19 19.21 7.68 14.02 6.33 11.56
4.48 17.02 6.40 6.89 11.40 5.29 2.32 13.04 13.69 13.49 17.88 19.35 17.64 6.41 1.95 8.10 18.42 7.66 4.77 12.83 4.75 18.63 12.24 7.37 8.61 19.74 19.59 10.54 3.12 2.49 10.49 14.99 15.76 18.19 16.46 11.22 13.93 1.44 15.67 19.97 6.62 2.52 14.22 12.49 11.45 13.77 5.14 13.05 6.30 16.11 16.81 12.01 16.51 9.25 2.54 7.62 7.80 7.91 13.19 19.84 13.24 19.94 18.40 13.75 6.66 8.30 18.00 16.26 16.00 6.92 14.94 6.71 6.76 16.30 12.56 12.41 3.52 5.25 7.63 19.61 8.56 4.00 7.76 13.82 13.18 16.58
16.09 2.72 17.83 2.63 4.58 18.43 11.36 4.49 7.55 14.67 18.77 5.98 13.17 13.44 7.89 2.02 2.59 3.04 4.60 15.86 12.99 13.95 17.74 17.68 18.47 11.03 16.04 12.77 2.23 7.01 1.83 4.29 7.46 7.44 6.14 10.73 16.43 9.53 17.98 7.47 4.40 12.15 11.82 18.10 7.19 10.48 6.80 2.30 14.64 15.65 11.81 12.59 17.56 4.68 6.06 9.91 3.94 17.38 6.62 7.25 1.36 14.11 3.68 11.31 7.17 2.87 1.11 13.55 6.00 11.82 18.22 9.79 2.82 12.26 4.80 17.72 18.39 12.85 15.29 2.17 2.75 16.69 18.33 11.90 10.05 3.45
3.77 14.01 5.19 12.23 18.42 14.71 2.31 7.11 15.33 10.24 9.37 2.55 9.65 19.46 4.64 11.62 15.03 18.41 4.50 2.04 9.46 14.74 16.94 13.79 1.94 6.19 3.38 6.66 8.42 12.85 16.03 13.56 18.31 12.44 17.85 15.56 2.52 9.07 9.03 8.86 17.55 17.84 7.43 12.57 8.47 5.13 16.99 7.43 14.42 3.59 5.77 14.61 9.43 2.58 17.91 16.59 15.83 15.99 1.24 9.11 15.12 7.70 1.72 13.71 15.96 13.01 7.17 6.18 7.43 12.11 8.69 13.89 10.67 5.65 9.13 18.38 2.98 17.29 12.93 7.40 10.56 18.95 14.68 13.54 7.39 16.37
13.77 16.19 1.67 16.53 10.77 19.23 16.42 18.59 3.35 2.85 14.13 13.94 4.00 15.87 9.32 5.79 15.91 10.29 5.33 10.40 18.44 5.22 4.73 12.27 1.11 12.16 1.46 3.91 7.50 9.73 4.55 17.30 8.56 12.59 4.52 9.86 3.15 14.17 19.92 9.15 7.88 16.36 6.30 15.21 10.21 15.27 2.61 13.33 16.73 13.35 6.54 7.83 6.07 8.53 5.00 7.37 6.93 5.04 11.59 2.45 14.48 13.04 5.18 1.30 18.57 16.10 6.98 4.60 8.18 15.26 9.70 7.83 9.26 6.22 9.34 4.73 13.23 6.83 16.25 15.26 10.71 8.61 6.29 16.85 8.03 19.00
11.75 7.20 1.18 5.89 18.79 5.11 5.91 13.90 12.18 8.29 13.05 8.82 10.03 3.83 11.43 14.22 7.03 12.85 9.65 16.19 7.31 11.40 1.74 2.09 2.98 16.32 14.30 16.13 18.24 14.72 16.54 17.42 11.55 18.43 10.47 5.84 2.96 13.31 15.73 12.25 8.27 5.27 4.14 15.19 15.00 18.49 10.42 15.27 12.20 18.71 1.96 10.17 10.08 5.70 10.08 17.75 12.54 3.56 9.00 7.73 10.82 19.34 4.05 16.43 7.03 15.24 12.58 10.62 15.51 5.84 7.31 13.28 6.32 5.83 4.19 4.91 2.38 3.08 19.20 18.86 8.40 2.34 9.70 5.90 14.43 2.16
8.85 1.29 7.57 18.54 2.94 3.38 13.13 5.42 10.09 1.21 6.29 11.09 4.55 13.01 1.13 13.86 16.78 2.54 1.57 2.35 18.10 9.35 3.67 3.35 4.85 14.44 13.46 1.40 2.52 4.84 10.83 2.21 10.77 12.94 12.69 11.85 8.85 3.02 12.54 7.33 17.86 16.45 19.75 12.24 5.51 14.33 14.82 16.28 11.55 3.14 4.99 8.64 18.16 12.95 8.05 14.14 15.31 1.07 6.84 10.23 13.79 7.27 8.61 7.09 17.97 3.99 10.59 2.11 14.19 18.71 7.58 6.31 3.85 15.55 13.11 18.98 19.50 15.31 4.56 18.92 4.07 9.91 17.26 5.53 19.49 18.97
1.13 12.86 13.53 11.77 12.45 10.22 8.40 12.98 13.78 1.42 19.79 16.72 4.14 18.33 9.08 18.77 6.69 2.44 9.05 3.75 18.13 12.46 1.14 14.94 11.09 7.88 18.18 12.39 16.19 6.51 10.47 5.39 14.11 8.23 6.99 7.13 16.15 2.02 13.94 13.87 3.08 12.89 10.64 13.56 8.97 3.43 19.87 16.05 4.22 16.99 5.92 10.55 3.27 12.27 8.08 6.69 13.81 9.89 14.42 2.01 7.09 7.03 7.78 3.50 18.21 1.98 15.67 1.81 15.74 16.92 10.77 8.07 19.49 2.04 13.37 15.36 6.05 6.25 6.83 4.85 4.03 12.81 10.19 10.61 1.28 14.87
3.34 14.24 17.41 19.18 2.67 9.31 16.88 12.90 6.61 14.20 5.38 4.07 7.12 13.73 7.16 1.69 1.79 19.72 5.94 18.80 15.77 8.32 17.03 6.10 10.70 2.61 6.11 11.99 5.67 19.45 15.52 5.92 8.03 12.82 1.05 19.03 4.10 17.62 16.79 9.87 14.80 14.42 16.60 17.83 12.66 16.00 6.14 13.00 18.17 7.12 7.23 2.45 7.20 13.65 1.10 5.67 16.55 9.32 7.92 16.86 12.00 15.16 14.61 14.49 5.61 4.52 12.39 1.14 7.90 4.76 6.00 13.27 13.96 11.66 16.13 1.71 8.05 17.74 9.42 19.93 9.20 7.03 5.21 11.52 4.41 16.63
7.14 17.62 9.80 5.47 19.29 19.65 14.93 18.58 9.11 9.00 5.27 1.58 9.47 9.74 16.17 16.24 16.94 14.37 16.17 17.17 2.99 13.53 2.19 9.62 13.61 10.73 15.76 17.19 16.93 7.78 11.84 13.50 12.35 1.82 16.12 5.05 14.25 14.19 18.95 1.83 3.83 18.77 3.31 14.39 8.35 5.82 1.09 7.48 8.99 13.61 12.63 8.34 15.04 7.98 5.79 13.14 19.40 11.69 1.09 2.77 7.72 3.52 19.32 7.75 3.95 6.48 10.21 11.21 9.06 4.58 7.02 14.96 18.14 14.38 14.99 6.14 1.91 10.51 3.51 10.18 3.38 15.57 5.51 17.69 14.85 8.07
12.17 13.34 17.88 14.10 19.88 17.61 4.69 10.38 1.14 2.35 1.39 11.54 13.44 16.60 18.20 16.64 9.82 16.96 10.19 8.09 14.19 11.58 4.43 17.53 13.36 15.36 17.04 19.76 5.02 2.90 16.92 2.34 1.47 12.27 19.79 12.11 15.49 5.00 5.46 7.40 13.91 18.40 7.87 2.00 6.68 11.05 16.42 9.52 9.72 5.46 16.32 1.93 17.27 12.44 13.47 14.18 9.82 17.99 15.57 16.13 3.33 10.16 17.12 19.28 3.52 10.62 7.91 4.65 16.84 5.68 19.67 18.63 2.23 15.36 2.85 2.88 17.20 18.09 9.56 16.40 3.32 9.73 16.33 16.23 12.92 13.57
11.18 11.69 19.66 2.38 12.03 17.76 17.79 6.39 17.67 12.46 18.26 3.71 4.35 2.21 14.94 10.56 13.07 2.36 4.79 15.72 12.46 14.53 15.94 9.85 2.66 14.31 18.71 14.77 18.77 10.34 16.45 1.52 7.95 10.42 15.43 14.09 4.87 5.84 2.82 16.77 19.32 13.51 10.71 17.84 15.90 2.78 8.51 2.46 3.31 9.75 18.65 12.51 7.46 2.55 2.45 5.57 4.09 8.27 5.97 5.09 7.06 18.28 5.98 6.02 18.55 10.19 12.67 10.27 6.90 9.31 11.44 8.53 1.71 2.73 7.30 15.85 19.96 8.83 12.98 13.23 7.66 4.65 14.79 5.29 4.69 11.60
14.60 8.75 17.53 1.58 14.02 17.21 17.15 7.20 15.13 13.34 17.63 15.11 9.22 15.13 12.90 8.94 11.27 4.98 6.57 9.69 1.09 10.77 19.05 4.02 10.96 12.83 15.58 7.02 19.96 18.88 13.01 13.30 17.85 1.96 12.45 12.12 2.83 3.49 19.17 1.13 12.64 18.99 12.14 11.04 13.62 9.72 19.47 11.25 16.49 10.12 17.97 14.26 2.15 13.54 1.08 3.75 9.28 10.68 2.07 11.18 5.21 5.10 6.13 4.56 3.70 2.38 16.56 9.42 2.63 18.75 14.84 10.31 5.40 16.09 12.06 2.76 19.60 14.37 11.83 9.58 18.94 18.01 8.01 11.17 18.11 18.91
15.70 11.63 6.98 11.86 14.34 3.86 7.10 14.71 19.98 8.88 7.92 5.78 11.01 13.45 2.55 18.56 6.09 13.51 17.96 18.82 15.41 15.59 2.56 9.96 18.84 8.02 14.07 3.15 15.97 1.49 6.48 9.75 5.33 13.09 5.44 14.79 12.87 12.80 16.95 7.53 2.92 1.94 9.56 11.10 2.32 4.94 9.13 15.46 3.97 16.25 3.93 8.77 12.95 3.74 16.86 4.57 7.54 14.09 17.28 19.51 8.54 13.35 13.06 9.38 7.79 8.99 6.15 11.68 5.98 19.23 4.10 3.71 5.22 15.40 4.10 15.43 12.31 4.89 15.98 11.58 10.09 7.74 19.44 6.94 6.38 5.99
7.63 16.82 19.66 2.43 13.39 9.46 16.40 11.31 17.29 10.84 14.97 4.04 14.45 16.11 8.93 19.66 3.89 16.34 10.59 1.41 13.19 13.68 15.50 10.11 19.28 16.70 19.60 7.40 4.59 12.22 1.88 17.15 16.20 1.22 17.18 7.62 3.56 16.92 5.47 14.46 6.46 2.14 5.91 12.27 13.92 7.83 18.26 1.25 4.11 8.99 17.58 15.45 1.88 17.64 9.47 15.37 13.25 10.47 19.52 12.77 2.99 15.89 10.28 17.32 12.19 14.39 7.49 15.94 8.97 16.15 9.19 4.39 17.64 2.68 1.03 3.84 14.12 10.38 6.22 19.66 10.67 10.03 2.43 14.98 6.29 19.49
3.24 7.13 7.22 5.49 13.24 18.89 4.55 18.25 16.72 1.76 16.66 12.76 18.52 8.31 9.48 8.89 17.70 7.93 16.11 7.37 1.33 9.99 5.02 7.38 5.02 10.35 7.25 13.45 15.53 19.92 13.86 16.05 6.67 14.42 16.57 14.25 12.36 10.94 13.17 4.22 12.21 16.52 11.39 10.05 5.67 1.77 1.40 11.93 2.03 7.96 5.47 16.28 3.92 1.59 5.52 8.84 7.84 1.34 16.52 7.99 11.72 8.83 9.58 7.57 15.96 11.55 12.01 14.97 18.46 3.70 15.07 11.58 6.45 14.80 12.19 2.95 4.82 7.96 7.35 14.68 3.77 11.09 5.56 8.02 6.78 7.42
2.82 19.16 19.86 14.86 4.22 5.78 18.39 2.61 9.03 6.08 18.32 6.92 13.59 16.70 10.37 5.00 10.73 4.78 1.46 13.61 3.87 12.18 9.09 11.07 1.62 16.74 6.91 18.15 13.89 5.75 18.69 5.97 15.08 15.88 6.42 15.97 1.46 19.37 2.05 11.11 8.03 5.58 16.00 11.05 9.12 2.17 17.96 2.19 11.35 13.72 12.52 7.25 19.36 1.91 16.46 9.12 15.12 5.11 3.48 12.36 1.20 8.78 13.53 3.19 4.67 18.21 9.01 6.90 4.93 16.56 5.03 11.50 14.04 18.70 15.29 4.63 16.43 9.05 5.01 14.65 7.74 9.22 1.41 12.18 13.23 8.92
17.59 3.28 18.23 16.51 17.00 13.30 16.89 4.55 2.37 3.86 5.39 2.44 11.86 16.69 12.70 3.95 7.29 2.16 10.39 3.92 2.72 12.23 14.33 15.67 5.86 6.57 2.21 10.71 3.79 17.12 15.36 1.93 2.51 4.58 1.41 1.32 12.55 17.08 12.41 4.43 15.37 13.98 14.09 12.77 5.88 2.11 6.10 9.18 13.98 10.85 3.30 16.95 10.83 17.22 4.46 10.37 13.37 19.24 10.44 7.00 7.21 13.26 10.96 18.91 16.14 5.13 12.96 16.82 14.56 7.53 11.37 13.22 5.55 15.41 12.09 14.64 8.43 7.71 2.46 18.73 9.80 12.80 10.45 5.72 14.54 18.00
4.01 17.39 15.68 5.36 11.75 10.77 11.24 9.15 17.37 6.94 12.00 19.77 18.57 6.11 19.17 17.07 4.17 17.85 11.97 5.16 16.87 10.24 11.86 5.71 10.60 15.66 5.54 17.71 7.53 1.96 17.28 4.79 12.01 10.56 4.15 13.45 10.73 9.43 16.86 18.55 3.42 9.36 1.97 15.68 12.06 2.48 3.82 10.82 6.88 8.45 9.16 2.97 7.40 17.25 7.01 14.77 8.54 15.02 12.76 15.27 1.12 14.70 4.40 9.86 9.71 11.38 8.18 15.02 11.30 8.32 2.67 8.88 19.60 13.33 2.00 13.98 11.69 17.85 12.62 17.50 19.59 13.21 13.44 12.51 4.48 5.89
17.15 16.16 7.82 16.24 16.87 3.90 13.14 12.50 3.32 5.94 14.32 14.40 13.20 6.12 19.20 10.91 17.90 9.47 2.25 2.60 12.08 13.18 15.58 4.23 17.37 14.31 19.51 17.60 2.31 7.82 5.63 10.29 17.24 7.30 1.40 5.59 9.19 11.58 12.45 9.14 11.81 4.44 18.57 4.71 6.36 10.77 1.49 15.59 16.12 4.25 12.26 3.96 6.15 2.31 11.60 16.67 8.63 17.70 8.82 1.95 15.29 7.38 5.64 11.57 18.92 9.75 1.94 8.77 9.96 4.20 11.55 1.86 4.42 7.44 4.23 13.33 13.75 7.14 16.82 19.36 5.67 13.04 7.71 17.09 16.99 16.64
10.84 13.32 12.65 9.72 5.25 15.65 2.35 13.19 12.81 5.10 4.89 3.63 15.25 1.33 11.52 13.50 17.93 15.00 2.10 10.82 14.84 15.66 8.67 9.37 13.20 13.53 13.06 6.50 14.12 6.75 16.80 16.84 14.63 5.35 5.45 19.55 18.24 7.20 1.93 3.36 16.56 14.87 16.14 4.81 14.18 4.92 10.71 7.03 10.01 15.90 15.52 8.03 15.75 4.91 3.10 7.06 8.34 6.72 11.21 19.18 19.90 14.00 9.13 3.53 12.09 2.86 14.00 7.96 19.85 18.11 7.42 16.25 9.58 15.85 16.81 18.66 2.82 18.38 6.76 9.90 11.54 19.02 13.76 2.75 10.43 19.31
17.33 13.26 16.58 19.28 3.29 11.12 12.14 16.43 7.92 12.56 12.92 14.60 12.55 11.03 18.94 2.64 12.65 19.63 10.73 15.71 4.82 17.47 14.20 19.27 2.26 10.44 5.44 7.42 2.98 17.36 11.38 11.97 13.77 18.70 13.48 1.41 5.67 19.12 7.41 16.08 16.28 5.69 12.74 13.69 17.37 9.60 19.05 5.53 11.29 8.71 13.09 2.23 17.87 11.00 1.66 2.61 2.42 9.16 18.58 19.96 8.17 11.62 6.58 12.17 10.94 1.67 6.80 18.78 15.89 9.90 8.85 7.04 10.47 6.56 16.98 11.39 4.91 11.75 19.34 17.13 10.55 19.93 2.80 7.80 11.20 5.73
17.63 7.98 4.66 1.11 10.12 3.83 1.73 16.68 19.98 2.00 8.04 2.23 1.25 12.92 4.27 5.49 18.90 18.70 3.85 12.55 17.37 6.53 12.11 19.41 14.01 16.82 15.64 11.68 16.13 3.51 12.55 13.03 1.82 6.83 6.23 9.85 4.37 7.20 9.38 10.54 15.52 8.20 8.30 10.24 2.08 13.11 5.76 11.13 16.10 15.03 2.01 9.76 6.51 1.95 3.79 16.77 4.20 15.44 9.32 6.10 7.98 11.51 19.98 17.62 5.00 15.71 16.27 4.69 3.77 18.06 15.53 4.74 3.85 16.57 16.88 15.15 1.48 2.53 2.84 10.35 18.96 10.47 1.42 17.62 19.46 10.77
8.13 2.90 18.72 18.85 7.20 15.56 9.50 15.76 15.81 14.98 2.97 11.92 4.87 2.84 15.07 12.33 13.90 3.27 17.95 8.79 3.83 6.46 6.39 15.24 6.95 5.49 10.60 10.86 18.00 1.04 18.40 13.22 13.32 17.13 9.49 7.88 7.25 15.66 14.99 10.07 10.14 11.95 1.02 8.52 15.93 2.00 4.01 6.30 12.46 7.64 6.67 10.38 9.45 19.17 7.32 10.06 11.98 10.47 14.18 12.73 10.06 8.75 19.19 14.65 10.53 7.81 8.07 11.93 6.05 10.40 10.78 15.16 14.10 7.74 8.65 2.07 9.89 4.83 10.74 19.90 10.12 14.35 15.42 7.17 13.53 1.22
17.17 18.31 2.17 6.14 16.21 13.27 7.15 4.03 12.33 7.26 12.56 17.93 14.16 4.67 4.08 17.37 4.12 4.94 16.90 9.58 18.45 1.66 17.90 19.20 12.98 8.86 15.30 19.07 8.54 7.21 13.30 13.52 6.07 5.09 15.26 2.34 9.88 13.69 13.40 4.97 7.00 7.31 14.09 17.82 5.34 14.88 19.71 17.97 5.50 14.86 16.35 9.62 5.23 7.66 3.56 12.87 3.29 12.19 8.90 17.60 5.94 1.05 11.89 4.88 3.59 12.87 13.73 16.69 2.68 10.22 17.71 13.94 11.16 1.03 11.07 18.38 15.71 15.76 12.56 6.29 10.15 14.96 7.91 10.60 8.53 11.61
17.97 12.62 2.09 7.49 10.83 12.70 5.54 3.22 18.61 3.29 8.71 13.19 17.86 1.81 6.50 15.56 14.09 2.14 17.07 15.19 11.01 12.10 2.98 4.38 15.57 5.49 18.90 16.55 11.09 3.15 2.30 18.46 13.37 3.05 6.73 13.72 5.15 15.54 6.77 16.05 3.55 6.61 16.41 2.67 16.47 6.90 17.44 19.60 17.56 8.04 2.50 17.62 17.24 14.06 3.56 6.55 9.40 9.84 11.16 12.59 10.81 3.25 7.44 16.02 6.41 14.81 6.79 14.24 19.75 1.52 8.82 13.72 10.11 19.32 6.21 12.14 18.89 7.72 11.60 12.14 18.66 7.24 3.07 10.15 8.01 9.58
12.88 10.84 2.00 12.72 5.87 19.43 11.69 14.24 3.33 9.04 1.73 2.01 18.53 10.44 2.89 9.29 2.59 8.19 8.42 15.27 3.63 6.77 18.66 16.70 12.36 14.60 11.88 2.31 9.33 8.01 8.49 14.57 10.34 4.60 9.65 11.81 2.73 9.97 7.41 15.13 7.51 13.65 3.79 1.61 15.27 3.07 17.29 3.67 1.07 14.99 19.73 3.15 4.42 16.73 3.69 6.20 9.84 8.57 8.01 1.98 15.06 1.26 18.56 13.33 14.68 10.92 11.21 11.66 3.47 11.06 19.40 19.73 3.01 2.04 10.44 8.76 10.30 1.11 14.26 6.05 2.57 14.62 14.57 15.38 19.08 11.65
17.54 15.16 13.46 14.71 4.38 8.48 13.00 16.82 2.03 2.40 16.01 13.80 8.70 18.63 12.74 5.31 11.46 18.64 14.38 7.28 19.18 9.79 14.65 3.68 9.80 4.41 7.60 10.06 2.66 17.57 9.52 15.83 1.80 10.34 11.60 5.42 15.44 6.13 3.89 15.26 18.72 18.23 9.72 16.83 7.58 8.83 7.08 4.09 10.69 6.74 10.08 1.67 4.62 14.49 7.45 6.94 12.15 11.22 12.19 9.24 3.42 2.68 11.42 9.07 13.03 16.74 2.26 2.61 7.09 4.14 7.48 15.64 6.49 16.83 6.12 3.39 11.82 6.60 14.01 18.87 15.50 4.16 1.67 13.38 13.31 7.61
8.13 2.85 5.24 7.03 17.27 1.70 19.21 2.98 13.91 10.73 4.09 3.64 11.33 11.99 12.33 11.64 1.56 7.62 10.82 3.16 4.59 12.93 3.36 1.35 1.57 19.08 7.97 13.73 5.28 16.48 3.28 13.54 14.20 8.07 11.43 14.79 4.57 9.49 18.20 4.54 4.66 19.51 7.42 15.28 2.19 19.07 10.60 14.53 10.24 5.50 1.20 13.89 2.58 9.11 9.10 19.71 19.55 6.93 13.23 12.03 12.53 10.75 17.83 17.65 19.90 4.84 12.25 13.38 8.56 6.54 18.37 7.15 9.96 4.71 10.29 7.42 3.09 7.13 12.48 15.57 15.92 18.87 2.89 14.69 3.20 14.39
12.75 15.42 14.43 13.41 16.34 15.67 8.99 5.01 4.14 1.28 19.49 7.22 17.59 10.90 13.05 14.19 17.02 11.69 12.03 13.18 11.51 1.83 9.77 6.42 7.81 11.26 12.62 13.60 3.87 3.82 16.89 4.44 4.04 2.98 12.08 15.04 8.55 11.06 16.55 2.22 5.94 8.01 18.93 19.01 14.18 13.46 18.48 13.78 17.81 2.19 13.26 17.85 1.84 8.77 9.42 6.32 13.52 12.30 5.35 17.16 14.66 4.05 8.79 11.86 19.23 8.69 7.40 4.98 15.80 16.98 6.05 14.33 6.89 7.94 11.65 10.96 10.60 2.88 9.91 17.91 19.07 8.19 17.10 19.05 3.29 18.53
7.26 10.21 16.18 11.84 7.84 6.26 18.76 5.15 3.46 18.47 16.61 5.44 16.41 4.05 14.11 5.66 2.46 7.47 10.46 4.24 11.62 12.87 14.16 4.39 7.19 17.12 3.96 16.16 9.91 6.17 4.65 14.95 13.54 10.10 7.30 1.76 11.83 13.63 6.28 14.83 4.72 11.97 9.98 1.73 15.69 4.71 3.11 17.02 10.79 11.62 2.61 17.55 12.89 4.35 4.82 5.57 5.06 2.87 18.97 17.41 3.59 5.73 3.80 6.18 11.30 18.78 7.15 1.60 13.70 5.09 4.95 19.93 19.48 15.54 19.93 2.23 12.24 19.81 3.51 19.43 11.60 14.63 15.16 19.82 4.03 13.30
4.36 11.91 10.60 9.42 14.06 16.53 6.62 11.27 18.82 2.88 13.03 11.77 8.79 11.99 6.18 5.00 3.09 11.92 16.00 2.51 14.43 10.33 5.24 13.67 10.01 16.50 7.83 4.26 14.66 9.57 16.38 9.86 4.53 1.25 3.50 10.88 5.85 15.13 18.70 5.82 1.87 8.15 12.33 17.27 9.77 11.82 10.42 17.98 8.84 8.09 5.55 7.33 18.67 19.80 5.35 7.28 8.26 5.76 4.35 6.44 9.10 17.91 16.59 12.82 10.04 3.61 16.33 10.05 18.67 3.08 4.97 18.35 14.09 17.29 14.35 1.82 4.30 10.18 16.40 11.46 10.48 6.96 7.99 6.28 1.05 13.68
1.48 5.35 18.41 11.03 7.65 4.58 7.57 16.52 8.75 2.16 18.00 11.74 5.48 3.00 17.24 9.42 8.57 11.56 13.20 3.07 19.23 18.03 9.01 17.10 18.65 4.95 10.56 6.86 14.45 8.43 11.96 6.14 17.04 14.32 3.92 12.48 17.16 16.62 7.83 11.98 3.28 13.60 1.69 11.82 19.69 2.76 2.78 16.68 8.41 13.19 19.75 3.65 19.06 16.73 9.60 6.04 1.81 12.50 15.13 13.09 8.49 6.04 11.53 13.70 18.32 17.35 19.30 6.70 5.32 14.11 14.55 4.89 3.02 13.76 5.49 13.52 13.93 18.82 13.61 10.18 3.01 16.48 18.63 5.41 3.05 3.70
9.18 10.03 12.99 7.90 6.71 13.60 9.00 7.84 4.83 12.08 1.23 17.76 14.89 10.29 13.99 5.80 8.80 18.13 11.40 1.67 7.24 8.11 7.38 14.12 17.98 15.19 19.13 9.14 8.40 3.22 7.24 11.71 10.23 18.57 10.75 14.15 11.15 1.37 7.00 8.55 1.26 14.50 2.44 19.74 14.72 9.57 5.73 2.91 19.42 19.41 3.47 19.33 16.62 19.35 6.76 3.80 6.74 7.68 14.46 18.50 6.39 6.44 12.55 4.02 10.43 10.83 1.80 16.12 12.28 7.23 15.79 12.06 2.76 8.20 8.67 19.34 10.13 9.24 6.48 16.47 15.15 1.34 6.32 8.73 18.22 17.79
7.11 13.01 10.11 18.69 5.04 2.43 7.53 16.47 3.31 8.89 5.53 17.96 16.42 3.70 14.67 8.71 16.76 11.62 11.87 16.18 13.31 3.38 8.84 9.57 7.54 11.71 19.82 9.06 11.76 10.00 4.64 8.38 3.59 11.44 3.45 11.27 6.80 16.81 6.09 15.86 10.28 18.87 7.04 18.37 12.03 17.92 12.88 8.31 10.10 10.53 13.31 18.29 12.03 10.00 15.98 1.28 12.56 6.98 9.11 13.40 15.74 10.40 1.90 2.06 19.32 5.10 3.08 17.07 4.42 17.91 13.45 2.33 1.34 9.78 3.53 14.91 17.92 18.94 12.71 6.43 9.68 4.81 11.79 11.26 1.61 5.11
5.28 4.28 19.38 15.44 18.91 9.43 1.67 4.70 10.88 1.06 6.92 17.79 7.99 8.44 1.85 14.29 9.16 2.99 11.34 15.54 14.91 16.77 12.96 8.66 18.35 1.78 12.64 5.89 4.45 19.50 15.93 9.21 5.07 6.56 3.49 3.56 3.61 9.68 16.01 5.88 7.97 19.90 5.73 8.78 1.44 4.55 6.04 4.49 12.41 6.61 11.27 3.32 8.90 16.35 17.41 10.73 11.32 8.03 1.45 19.79 1.44 10.10 10.91 2.11 10.98 15.96 1.95 14.08 4.02 3.70 10.81 18.44 4.96 19.21 1.42 15.03 17.98 19.53 3.33 1.51 14.00 13.89 8.67 2.04 4.80 10.20
17.25 9.20 6.52 18.93 6.07 3.25 17.05 4.92 19.49 4.62 15.07 1.77 9.98 5.81 3.74 7.19 19.34 12.16 3.15 5.60 19.16 6.30 4.69 4.96 4.57 8.65 7.43 9.10 16.74 1.84 4.60 9.29 6.14 17.93 4.20 3.45 5.53 6.20 4.18 12.24 17.42 16.74 13.25 15.35 8.75 9.95 10.29 18.48 19.07 3.16 16.69 12.89 3.18 10.25 14.22 17.53 7.20 16.77 19.06 17.89 13.64 7.66 6.73 8.99 2.60 2.07 14.00 19.47 15.99 15.43 1.76 19.02 13.06 10.32 3.45 14.22 6.60 6.34 5.19 1.23 17.76 7.29 11.59 4.29 11.80 18.07
3.98 18.65 6.49 12.78 3.07 1.53 15.08 17.34 14.43 4.89 11.57 16.82 3.17 4.83 10.64 3.28 19.17 7.74 6.35 4.82 7.56 9.33 6.09 12.39 1.92 19.13 12.10 12.16 9.61 18.95 4.49 14.76 8.57 6.72 4.88 11.87 13.87 3.23 1.65 1.38 15.41 16.19 19.02 9.75 10.97 17.59 5.82 11.53 7.54 18.85 9.67 3.67 15.73 15.23 11.26 4.51 17.74 16.15 13.07 9.67 6.89 16.89 12.20 14.49 14.81 15.74 12.01 4.12 8.41 9.11 10.48 12.20 12.06 8.95 9.16 10.03 7.71 16.60 14.65 15.25 7.89 19.53 9.51 13.19 19.77 2.16
3.43 10.68 3.20 1.86 1.62 12.39 17.25 11.00 13.67 7.74 14.57 12.77 15.57 19.45 2.33 6.98 14.57 8.45 14.57 12.78 5.16 11.61 3.80 15.78 9.01 12.33 15.45 11.05 1.99 19.97 10.80 4.01 19.47 4.42 16.86 17.61 17.04 14.58 3.32 4.39 6.76 16.88 12.85 9.80 5.61 7.59 5.04 7.07 4.32 3.31 8.45 16.66 13.82 3.14 11.77 11.32 19.92 15.16 16.63 1.88 3.62 11.09 1.61 17.46 17.99 4.75 9.77 17.10 15.65 11.06 13.44 2.49 11.98 19.58 11.59 12.17 10.62 15.72 9.47 15.77 7.75 10.88 8.01 9.87 14.22 19.77
5.97 13.11 4.08 8.35 3.87 2.66 7.51 15.39 7.35 19.78 8.30 11.71 2.44 9.64 4.36 4.44 11.64 7.85 16.01 14.60 19.37 9.02 3.81 4.85 19.32 18.63 2.25 7.20 3.66 15.26 4.01 19.81 14.61 18.11 6.35 6.84 1.46 19.20 5.31 5.52 4.80 17.77 17.82 16.01 15.09 17.16 9.30 9.41 3.38 4.01 11.77 15.66 7.26 1.75 3.11 17.33 14.23 1.95 17.80 13.39 4.40 12.29 3.12 13.32 16.06 10.77 1.16 13.74 4.47 7.53 16.84 8.60 11.74 12.04 4.11 19.10 5.98 16.17 9.38 5.94 2.42 18.33 1.25 14.77 1.07 1.43
15.47 3.79 5.15 8.70 3.09 3.29 12.38 4.72 6.19 18.98 12.18 10.46 17.06 17.29 3.98 8.91 6.16 13.38 15.73 10.37 14.36 15.22 14.33 11.35 15.46 18.63 18.23 17.89 12.15 18.80 12.59 17.31 17.93 3.70 16.37 13.36 11.00 10.64 14.21 15.05 14.77 15.72 19.92 4.59 10.13 5.59 2.86 7.44 7.73 18.98 15.19 16.73 19.06 17.23 2.70 3.39 11.34 17.55 3.11 14.15 6.16 14.85 19.96 7.18 10.37 15.16 2.90 11.60 2.76 17.33 1.01 13.99 8.27 4.67 13.86 9.87 11.16 12.94 5.30 16.17 9.33 5.16 4.27 4.34 18.94 19.92
1.84 19.04 18.58 8.87 10.07 2.69 6.98 13.97 17.50 17.90 1.68 17.65 14.46 13.52 4.93 7.08 13.77 19.19 11.07 6.90 16.58 8.66 1.60 5.22 17.24 5.04 2.40 3.00 1.63 11.92 8.72 6.33 18.32 1.03 10.86 12.22 1.10 3.89 13.48 14.74 4.62 10.83 17.37 18.86 17.94 1.10 1.91 2.43 16.18 2.81 4.54 15.89 8.00 11.87 9.41 3.64 1.49 10.65 19.24 4.72 1.41 5.55 5.27 14.60 2.50 11.41 15.06 2.08 5.87 4.35 19.10 7.78 1.19 13.42 16.59 1.47 5.17 1.54 8.96 9.71 15.62 19.47 19.40 14.73 6.49 9.15
5.18 13.23 3.93 1.38 3.74 15.51 2.58 12.83 16.48 6.65 2.02 14.84 3.47 17.80 12.74 7.81 5.74 13.38 18.56 7.63 3.31 12.60 12.62 9.14 18.68 3.77 14.96 9.09 19.66 1.57 10.07 10.02 8.52 15.29 12.55 4.76 12.37 7.61 3.70 19.44 8.90 18.43 13.18 14.40 11.07 14.15 13.62 10.33 17.75 1.16 17.49 7.75 15.74 8.26 12.37 15.17 17.90 11.97 12.71 11.09 17.99 17.01 19.42 9.69 6.70 9.67 1.31 3.26 7.29 9.98 17.83 4.40 7.58 4.24 12.82 14.03 14.59 9.63 19.96 13.78 12.00 1.46 6.64 11.96 7.36 9.30
