1000
1 2 383
2 3 837
1 4 404
1 5 262
2 6 731
2 7 426
6 8 549
3 9 78
6 10 670
4 11 277
3 12 333
6 13 7
6 14 957
4 15 531
5 16 647
15 17 280
16 18 902
15 19 882
5 20 541
4 21 951
2 22 670
18 23 685
7 24 340
16 25 967
19 26 765
6 27 296
16 28 437
2 29 743
8 30 778
5 31 663
23 32 952
21 33 697
19 34 365
7 35 325
26 36 249
9 37 381
25 38 866
38 39 766
38 40 984
28 41 54
41 42 141
14 43 928
32 44 498
13 45 118
5 46 563
37 47 342
18 48 215
32 49 971
41 50 89
1 51 148
2 52 185
9 53 723
19 54 923
9 55 596
46 56 410
35 57 565
16 58 231
35 59 437
16 60 252
10 61 42
9 62 421
55 63 901
39 64 821
10 65 470
62 66 703
56 67 212
67 68 174
10 69 892
22 70 441
10 71 512
25 72 794
19 73 892
13 74 629
73 75 401
10 76 354
20 77 854
51 78 722
15 79 910
16 80 318
11 81 215
34 82 430
60 83 420
59 84 96
27 85 815
69 86 189
43 87 752
76 88 419
80 89 776
56 90 654
9 91 550
85 92 952
21 93 536
23 94 832
67 95 992
44 96 351
20 97 900
22 98 981
42 99 39
15 100 556
85 101 440
75 102 467
3 103 127
102 104 713
96 105 903
43 106 985
47 107 632
17 108 900
43 109 323
71 110 3
86 111 1000
90 112 935
30 113 299
59 114 884
78 115 789
23 116 713
12 117 982
45 118 905
35 119 545
68 120 560
82 121 511
63 122 378
25 123 286
94 124 561
71 125 341
45 126 839
41 127 101
9 128 131
49 129 636
65 130 113
68 131 922
73 132 419
30 133 99
3 134 779
24 135 23
98 136 443
53 137 705
121 138 256
61 139 408
112 140 102
53 141 850
26 142 30
34 143 196
34 144 492
74 145 541
27 146 176
15 147 956
124 148 493
118 149 918
9 150 248
140 151 976
127 152 361
40 153 153
96 154 759
61 155 569
115 156 254
77 157 662
5 158 87
53 159 648
148 160 43
157 161 923
69 162 591
95 163 516
91 164 264
91 165 45
48 166 27
59 167 415
34 168 985
107 169 500
143 170 605
62 171 579
100 172 24
48 173 904
137 174 726
10 175 18
152 176 395
18 177 274
60 178 761
68 179 849
169 180 511
108 181 951
123 182 619
179 183 686
106 184 910
131 185 351
60 186 57
5 187 670
162 188 335
179 189 235
77 190 53
165 191 149
122 192 76
51 193 57
91 194 530
114 195 2
80 196 217
194 197 91
95 198 366
114 199 42
172 200 192
141 201 419
113 202 728
191 203 489
100 204 472
114 205 96
91 206 367
140 207 978
88 208 175
161 209 775
176 210 371
186 211 229
176 212 48
104 213 741
203 214 229
90 215 879
42 216 346
66 217 640
155 218 224
9 219 7
28 220 996
191 221 397
186 222 544
194 223 488
50 224 642
19 225 719
123 226 103
209 227 755
149 228 485
117 229 325
66 230 51
18 231 123
41 232 411
7 233 219
118 234 341
165 235 446
176 236 651
86 237 914
9 238 385
12 239 643
20 240 106
127 241 374
226 242 835
105 243 399
51 244 875
101 245 452
174 246 233
216 247 17
177 248 932
202 249 416
13 250 92
228 251 828
37 252 729
86 253 601
226 254 499
9 255 689
111 256 785
105 257 788
118 258 256
3 259 251
255 260 769
113 261 730
129 262 995
253 263 872
151 264 107
255 265 703
44 266 847
105 267 948
198 268 504
56 269 224
172 270 836
162 271 864
175 272 316
148 273 437
138 274 589
250 275 208
143 276 747
266 277 546
193 278 475
52 279 280
65 280 529
170 281 809
136 282 643
228 283 991
14 284 265
87 285 538
156 286 337
180 287 159
103 288 996
174 289 467
80 290 869
283 291 44
66 292 581
205 293 942
154 294 102
104 295 228
199 296 65
86 297 798
195 298 420
224 299 618
228 300 575
162 301 544
16 302 762
39 303 493
94 304 910
65 305 898
62 306 126
104 307 747
139 308 955
273 309 541
214 310 879
7 311 548
290 312 719
235 313 145
130 314 286
159 315 533
131 316 428
171 317 177
293 318 234
116 319 839
164 320 964
17 321 484
79 322 208
319 323 291
208 324 945
256 325 146
255 326 993
35 327 864
49 328 804
29 329 151
187 330 25
305 331 106
103 332 435
206 333 740
163 334 961
97 335 43
306 336 13
318 337 279
11 338 743
314 339 955
34 340 240
50 341 100
160 342 271
76 343 598
17 344 321
89 345 288
256 346 744
224 347 301
344 348 252
59 349 605
257 350 284
271 351 969
64 352 51
67 353 557
308 354 103
36 355 470
120 356 256
103 357 204
156 358 605
285 359 773
102 360 497
125 361 850
74 362 992
249 363 756
140 364 491
354 365 985
198 366 181
98 367 600
253 368 558
337 369 84
305 370 217
38 371 891
61 372 136
369 373 673
5 374 621
190 375 575
47 376 754
246 377 822
207 378 812
266 379 927
357 380 300
229 381 689
298 382 138
70 383 893
65 384 73
117 385 788
173 386 531
193 387 49
203 388 84
233 389 814
274 390 172
268 391 21
265 392 385
21 393 564
175 394 389
209 395 714
278 396 956
311 397 489
218 398 159
27 399 373
52 400 107
366 401 518
149 402 914
160 403 659
389 404 671
356 405 517
5 406 524
140 407 27
135 408 934
197 409 46
71 410 256
355 411 260
393 412 999
104 413 769
402 414 258
120 415 930
76 416 785
207 417 853
218 418 946
23 419 154
385 420 416
67 421 761
30 422 71
227 423 263
12 424 306
76 425 30
313 426 182
373 427 864
173 428 385
191 429 988
4 430 362
258 431 761
102 432 877
298 433 15
370 434 983
202 435 541
362 436 958
296 437 962
347 438 625
324 439 969
313 440 735
351 441 3
265 442 530
96 443 700
125 444 211
289 445 621
418 446 19
241 447 386
237 448 757
429 449 430
189 450 625
74 451 140
424 452 331
36 453 417
318 454 62
438 455 329
353 456 594
226 457 82
317 458 622
224 459 179
434 460 424
29 461 407
359 462 91
335 463 392
7 464 764
303 465 424
28 466 344
249 467 870
407 468 942
321 469 239
328 470 609
164 471 46
260 472 689
276 473 462
261 474 420
123 475 984
437 476 535
31 477 405
310 478 147
163 479 986
389 480 476
414 481 590
263 482 526
71 483 172
186 484 785
197 485 749
127 486 850
467 487 946
227 488 727
391 489 674
194 490 397
226 491 172
102 492 231
12 493 19
203 494 397
340 495 844
451 496 873
60 497 433
238 498 990
240 499 667
464 500 591
30 501 87
344 502 442
222 503 739
322 504 979
220 505 26
381 506 385
360 507 674
119 508 614
342 509 81
189 510 160
14 511 760
243 512 181
239 513 412
76 514 232
261 515 795
47 516 243
213 517 106
42 518 176
94 519 139
107 520 389
302 521 51
470 522 725
479 523 247
500 524 377
84 525 446
310 526 334
133 527 671
364 528 369
13 529 489
110 530 267
272 531 727
87 532 56
137 533 70
302 534 442
280 535 469
464 536 13
415 537 805
191 538 8
153 539 960
94 540 875
266 541 388
450 542 434
23 543 138
239 544 132
348 545 740
357 546 293
523 547 280
66 548 282
416 549 337
485 550 733
520 551 446
230 552 340
66 553 233
173 554 997
434 555 122
463 556 344
152 557 355
300 558 152
198 559 615
38 560 715
560 561 326
367 562 465
451 563 812
418 564 238
20 565 31
406 566 709
133 567 326
96 568 675
227 569 776
283 570 876
379 571 971
324 572 448
83 573 87
215 574 772
247 575 209
45 576 676
435 577 258
275 578 688
544 579 833
4 580 591
539 581 890
389 582 326
97 583 531
204 584 626
311 585 891
447 586 953
42 587 902
52 588 461
382 589 963
91 590 135
262 591 260
366 592 496
494 593 281
449 594 766
490 595 559
159 596 8
296 597 416
195 598 635
384 599 575
476 600 621
256 601 63
376 602 172
541 603 139
586 604 636
119 605 880
381 606 653
253 607 954
269 608 516
599 609 656
361 610 302
563 611 285
494 612 597
330 613 382
125 614 754
341 615 823
524 616 704
486 617 104
538 618 574
474 619 867
568 620 265
61 621 875
103 622 647
426 623 743
254 624 75
545 625 869
501 626 673
117 627 740
210 628 807
518 629 705
134 630 519
30 631 681
288 632 183
632 633 646
497 634 246
137 635 178
28 636 280
122 637 33
538 638 969
176 639 192
162 640 876
76 641 963
163 642 715
279 643 983
433 644 688
280 645 878
228 646 847
206 647 633
180 648 126
60 649 983
567 650 802
376 651 901
163 652 688
407 653 734
568 654 186
305 655 324
124 656 521
477 657 668
263 658 680
60 659 595
280 660 161
128 661 116
152 662 230
439 663 535
402 664 533
576 665 322
113 666 846
368 667 103
515 668 810
541 669 996
178 670 51
289 671 73
636 672 506
109 673 374
655 674 238
354 675 771
299 676 240
196 677 752
570 678 261
675 679 252
102 680 60
330 681 566
243 682 302
274 683 557
566 684 781
415 685 200
245 686 344
144 687 668
423 688 273
39 689 900
52 690 538
228 691 64
606 692 638
603 693 299
418 694 200
594 695 157
106 696 785
142 697 569
169 698 617
354 699 631
463 700 745
121 701 626
532 702 702
607 703 14
601 704 859
278 705 476
37 706 918
278 707 618
341 708 821
418 709 510
466 710 834
423 711 688
352 712 608
62 713 953
552 714 437
428 715 730
543 716 58
594 717 133
113 718 726
588 719 632
87 720 400
186 721 879
537 722 584
455 723 752
537 724 657
624 725 977
15 726 348
73 727 847
25 728 821
216 729 998
271 730 831
27 731 696
409 732 302
727 733 317
404 734 292
372 735 305
17 736 639
145 737 799
658 738 745
655 739 982
479 740 75
517 741 244
178 742 246
350 743 844
733 744 801
314 745 310
435 746 534
6 747 966
180 748 231
208 749 789
213 750 301
604 751 879
486 752 208
66 753 49
666 754 640
25 755 172
215 756 678
289 757 758
542 758 193
735 759 766
28 760 914
656 761 215
387 762 48
494 763 936
36 764 430
642 765 900
435 766 313
142 767 309
600 768 334
721 769 964
607 770 31
404 771 34
416 772 175
203 773 903
259 774 981
288 775 128
670 776 155
752 777 260
217 778 612
240 779 703
418 780 941
386 781 375
586 782 63
521 783 11
455 784 221
239 785 697
129 786 186
770 787 25
738 788 485
257 789 611
380 790 609
718 791 781
725 792 94
36 793 51
143 794 628
784 795 1
159 796 621
213 797 866
520 798 577
340 799 18
533 800 231
346 801 635
602 802 612
15 803 481
228 804 212
41 805 751
63 806 861
680 807 264
400 808 296
286 809 846
427 810 914
645 811 317
73 812 230
101 813 924
215 814 788
186 815 366
421 816 557
686 817 742
631 818 364
787 819 790
476 820 315
616 821 416
286 822 615
320 823 170
155 824 475
564 825 756
367 826 499
130 827 981
785 828 97
394 829 484
324 830 634
360 831 31
744 832 342
341 833 113
740 834 418
52 835 466
489 836 356
473 837 480
442 838 38
530 839 544
600 840 724
150 841 480
225 842 710
507 843 801
734 844 993
273 845 640
818 846 682
776 847 984
96 848 727
675 849 102
738 850 725
835 851 133
502 852 264
107 853 897
400 854 403
494 855 591
337 856 701
232 857 168
389 858 201
91 859 540
264 860 932
283 861 271
596 862 165
295 863 548
719 864 747
541 865 1
205 866 763
300 867 814
593 868 6
311 869 54
199 870 596
527 871 636
261 872 301
112 873 816
263 874 959
206 875 767
260 876 101
418 877 743
38 878 687
308 879 250
455 880 715
745 881 291
569 882 46
186 883 378
99 884 439
518 885 889
563 886 451
220 887 686
595 888 274
474 889 718
117 890 961
815 891 729
443 892 584
5 893 468
865 894 203
41 895 481
72 896 822
300 897 516
225 898 226
63 899 943
605 900 130
434 901 857
43 902 504
862 903 388
332 904 422
427 905 636
629 906 931
271 907 469
243 908 186
268 909 975
783 910 53
753 911 484
667 912 32
728 913 980
677 914 411
529 915 613
783 916 135
16 917 805
363 918 817
824 919 128
660 920 660
271 921 317
85 922 774
841 923 750
271 924 789
229 925 564
284 926 64
640 927 224
776 928 173
105 929 598
534 930 297
75 931 796
494 932 563
922 933 666
622 934 4
71 935 176
234 936 209
454 937 38
78 938 869
506 939 156
232 940 428
486 941 880
234 942 296
192 943 586
351 944 217
465 945 410
631 946 683
887 947 481
89 948 371
291 949 921
750 950 39
950 951 298
78 952 788
634 953 97
874 954 382
845 955 996
647 956 526
119 957 563
318 958 196
522 959 967
926 960 49
396 961 872
406 962 909
456 963 731
796 964 600
750 965 740
794 966 520
80 967 815
48 968 134
867 969 53
760 970 286
483 971 651
791 972 42
778 973 875
230 974 569
184 975 899
627 976 441
178 977 395
212 978 720
795 979 253
557 980 412
140 981 407
378 982 467
350 983 244
978 984 332
595 985 720
410 986 313
268 987 941
99 988 984
953 989 873
564 990 458
985 991 902
92 992 325
615 993 859
584 994 686
499 995 882
766 996 143
789 997 504
868 998 791
328 999 219
865 1000 549
1000
665 746
671 347
623 496
414 153
551 286
255 649
170 843
870 14
726 682
363 971
562 818
33 689
614 361
560 219
217 799
490 982
66 595
318 648
529 841
569 131
497 639
77 743
488 642
979 619
888 99
985 580
572 598
656 683
362 382
301 526
990 183
894 395
428 47
8 825
806 609
238 166
537 761
45 744
212 149
991 762
44 66
469 715
596 814
748 296
85 489
591 532
116 117
739 703
394 250
21 636
727 728
351 524
948 538
425 289
923 276
449 688
167 257
191 689
598 278
876 388
46 706
1 571
287 818
956 718
903 360
439 646
462 122
594 559
239 358
965 118
994 759
278 387
750 863
816 732
625 96
32 765
972 437
667 503
812 101
891 436
503 364
61 983
690 710
13 42
132 319
76 763
172 660
336 779
450 745
87 996
452 945
230 803
751 961
69 409
723 838
948 718
653 464
628 798
306 918
834 735
573 877
670 91
274 594
509 76
312 324
299 549
261 786
453 977
347 659
656 776
87 417
154 994
471 349
733 933
804 295
975 718
951 132
826 485
330 157
996 166
14 181
947 22
588 61
547 906
838 790
91 965
130 337
742 503
216 256
499 449
629 221
884 466
430 113
744 572
118 932
94 430
608 625
166 419
804 413
254 880
924 390
451 917
207 183
153 745
246 26
701 98
370 33
175 348
33 88
784 399
580 451
353 435
141 154
247 140
53 103
946 413
183 197
658 218
915 304
678 385
569 533
522 224
156 518
907 912
804 360
654 836
827 792
557 444
414 722
348 311
689 608
69 777
620 299
237 373
710 474
800 931
517 802
669 161
168 620
466 861
604 129
476 961
636 872
726 422
191 59
9 992
797 427
665 18
534 456
705 758
904 325
302 677
556 345
446 353
290 531
809 508
967 782
146 236
763 830
736 485
478 659
750 668
624 367
201 913
349 275
916 605
812 366
49 466
816 411
714 45
856 638
637 26
85 523
4 363
52 867
859 28
914 784
519 56
295 142
236 541
41 111
924 447
411 383
648 861
569 943
69 503
508 471
578 354
430 75
110 254
524 600
268 271
305 556
900 476
888 85
838 657
151 623
122 499
46 468
458 492
415 920
899 290
505 425
648 537
23 626
53 125
207 903
895 170
499 45
603 662
113 703
523 541
981 862
643 130
546 424
47 960
638 563
895 419
216 217
701 458
966 568
455 53
569 140
302 383
110 695
800 207
817 99
982 557
379 585
944 390
527 222
486 214
695 607
341 372
34 592
738 330
837 458
835 121
975 333
808 104
177 439
197 281
55 284
623 809
530 639
184 871
220 44
464 740
875 260
880 650
385 431
3 171
825 360
11 531
533 845
587 189
292 168
457 740
12 597
624 334
442 638
798 183
456 352
499 845
421 761
91 729
980 534
975 654
451 597
846 620
22 541
849 755
727 143
118 568
344 205
673 947
379 501
364 137
220 878
488 573
697 321
835 774
139 755
634 944
932 126
209 116
896 534
309 775
318 875
573 981
314 934
190 706
816 318
934 747
805 438
307 308
311 250
701 338
940 735
448 727
87 584
887 851
19 648
66 378
333 364
62 935
616 470
565 952
39 516
731 65
793 524
272 84
599 700
588 691
577 351
164 100
178 931
317 49
542 279
708 688
429 349
607 869
769 170
744 296
961 674
492 840
880 773
884 319
4 263
762 604
643 310
818 200
859 209
888 481
252 833
787 536
61 853
809 209
759 190
573 357
49 783
670 855
50 25
331 824
351 174
180 374
466 258
307 490
618 619
19 290
152 472
576 301
21 305
886 730
299 866
630 977
623 81
319 191
954 412
932 65
805 358
113 469
402 304
488 163
789 337
243 439
850 334
156 110
4 81
542 295
847 123
588 595
547 379
340 96
852 622
928 581
791 194
225 317
116 265
640 101
478 473
674 42
506 396
933 799
364 605
458 489
74 101
627 263
577 178
621 968
454 831
49 1000
167 119
326 329
525 223
325 264
66 771
866 636
810 852
336 997
120 210
982 572
867 622
838 223
10 191
942 248
400 183
393 568
475 860
186 484
183 204
944 915
883 834
337 628
869 997
951 701
874 822
524 947
768 147
558 533
6 419
246 94
989 685
929 881
570 664
864 832
485 31
396 770
776 123
205 861
226 312
677 499
567 732
528 895
868 917
978 862
188 349
301 760
502 614
862 219
708 479
72 920
546 818
386 673
150 853
654 217
697 334
433 60
698 596
930 464
864 674
326 295
834 439
716 178
453 635
996 337
290 971
119 980
111 850
344 125
592 530
676 509
213 69
874 529
642 534
766 460
826 59
296 824
128 709
239 433
140 719
441 336
222 859
492 972
669 472
679 116
273 60
500 586
76 889
471 757
759 846
957 983
577 752
492 312
331 220
91 822
74 285
50 811
419 158
567 881
143 268
424 277
129 326
262 467
654 377
383 877
338 67
691 309
823 496
471 301
705 622
370 416
983 723
27 502
255 764
935 390
977 755
464 501
341 911
548 769
620 603
401 9
634 485
938 910
73 193
423 23
239 537
986 452
51 813
865 595
207 856
335 973
467 788
889 783
497 87
334 984
774 85
319 298
544 174
467 45
273 42
677 867
191 406
121 511
313 14
502 152
730 367
732 643
969 956
859 370
427 788
493 743
684 440
767 899
79 505
947 21
490 68
405 485
387 652
318 98
471 796
176 375
64 318
519 702
617 938
310 689
754 476
536 968
39 355
246 949
215 112
55 937
552 470
16 268
401 917
662 756
689 868
755 67
258 633
15 718
38 924
678 21
969 861
322 700
1000 58
986 90
3 44
211 299
507 483
486 836
789 970
41 390
321 859
753 775
356 987
453 812
839 336
989 252
245 703
13 683
92 396
164 905
704 54
284 69
397 483
916 9
60 106
533 311
823 972
506 367
676 404
476 801
896 531
923 767
731 381
63 265
836 851
33 663
432 194
158 287
740 411
96 75
120 195
130 302
98 867
340 598
292 292
421 861
331 932
951 526
123 776
612 688
856 296
184 391
702 196
979 500
337 553
654 584
361 680
222 66
15 522
197 911
812 480
747 245
341 327
589 156
788 272
146 906
900 423
934 491
767 341
655 194
997 493
13 775
195 375
836 46
242 821
482 571
619 987
19 229
117 425
135 246
920 755
89 1000
802 769
717 719
722 263
621 255
279 555
214 151
104 796
794 615
991 407
794 694
933 332
284 478
628 490
97 867
525 589
543 199
389 428
297 956
48 72
723 571
792 725
70 232
22 605
550 709
776 248
282 172
603 566
467 517
752 838
122 616
587 737
878 206
417 118
121 483
654 93
929 990
472 473
556 436
782 423
70 726
467 849
373 388
107 392
250 16
728 712
171 602
949 782
889 43
41 4
889 844
781 22
500 75
914 89
585 922
846 545
766 982
258 219
128 582
934 443
11 152
748 473
901 667
40 526
201 722
204 176
184 673
422 565
708 247
483 967
511 334
820 843
497 322
864 922
400 914
236 701
570 69
958 713
777 309
564 548
613 835
608 448
854 106
513 535
901 197
9 293
856 782
55 820
235 221
752 418
379 229
722 158
92 689
394 664
359 187
728 367
226 465
799 425
627 13
407 28
873 459
904 493
209 656
287 341
980 774
455 318
102 796
557 262
520 568
902 664
690 923
408 830
295 952
783 219
945 191
775 294
141 354
512 410
194 842
668 145
673 602
151 73
369 22
453 551
565 153
448 757
212 505
206 229
487 356
782 70
642 43
824 875
149 168
907 577
835 739
486 762
824 21
11 915
364 986
897 462
433 774
403 943
914 656
607 997
567 831
168 392
188 965
227 694
650 810
399 581
511 294
501 612
454 776
531 89
988 218
256 572
783 649
895 475
278 425
780 341
468 3
307 968
184 834
432 873
571 395
823 591
905 948
765 235
245 569
791 726
111 145
512 624
677 263
970 836
203 226
947 8
926 238
429 676
887 468
61 210
294 863
672 97
747 226
623 799
661 133
107 732
808 4
921 215
383 774
704 129
309 477
754 491
457 174
357 296
277 338
306 970
893 156
353 798
798 382
99 598
288 319
340 747
628 354
177 854
470 694
480 876
139 560
438 101
580 481
786 131
712 642
553 489
300 88
532 232
116 434
295 488
804 398
33 708
531 547
542 419
30 305
553 781
554 286
638 557
564 477
268 595
385 910
237 18
201 299
998 830
706 165
832 750
870 36
224 822
771 351
587 894
836 248
492 976
891 979
845 586
315 684
74 287
822 222
43 401
659 589
629 229
364 697
701 405
271 942
200 895
928 732
836 165
482 533
741 988
305 258
637 734
625 290
334 107
91 673
38 495
397 658
548 699
804 984
155 221
573 24
872 267
422 489
909 445
11 38
873 669
554 384
487 144
837 764
531 305
801 877
364 392
96 405
781 685
973 774
877 849
222 974
920 813
995 228
504 373
776 342
980 486
277 349
952 608
571 421
670 54
855 456
671 895
91 295
550 962
704 908
472 163
439 260
467 571
474 349
510 943
169 85
278 180
575 895
513 861
636 200
128 22
668 323
