4552
6424
5406
8113
5738
4131
4898
4398
7184
5531
5819
6460
1604
4762
5502
7958
3160
6751
2870
7567
2225
8249
8645
8618
5188
5049
6451
8935
4991
7018
7417
9592
5336
3994
6448
3736
8017
5913
5367
5258
6368
5983
6233
5691
6229
10117
5744
5324
1176
2981
6253
6875
4424
5321
5901
8768
7974
6450
3772
2876
3422
6691
6543
6074
7304
6812
7560
7646
4714
8216
6308
524
1818
5582
7694
7494
7047
6628
5604
6013
5394
8342
3630
2662
7176
5236
4459
3470
6293
5988
7025
3889
7237
4425
7396
5840
5260
7054
6536
6701
5976
3821
8194
6915
6492
6009
8711
5565
2370
4720
8508
8331
3568
7538
8277
7031
3379
5585
2752
6518
5137
4562
2089
7297
3278
7920
5607
2347
6537
5036
4861
1017
3506
8799
4869
4094
5372
1081
8818
5047
9060
3604
4590
6842
6267
5783
5421
3590
4609
5390
2885
6013
7927
4306
928
8864
5625
4069
6461
8232
8344
6870
3630
3407
7833
8994
7258
5065
8734
3145
5859
5495
6168
7776
6414
6933
8696
8895
8404
6499
7087
6567
5397
3795
2847
4034
11524
4048
4187
5113
6234
2049
4249
5588
4941
5389
3501
4494
7409
5072
5542
10407
5473
6967
2831
4427
5925
4291
6326
3723
6960
5788
6413
5044
4738
3734
4396
4178
3496
6271
5265
7181
5948
7833
9383
5177
3685
3173
3068
5063
5603
7440
5634
4480
5067
5256
7311
4749
3070
6905
6715
5834
4536
7706
5697
3892
7134
4864
2815
5594
4946
8845
6175
3432
1263
3704
4955
2713
4949
6846
8498
5407
7950
4058
5916
6931
5783
6876
7968
9457
4973
5111
8037
3551
5664
6720
7164
4157
7982
5261
6731
6261
3464
6505
5015
6513
4470
5589
3142
7769
5718
1078
8633
3526
8255
4624
6170
5839
3765
6231
3643
6775
6454
6511
6309
4733
2924
10951
4102
9405
6234
6213
2300
7116
4087
7205
8248
6143
3953
6643
3010
2720
4282
7157
4803
6702
3787
7831
5943
4477
3885
4307
6492
3312
2408
8226
1804
4365
4506
8092
6340
4195
5607
7138
6372
3425
9077
2492
5772
2132
5423
3019
5785
3874
7139
3603
5828
6894
4612
7194
4440
5065
6044
7236
6222
9212
7535
4249
4742
4152
4704
5193
6405
7666
4110
5296
4610
7113
4743
3219
4334
5492
1547
2560
7786
4547
4090
7812
6615
3913
5307
3498
4507
5887
6063
4835
4305
6090
8597
4979
4669
4678
8214
7930
10605
10245
10404
4212
492
8282
3456
3597
9664
6719
4236
6212
5859
5011
5899
4580
7373
5255
5570
6105
5976
7101
2187
6847
6189
4861
7894
3254
1397
3491
4213
8805
4203
4940
8783
8961
4285
9308
6164
3528
3060
5798
3831
6891
7563
785
5119
5312
5506
7441
8514
5784
8162
6050
6905
6304
3764
7013
5597
9052
3799
7424
4143
6087
2472
6594
3262
3248
4917
5143
4929
5867
5012
6071
5369
1551
5827
6274
4564
7157
2500
8220
7097
4053
3851
3983
5356
7498
9080
2796
6152
7705
5215
4308
4623
4173
6048
5948
7707
4679
5259
6870
3938
4666
4738
4322
4587
6195
4150
8097
9622
7524
4162
5378
4518
4239
4973
8758
6826
6623
5600
4713
3811
5467
2475
3892
5687
7198
8035
10804
9665
5929
2871
8971
5243
5203
3150
2724
8836
3388
5248
6612
2547
3335
4544
5765
2665
4802
5058
3525
2914
7007
6112
4289
3737
8516
8611
6295
8774
6341
5345
6749
3911
6925
3340
3765
4542
7132
2828
5954
3789
3840
6830
3882
7597
4991
11109
8688
5495
6659
4213
4864
4396
6172
3897
4995
2852
4018
8056
7976
4194
8047
7519
3746
6809
8422
1814
4955
8645
3694
4694
5014
7623
2971
4806
4401
7662
7030
2704
4936
5053
4754
5166
2378
7216
6187
7327
5540
4087
2502
3793
2553
4202
5218
5323
5646
4813
7609
8312
2784
3548
3166
5145
3387
6769
5802
5502
9322
6337
5697
4889
2889
5527
7233
6832
4172
7577
7407
4638
4038
6204
5514
0
7017
5983
9642
2472
8833
2359
8224
5953
6025
5895
7747
7124
4184
7492
2828
5257
2969
3587
5891
4798
4939
7724
4435
4510
5088
8675
2826
4742
3535
6761
11555
9007
4677
3937
4091
5652
5916
6620
5254
8838
3922
4556
6662
7580
5418
7909
6771
4681
5356
6210
6639
2949
5131
5157
6271
2878
9011
94
3305
2846
7260
3327
4635
6291
9891
5817
5652
5533
5644
6901
5591
7049
10059
7032
6182
7788
2777
6691
6612
3132
2122
3933
2649
8780
5379
1804
7640
4889
5274
2156
4481
6696
9505
2939
2831
6995
2543
7482
5768
7699
7790
4220
2592
3346
1514
4510
6747
9923
3647
4641
3282
6657
5862
5829
6361
5741
2373
6511
4296
5094
6912
4025
7984
5502
992
6124
8580
4325
7585
4472
5994
5331
2938
4608
3630
3775
5426
1336
7903
5412
5081
7113
6867
6449
8014
5784
3116
5651
6176
3038
6877
7629
5397
8332
5624
5138
5877
6611
4377
6736
4189
8447
1981
2635
8137
4771
6669
5086
6229
6639
4726
2653
4225
2904
6282
7563
4578
8919
5199
11523
6971
6242
9674
8537
9443
7512
7989
5287
5917
4848
5183
5207
2059
3209
2848
6095
5115
7197
9328
8094
10898
9556
8637
6909
8665
5530
3928
6801
6534
6382
4796
5172
3317
6019
6399
4454
10224
3311
4345
5849
3319
2874
1375
7216
4073
10627
6166
6663
5799
3347
6763
4391
2643
5623
5868
4672
6391
4502
6727
3163
9597
4409
5691
5722
5819
7260
8134
6659
4451
5618
7561
10017
4309
4462
7313
5890
3365
6491
6177
5236
5133
6643
5109
5590
6039
7551
1894
4930
5924
4996
6881
6010
6853
7524
4356
6855
5478
4807
4627
6503
5734
5282
6598
6703
4684
3588
5118
6253
6894
7945
3324
5245
5493
6569
4778
6008
6098
5861
7116
4068
2817
9919
6516
8824
3423
9293
6254
8374
3694
2429
6769
6492
6727
6623
4561
4821
4804
4965
6005
7795
5006
1978
7515
3633
8375
4713
6117
5873
6366
5646
11357
6400
6636
11445
5300
6700
4612
4344
1194
6651
3333
1716
9414
