1000
1 2 682
1 3 438
3 4 268
2 5 283
2 6 220
1 7 536
2 8 281
8 9 132
2 10 265
3 11 647
9 12 189
1 13 308
12 14 807
12 15 792
11 16 685
10 17 913
2 18 840
9 19 596
17 20 503
12 21 127
4 22 61
11 23 136
14 24 134
5 25 493
24 26 840
24 27 226
14 28 234
18 29 789
2 30 252
17 31 910
15 32 162
32 33 913
10 34 259
20 35 893
32 36 858
12 37 358
27 38 169
38 39 886
9 40 272
2 41 7
37 42 937
37 43 742
37 44 760
29 45 130
31 46 30
17 47 933
46 48 593
28 49 98
13 50 60
23 51 433
2 52 574
10 53 778
45 54 68
34 55 600
22 56 608
47 57 383
40 58 452
55 59 135
15 60 765
44 61 369
14 62 258
53 63 517
55 64 182
6 65 553
6 66 753
19 67 179
27 68 86
32 69 917
69 70 419
8 71 935
41 72 764
63 73 355
55 74 592
17 75 618
50 76 593
48 77 764
46 78 380
78 79 190
38 80 40
19 81 314
27 82 454
74 83 123
47 84 371
82 85 763
35 86 242
7 87 268
38 88 290
28 89 409
88 90 340
3 91 332
70 92 562
70 93 932
6 94 166
48 95 413
41 96 681
95 97 933
82 98 539
1 99 554
61 100 637
76 101 288
72 102 242
62 103 749
102 104 747
17 105 148
79 106 150
52 107 366
106 108 864
35 109 589
103 110 324
67 111 189
34 112 839
71 113 738
34 114 674
24 115 363
57 116 724
30 117 900
19 118 294
93 119 166
85 120 337
53 121 215
57 122 844
12 123 586
19 124 803
120 125 650
92 126 305
83 127 554
82 128 811
66 129 225
62 130 374
116 131 916
46 132 956
127 133 597
52 134 711
45 135 132
35 136 759
99 137 546
104 138 315
57 139 1000
60 140 201
52 141 738
116 142 385
106 143 6
72 144 982
120 145 675
139 146 896
98 147 706
81 148 916
70 149 219
19 150 65
81 151 272
67 152 693
117 153 552
105 154 104
121 155 507
103 156 53
104 157 294
130 158 105
1 159 424
57 160 308
112 161 312
15 162 469
87 163 313
140 164 797
25 165 699
142 166 224
69 167 989
132 168 377
126 169 15
133 170 843
113 171 773
75 172 334
78 173 196
147 174 505
64 175 669
7 176 123
15 177 597
52 178 850
147 179 561
37 180 366
170 181 627
167 182 585
79 183 912
143 184 558
35 185 335
185 186 892
77 187 191
23 188 719
38 189 982
157 190 673
18 191 10
9 192 624
48 193 190
97 194 300
112 195 135
65 196 515
61 197 373
51 198 405
5 199 14
78 200 175
89 201 942
116 202 264
138 203 85
152 204 131
82 205 877
21 206 928
28 207 781
19 208 907
94 209 795
96 210 470
91 211 145
170 212 787
13 213 813
84 214 789
69 215 966
77 216 695
90 217 387
87 218 225
85 219 68
153 220 181
65 221 515
128 222 179
205 223 414
112 224 237
56 225 39
96 226 996
10 227 352
70 228 487
144 229 222
202 230 119
125 231 660
170 232 657
5 233 672
141 234 710
3 235 82
47 236 166
33 237 697
209 238 432
195 239 154
141 240 628
220 241 199
81 242 5
73 243 157
151 244 554
110 245 895
185 246 208
195 247 299
167 248 585
171 249 533
82 250 361
202 251 439
251 252 628
162 253 255
211 254 533
246 255 880
104 256 409
168 257 293
82 258 194
32 259 809
213 260 944
48 261 754
2 262 246
198 263 194
187 264 712
1 265 590
51 266 282
207 267 14
21 268 72
14 269 949
181 270 933
69 271 716
255 272 630
18 273 64
266 274 860
164 275 185
24 276 223
195 277 433
152 278 13
253 279 961
37 280 402
225 281 767
178 282 352
103 283 299
27 284 416
159 285 54
21 286 235
55 287 726
157 288 991
37 289 788
235 290 650
56 291 638
238 292 103
102 293 252
88 294 819
119 295 710
169 296 794
199 297 496
253 298 802
286 299 487
285 300 649
140 301 379
50 302 178
228 303 600
138 304 12
4 305 791
251 306 407
15 307 108
153 308 209
139 309 767
307 310 850
155 311 142
58 312 521
44 313 774
122 314 17
191 315 453
194 316 42
265 317 690
115 318 569
7 319 83
268 320 566
286 321 431
320 322 434
177 323 479
19 324 65
318 325 455
77 326 37
265 327 109
119 328 919
158 329 814
90 330 473
156 331 30
257 332 788
52 333 360
192 334 18
33 335 656
318 336 58
186 337 272
84 338 791
57 339 609
119 340 946
126 341 408
5 342 350
292 343 91
205 344 666
247 345 819
15 346 908
318 347 269
232 348 144
177 349 155
120 350 154
31 351 78
16 352 891
299 353 788
288 354 868
234 355 269
123 356 247
308 357 362
13 358 360
12 359 656
234 360 508
32 361 755
71 362 566
130 363 812
222 364 433
18 365 899
87 366 564
13 367 635
316 368 305
368 369 501
292 370 683
37 371 576
149 372 299
318 373 758
349 374 523
298 375 695
204 376 23
308 377 277
88 378 855
42 379 676
316 380 162
73 381 281
34 382 415
113 383 41
366 384 121
377 385 483
306 386 264
226 387 14
287 388 373
311 389 767
283 390 393
44 391 659
100 392 824
218 393 144
235 394 384
173 395 319
71 396 97
386 397 922
84 398 851
36 399 761
52 400 91
208 401 627
314 402 123
327 403 660
223 404 701
303 405 509
355 406 79
361 407 407
20 408 457
216 409 375
196 410 132
174 411 232
191 412 380
310 413 800
304 414 964
212 415 649
179 416 119
160 417 124
76 418 794
313 419 993
259 420 56
100 421 544
40 422 584
317 423 657
281 424 497
34 425 88
344 426 994
323 427 662
286 428 514
32 429 694
175 430 910
272 431 670
221 432 892
278 433 3
408 434 551
417 435 395
50 436 761
369 437 916
302 438 683
98 439 290
219 440 664
103 441 45
358 442 363
307 443 604
327 444 275
186 445 760
45 446 542
163 447 169
221 448 856
64 449 237
284 450 181
325 451 594
32 452 533
74 453 592
63 454 721
181 455 421
71 456 606
34 457 310
69 458 341
32 459 238
289 460 321
342 461 51
312 462 22
79 463 848
191 464 283
165 465 597
110 466 695
216 467 228
175 468 128
268 469 405
373 470 967
298 471 672
170 472 699
281 473 258
163 474 716
404 475 1
231 476 277
158 477 662
365 478 295
245 479 462
217 480 381
397 481 371
332 482 14
134 483 621
444 484 904
206 485 388
366 486 807
152 487 277
229 488 415
331 489 429
265 490 302
416 491 299
305 492 449
150 493 362
177 494 97
283 495 298
152 496 951
54 497 439
135 498 575
122 499 492
446 500 120
252 501 47
204 502 850
415 503 476
294 504 391
80 505 642
389 506 479
254 507 5
272 508 543
482 509 377
169 510 404
96 511 165
134 512 589
82 513 309
32 514 933
501 515 152
49 516 80
448 517 695
67 518 341
106 519 582
420 520 141
129 521 309
307 522 65
69 523 524
509 524 36
368 525 424
222 526 220
517 527 850
405 528 569
140 529 502
478 530 20
517 531 545
367 532 410
370 533 279
271 534 207
108 535 176
420 536 663
231 537 470
296 538 787
335 539 676
8 540 816
218 541 115
306 542 752
318 543 38
424 544 250
103 545 26
4 546 394
268 547 728
285 548 395
165 549 624
83 550 357
144 551 995
153 552 787
94 553 598
2 554 87
416 555 154
546 556 468
544 557 313
136 558 333
489 559 948
319 560 963
517 561 749
330 562 660
389 563 458
391 564 529
228 565 211
403 566 485
316 567 900
466 568 467
454 569 722
313 570 397
552 571 643
237 572 725
377 573 919
164 574 38
230 575 276
66 576 528
506 577 14
543 578 691
257 579 788
28 580 771
515 581 474
106 582 961
228 583 934
170 584 514
523 585 440
322 586 369
361 587 316
30 588 917
525 589 739
32 590 363
579 591 418
2 592 706
423 593 989
176 594 495
42 595 148
281 596 428
148 597 568
150 598 724
453 599 306
74 600 367
309 601 823
560 602 997
160 603 53
173 604 419
375 605 979
236 606 986
175 607 290
17 608 734
203 609 325
271 610 213
579 611 976
4 612 358
187 613 823
168 614 673
275 615 54
254 616 217
177 617 680
431 618 691
451 619 599
242 620 708
507 621 792
194 622 473
601 623 971
84 624 732
140 625 863
563 626 741
360 627 486
1 628 249
149 629 271
304 630 65
470 631 772
196 632 912
229 633 848
416 634 134
39 635 461
523 636 225
611 637 318
14 638 456
581 639 500
111 640 962
151 641 426
92 642 618
368 643 142
439 644 25
175 645 941
177 646 587
266 647 427
585 648 402
371 649 840
548 650 4
367 651 581
163 652 619
420 653 689
615 654 121
85 655 763
228 656 797
359 657 363
407 658 952
345 659 151
151 660 491
287 661 479
235 662 884
586 663 661
263 664 188
380 665 268
542 666 947
382 667 799
161 668 569
288 669 1000
164 670 579
55 671 906
336 672 35
123 673 747
216 674 618
378 675 571
142 676 993
320 677 491
198 678 680
339 679 804
498 680 731
79 681 8
51 682 443
345 683 440
150 684 994
338 685 548
571 686 102
132 687 70
550 688 572
573 689 92
450 690 304
130 691 832
566 692 856
623 693 534
3 694 69
496 695 241
202 696 999
546 697 749
453 698 241
566 699 742
454 700 163
567 701 967
481 702 3
625 703 566
27 704 764
170 705 358
325 706 606
143 707 809
59 708 814
156 709 161
468 710 415
298 711 269
481 712 958
231 713 702
264 714 607
107 715 544
572 716 1000
230 717 481
21 718 266
66 719 563
484 720 746
89 721 537
359 722 397
261 723 43
183 724 716
514 725 718
180 726 76
363 727 818
567 728 262
55 729 383
33 730 928
295 731 358
571 732 19
235 733 318
286 734 364
638 735 608
443 736 579
495 737 195
141 738 411
692 739 875
100 740 35
537 741 453
105 742 207
333 743 396
303 744 574
274 745 449
495 746 746
202 747 538
95 748 310
98 749 255
200 750 87
9 751 867
552 752 36
662 753 351
504 754 608
674 755 578
203 756 383
563 757 957
339 758 294
599 759 108
499 760 682
731 761 715
728 762 168
467 763 162
592 764 672
112 765 886
83 766 708
604 767 715
576 768 539
396 769 415
541 770 762
585 771 789
452 772 741
550 773 281
210 774 337
357 775 712
91 776 814
738 777 75
698 778 44
721 779 174
253 780 362
463 781 553
48 782 535
272 783 269
429 784 551
347 785 571
257 786 77
231 787 253
140 788 701
97 789 297
51 790 320
109 791 168
351 792 82
189 793 788
484 794 923
247 795 579
745 796 771
682 797 299
650 798 221
778 799 103
420 800 834
646 801 386
781 802 193
211 803 642
578 804 926
752 805 537
227 806 1000
213 807 565
685 808 194
344 809 37
730 810 942
558 811 886
584 812 70
615 813 889
408 814 487
255 815 589
84 816 788
409 817 68
468 818 505
701 819 458
163 820 708
502 821 42
652 822 145
774 823 374
322 824 919
664 825 260
589 826 944
235 827 867
718 828 77
77 829 798
750 830 472
60 831 361
670 832 374
660 833 413
228 834 482
758 835 924
454 836 798
660 837 423
299 838 245
129 839 811
423 840 432
519 841 912
296 842 481
352 843 618
434 844 396
829 845 546
66 846 575
430 847 411
611 848 556
399 849 661
801 850 512
525 851 656
724 852 131
676 853 672
473 854 756
263 855 980
703 856 813
790 857 841
411 858 784
138 859 620
314 860 395
766 861 570
306 862 694
123 863 902
233 864 918
610 865 706
823 866 29
502 867 673
164 868 510
690 869 280
87 870 478
604 871 829
700 872 723
502 873 745
548 874 610
700 875 846
188 876 862
496 877 47
640 878 484
259 879 651
327 880 80
565 881 662
513 882 733
548 883 792
284 884 223
55 885 664
713 886 831
112 887 724
395 888 961
278 889 835
344 890 363
306 891 307
83 892 380
714 893 201
46 894 670
544 895 434
735 896 95
334 897 526
609 898 693
162 899 162
261 900 587
464 901 653
202 902 555
762 903 321
442 904 95
816 905 912
613 906 681
368 907 402
734 908 697
419 909 736
772 910 511
878 911 393
491 912 950
556 913 4
853 914 246
776 915 219
485 916 202
447 917 940
576 918 343
94 919 41
519 920 252
694 921 362
811 922 485
566 923 835
521 924 758
385 925 907
255 926 973
256 927 312
582 928 378
334 929 771
485 930 616
869 931 427
416 932 227
695 933 773
220 934 964
525 935 473
455 936 741
272 937 350
332 938 677
576 939 517
580 940 574
704 941 460
147 942 60
836 943 179
541 944 177
670 945 342
853 946 327
112 947 55
636 948 919
747 949 487
207 950 384
876 951 982
421 952 232
466 953 53
677 954 357
728 955 452
56 956 274
73 957 374
360 958 382
192 959 891
599 960 409
856 961 138
137 962 13
481 963 995
477 964 226
129 965 807
205 966 741
258 967 984
74 968 892
56 969 182
966 970 556
40 971 239
289 972 91
7 973 918
517 974 819
654 975 810
744 976 593
975 977 565
769 978 606
29 979 397
545 980 84
335 981 248
324 982 274
114 983 509
474 984 445
143 985 61
334 986 108
778 987 405
690 988 743
242 989 800
298 990 965
664 991 505
957 992 449
668 993 26
339 994 911
730 995 899
606 996 870
25 997 813
455 998 787
262 999 510
223 1000 643
1000
799 39
142 689
848 546
215 32
312 378
761 743
20 55
973 148
47 45
64 782
785 293
392 967
498 707
567 162
463 380
300 715
639 633
700 591
461 47
428 941
907 720
486 433
964 468
166 829
210 513
427 427
469 202
908 228
480 613
702 194
304 917
987 232
46 905
376 824
904 600
997 825
567 655
936 807
606 970
96 798
104 317
993 249
917 244
183 503
700 927
449 620
40 776
647 367
972 511
673 318
903 121
758 689
529 523
507 519
967 405
852 340
242 508
60 966
482 885
908 164
395 308
179 483
770 129
287 249
631 851
227 307
309 375
415 171
981 777
901 916
154 857
171 293
56 595
950 949
849 308
159 927
120 601
535 96
510 183
968 98
860 783
892 986
645 165
198 393
291 87
277 971
156 286
204 305
917 513
206 2
978 783
359 604
55 527
353 490
522 341
258 498
130 655
196 140
753 185
546 507
166 574
999 330
743 795
139 15
89 952
210 401
627 388
291 484
776 354
389 114
372 712
611 57
897 662
410 238
294 884
880 230
595 685
18 616
27 117
138 882
915 506
750 165
868 746
141 950
499 762
605 206
305 398
737 866
508 679
15 524
292 966
197 384
680 729
417 564
621 256
230 632
365 205
12 716
799 845
666 85
344 700
664 52
573 578
459 458
247 907
918 720
833 436
561 149
258 257
409 91
685 11
648 529
235 401
952 528
83 34
731 65
942 221
625 195
418 898
345 409
998 108
353 12
56 705
192 13
595 643
675 881
225 107
223 736
680 847
598 933
45 799
739 491
946 852
88 919
832 785
970 547
519 876
11 177
452 667
288 627
865 946
189 352
576 902
347 731
753 23
378 795
891 267
420 651
926 465
821 435
353 583
690 145
663 574
103 995
332 664
297 149
712 460
207 772
889 509
643 743
934 477
816 351
787 248
485 596
923 388
42 776
594 549
264 198
681 903
305 456
657 729
915 908
408 770
236 761
86 625
963 226
441 243
656 445
409 930
727 353
481 200
113 598
12 307
925 602
802 811
67 721
901 270
43 23
317 44
159 426
812 951
867 944
869 532
641 596
289 904
893 756
861 321
504 955
126 587
132 834
487 543
290 742
667 786
696 272
667 17
34 537
209 158
704 741
654 416
756 866
179 864
959 659
105 310
407 497
653 374
789 904
409 445
13 726
40 715
190 801
727 22
662 651
363 259
154 518
67 531
411 602
938 526
263 481
542 208
408 48
789 265
273 471
274 851
344 244
771 177
315 832
987 202
737 472
931 312
133 553
330 116
576 415
296 890
268 197
837 940
93 218
478 610
769 706
59 104
128 815
822 767
586 711
255 169
273 735
305 577
226 692
554 550
738 644
353 575
792 226
830 482
340 622
252 707
418 172
980 530
44 651
406 794
193 941
444 927
322 973
404 985
594 249
611 993
219 676
461 797
683 485
896 365
450 363
284 310
219 859
71 444
813 128
574 396
715 847
429 719
197 1000
434 794
438 766
326 204
796 794
731 301
523 374
964 345
609 836
592 5
880 884
516 700
577 829
10 644
79 745
647 790
568 786
372 349
163 589
821 339
758 796
241 213
747 39
856 968
863 323
301 831
873 738
125 138
311 526
273 757
186 543
89 591
112 427
512 73
564 786
717 836
28 653
782 611
82 295
534 365
7 487
804 184
313 346
262 947
759 862
685 510
655 105
748 333
19 19
702 296
242 18
666 569
680 329
713 486
10 764
932 701
980 982
532 596
909 450
572 861
67 248
142 114
592 972
190 456
175 123
644 316
841 907
911 81
340 984
923 7
666 451
977 31
499 745
655 138
454 1000
988 409
252 226
985 569
491 168
855 279
523 763
485 416
702 184
415 520
199 760
465 414
554 992
222 148
203 586
711 512
828 280
178 231
579 219
544 306
92 255
984 438
521 543
876 677
235 655
466 102
612 256
966 146
372 582
464 181
465 868
120 259
19 927
803 154
417 704
172 164
271 932
647 934
637 585
688 875
447 143
756 698
14 245
241 173
272 926
345 282
885 372
402 702
244 787
547 123
698 60
62 845
77 809
428 722
81 889
943 536
847 841
591 127
360 925
400 371
805 842
194 115
574 879
981 991
247 639
33 618
886 810
861 284
299 15
877 859
884 850
9 181
408 875
285 445
380 9
824 974
335 268
20 148
654 777
101 319
974 738
194 850
761 883
637 291
4 311
865 631
922 886
757 202
108 753
345 729
491 73
618 53
125 286
342 721
388 704
111 184
591 281
90 696
685 405
795 623
708 647
262 554
135 619
761 799
177 264
769 570
41 402
134 419
861 733
679 90
471 133
830 231
660 961
445 112
280 909
173 316
297 271
966 362
669 574
881 932
271 933
888 775
100 927
577 604
64 250
198 145
753 354
326 321
762 319
835 711
334 763
907 421
787 83
682 738
469 58
277 735
293 589
564 265
54 405
2 627
361 327
115 684
527 437
749 653
48 312
211 17
345 678
891 458
679 712
677 184
268 451
80 131
924 873
437 402
273 937
383 31
284 613
340 963
607 115
783 75
736 105
730 349
552 456
386 17
385 139
352 291
176 774
411 567
583 364
291 629
878 680
503 587
168 486
292 854
452 760
353 992
819 357
810 757
20 244
594 700
885 162
191 812
138 853
943 371
531 235
948 6
187 475
410 563
657 22
210 105
236 175
797 303
593 919
104 807
243 431
445 365
893 354
778 308
15 230
67 758
942 412
212 434
19 96
161 362
141 558
784 435
556 491
444 552
841 171
954 977
220 502
102 43
922 413
550 901
749 178
468 518
443 278
846 845
891 287
432 497
148 826
486 649
914 577
760 641
706 66
383 7
945 200
132 788
421 201
826 697
399 226
264 584
618 338
488 19
431 106
969 650
645 61
619 406
119 560
697 449
844 50
839 945
598 883
750 925
315 787
221 239
527 158
551 334
952 821
570 806
447 220
643 659
59 354
755 311
903 126
732 703
629 575
225 256
64 807
197 152
886 135
255 833
915 842
986 16
216 830
371 779
837 730
605 9
966 740
597 427
11 322
46 534
79 2
177 573
105 558
366 264
511 116
520 143
585 366
215 388
310 52
647 870
585 579
67 680
856 927
622 394
85 720
636 557
971 625
59 295
583 21
866 922
607 850
377 758
148 299
686 801
356 698
439 137
644 399
586 760
14 329
849 114
786 829
963 495
512 622
624 782
357 321
400 843
184 814
238 648
41 723
66 447
197 137
12 171
146 559
284 572
202 802
775 829
589 417
900 662
94 160
868 598
96 467
770 913
635 77
198 757
816 809
404 696
55 27
714 561
412 822
160 226
22 649
317 142
613 374
485 143
558 5
976 321
848 673
428 232
309 133
901 79
54 121
199 562
3 974
832 434
785 256
460 533
689 606
640 700
858 229
698 898
295 632
255 367
776 907
271 545
654 896
130 614
853 354
630 631
232 842
642 623
497 927
437 838
522 254
380 891
39 341
134 248
659 244
670 783
237 315
697 293
110 110
911 588
519 954
510 674
667 888
700 510
629 988
209 926
822 750
575 134
825 53
793 855
479 465
68 663
242 664
717 278
244 382
880 420
285 601
253 768
473 165
658 538
85 976
316 956
829 267
595 843
425 504
789 773
89 673
741 325
179 278
602 491
225 679
892 873
541 313
928 654
693 296
471 352
879 101
381 374
608 507
841 33
418 997
946 315
2 53
59 253
456 827
826 890
645 139
614 808
214 317
142 474
460 774
478 184
278 319
428 192
361 313
411 658
67 214
219 207
799 215
434 457
4 957
792 248
663 146
635 57
228 63
197 354
243 747
970 809
883 259
812 493
561 822
358 302
836 462
173 377
394 260
764 568
507 498
189 30
805 635
163 702
845 504
672 230
313 94
995 661
221 787
311 972
634 221
165 12
124 878
596 719
891 868
993 29
724 544
720 758
463 33
501 975
183 934
309 230
421 821
160 82
353 490
439 830
57 722
44 958
527 397
403 953
869 292
7 396
361 179
473 660
425 633
104 463
835 352
295 999
67 611
832 28
103 784
557 875
921 50
93 637
535 403
697 634
748 50
203 489
393 393
847 734
142 517
754 24
710 873
310 900
828 909
45 313
664 789
686 543
319 995
444 991
767 293
576 330
875 456
699 911
918 191
217 749
786 699
206 924
952 396
927 395
856 494
832 566
759 427
478 731
799 826
429 200
674 668
923 467
98 215
203 563
41 342
680 890
406 424
686 993
245 512
935 926
369 943
987 932
167 913
329 656
733 747
975 368
967 557
463 884
611 282
409 90
170 176
495 442
589 922
519 782
530 254
669 251
914 111
764 272
728 475
17 944
492 162
865 624
548 69
721 354
918 572
376 555
173 680
441 523
156 444
397 162
159 517
482 757
527 115
799 860
22 373
93 691
99 710
503 436
546 592
628 859
89 375
489 925
475 403
37 976
754 407
267 861
770 634
488 580
705 816
988 338
256 642
990 18
875 450
417 159
212 721
929 492
573 11
129 173
840 185
935 262
76 47
85 675
956 738
293 219
804 581
