97693
89526
99475
99475
95154
98293
99475
97693
97693
99475
97693
99475
97948
99475
97255
57342
88221
61042
88233
58675
97422
97693
99475
99475
99475
99475
97422
98293
88233
15867
97422
97422
97693
99475
97422
99475
97948
99475
99475
99475
99475
99475
99475
97693
99475
99475
99475
97422
95776
97948
97693
95776
99475
97948
99475
98293
74078
99475
95776
99475
98293
97693
99475
97696
64762
97422
97948
99475
89526
97693
85291
73538
64116
83294
99475
88233
99475
97693
91741
99475
75125
99475
-14976
97422
88221
89526
97422
71980
98293
99475
99475
99475
99475
99475
83704
97422
99475
97036
97422
99475
97693
99475
99475
99475
89254
99475
89254
98293
98293
97422
97422
99475
97693
80102
97693
52076
99475
99475
99475
55540
83294
97036
91741
97693
97693
99475
97696
99475
92162
95776
99475
98293
99475
97036
99475
97693
97422
99475
99475
98293
99475
99475
99475
97422
97422
89526
99475
97422
97693
97422
99475
97693
83294
99475
99475
97693
98293
99475
97422
91155
99475
69562
99475
83294
97422
90231
98293
97422
16346
97422
43914
99475
99475
99475
99475
83294
97948
99475
98293
99475
45228
99475
98293
95776
97422
97422
99475
99475
99475
99475
99475
97422
59968
91155
97948
96657
99475
97696
97422
97422
97422
92162
97422
98293
92409
92162
99966
99475
99475
99475
97422
99475
90231
97422
35233
99475
99475
97948
92055
97422
83704
97422
-27354
99966
99475
99966
97696
99966
97422
98293
99475
92162
98317
99475
85291
98317
97422
-14976
97948
99966
99209
99966
99209
99475
99475
91155
99966
89526
99475
98317
92162
