1000
985.910000 846.890000 167.950000 337.360000
531.330000 727.100000 -903.450000 -541.090000
-225.780000 -43.110000 -774.830000 185.010000
-345.790000 -147.370000 -615.310000 -734.200000
252.380000 866.090000 -319.070000 330.340000
646.890000 970.560000 973.720000 -110.190000
-635.090000 992.930000 -167.910000 -323.660000
-273.970000 929.540000 48.680000 601.670000
279.600000 578.850000 -157.470000 -193.890000
301.260000 -866.770000 985.490000 292.240000
845.200000 685.570000 823.350000 841.680000
-186.440000 -762.780000 621.780000 -220.940000
-801.780000 -36.620000 887.960000 -815.430000
-480.470000 220.940000 -953.010000 -779.070000
13.940000 439.040000 -265.690000 720.790000
-365.060000 841.860000 -354.860000 -786.770000
137.040000 -428.090000 -483.430000 243.050000
-729.330000 -82.430000 -259.420000 422.640000
-502.930000 355.370000 974.450000 -364.720000
-604.630000 -632.830000 615.720000 -222.780000
314.590000 -629.380000 466.730000 -509.370000
829.890000 163.150000 236.510000 663.780000
164.610000 -253.070000 -999.550000 244.720000
-689.290000 -540.830000 944.750000 945.110000
-859.550000 -114.420000 637.990000 -588.310000
-877.840000 833.790000 -846.380000 105.740000
881.940000 964.210000 -138.310000 399.520000
-970.170000 -32.070000 -639.440000 -477.250000
-67.160000 -726.840000 746.130000 -603.590000
927.860000 753.030000 935.310000 450.370000
-635.330000 370.030000 -830.650000 -550.510000
-717.090000 -913.630000 414.890000 413.900000
-414.930000 343.980000 -495.530000 -143.690000
360.950000 60.130000 801.230000 589.970000
-276.400000 593.810000 438.560000 176.930000
-507.440000 -277.590000 -404.980000 -683.180000
-532.730000 -193.620000 -261.830000 686.910000
442.480000 818.390000 170.950000 686.280000
457.240000 -203.980000 -967.020000 -773.090000
594.840000 17.470000 28.270000 -25.010000
-638.820000 669.010000 -879.600000 -827.280000
-763.840000 478.210000 -637.390000 -727.230000
80.290000 -679.340000 888.660000 448.320000
775.130000 871.010000 522.410000 880.350000
307.610000 -834.730000 599.780000 1.870000
-639.270000 -725.740000 -26.210000 -115.140000
60.090000 508.390000 297.740000 769.010000
-48.550000 674.710000 649.280000 636.800000
-644.860000 -82.900000 -132.920000 326.620000
-987.930000 -505.300000 -182.290000 721.550000
724.190000 -317.820000 738.580000 -952.070000
860.670000 -938.340000 -38.440000 410.670000
-299.700000 531.800000 560.460000 -458.090000
685.060000 944.630000 -365.650000 494.010000
-451.010000 746.930000 587.570000 809.920000
229.840000 -244.800000 -412.690000 543.830000
-877.940000 -198.560000 -666.900000 -553.810000
-715.850000 435.660000 200.280000 -872.630000
-86.210000 828.220000 360.790000 -301.060000
-546.750000 -153.380000 -814.530000 -627.890000
465.340000 -46.810000 439.060000 -41.900000
480.690000 -800.270000 116.720000 114.620000
743.350000 -235.470000 10.090000 -552.510000
-28.730000 -195.600000 564.350000 31.230000
80.290000 38.520000 -613.920000 -813.810000
752.890000 -677.380000 572.740000 -651.180000
-982.720000 -408.640000 883.970000 -833.070000
-284.920000 637.920000 446.990000 544.660000
-530.490000 -575.030000 -117.660000 635.410000
676.960000 576.000000 -671.700000 202.550000
-929.320000 370.170000 209.440000 -334.350000
477.870000 -161.170000 -383.050000 -267.470000
140.270000 946.650000 -158.560000 -690.120000
600.480000 584.080000 8.810000 167.100000
-742.140000 -450.080000 -303.920000 755.270000
-900.190000 446.450000 -746.980000 -635.150000
-293.880000 179.460000 148.740000 797.670000
-133.780000 155.800000 -363.500000 864.130000
-180.580000 468.590000 790.300000 -287.030000
-19.560000 561.880000 -862.300000 -402.270000
610.190000 -701.060000 189.870000 436.020000
-804.620000 159.430000 -559.690000 -552.450000
609.410000 276.830000 -675.600000 711.680000
-91.710000 139.590000 -740.520000 292.660000
-361.180000 480.570000 -867.990000 814.170000
-707.490000 157.510000 -450.300000 715.110000
289.260000 738.550000 -111.190000 -281.150000
888.500000 -413.310000 822.110000 429.370000
-229.550000 -263.360000 -984.670000 11.470000
-165.040000 982.540000 605.760000 -678.120000
88.570000 -561.890000 704.780000 166.290000
83.390000 -427.260000 -856.670000 -409.680000
-861.650000 -761.090000 347.530000 -135.640000
754.210000 -546.160000 -141.780000 -233.350000
989.510000 588.000000 -399.490000 879.450000
694.250000 -844.240000 116.230000 413.700000
828.990000 -194.540000 838.880000 -818.200000
-396.400000 531.520000 407.680000 489.030000
204.770000 -34.190000 818.000000 914.430000
942.920000 -584.370000 -559.310000 212.750000
-91.880000 719.770000 -581.920000 -480.570000
-282.190000 -682.490000 -12.860000 340.550000
-922.110000 -215.220000 174.330000 -877.130000
-933.620000 69.560000 778.820000 -624.530000
-218.360000 -611.670000 509.370000 760.180000
893.250000 -823.390000 -33.930000 -104.420000
-975.850000 -539.200000 -850.360000 445.120000
-74.610000 8.720000 -672.140000 -581.620000
-434.760000 761.470000 988.900000 -742.010000
-885.640000 -583.620000 384.950000 112.450000
261.460000 113.210000 -532.650000 791.490000
18.070000 -463.160000 -360.520000 -551.500000
-117.030000 -994.800000 -423.770000 -443.380000
773.460000 -235.750000 -477.020000 294.820000
-524.930000 -551.890000 -475.620000 59.740000
242.850000 -860.810000 962.780000 -390.840000
242.670000 -912.060000 125.360000 170.220000
34.160000 724.350000 -945.090000 -655.300000
-459.220000 -537.940000 976.160000 -927.440000
-445.300000 654.060000 -208.030000 191.240000
13.410000 -165.420000 -359.280000 587.970000
-535.240000 -62.500000 724.720000 594.930000
471.200000 651.960000 -182.450000 532.700000
709.300000 -230.680000 515.600000 966.020000
-442.300000 -300.130000 931.620000 -108.960000
708.710000 -710.040000 275.190000 -502.590000
89.010000 -221.410000 144.560000 226.910000
124.590000 989.520000 623.250000 683.730000
-956.620000 -912.490000 486.730000 -940.770000
178.890000 -168.870000 472.350000 406.100000
-701.220000 -334.830000 961.320000 642.530000
137.690000 450.330000 -126.700000 838.740000
468.000000 -226.340000 121.570000 -908.970000
403.650000 -328.250000 -687.140000 160.320000
-712.650000 -516.540000 -415.930000 158.790000
651.600000 114.380000 -996.500000 -472.520000
499.670000 533.190000 -928.190000 850.980000
738.710000 -809.950000 -789.830000 -842.510000
199.110000 102.810000 953.910000 552.760000
-508.820000 -345.210000 168.860000 -730.620000
824.810000 41.200000 -209.390000 204.000000
-455.060000 -857.420000 -398.920000 484.470000
-45.360000 345.080000 -831.420000 824.370000
-526.910000 534.270000 457.100000 -684.300000
-925.230000 637.930000 788.520000 254.000000
790.960000 990.290000 -448.410000 -718.940000
-244.720000 -582.340000 796.570000 103.590000
-349.910000 -398.400000 873.800000 -856.850000
-768.000000 -140.260000 292.060000 738.380000
-416.020000 -696.930000 -126.420000 -604.000000
-643.580000 942.820000 -973.570000 469.900000
-136.240000 -738.560000 108.960000 784.960000
516.500000 -284.750000 103.850000 47.700000
626.320000 790.120000 761.340000 -954.360000
725.070000 715.620000 501.960000 -915.810000
817.640000 630.140000 -520.260000 372.510000
-594.630000 -20.190000 -743.600000 -44.580000
-725.610000 733.070000 989.060000 140.710000
963.480000 -474.190000 275.670000 -181.970000
805.020000 789.190000 226.000000 -977.980000
990.960000 74.250000 -933.540000 -15.980000
659.610000 -602.140000 876.520000 -925.810000
566.270000 343.480000 10.990000 -991.320000
646.390000 565.230000 85.570000 -209.570000
476.990000 -445.460000 -608.710000 123.430000
971.180000 777.300000 305.620000 908.460000
-883.020000 37.870000 -331.660000 -116.090000
-305.840000 308.600000 -796.510000 321.740000
829.820000 -265.810000 -528.870000 -858.160000
635.790000 -170.870000 -315.750000 969.420000
-322.160000 -788.880000 -386.700000 270.170000
947.440000 -871.150000 242.180000 -191.940000
-325.650000 -70.880000 739.850000 -388.090000
99.480000 285.320000 792.920000 -912.450000
897.180000 92.850000 -534.550000 -92.690000
-731.350000 -337.590000 807.780000 -601.750000
-458.600000 606.060000 -909.050000 -167.030000
670.060000 -817.930000 -297.470000 416.130000
117.430000 -75.340000 -592.090000 192.450000
-271.710000 -500.220000 -15.290000 454.220000
-711.470000 937.730000 -455.060000 -596.280000
-341.100000 -993.510000 400.700000 -626.620000
-73.020000 904.500000 -246.990000 322.580000
-860.580000 -484.490000 492.640000 -698.420000
647.690000 378.470000 62.630000 -973.860000
397.950000 509.170000 -235.130000 859.400000
551.880000 -223.570000 112.190000 458.840000
-537.540000 632.870000 622.950000 -910.890000
-698.140000 770.490000 791.930000 669.040000
523.690000 789.390000 -479.640000 12.760000
-155.950000 469.530000 -278.520000 740.570000
-281.750000 -649.200000 536.510000 174.770000
-419.160000 -592.060000 -450.780000 584.370000
-268.980000 99.350000 -187.310000 983.990000
-15.310000 189.910000 -994.830000 -349.260000
-418.940000 -747.830000 -630.640000 742.400000
-195.570000 -30.930000 -624.460000 940.080000
-103.000000 -768.790000 -615.320000 846.450000
15.490000 -916.810000 -660.630000 -478.590000
-765.020000 937.130000 216.680000 869.760000
47.220000 -143.150000 -603.630000 -405.830000
-0.890000 761.720000 723.710000 444.550000
827.590000 -196.030000 515.770000 -782.040000
-284.090000 161.840000 335.110000 -413.550000
-335.800000 -66.710000 -450.690000 46.030000
611.030000 -780.020000 297.770000 -936.790000
656.400000 725.200000 -325.390000 -72.320000
-601.820000 648.130000 137.060000 -190.710000
652.930000 -219.430000 -594.820000 -979.690000
-934.880000 -184.310000 -913.200000 -882.030000
-590.420000 -935.200000 792.250000 -55.570000
-552.300000 588.470000 53.370000 -419.690000
685.530000 -424.860000 102.470000 429.530000
503.070000 -905.260000 -832.100000 -205.620000
943.820000 -914.760000 -579.090000 11.660000
-940.550000 -893.890000 -381.750000 692.750000
978.520000 -419.240000 858.030000 -791.860000
-489.350000 -128.480000 -417.460000 -261.820000
-800.530000 881.470000 -595.760000 454.250000
-544.720000 887.070000 945.590000 -604.740000
-201.940000 -20.350000 791.060000 -308.940000
727.420000 962.390000 -604.480000 75.590000
-366.280000 89.500000 -686.690000 168.340000
-201.480000 604.720000 252.400000 -987.510000
-376.590000 -796.030000 414.880000 381.050000
-994.120000 -34.380000 -658.370000 -195.310000
-186.940000 409.890000 260.090000 309.460000
566.070000 -842.920000 500.720000 752.800000
-238.950000 -900.160000 323.510000 -519.280000
-901.380000 116.800000 -664.250000 -714.360000
933.960000 -111.470000 -397.210000 479.760000
59.640000 400.240000 479.770000 -268.740000
781.470000 515.790000 -608.920000 247.290000
608.110000 -497.410000 -171.400000 546.500000
-657.730000 -836.810000 556.780000 -925.820000
-209.050000 827.310000 660.790000 -706.890000
-907.730000 921.570000 884.240000 -73.040000
679.670000 599.810000 902.320000 423.530000
874.760000 498.300000 427.630000 -250.590000
823.110000 612.520000 -934.990000 -120.550000
461.440000 -594.940000 -398.610000 176.540000
-338.130000 601.710000 -230.840000 239.820000
-336.610000 -502.820000 794.590000 -624.160000
-398.790000 885.660000 331.250000 425.500000
-836.470000 -897.730000 846.770000 989.670000
-699.030000 995.150000 -533.990000 -462.860000
-326.630000 -362.470000 629.910000 456.250000
-541.290000 320.100000 -282.820000 -370.490000
-262.620000 -505.490000 -197.070000 -419.640000
-713.860000 -713.100000 -518.620000 -647.050000
272.640000 287.620000 -638.430000 27.120000
822.410000 -120.930000 -690.440000 232.340000
-348.880000 -51.990000 397.300000 -99.090000
67.450000 314.270000 471.030000 124.070000
-502.590000 948.910000 356.600000 -284.340000
-851.190000 -871.230000 989.520000 55.390000
-121.290000 -313.870000 901.460000 273.600000
-755.970000 -282.330000 594.340000 95.940000
-285.630000 176.550000 493.390000 -585.280000
770.720000 -529.150000 -188.200000 -173.240000
-415.340000 -749.100000 -158.780000 -495.260000
-693.550000 733.860000 -232.850000 564.450000
579.700000 389.610000 542.810000 -63.920000
-26.470000 -599.580000 -970.600000 373.290000
-555.870000 392.270000 -606.180000 110.710000
866.280000 -908.240000 41.960000 368.650000
-240.280000 -385.400000 878.670000 -426.800000
-323.540000 668.000000 -529.430000 -882.860000
-487.990000 755.770000 -562.820000 170.370000
882.480000 -709.650000 -539.380000 247.270000
415.340000 384.310000 407.410000 735.540000
219.000000 -818.670000 836.120000 177.690000
777.370000 67.580000 237.650000 95.820000
266.950000 -899.710000 -152.520000 575.650000
-385.060000 169.870000 572.890000 -97.040000
779.970000 -558.690000 867.430000 994.380000
719.010000 -652.990000 941.830000 611.700000
-549.060000 -350.140000 -273.820000 491.310000
923.360000 26.230000 871.120000 748.150000
809.300000 -220.320000 949.540000 739.370000
-684.510000 291.570000 -809.910000 -316.840000
384.290000 743.690000 -532.180000 -692.260000
465.960000 298.180000 947.990000 -851.410000
-924.890000 -345.220000 435.240000 811.670000
-346.820000 -121.890000 535.080000 -43.010000
392.850000 250.410000 -870.870000 626.500000
137.750000 -525.970000 929.650000 -705.720000
-425.970000 -663.100000 488.120000 -96.000000
-995.740000 815.440000 972.450000 -431.350000
570.920000 905.940000 -66.840000 105.690000
916.340000 -863.340000 210.220000 809.500000
141.640000 -524.840000 -825.850000 82.940000
117.610000 -571.500000 -594.020000 -562.280000
738.350000 -837.560000 4.220000 -481.540000
-454.330000 -989.830000 -460.240000 -498.460000
-806.430000 177.540000 -111.960000 853.750000
193.730000 -341.300000 -585.040000 291.500000
402.170000 168.210000 -134.940000 -15.850000
-432.120000 -170.430000 -975.910000 -985.430000
-783.730000 -882.010000 749.670000 438.290000
-225.600000 -840.800000 772.730000 -319.410000
-313.730000 -805.570000 590.530000 477.680000
442.120000 -541.130000 -536.470000 473.070000
-578.340000 444.660000 792.790000 -802.830000
654.950000 -73.010000 -400.190000 703.260000
-607.060000 166.750000 8.910000 566.580000
314.980000 931.060000 928.750000 557.200000
-826.830000 684.400000 -962.690000 20.070000
431.950000 899.080000 -364.130000 -349.890000
-275.140000 43.000000 -918.620000 -102.800000
-421.160000 -528.030000 -231.910000 166.350000
-859.300000 -580.690000 920.460000 -195.330000
-380.960000 -500.270000 394.860000 727.120000
468.900000 -182.440000 -694.300000 -857.890000
495.890000 -372.450000 582.010000 156.770000
-215.430000 -360.550000 -536.770000 -893.390000
-611.480000 -195.070000 210.060000 664.320000
-791.140000 -28.420000 -623.330000 -218.220000
-292.090000 -662.650000 -981.360000 -654.730000
-263.240000 -699.710000 -259.230000 741.480000
448.980000 409.830000 -730.730000 -45.590000
-697.200000 301.350000 -115.190000 682.410000
-313.420000 -88.280000 -969.610000 -417.960000
-481.020000 624.440000 -730.860000 381.050000
869.040000 788.790000 466.640000 -897.860000
897.910000 629.820000 -622.080000 -697.390000
981.940000 -17.910000 843.670000 162.610000
-45.710000 -941.900000 917.240000 652.260000
-551.800000 -789.640000 -561.420000 831.550000
-466.740000 -344.350000 580.110000 -934.390000
-501.380000 837.030000 220.540000 368.240000
-563.500000 -766.220000 320.180000 -64.870000
686.660000 -106.800000 659.640000 -10.340000
626.640000 -711.330000 -791.380000 163.110000
419.500000 389.480000 -908.810000 520.100000
-636.820000 -901.500000 981.990000 -319.930000
-618.600000 486.590000 858.120000 574.700000
-733.590000 782.970000 -771.490000 -242.710000
-284.900000 916.460000 886.470000 425.640000
-102.320000 480.580000 384.410000 -440.200000
-803.700000 -686.510000 295.000000 -835.600000
-732.240000 -79.790000 -649.180000 380.000000
-286.120000 602.340000 -342.400000 442.510000
-67.410000 -754.870000 751.980000 -902.270000
628.740000 -158.900000 233.720000 -15.090000
884.010000 11.070000 66.720000 124.060000
914.210000 119.600000 203.250000 -71.970000
-787.180000 946.690000 624.510000 262.130000
-6.560000 -896.530000 -272.750000 -547.640000
-7.700000 -107.340000 -283.530000 -337.540000
502.420000 -621.060000 -306.320000 458.080000
778.860000 294.360000 -824.360000 164.520000
508.970000 455.470000 -33.590000 970.310000
-754.630000 -430.160000 191.630000 400.290000
410.260000 -906.000000 69.030000 950.880000
136.920000 539.580000 -353.330000 -633.590000
-240.720000 -593.840000 -720.660000 348.340000
212.390000 883.060000 106.320000 96.660000
260.110000 845.480000 712.190000 34.230000
-902.420000 -341.240000 -284.050000 -730.700000
-463.800000 -844.840000 -305.810000 -532.010000
-421.190000 -377.160000 -760.270000 -778.780000
-60.510000 -753.380000 -558.870000 -405.270000
-126.240000 290.270000 -484.910000 -818.230000
458.610000 -940.900000 475.080000 -126.340000
864.940000 571.980000 -160.970000 38.380000
480.130000 -343.620000 -407.620000 878.660000
615.300000 -282.870000 -716.670000 82.910000
789.520000 842.920000 -220.320000 -209.580000
-132.950000 179.900000 -952.450000 -180.850000
-251.800000 506.770000 -80.100000 651.470000
390.340000 439.370000 -105.480000 756.710000
-268.420000 528.520000 970.740000 -167.480000
-369.460000 -598.940000 -318.190000 876.390000
276.920000 -344.610000 241.110000 -81.090000
-583.980000 -269.080000 -546.800000 745.830000
36.480000 -658.010000 446.560000 -754.060000
877.150000 -757.820000 18.140000 521.890000
24.980000 -118.600000 -829.580000 -408.140000
-242.590000 -413.020000 -444.730000 -669.970000
106.460000 624.830000 458.110000 529.490000
799.840000 -306.450000 471.700000 -678.640000
546.900000 -40.300000 991.170000 -811.860000
-759.200000 -611.880000 309.070000 17.580000
-99.140000 -418.880000 -242.980000 59.930000
778.930000 -41.130000 -89.090000 -606.510000
-747.500000 827.280000 -136.020000 -335.660000
-46.050000 893.520000 769.330000 -796.370000
506.370000 296.810000 43.720000 -277.610000
259.520000 -745.580000 266.430000 -280.720000
371.490000 -964.750000 651.420000 -781.350000
-970.360000 -689.810000 -846.520000 552.830000
-157.720000 -353.710000 780.080000 760.540000
783.190000 562.660000 -76.970000 509.160000
813.370000 -75.680000 293.990000 -678.080000
-505.090000 997.310000 -910.590000 -875.780000
777.470000 -141.300000 559.980000 -322.750000
534.890000 -482.460000 -513.180000 -64.230000
64.760000 449.010000 898.180000 414.040000
841.010000 -136.520000 -340.720000 307.470000
810.400000 -652.230000 -132.100000 -532.390000
893.880000 47.940000 822.240000 36.460000
431.000000 322.750000 953.840000 -618.180000
-105.310000 103.010000 -210.780000 629.180000
75.830000 455.810000 729.090000 40.190000
57.380000 -951.240000 -73.020000 465.450000
-761.370000 297.480000 -311.610000 359.530000
328.420000 -85.900000 298.460000 342.980000
146.980000 752.200000 -954.410000 642.060000
933.070000 247.280000 909.380000 731.300000
189.780000 -6.020000 -472.970000 -482.250000
940.680000 36.970000 48.090000 -670.510000
933.170000 -37.720000 183.810000 503.700000
-782.080000 333.920000 910.370000 471.930000
125.360000 -523.410000 -309.570000 604.840000
-252.520000 -134.950000 -497.340000 -662.210000
261.970000 982.170000 371.500000 -836.070000
902.930000 136.410000 428.620000 543.150000
123.410000 -361.760000 392.120000 -723.550000
938.970000 11.140000 -807.860000 942.560000
-521.170000 58.200000 -991.950000 322.390000
578.440000 780.240000 502.560000 -826.470000
218.620000 -420.130000 10.820000 661.470000
-566.070000 241.430000 -215.070000 839.240000
-540.500000 54.260000 -162.230000 463.020000
-955.680000 -164.950000 713.470000 390.400000
-340.130000 -298.120000 786.280000 46.730000
-428.460000 -559.800000 -140.770000 -857.400000
622.020000 -687.490000 67.400000 -996.090000
599.400000 265.700000 -754.790000 710.230000
-582.500000 912.310000 808.560000 59.980000
-926.490000 -225.670000 -474.230000 835.800000
-12.880000 -768.020000 -137.880000 -488.490000
-818.480000 908.050000 365.510000 294.650000
597.570000 -199.920000 669.320000 -453.620000
-321.050000 151.760000 164.970000 -472.530000
826.860000 340.130000 482.370000 -651.550000
979.140000 993.750000 -949.440000 442.470000
86.550000 530.530000 -745.160000 138.670000
-560.820000 291.740000 -109.740000 -674.110000
-391.510000 -894.610000 266.290000 -394.280000
-805.030000 -53.820000 477.230000 550.740000
197.450000 575.180000 -196.220000 563.570000
-43.420000 758.350000 -555.460000 -492.120000
-181.070000 498.910000 883.080000 -546.680000
-862.020000 216.660000 -208.820000 -527.630000
394.480000 -921.490000 981.590000 335.340000
23.050000 -986.170000 -318.910000 -103.320000
-608.150000 -789.990000 497.340000 824.450000
-27.120000 -68.800000 -969.210000 743.190000
437.040000 -490.180000 151.430000 272.880000
-482.540000 661.980000 529.030000 -725.310000
743.470000 882.490000 820.150000 305.250000
734.570000 -424.440000 -612.300000 -662.960000
-516.020000 569.970000 -714.530000 -189.540000
-945.970000 366.660000 658.370000 -626.300000
-610.750000 -128.430000 -608.710000 74.580000
-562.310000 -522.570000 380.420000 925.690000
-792.610000 -864.620000 804.600000 687.520000
-63.000000 426.350000 751.710000 -705.830000
-706.930000 -121.880000 -526.450000 771.150000
-536.480000 -365.920000 -80.880000 -706.560000
656.670000 9.670000 358.920000 -744.170000
-868.480000 236.890000 -492.600000 372.740000
-296.400000 -35.980000 -743.590000 -601.040000
451.160000 429.460000 -444.820000 -727.530000
-860.200000 910.830000 723.320000 541.750000
3.480000 -137.030000 -782.860000 -490.690000
-64.310000 -647.020000 -112.700000 604.010000
33.330000 600.030000 -986.480000 273.770000
-863.020000 533.220000 -865.410000 17.430000
-827.340000 -236.910000 -719.220000 -450.840000
-415.530000 606.820000 -478.490000 -586.630000
973.870000 -78.040000 -69.020000 -404.830000
-84.680000 -25.180000 -751.900000 -810.160000
186.910000 -397.300000 605.220000 715.520000
-498.160000 -158.840000 -189.260000 -364.210000
398.630000 -14.300000 706.110000 -646.290000
-792.190000 -774.050000 330.120000 365.160000
-257.320000 -799.440000 523.290000 652.890000
-792.210000 -665.170000 986.530000 -268.530000
609.830000 -122.410000 683.670000 -636.560000
889.980000 -256.580000 -207.090000 977.450000
-445.200000 -733.860000 635.720000 354.130000
-808.090000 -578.480000 -777.020000 -774.770000
-304.210000 214.180000 -581.960000 498.390000
541.720000 -546.700000 -873.540000 -518.760000
-353.280000 -942.000000 683.340000 -266.390000
-265.120000 -455.940000 119.190000 -392.050000
-346.130000 870.750000 472.050000 -78.750000
541.230000 373.190000 564.920000 -68.650000
920.920000 -664.930000 423.920000 291.800000
97.100000 713.750000 208.740000 371.160000
-52.810000 -56.950000 -569.510000 770.600000
-717.960000 -910.560000 -152.590000 -336.420000
874.490000 830.830000 798.190000 264.770000
552.820000 474.380000 19.560000 629.350000
-191.700000 -317.240000 -802.050000 -613.840000
167.110000 334.890000 30.470000 586.730000
-357.230000 985.720000 -30.940000 993.030000
-706.010000 74.230000 -36.030000 -921.480000
263.150000 -359.900000 679.540000 -839.300000
80.630000 238.070000 -837.200000 -520.470000
343.740000 825.680000 929.150000 614.250000
-595.340000 -942.340000 325.210000 873.500000
-340.720000 738.480000 761.500000 280.220000
-947.140000 -858.700000 -385.160000 -718.360000
250.690000 -454.060000 -63.140000 -115.500000
-602.270000 74.800000 332.130000 -717.140000
209.310000 964.770000 53.850000 -879.320000
629.560000 485.310000 893.750000 -286.350000
63.020000 -67.380000 836.870000 -275.200000
-224.160000 273.410000 -413.890000 -645.170000
-37.420000 955.450000 948.710000 -134.910000
997.310000 724.980000 282.070000 -423.420000
558.540000 -559.520000 -586.760000 -823.110000
-254.640000 251.510000 -362.660000 -206.550000
-78.920000 364.810000 -632.380000 507.810000
-728.230000 -223.670000 -125.380000 -713.980000
-138.870000 485.870000 518.460000 459.700000
73.110000 -480.190000 379.620000 -898.460000
682.300000 -409.630000 479.870000 871.580000
344.100000 562.230000 90.270000 -801.890000
-857.700000 89.260000 753.600000 98.340000
409.990000 325.930000 -152.580000 -701.360000
-317.600000 -294.450000 629.660000 -802.150000
333.440000 267.770000 353.140000 127.910000
-360.430000 155.640000 358.150000 449.580000
558.740000 -413.190000 -314.530000 -114.700000
-127.230000 -310.760000 -590.270000 -585.910000
-289.190000 977.300000 -525.830000 834.170000
-88.920000 512.830000 674.610000 -479.320000
-751.160000 -772.140000 343.470000 979.250000
908.890000 -202.050000 243.950000 -210.460000
-382.140000 419.820000 -175.780000 804.500000
-949.410000 -187.680000 -654.080000 529.510000
-872.420000 897.770000 996.510000 -829.410000
850.330000 -371.770000 -476.490000 546.880000
-446.990000 560.130000 -300.700000 -134.060000
-230.140000 441.940000 -180.050000 576.420000
3.580000 -11.190000 190.980000 987.420000
-81.620000 -155.300000 -206.140000 -999.540000
-576.710000 -107.750000 279.150000 -613.950000
-30.500000 -535.130000 -919.150000 653.490000
-328.450000 -961.300000 -628.790000 671.680000
417.880000 -154.590000 -975.310000 -801.930000
-625.220000 960.390000 842.390000 326.870000
401.750000 -575.370000 365.350000 -561.480000
-770.120000 265.520000 -646.960000 326.950000
903.790000 276.150000 -493.340000 636.370000
-380.550000 -576.900000 -868.360000 -180.930000
718.970000 -859.960000 171.460000 460.840000
-960.040000 413.320000 -918.990000 309.710000
619.020000 -622.520000 -519.090000 -735.470000
72.290000 -800.340000 953.320000 -95.960000
677.490000 -165.460000 -34.860000 -92.000000
-880.200000 466.530000 -988.480000 -458.240000
430.380000 -481.240000 -409.900000 927.520000
729.980000 997.610000 -558.850000 320.490000
479.310000 440.190000 202.160000 761.930000
959.960000 -950.820000 810.010000 -845.330000
3.220000 -176.010000 22.810000 -271.930000
813.090000 -767.460000 -60.050000 704.390000
-471.450000 -786.040000 261.660000 -710.150000
193.830000 -177.760000 -864.430000 328.170000
581.610000 -637.190000 96.790000 882.450000
-617.320000 941.920000 -835.890000 873.620000
265.870000 -601.120000 975.650000 646.390000
-457.320000 -579.830000 654.040000 -354.240000
-415.240000 839.760000 191.340000 -584.770000
-438.970000 300.670000 759.090000 -439.610000
940.960000 298.760000 712.870000 41.060000
164.420000 134.700000 30.580000 -409.420000
-808.340000 -566.020000 26.810000 -918.360000
276.420000 -732.420000 595.420000 159.860000
-154.990000 -192.240000 -396.920000 -550.380000
172.130000 89.960000 256.770000 -320.000000
-319.360000 928.430000 -133.950000 858.710000
706.560000 13.250000 -37.880000 -951.130000
-951.600000 310.660000 998.120000 -637.800000
921.650000 -631.050000 -365.420000 -764.240000
277.070000 -623.810000 -190.140000 -468.800000
-209.330000 -532.450000 138.960000 -860.630000
-732.650000 -838.340000 769.370000 508.710000
-340.190000 210.840000 785.110000 -364.760000
-933.320000 -829.270000 57.180000 -865.320000
467.850000 -401.480000 622.800000 -548.300000
77.220000 -741.790000 -39.250000 -314.080000
-474.380000 637.120000 -823.130000 101.520000
864.050000 -609.780000 -801.740000 -629.410000
-509.280000 -685.890000 -801.860000 564.140000
17.290000 -580.200000 927.550000 254.920000
-921.990000 -122.660000 -437.420000 858.900000
45.700000 -335.350000 -36.620000 -936.690000
32.520000 -935.350000 -589.970000 -207.260000
-358.390000 800.140000 726.740000 -859.970000
944.930000 56.270000 -372.280000 -96.100000
785.870000 820.620000 -52.290000 -102.290000
-802.900000 597.570000 -464.610000 -574.310000
102.230000 939.260000 211.510000 378.760000
728.510000 -978.550000 -675.300000 628.630000
-475.810000 339.390000 -30.390000 -262.890000
563.350000 -631.680000 506.550000 9.970000
507.790000 -482.250000 -884.480000 914.850000
975.840000 -102.510000 -607.330000 -658.690000
609.300000 641.070000 -250.340000 848.020000
-556.350000 -757.610000 -903.760000 401.120000
218.300000 912.870000 25.170000 -860.440000
-407.770000 496.960000 -593.940000 -530.140000
-419.070000 -594.870000 -363.600000 -580.130000
202.420000 -486.000000 293.240000 614.320000
-288.150000 -615.520000 -732.090000 794.210000
119.480000 -591.400000 -718.050000 -681.430000
792.510000 -648.620000 -251.350000 -361.420000
411.440000 137.160000 15.600000 -527.760000
364.350000 450.560000 356.970000 372.080000
-959.020000 970.460000 86.080000 -833.270000
580.730000 -31.240000 557.460000 -70.310000
-276.480000 -393.510000 766.470000 -551.910000
-437.330000 -648.660000 117.750000 -541.320000
-481.260000 472.290000 -809.910000 -829.790000
-168.580000 -2.690000 -330.740000 -731.130000
105.720000 876.600000 -828.170000 543.860000
-331.250000 20.790000 -256.310000 197.280000
931.420000 728.300000 698.430000 -755.670000
-897.490000 -42.670000 431.450000 305.760000
112.870000 -724.350000 348.290000 462.650000
-294.410000 718.980000 977.610000 -259.270000
-451.220000 -314.440000 -24.220000 667.810000
-229.150000 -925.370000 -281.590000 165.360000
-691.420000 -688.010000 -970.340000 800.240000
108.090000 -117.150000 -850.770000 -573.350000
-740.640000 220.980000 -190.580000 -60.120000
25.650000 431.610000 675.510000 -307.500000
208.120000 144.380000 832.750000 903.410000
-743.610000 895.070000 -73.140000 -464.210000
-454.550000 -33.470000 -934.790000 -118.590000
-765.610000 -197.410000 504.080000 291.310000
649.690000 170.810000 -545.380000 -808.380000
-508.570000 150.570000 -446.900000 528.920000
55.680000 460.300000 476.760000 807.570000
696.170000 -650.690000 941.570000 670.690000
-579.910000 349.780000 921.980000 599.100000
-42.260000 598.270000 -498.730000 -206.460000
567.960000 -234.150000 -476.220000 214.420000
408.960000 54.630000 -303.290000 480.250000
346.270000 -739.490000 261.920000 -959.720000
-567.830000 -182.300000 -622.430000 -736.460000
-194.780000 -161.700000 26.070000 -711.050000
-517.130000 -989.250000 -771.420000 -94.540000
-298.400000 -245.350000 22.780000 181.590000
-911.380000 -737.960000 235.910000 86.890000
-895.390000 316.860000 -551.980000 203.170000
987.360000 -563.840000 76.960000 -282.050000
-880.980000 527.100000 -138.010000 -504.120000
63.870000 -384.460000 905.700000 98.670000
47.140000 512.520000 -52.310000 138.370000
624.390000 -442.810000 -622.490000 -54.520000
388.890000 487.230000 -273.350000 -620.420000
-564.220000 31.640000 -656.480000 -601.230000
-813.010000 -355.240000 -818.280000 -690.490000
741.100000 -860.610000 -699.380000 -254.320000
-629.370000 696.100000 372.840000 139.690000
-686.200000 -1.810000 -861.920000 -485.480000
583.210000 -101.130000 -14.070000 -532.840000
90.260000 849.710000 456.260000 175.050000
-552.760000 -923.250000 265.480000 -855.800000
628.880000 351.630000 657.770000 294.550000
-649.610000 -900.500000 -151.150000 862.970000
568.780000 40.390000 726.310000 -480.110000
286.390000 -665.950000 967.100000 626.280000
24.080000 828.010000 -500.320000 -528.840000
-340.460000 -436.670000 814.970000 834.640000
-84.170000 566.930000 523.040000 -609.660000
673.340000 -373.690000 -295.540000 -415.980000
-434.960000 927.370000 409.980000 -886.470000
442.030000 -964.120000 112.940000 686.600000
-267.710000 -258.420000 554.570000 -419.300000
745.130000 -586.610000 -594.510000 -319.570000
881.530000 779.750000 -875.900000 29.400000
-5.480000 37.610000 -830.760000 569.830000
556.060000 -971.970000 -63.910000 227.900000
529.460000 464.530000 -127.340000 906.620000
34.350000 -62.830000 -217.190000 -891.610000
630.750000 330.120000 -622.470000 371.740000
-703.760000 821.260000 -277.760000 -632.040000
-721.420000 -141.400000 61.070000 842.600000
353.380000 813.420000 931.770000 -689.250000
-248.030000 252.300000 -110.020000 76.140000
-735.330000 -94.220000 44.000000 634.220000
-920.200000 540.100000 -682.680000 -367.330000
196.850000 104.510000 -234.000000 778.910000
593.310000 -759.750000 -450.640000 -737.080000
176.990000 -233.960000 472.920000 -417.710000
-11.500000 -273.550000 119.380000 85.420000
343.350000 -803.610000 651.260000 537.820000
-858.570000 969.350000 -701.750000 -984.620000
702.060000 -966.360000 -570.620000 631.790000
-271.470000 44.010000 -882.820000 23.290000
874.690000 419.060000 -544.780000 212.570000
-815.240000 174.340000 144.100000 546.510000
-370.460000 -681.700000 428.100000 692.320000
328.670000 -157.640000 307.510000 -424.650000
963.420000 247.120000 336.140000 -174.640000
-13.120000 260.920000 -480.230000 988.050000
648.560000 747.510000 418.840000 -558.560000
652.340000 -939.680000 747.410000 122.390000
-915.970000 -653.490000 65.990000 46.930000
-797.600000 -788.360000 710.270000 889.590000
320.120000 -140.450000 -223.490000 626.650000
-410.700000 718.960000 560.820000 284.560000
-233.020000 52.260000 885.700000 -419.670000
-148.790000 -425.860000 -562.980000 -50.340000
417.530000 833.300000 -746.690000 385.310000
-852.120000 -564.370000 488.260000 686.280000
-431.320000 -217.790000 -30.550000 -695.650000
-349.550000 196.770000 860.180000 -209.500000
785.970000 -132.040000 986.710000 -704.140000
-110.540000 221.390000 628.980000 173.270000
-30.610000 -217.270000 -286.970000 -440.740000
-690.230000 669.000000 741.970000 386.310000
-174.390000 -195.940000 305.690000 520.520000
353.260000 257.440000 354.940000 249.460000
-792.630000 -291.300000 -965.060000 471.180000
-411.380000 -384.340000 860.820000 -582.030000
409.720000 -755.790000 570.390000 -262.360000
763.270000 -172.640000 52.180000 -849.090000
103.080000 -664.890000 -408.390000 275.320000
-946.080000 -849.610000 746.340000 -481.100000
464.160000 -35.170000 786.550000 287.500000
313.730000 -956.460000 -958.500000 -412.710000
-974.040000 49.590000 259.910000 -268.740000
549.610000 -736.910000 826.440000 -992.750000
728.260000 552.400000 -674.670000 -769.950000
143.390000 592.320000 -308.790000 -648.170000
33.130000 -266.580000 -680.110000 18.040000
961.050000 588.070000 -866.950000 -735.120000
869.900000 94.150000 -732.470000 -326.640000
398.700000 764.300000 971.970000 -686.110000
-153.640000 480.550000 -996.750000 57.020000
-524.980000 -546.230000 246.090000 -664.600000
-741.700000 785.070000 -784.360000 -535.030000
-292.430000 86.810000 863.730000 -496.000000
22.790000 -263.860000 138.840000 18.740000
-684.990000 -624.870000 5.370000 639.220000
-360.530000 378.250000 313.520000 -254.400000
776.690000 517.620000 -889.090000 -10.870000
-992.340000 676.610000 -240.170000 -690.000000
273.490000 64.060000 386.200000 -585.560000
-923.520000 181.020000 -889.730000 539.450000
338.400000 -806.690000 -935.820000 -13.590000
401.080000 323.640000 162.070000 -95.070000
973.690000 856.680000 18.020000 -595.390000
266.230000 118.530000 -532.450000 -986.230000
959.670000 -820.800000 -603.270000 546.720000
-737.420000 722.290000 705.020000 -482.420000
504.250000 -221.670000 366.980000 847.640000
972.220000 -393.690000 894.440000 -256.400000
959.390000 -822.030000 510.250000 18.000000
50.090000 -940.510000 -451.900000 690.750000
240.860000 895.920000 155.600000 994.060000
-328.810000 -32.420000 306.200000 290.860000
-651.900000 -726.690000 966.330000 670.430000
245.940000 -174.370000 -907.190000 518.510000
-269.290000 594.230000 -498.360000 911.960000
749.270000 971.060000 703.860000 -949.950000
-670.860000 643.320000 109.580000 88.160000
333.820000 -662.620000 298.780000 -702.970000
-573.230000 -323.990000 908.480000 894.190000
-688.950000 -867.490000 -281.030000 -73.090000
-145.410000 -440.110000 -105.410000 -738.680000
966.920000 17.190000 788.500000 -35.870000
-554.960000 -134.880000 -338.910000 736.220000
-774.450000 -454.730000 932.310000 -462.900000
475.410000 -277.570000 -658.530000 -187.120000
-527.930000 988.220000 711.430000 -591.390000
490.220000 -126.900000 126.730000 -389.310000
-937.780000 658.260000 825.040000 -133.330000
-645.090000 456.610000 -817.280000 -801.940000
883.590000 -519.410000 -403.880000 300.910000
-698.760000 -932.270000 -806.360000 773.690000
150.710000 -613.880000 -410.660000 944.360000
454.710000 886.920000 -747.760000 -28.950000
-975.960000 923.640000 324.350000 679.080000
-57.570000 479.560000 -174.790000 452.220000
-586.430000 926.610000 -2.240000 385.020000
687.880000 -18.810000 -349.710000 -642.180000
773.860000 899.170000 272.480000 787.360000
550.760000 175.580000 244.480000 305.300000
-976.860000 -806.580000 329.870000 -589.580000
-67.430000 -576.110000 -988.630000 -19.830000
-250.620000 -222.830000 650.080000 913.870000
332.870000 892.020000 747.080000 -332.180000
-673.860000 -700.050000 -975.740000 597.410000
-273.430000 -681.110000 -215.870000 494.210000
234.450000 -465.960000 519.460000 -434.020000
-496.900000 936.380000 -772.120000 -671.720000
-87.190000 -349.920000 891.400000 893.580000
-906.690000 -94.830000 991.220000 -167.820000
931.980000 -916.570000 -677.720000 434.850000
-550.320000 -713.760000 -815.130000 -705.570000
-686.900000 -406.350000 -236.140000 955.820000
-731.800000 535.180000 28.270000 -915.030000
-583.460000 -859.460000 -666.610000 -695.060000
681.080000 277.660000 -622.150000 -247.230000
-166.370000 -209.490000 -580.110000 -130.410000
-788.880000 -231.210000 260.940000 275.820000
-945.640000 780.290000 -141.430000 -799.510000
259.820000 944.920000 435.390000 -502.330000
-913.380000 -454.960000 -801.010000 109.480000
1.800000 -798.640000 182.590000 364.970000
-334.270000 -4.710000 527.000000 28.890000
-521.810000 761.700000 -110.120000 -383.170000
-674.080000 426.620000 476.980000 -374.470000
-670.650000 580.400000 -173.220000 193.200000
-837.550000 -615.240000 -68.760000 -965.790000
645.170000 714.830000 -883.950000 -585.810000
-95.670000 -570.340000 668.070000 234.470000
903.680000 984.340000 891.570000 944.210000
-565.210000 -652.500000 662.780000 483.090000
76.660000 -366.150000 276.520000 992.530000
-29.560000 179.090000 167.640000 -49.280000
-141.470000 -863.700000 834.710000 606.580000
575.080000 37.730000 -545.950000 -7.650000
199.580000 -925.880000 -141.370000 759.080000
195.270000 -820.060000 539.050000 566.200000
545.160000 11.970000 -501.130000 646.120000
-818.740000 -364.520000 -621.820000 516.190000
-957.490000 603.940000 664.330000 -63.550000
80.830000 -743.300000 706.480000 -351.260000
305.060000 156.110000 263.530000 541.090000
302.360000 -822.730000 737.440000 671.030000
-117.840000 -491.260000 -70.100000 -606.340000
255.650000 -701.430000 -454.220000 -553.380000
-627.790000 -444.800000 644.520000 -730.400000
206.390000 76.670000 -745.720000 -794.990000
-916.810000 483.480000 567.940000 621.790000
-957.480000 -829.620000 -197.200000 -38.420000
-153.210000 -969.660000 533.390000 525.690000
129.470000 -181.630000 849.050000 -287.620000
-598.490000 -515.980000 -215.880000 -335.930000
-282.250000 208.490000 124.610000 -306.510000
593.550000 -477.260000 -713.110000 -895.710000
-431.290000 -320.870000 246.040000 832.450000
-635.040000 326.450000 -676.250000 -925.210000
-479.450000 -8.730000 967.820000 505.470000
565.920000 150.900000 567.910000 489.540000
636.880000 322.960000 -130.720000 503.600000
718.810000 -881.630000 555.940000 626.220000
-560.540000 -352.350000 70.320000 -374.100000
-308.710000 692.660000 64.120000 639.120000
260.070000 -911.690000 -137.590000 385.700000
150.690000 203.650000 183.600000 -938.180000
-466.160000 871.930000 -524.980000 -817.790000
-84.110000 -914.900000 538.360000 -551.370000
957.700000 329.870000 911.040000 288.360000
-590.330000 203.340000 629.080000 484.710000
-15.210000 932.470000 -733.490000 461.400000
660.150000 -795.440000 159.580000 990.100000
266.000000 579.760000 660.200000 113.830000
583.530000 -249.100000 -170.620000 195.930000
-384.260000 41.430000 -593.570000 663.520000
938.090000 23.080000 210.350000 127.700000
459.340000 494.020000 -727.200000 -134.540000
46.210000 -356.580000 -343.730000 -917.560000
-717.970000 -10.160000 865.960000 -641.820000
-130.170000 671.220000 -371.910000 -770.680000
225.670000 223.430000 -555.800000 785.630000
570.380000 324.860000 72.990000 99.040000
40.510000 804.310000 238.310000 106.380000
-624.690000 114.090000 -662.970000 326.380000
149.470000 964.990000 -358.560000 -893.610000
306.590000 -432.640000 -697.550000 -484.060000
-8.680000 -131.780000 288.060000 -824.230000
819.750000 -929.940000 802.260000 -639.440000
-80.450000 -279.000000 -935.670000 -521.380000
75.840000 887.250000 -725.770000 97.780000
-498.060000 -903.870000 424.440000 985.610000
874.060000 578.620000 228.100000 304.540000
294.540000 892.690000 444.200000 -880.050000
489.560000 -310.470000 -348.600000 880.080000
-161.180000 -978.630000 -588.780000 -23.340000
-7.530000 452.560000 162.330000 630.150000
58.580000 -829.850000 -950.850000 -47.610000
754.610000 -751.390000 185.220000 -33.660000
-718.490000 701.460000 -545.960000 -800.350000
38.050000 3.790000 -875.330000 361.930000
-284.030000 730.050000 340.410000 -955.550000
-849.140000 -545.390000 -4.330000 970.240000
137.230000 372.160000 -330.670000 -188.610000
757.430000 -309.570000 733.320000 110.450000
206.490000 -564.180000 642.780000 -46.900000
358.100000 715.470000 926.370000 -762.020000
583.210000 -199.620000 328.930000 266.890000
727.020000 591.820000 -388.210000 -819.040000
-460.040000 -465.460000 204.830000 -518.590000
283.580000 -894.480000 556.840000 954.320000
-787.950000 631.530000 133.670000 768.040000
713.130000 -348.130000 571.620000 29.640000
824.840000 -974.730000 866.840000 -940.250000
-952.260000 -550.070000 394.420000 -712.670000
-461.630000 -100.820000 451.850000 -611.610000
-840.140000 568.570000 -483.930000 752.850000
689.850000 -167.920000 463.540000 -576.360000
-681.970000 -384.900000 -811.600000 -583.400000
48.490000 762.850000 -443.030000 -752.030000
417.260000 -586.250000 526.560000 -950.270000
25.880000 426.170000 -597.790000 -776.200000
-279.400000 -945.410000 -556.650000 750.770000
-371.870000 319.820000 672.000000 -622.750000
-715.700000 -875.000000 -454.350000 -727.400000
-914.660000 791.200000 829.120000 116.830000
-194.740000 752.230000 479.690000 678.220000
-818.500000 536.730000 -243.340000 -894.560000
-104.970000 -895.420000 793.940000 292.840000
-431.480000 63.460000 -682.820000 786.520000
-132.540000 -171.900000 667.900000 -278.720000
271.780000 893.060000 4.840000 268.200000
191.450000 719.150000 -598.330000 -597.650000
-595.430000 -985.390000 -181.330000 598.660000
221.340000 180.790000 -761.890000 -80.840000
-407.550000 645.860000 826.480000 455.820000
-131.030000 -159.500000 -911.600000 -134.370000
-463.930000 832.200000 -293.490000 133.910000
913.350000 35.800000 244.340000 600.550000
-722.270000 835.720000 847.410000 -728.020000
-498.310000 119.940000 -890.200000 -401.360000
-396.630000 -654.580000 236.140000 -319.650000
167.040000 163.850000 -320.830000 140.510000
-765.990000 -325.100000 721.560000 -420.010000
863.650000 65.320000 111.860000 415.430000
800.680000 -766.360000 741.720000 -208.830000
-973.230000 304.720000 33.040000 -85.710000
885.610000 446.220000 933.620000 -616.780000
-574.800000 -783.140000 -378.680000 -263.780000
-325.230000 952.040000 -87.560000 -417.300000
299.090000 178.200000 276.990000 -49.630000
286.270000 754.340000 717.950000 429.450000
-521.690000 -437.660000 216.780000 -222.970000
-994.990000 -684.390000 896.700000 782.280000
55.520000 632.550000 -886.060000 340.630000
617.630000 255.140000 -241.690000 -206.770000
414.100000 749.760000 -690.410000 -295.120000
797.080000 506.770000 -997.210000 764.400000
366.740000 -18.980000 -215.600000 446.180000
-947.210000 -666.660000 602.750000 644.630000
79.770000 -125.250000 871.660000 -335.420000
114.940000 417.360000 -895.880000 144.740000
305.430000 -459.700000 -369.040000 687.200000
-981.490000 -434.570000 -538.340000 -338.100000
-333.670000 -882.610000 781.170000 51.410000
-953.130000 955.540000 60.940000 -835.010000
-391.120000 -446.980000 984.560000 588.880000
-884.320000 -87.220000 390.760000 -221.760000
-956.940000 -462.430000 642.490000 -819.870000
172.450000 503.040000 -697.620000 -78.130000
-38.330000 272.890000 203.550000 482.080000
530.630000 870.060000 97.960000 453.420000
-488.310000 30.610000 908.120000 511.810000
718.000000 712.200000 -101.540000 640.550000
658.600000 720.990000 721.580000 729.010000
66.800000 -724.700000 660.400000 -103.640000
-2.800000 315.870000 426.310000 119.650000
-148.580000 624.430000 -238.550000 134.320000
800.400000 -898.680000 156.350000 213.730000
-38.030000 -861.930000 14.290000 487.800000
-334.200000 -290.250000 -931.560000 553.970000
-430.280000 -678.570000 -413.210000 250.400000
-611.570000 -964.670000 -82.710000 -773.590000
-544.790000 -749.650000 182.870000 432.790000
-717.090000 -928.040000 -724.310000 379.450000
-41.370000 433.630000 -655.940000 972.020000
157.660000 172.880000 -57.620000 -539.470000
379.670000 454.500000 769.830000 -177.280000
200.390000 373.580000 -449.880000 965.380000
241.120000 -566.080000 800.700000 -270.980000
-45.720000 726.340000 -138.690000 -758.660000
765.720000 -81.620000 780.960000 -761.240000
470.390000 -909.520000 627.160000 417.280000
9.120000 932.610000 -777.490000 -502.500000
874.320000 362.090000 751.800000 360.190000
-592.930000 -958.040000 295.310000 49.090000
328.730000 -935.490000 185.530000 -455.200000
-67.220000 -364.800000 754.760000 868.960000
786.590000 -24.440000 24.800000 950.840000
633.860000 664.370000 114.380000 -462.170000
-617.000000 71.360000 -603.410000 -936.590000
-791.020000 890.690000 -391.600000 -777.780000
-414.770000 777.150000 269.310000 336.060000
265.220000 -757.660000 473.740000 181.000000
-653.770000 97.550000 -236.660000 -90.390000
940.770000 968.580000 576.700000 -16.490000
893.460000 -340.810000 85.810000 49.880000
-967.690000 299.810000 -461.810000 -944.390000
590.350000 -686.170000 -135.710000 205.580000
-826.980000 -917.490000 -83.490000 187.120000
255.130000 -607.430000 825.960000 120.460000
-44.570000 -996.880000 269.730000 720.990000
-808.610000 777.760000 -496.820000 944.160000
244.050000 27.410000 898.260000 69.550000
