1000
-955.870000 247.020000 -886.360000 -413.250000
988.670000 -735.560000 -828.930000 -351.940000
104.170000 -614.800000 777.330000 587.940000
940.600000 -810.230000 686.760000 -925.860000
581.340000 -439.920000 962.750000 -184.510000
964.520000 -275.800000 132.230000 573.330000
298.240000 -756.050000 -715.770000 -185.940000
836.680000 -407.000000 320.360000 809.980000
-543.300000 -120.540000 -882.750000 -699.720000
-999.220000 706.730000 -302.200000 -606.320000
-376.140000 -767.120000 -67.380000 203.190000
-271.540000 -264.030000 303.620000 321.420000
78.000000 621.880000 -448.320000 -404.130000
-46.340000 279.270000 515.200000 -39.050000
972.180000 -393.260000 172.290000 845.510000
107.960000 177.890000 -467.690000 -150.470000
883.410000 -901.610000 814.920000 -609.890000
-852.940000 -372.480000 -122.650000 628.960000
-584.310000 -100.830000 599.550000 770.280000
961.690000 -125.260000 228.490000 -391.830000
-47.090000 -56.240000 239.790000 211.220000
-588.910000 -373.700000 -943.090000 190.890000
-732.220000 -430.930000 789.150000 332.260000
911.160000 -2.860000 -392.750000 694.690000
125.420000 -884.840000 -202.750000 227.070000
807.470000 306.070000 485.150000 236.380000
121.670000 -246.580000 254.350000 -316.820000
401.800000 -56.190000 87.180000 960.500000
240.460000 871.360000 -507.820000 -798.730000
-837.310000 -442.280000 860.760000 721.200000
449.780000 -773.970000 -896.740000 -714.070000
880.760000 -79.470000 623.710000 -193.270000
-111.430000 277.520000 -625.830000 179.980000
-235.420000 710.690000 93.000000 744.860000
-841.710000 -521.300000 409.530000 356.400000
-53.500000 -567.370000 -265.270000 -255.710000
-391.080000 -601.560000 603.840000 -759.290000
-152.410000 -599.630000 -16.910000 -361.370000
441.030000 -471.970000 -881.430000 -500.730000
219.560000 -637.340000 -156.490000 36.740000
-904.840000 -81.490000 -183.330000 -789.970000
-352.720000 -894.730000 -109.720000 714.740000
122.140000 153.170000 853.520000 452.370000
814.520000 666.260000 -656.690000 -454.120000
855.510000 -862.510000 674.120000 523.800000
-262.860000 -111.680000 -0.480000 -807.930000
-467.380000 414.540000 616.280000 -86.530000
675.260000 -474.220000 903.220000 351.150000
649.680000 1.490000 43.110000 764.880000
-436.120000 745.710000 229.630000 57.330000
537.090000 -434.430000 536.170000 -736.630000
619.840000 893.900000 999.220000 225.100000
402.510000 -956.540000 -441.180000 -911.800000
-31.960000 -761.870000 717.410000 -300.680000
-151.470000 -163.440000 78.940000 996.780000
-396.370000 -915.270000 244.170000 -726.230000
-119.420000 -559.350000 -252.280000 83.470000
757.450000 -542.650000 -716.050000 -471.320000
385.400000 -223.200000 -207.740000 -510.630000
825.980000 121.950000 178.170000 790.700000
539.560000 -629.010000 -706.790000 963.590000
334.260000 953.900000 18.250000 913.650000
-407.630000 -542.830000 -231.050000 -918.720000
184.030000 418.220000 518.490000 271.890000
-11.200000 -167.370000 -917.710000 763.890000
-779.280000 -71.340000 173.910000 730.020000
-913.490000 -767.770000 -739.540000 -972.330000
177.620000 -975.550000 -856.220000 -522.260000
375.850000 620.560000 -679.940000 298.690000
-713.580000 -910.110000 320.740000 -753.150000
300.580000 -901.310000 898.040000 283.540000
-525.230000 345.930000 -85.550000 977.310000
-742.820000 -856.850000 -82.160000 746.200000
-25.230000 454.160000 715.250000 809.420000
452.530000 -200.140000 948.820000 156.190000
-820.780000 13.690000 -854.840000 -516.010000
844.420000 505.060000 932.760000 -812.120000
865.460000 569.010000 -591.940000 559.740000
-147.240000 -286.650000 390.330000 -20.020000
522.470000 868.280000 -899.020000 -140.200000
-304.500000 -177.770000 947.670000 -997.060000
923.000000 671.080000 -967.140000 -32.640000
-731.950000 583.440000 -326.370000 80.850000
957.400000 18.900000 195.520000 183.360000
-297.850000 -549.140000 47.950000 -528.780000
-800.010000 627.190000 860.640000 110.100000
339.820000 640.380000 -212.360000 -725.190000
261.530000 410.740000 -238.790000 -354.870000
-60.150000 795.070000 -208.480000 793.160000
-326.370000 574.150000 -185.520000 506.860000
-101.270000 503.870000 865.840000 686.140000
942.190000 -458.980000 975.160000 705.140000
471.850000 661.200000 -712.950000 -876.870000
-848.410000 438.150000 296.090000 893.840000
-763.500000 467.280000 -774.710000 903.390000
-592.440000 -282.150000 40.360000 749.180000
967.490000 -355.600000 731.270000 737.280000
269.870000 706.780000 136.400000 721.340000
-30.200000 930.810000 464.470000 -615.060000
955.510000 888.510000 -828.220000 -371.330000
925.670000 441.680000 533.870000 -436.480000
459.500000 746.350000 784.920000 580.140000
947.710000 702.650000 -366.220000 -349.570000
319.980000 -511.170000 557.500000 -742.780000
-157.170000 703.720000 303.480000 -605.890000
181.170000 -756.270000 -765.760000 911.260000
103.520000 648.660000 -789.180000 239.280000
720.370000 -576.890000 -268.690000 443.210000
837.490000 -58.880000 809.690000 -577.900000
107.870000 38.360000 -418.430000 515.890000
680.290000 -118.960000 952.020000 55.080000
-841.060000 -737.880000 113.620000 -241.670000
-529.700000 -780.350000 117.680000 -318.330000
13.140000 -127.220000 -912.920000 -810.830000
887.200000 691.380000 820.880000 477.070000
547.240000 804.450000 -902.540000 438.800000
-381.860000 811.650000 877.320000 -844.460000
-457.900000 402.060000 -407.050000 911.070000
419.930000 149.560000 648.120000 755.200000
-393.200000 -79.440000 877.730000 -943.180000
207.030000 -737.000000 170.120000 -735.060000
-908.370000 -266.340000 127.400000 19.960000
956.960000 -828.960000 -88.210000 226.460000
632.870000 -975.190000 739.850000 772.480000
-312.590000 -717.800000 -619.340000 -512.910000
-543.680000 199.500000 -805.420000 -335.390000
995.090000 942.200000 -509.140000 341.470000
696.710000 -354.410000 848.230000 -547.320000
-343.180000 995.190000 -901.430000 650.790000
685.150000 430.970000 857.560000 175.210000
-401.640000 -734.830000 608.640000 -288.090000
-748.900000 -163.960000 -794.710000 -41.070000
-81.310000 -680.190000 -330.480000 769.030000
-777.980000 530.870000 -814.910000 -729.460000
989.880000 -375.450000 -822.390000 215.110000
-336.630000 646.940000 439.140000 -966.030000
-493.800000 399.150000 -354.180000 -161.530000
-828.600000 299.620000 -283.960000 172.430000
-719.760000 -808.520000 726.390000 452.980000
845.310000 261.200000 -128.710000 828.160000
978.220000 -479.980000 -64.250000 -543.940000
-450.620000 -847.070000 265.490000 -275.940000
-984.430000 114.650000 885.300000 691.430000
-183.140000 967.300000 145.270000 -810.790000
980.800000 -64.490000 923.460000 188.470000
-708.110000 -459.000000 790.500000 -643.910000
329.910000 694.620000 608.790000 72.850000
34.470000 63.750000 785.750000 507.020000
514.340000 350.250000 -939.350000 419.510000
968.620000 -115.160000 803.820000 -472.600000
330.460000 -978.600000 192.700000 -271.590000
-849.410000 722.270000 -963.650000 -134.270000
-470.190000 216.480000 822.040000 890.480000
-845.240000 -767.960000 -393.300000 659.970000
-124.780000 -545.310000 439.040000 -189.690000
-988.180000 -168.450000 347.690000 -480.600000
941.440000 -907.900000 948.480000 -923.160000
-907.440000 20.490000 58.470000 -888.960000
-414.090000 289.240000 -372.190000 -463.850000
270.600000 387.320000 279.750000 415.340000
-240.110000 -546.950000 276.120000 -963.490000
646.640000 -785.970000 -100.710000 -902.480000
-955.080000 -366.560000 392.360000 372.350000
43.260000 -627.880000 -271.830000 791.580000
266.120000 372.020000 -16.400000 -616.890000
-148.510000 -497.590000 306.470000 -921.830000
-26.550000 -847.060000 -192.940000 193.820000
-162.120000 923.450000 -309.250000 -214.110000
-652.520000 671.790000 494.300000 198.650000
-403.250000 649.630000 -885.690000 588.240000
95.630000 586.300000 -480.810000 -629.100000
-595.250000 332.950000 -704.390000 219.150000
-805.410000 305.400000 340.400000 644.720000
-947.860000 -860.620000 932.670000 520.500000
-582.640000 -564.610000 -591.660000 -0.550000
489.270000 692.560000 457.670000 -807.980000
-342.630000 521.230000 903.330000 -829.760000
-980.140000 422.200000 132.960000 -168.510000
226.880000 -113.340000 -432.570000 -424.800000
136.650000 442.850000 -868.770000 910.240000
712.720000 -867.330000 911.570000 -896.790000
-257.020000 869.730000 586.600000 222.160000
-894.800000 302.190000 443.700000 259.330000
-587.950000 396.960000 688.780000 506.810000
453.460000 -672.390000 503.300000 -224.920000
-90.020000 255.620000 -616.060000 -278.360000
-550.990000 -935.250000 -557.480000 -112.770000
17.850000 -636.710000 273.040000 722.700000
372.790000 -673.970000 -175.050000 -917.420000
-274.910000 627.550000 -796.380000 322.730000
-212.600000 669.220000 -891.240000 353.620000
-750.630000 362.680000 -289.720000 -127.060000
-403.820000 -520.530000 389.330000 -366.320000
658.330000 -134.390000 481.020000 96.520000
0.840000 -865.470000 -782.540000 -950.370000
-762.120000 -961.350000 -597.240000 -433.790000
219.930000 225.190000 -312.090000 -426.110000
-406.590000 -892.180000 619.530000 261.500000
-508.410000 -168.060000 -501.000000 926.120000
-865.240000 -100.380000 109.510000 -693.170000
-992.990000 302.710000 -947.770000 201.580000
998.910000 -692.240000 -218.540000 -498.490000
162.200000 -505.270000 443.480000 368.820000
237.470000 -295.930000 -260.640000 683.620000
813.680000 -60.390000 -895.110000 204.540000
272.760000 931.140000 555.200000 -546.020000
728.320000 815.020000 283.770000 848.890000
-439.330000 -635.930000 -145.720000 428.590000
475.410000 -241.090000 500.080000 -402.650000
171.320000 -359.120000 772.100000 425.640000
927.670000 -58.300000 -181.830000 -359.010000
497.630000 -547.930000 597.380000 377.710000
-180.380000 2.910000 240.390000 -473.490000
-810.870000 214.810000 -269.570000 779.180000
722.250000 -587.780000 900.210000 743.180000
772.620000 127.660000 -221.040000 -458.690000
34.520000 783.780000 309.480000 -318.490000
-449.280000 116.620000 89.970000 -407.270000
-958.960000 951.060000 -563.400000 52.120000
-965.480000 804.380000 -45.170000 42.490000
-414.420000 870.900000 326.160000 494.150000
377.650000 170.730000 -635.990000 889.870000
-805.130000 -292.480000 -373.280000 -474.130000
-634.410000 -23.460000 779.510000 837.110000
270.120000 27.610000 -378.410000 335.380000
-546.840000 -741.210000 -509.460000 -972.250000
-666.030000 495.930000 750.440000 687.330000
900.880000 532.670000 182.200000 957.100000
574.040000 115.190000 10.360000 -591.740000
-801.160000 -865.890000 94.850000 -147.250000
396.700000 -539.690000 -557.610000 -639.880000
517.380000 -46.260000 -844.640000 94.680000
-30.800000 721.100000 650.540000 -743.230000
-533.040000 -840.990000 -430.160000 -706.210000
-550.910000 503.730000 -366.150000 -638.480000
851.210000 -407.200000 -435.590000 -420.790000
-430.700000 -232.900000 -791.040000 69.710000
217.880000 832.000000 440.670000 -837.400000
281.520000 371.900000 -714.880000 943.420000
-854.420000 362.430000 -745.280000 724.090000
-381.360000 -393.530000 -489.960000 -293.800000
-608.550000 -217.180000 324.320000 -900.590000
628.620000 126.820000 839.040000 -812.110000
996.930000 861.020000 882.510000 223.790000
767.920000 -685.920000 0.060000 770.760000
-313.360000 -802.690000 114.050000 -520.620000
-982.460000 -291.600000 975.690000 885.580000
-699.940000 164.250000 -226.620000 -81.010000
-838.190000 346.570000 19.000000 111.780000
158.970000 300.220000 -262.000000 471.310000
-288.340000 191.940000 -517.270000 -645.670000
462.170000 -288.340000 -132.570000 758.440000
-856.490000 511.860000 -616.760000 -86.880000
356.960000 567.530000 249.680000 920.740000
-2.360000 -908.250000 -653.590000 584.880000
711.270000 144.860000 781.300000 -588.500000
-532.720000 236.330000 -565.970000 290.810000
-595.010000 -824.610000 -961.370000 898.390000
-314.020000 -701.980000 -720.790000 -469.910000
705.340000 -809.400000 792.520000 801.260000
571.960000 -377.030000 -790.990000 -591.030000
800.610000 564.470000 -283.250000 -40.370000
354.280000 -172.520000 424.900000 175.170000
-365.690000 -588.280000 -990.000000 499.420000
363.420000 110.380000 -567.040000 -145.830000
-378.980000 89.400000 200.770000 -657.590000
748.230000 776.640000 10.560000 446.320000
985.280000 682.740000 -21.220000 582.070000
779.640000 -438.330000 799.460000 -304.490000
-513.840000 691.450000 -361.240000 656.880000
260.230000 -588.270000 -432.820000 -587.540000
311.300000 -389.580000 758.090000 334.520000
211.470000 992.680000 -938.150000 791.070000
761.230000 -205.500000 -920.050000 -846.630000
-408.930000 -630.420000 349.640000 708.680000
-724.020000 -437.980000 874.690000 413.170000
-405.570000 -507.980000 55.750000 -215.390000
-750.050000 -206.930000 -868.360000 -110.300000
-113.600000 496.290000 -289.350000 -839.710000
-581.910000 766.450000 11.240000 -499.090000
150.940000 340.030000 -550.870000 624.550000
958.650000 -750.420000 -68.600000 -0.230000
-317.440000 704.100000 -829.280000 -429.890000
-243.970000 236.370000 458.900000 -809.950000
-266.190000 -138.380000 -929.360000 -530.680000
-435.450000 -637.760000 -350.390000 984.280000
242.480000 818.810000 -268.160000 106.820000
455.910000 -931.540000 298.550000 -192.260000
-458.320000 224.570000 -335.130000 -422.680000
-857.500000 -557.930000 -296.030000 -416.040000
-541.620000 -474.320000 -888.390000 949.810000
816.550000 922.580000 13.480000 -675.120000
-466.400000 -593.460000 -623.570000 779.780000
615.010000 397.790000 517.510000 538.260000
-231.230000 -304.260000 -994.870000 546.420000
-631.420000 280.290000 963.470000 -386.300000
480.500000 97.530000 -563.470000 -106.510000
740.470000 692.660000 -857.770000 -947.600000
-385.470000 454.950000 -341.670000 -658.630000
426.170000 62.230000 485.730000 -610.800000
560.550000 56.130000 -815.500000 -706.440000
-972.530000 -337.200000 -145.270000 -616.640000
-519.250000 489.910000 530.500000 -213.270000
412.840000 344.550000 -520.150000 262.090000
-940.470000 238.480000 -492.650000 257.270000
694.790000 -607.430000 504.690000 -79.780000
-870.820000 599.310000 378.100000 574.760000
175.100000 -672.700000 -720.800000 -786.910000
-377.400000 -112.800000 368.920000 -280.850000
87.550000 550.270000 767.840000 -77.420000
-208.850000 -731.600000 764.770000 825.890000
-403.820000 -578.310000 -808.750000 -867.890000
877.070000 5.460000 -207.780000 938.880000
-986.500000 -803.750000 257.630000 804.280000
-347.410000 271.990000 445.590000 700.350000
642.380000 135.980000 318.050000 995.640000
763.950000 -958.620000 -693.850000 -429.910000
701.030000 -995.010000 856.540000 90.070000
861.770000 123.430000 197.570000 -376.260000
528.440000 932.120000 -497.160000 541.210000
-790.260000 -92.860000 -421.280000 -375.150000
630.480000 -624.420000 -859.200000 236.390000
-772.920000 856.520000 214.770000 696.820000
551.320000 300.340000 741.870000 982.660000
-766.760000 -670.300000 403.870000 399.720000
-608.380000 -359.480000 -811.280000 -565.280000
909.150000 891.780000 157.590000 79.310000
302.230000 915.890000 841.590000 367.250000
-25.460000 126.890000 -282.330000 -867.750000
373.750000 -72.310000 -482.990000 350.590000
-879.180000 -131.790000 -807.400000 126.350000
339.910000 -504.020000 246.920000 -161.100000
-827.540000 989.680000 -703.760000 733.270000
616.420000 777.420000 960.160000 -152.390000
822.500000 -958.160000 -523.750000 -286.920000
-815.260000 974.180000 -445.440000 825.010000
99.050000 -303.900000 -996.100000 51.270000
-397.570000 340.540000 -940.330000 -90.820000
414.840000 -268.600000 -228.740000 381.200000
513.320000 -812.890000 498.770000 519.150000
-37.210000 -701.960000 -737.640000 -138.010000
585.800000 84.890000 121.840000 651.630000
282.450000 -347.020000 -673.680000 -960.210000
-148.890000 604.190000 854.500000 -740.440000
21.820000 181.820000 -147.940000 435.290000
394.860000 395.400000 -166.340000 760.850000
-127.410000 185.730000 -945.390000 656.970000
514.330000 548.780000 257.340000 -868.290000
-997.890000 305.700000 27.600000 512.760000
782.110000 -863.500000 -124.650000 -822.090000
-746.640000 944.470000 971.640000 -60.720000
101.020000 32.770000 637.360000 -900.050000
243.160000 -208.910000 813.540000 -484.630000
845.660000 -405.480000 -152.580000 -401.860000
-121.680000 976.270000 259.150000 -17.410000
841.040000 -190.140000 264.610000 -30.610000
-844.610000 628.890000 476.980000 243.910000
539.960000 265.120000 -865.520000 508.870000
-828.000000 168.240000 -386.800000 -273.270000
882.910000 704.900000 -362.440000 5.240000
736.730000 469.220000 466.320000 -740.180000
-56.940000 -250.730000 838.160000 -75.650000
-341.770000 -930.180000 286.960000 783.220000
54.510000 -964.860000 -533.100000 838.090000
870.710000 -869.470000 -52.420000 -989.880000
681.960000 11.240000 -635.990000 -393.530000
-384.720000 274.010000 50.530000 148.030000
-137.790000 -748.560000 268.170000 594.320000
-269.350000 -141.830000 319.330000 524.800000
724.850000 15.040000 727.270000 -599.040000
499.450000 780.290000 -43.590000 -725.640000
465.080000 419.080000 882.560000 503.640000
551.490000 -670.650000 -22.530000 601.350000
908.290000 -857.200000 -203.000000 -406.650000
225.910000 184.770000 63.680000 224.730000
817.990000 -406.550000 -678.180000 -761.960000
-929.570000 -287.120000 312.220000 297.750000
-740.590000 -97.890000 -554.520000 -631.390000
-103.830000 681.110000 -531.910000 866.260000
313.020000 -109.650000 761.320000 -553.810000
-529.220000 -819.940000 6.180000 177.370000
70.620000 -245.810000 -781.310000 389.460000
918.020000 690.240000 -332.840000 -544.950000
-138.170000 516.890000 591.420000 -697.850000
512.270000 -707.850000 189.370000 -352.100000
-567.450000 822.960000 -281.070000 -874.280000
-688.100000 -93.130000 10.930000 115.140000
567.320000 -445.470000 -893.670000 -884.920000
-302.890000 195.070000 193.010000 377.120000
-453.580000 -50.210000 -399.030000 489.960000
422.150000 61.310000 834.310000 501.200000
-486.670000 -708.510000 -168.890000 -140.700000
605.540000 -312.840000 -527.510000 -408.990000
237.780000 483.310000 -175.490000 690.560000
-478.970000 -749.260000 576.570000 750.780000
-658.810000 -497.960000 -177.110000 403.250000
376.720000 208.650000 -832.420000 -595.000000
-563.690000 714.740000 -804.030000 572.060000
552.920000 -192.640000 -504.070000 921.790000
-51.980000 138.870000 -475.930000 91.940000
-690.690000 668.940000 612.240000 226.260000
564.410000 435.800000 475.400000 331.770000
-514.200000 61.280000 -57.180000 365.670000
-310.860000 920.190000 -119.930000 -155.900000
-398.490000 629.810000 80.560000 -310.700000
-418.550000 -313.360000 245.420000 -164.830000
-523.440000 474.890000 429.640000 23.930000
-558.160000 -17.110000 -163.950000 883.340000
-842.030000 -472.420000 731.050000 0.570000
770.730000 -293.940000 -724.450000 438.620000
-199.720000 -612.440000 910.230000 67.150000
-631.070000 -169.890000 998.770000 919.270000
-518.850000 -453.830000 131.830000 228.950000
-286.950000 146.180000 192.390000 730.550000
-286.010000 -795.290000 542.460000 796.970000
556.650000 -336.090000 367.840000 -911.230000
82.550000 -838.980000 -629.750000 -100.540000
37.910000 -149.540000 557.260000 166.750000
-692.100000 819.260000 -18.130000 73.810000
351.940000 -839.160000 -521.420000 414.180000
652.930000 302.910000 -424.970000 584.590000
-791.590000 266.280000 277.840000 381.170000
47.960000 -654.590000 -752.200000 693.010000
-33.710000 889.840000 28.970000 -429.600000
-710.640000 768.730000 473.570000 353.110000
-385.060000 -351.100000 -176.150000 -491.140000
-194.820000 -582.980000 856.390000 -260.000000
-773.820000 -846.560000 44.150000 -535.960000
-493.340000 801.360000 -636.090000 -713.720000
134.780000 -224.370000 -429.800000 -777.670000
-963.370000 -187.340000 -995.890000 728.460000
217.360000 -575.000000 -92.320000 -567.110000
-893.490000 -473.230000 -736.810000 879.850000
56.440000 -733.650000 -586.610000 190.080000
-568.140000 88.280000 -667.710000 -842.330000
527.880000 -465.130000 296.690000 427.150000
43.190000 -776.620000 233.120000 -817.150000
361.890000 830.320000 316.030000 -708.340000
-457.830000 913.570000 -89.860000 -436.350000
-40.200000 23.940000 242.980000 -0.230000
919.750000 -738.110000 -41.940000 -240.420000
-937.140000 328.690000 806.250000 42.680000
883.510000 649.070000 -699.290000 868.610000
478.980000 457.110000 -342.820000 -171.160000
842.830000 390.860000 189.220000 -344.330000
-986.530000 933.020000 -993.780000 929.750000
-793.240000 -336.430000 -964.280000 16.150000
-524.640000 -176.510000 792.700000 899.190000
-926.400000 622.730000 686.340000 -32.920000
-244.800000 -701.840000 168.730000 -955.860000
-738.170000 -246.190000 664.600000 -625.230000
43.260000 640.660000 195.620000 490.190000
326.110000 644.350000 22.720000 552.460000
329.610000 63.730000 -484.750000 108.440000
-231.710000 851.240000 -837.160000 -99.830000
-710.220000 349.630000 -579.100000 247.980000
-658.450000 527.920000 -236.820000 582.130000
-449.640000 574.430000 -428.630000 -783.810000
-344.900000 968.680000 -253.820000 159.400000
-880.150000 131.070000 675.950000 584.630000
417.380000 -596.560000 327.720000 -741.760000
-829.750000 590.990000 -203.280000 -174.360000
172.210000 21.720000 -541.670000 451.290000
380.310000 270.780000 -546.770000 -596.190000
-966.410000 104.400000 -542.720000 -983.670000
-206.990000 809.430000 -589.560000 -516.520000
-56.700000 659.740000 -345.370000 -358.070000
155.290000 97.470000 662.260000 699.550000
-153.910000 791.900000 -44.460000 690.250000
366.740000 948.750000 95.370000 -792.620000
855.180000 674.140000 -454.580000 746.370000
395.630000 -466.180000 658.160000 -245.310000
776.270000 256.430000 396.560000 -36.510000
-710.300000 -28.370000 638.730000 85.760000
-338.860000 870.200000 617.520000 782.370000
96.070000 614.740000 317.930000 -375.970000
-775.550000 149.910000 585.790000 -977.870000
878.900000 868.690000 803.180000 591.810000
313.140000 506.770000 -386.000000 -382.100000
695.660000 682.670000 312.280000 -113.690000
179.490000 305.120000 636.220000 -398.120000
195.850000 988.020000 845.010000 588.060000
-284.140000 116.140000 -776.490000 -79.700000
-442.600000 602.910000 -335.960000 796.430000
318.300000 976.470000 62.490000 -650.780000
-760.810000 735.900000 -133.520000 -433.790000
-282.900000 249.980000 -454.870000 955.920000
-667.360000 966.670000 114.310000 -183.060000
-970.940000 47.800000 100.520000 -319.700000
892.560000 150.530000 896.570000 818.230000
270.070000 -344.190000 -203.690000 742.810000
181.820000 913.740000 -364.700000 -929.580000
-650.270000 -48.610000 655.490000 945.290000
592.790000 331.020000 130.710000 219.920000
607.670000 -10.460000 281.640000 -271.810000
643.050000 355.290000 -519.280000 492.620000
558.710000 165.580000 484.740000 733.700000
-863.260000 -397.290000 928.500000 -141.070000
-480.220000 -983.090000 -132.330000 960.750000
-386.470000 -146.530000 177.010000 491.320000
27.090000 451.670000 127.610000 -371.050000
-836.120000 853.000000 -69.600000 313.410000
299.290000 932.110000 -649.750000 89.580000
-944.440000 -55.970000 377.840000 -207.800000
-647.490000 62.260000 -932.360000 -535.260000
543.110000 727.450000 557.510000 -989.710000
-19.120000 -360.920000 -937.180000 693.310000
769.280000 972.830000 191.360000 -398.910000
479.510000 264.670000 -777.830000 -156.900000
-789.990000 809.160000 822.270000 530.240000
-563.290000 976.180000 -536.140000 10.250000
21.290000 -56.740000 375.380000 -36.670000
86.980000 -42.720000 -819.880000 789.100000
-499.730000 531.400000 -725.780000 834.180000
-885.330000 -256.800000 -676.480000 650.600000
775.580000 441.500000 -872.670000 -643.770000
-965.000000 257.620000 -476.700000 132.550000
359.270000 833.460000 -84.000000 -156.370000
372.210000 722.650000 -432.680000 -264.100000
-798.040000 -359.360000 376.980000 -842.930000
288.520000 -220.550000 -336.410000 109.970000
938.170000 -209.540000 124.130000 -841.400000
300.260000 138.180000 -580.110000 -963.240000
624.640000 -56.330000 -835.630000 661.440000
-675.300000 -604.660000 -469.880000 -504.830000
336.920000 -546.740000 876.590000 -604.930000
-275.990000 549.650000 131.260000 -410.750000
-873.520000 896.840000 -87.040000 103.120000
324.900000 -318.150000 -726.700000 315.320000
434.170000 695.590000 -960.480000 -558.390000
-662.530000 -192.910000 -581.950000 418.470000
-514.590000 388.150000 490.960000 990.550000
673.740000 7.400000 -544.330000 -639.220000
814.270000 90.100000 350.180000 -209.910000
-330.730000 -958.290000 -621.920000 447.620000
-346.480000 470.790000 832.370000 -823.210000
-385.150000 -741.370000 -687.300000 -519.140000
-883.770000 -433.740000 821.170000 675.300000
76.710000 189.890000 -412.400000 -308.930000
327.980000 760.050000 -925.610000 216.180000
-184.840000 -193.780000 638.370000 -293.800000
-603.700000 451.560000 -984.190000 556.210000
-778.310000 -543.920000 620.950000 -543.740000
322.260000 520.950000 -436.850000 496.070000
-596.230000 953.180000 -435.140000 -365.520000
363.790000 390.990000 -835.500000 732.170000
775.820000 712.040000 780.330000 378.810000
575.140000 -10.370000 492.520000 -299.030000
409.830000 -374.930000 255.850000 520.470000
-843.470000 565.890000 -448.770000 935.470000
-749.480000 -657.780000 438.260000 -309.610000
-84.240000 -465.310000 -203.340000 -4.500000
-705.730000 -700.670000 -732.920000 -390.450000
-917.590000 888.420000 -553.450000 -809.810000
580.710000 819.980000 123.470000 -41.970000
827.060000 907.950000 -256.350000 -404.580000
461.770000 689.360000 560.520000 432.520000
-576.340000 -109.890000 -512.680000 -591.320000
279.950000 -120.810000 189.790000 -441.170000
-465.050000 108.830000 768.160000 513.230000
-194.880000 -484.490000 -174.190000 923.290000
-826.500000 -191.430000 -408.070000 -564.840000
557.140000 -238.020000 859.850000 242.050000
-38.690000 -781.320000 305.660000 -286.130000
463.940000 956.730000 -986.910000 -491.880000
-197.810000 810.120000 905.650000 806.730000
146.570000 653.450000 -549.570000 -279.100000
458.060000 38.900000 483.660000 -528.810000
592.590000 -144.890000 617.340000 -142.260000
-645.360000 521.960000 605.470000 -549.820000
428.860000 81.270000 856.120000 -943.670000
-987.700000 466.550000 93.390000 355.020000
38.650000 422.470000 -822.700000 667.780000
-247.060000 320.350000 -633.410000 661.880000
197.210000 -517.050000 -460.670000 -971.480000
909.260000 321.350000 -645.500000 145.870000
-140.450000 -923.020000 -165.850000 701.750000
-8.500000 -364.080000 358.430000 -523.470000
0.850000 -792.580000 -850.370000 755.770000
215.080000 698.400000 584.350000 -552.350000
460.690000 -679.280000 -690.590000 -12.300000
-46.500000 -752.070000 -747.150000 -667.300000
976.440000 132.880000 433.240000 99.810000
204.500000 -757.000000 476.180000 -818.620000
-350.820000 -742.930000 302.350000 -222.310000
-985.410000 -480.640000 212.590000 526.950000
-43.250000 -341.320000 186.220000 658.440000
668.600000 -836.370000 -84.630000 911.980000
-471.230000 -784.150000 614.090000 812.280000
-774.460000 139.270000 316.530000 -268.370000
-118.510000 394.280000 830.860000 960.720000
-380.810000 216.160000 484.950000 -994.740000
881.680000 944.560000 14.880000 820.690000
-17.630000 -606.030000 -908.510000 -215.250000
459.230000 311.230000 258.610000 256.530000
707.100000 -441.090000 324.260000 -381.490000
135.610000 -347.570000 156.710000 -667.430000
-564.350000 -795.040000 -291.890000 943.230000
-460.010000 445.620000 -785.360000 451.850000
144.540000 -518.750000 452.100000 878.580000
362.700000 599.530000 -627.370000 -953.990000
22.660000 -804.390000 411.230000 97.470000
-112.820000 -723.410000 52.120000 685.130000
116.990000 -973.940000 -889.730000 232.340000
110.400000 -181.440000 -557.390000 104.310000
-401.060000 -377.610000 -932.240000 -776.250000
953.880000 -539.150000 -887.820000 -260.340000
-931.550000 421.130000 437.240000 33.230000
567.770000 -57.220000 -147.090000 140.490000
-590.050000 -882.870000 -126.890000 159.190000
-906.690000 -499.140000 674.340000 -463.270000
-631.620000 -681.050000 -648.980000 463.190000
-486.810000 927.420000 863.130000 316.240000
-631.890000 -112.370000 -12.220000 649.040000
486.640000 334.990000 117.880000 668.540000
-559.760000 -79.570000 779.680000 -126.430000
-481.130000 890.040000 -775.650000 -235.120000
97.050000 12.240000 -595.920000 -49.660000
-682.610000 803.760000 323.920000 -994.930000
562.090000 -950.080000 578.170000 -336.060000
114.250000 104.140000 593.220000 28.360000
956.210000 -778.170000 -488.480000 -226.780000
533.850000 -686.570000 -241.800000 -973.450000
-12.980000 227.680000 743.380000 747.660000
-467.310000 872.950000 901.610000 -490.510000
-638.550000 -598.870000 -179.310000 878.400000
-287.400000 -657.380000 748.650000 -797.720000
806.550000 -348.540000 -219.420000 505.920000
-722.970000 194.820000 171.810000 -306.990000
-783.500000 -543.910000 -707.220000 -753.990000
-245.900000 -636.690000 -414.330000 650.870000
-649.880000 -134.530000 375.100000 961.890000
780.940000 -473.700000 -828.010000 -26.590000
-820.680000 -144.030000 -356.960000 -755.310000
482.350000 -841.130000 -158.330000 -310.230000
698.460000 -848.910000 -806.020000 972.750000
862.810000 752.610000 -47.710000 430.900000
-91.560000 -405.320000 -381.670000 638.460000
-397.560000 578.210000 22.190000 790.150000
-141.760000 -395.390000 -940.110000 547.210000
-728.860000 -147.470000 -439.060000 713.130000
-289.200000 802.960000 428.830000 -880.750000
261.620000 334.630000 -983.400000 -764.580000
966.220000 8.500000 -252.820000 -845.820000
332.330000 -928.170000 876.950000 380.700000
-702.220000 -550.450000 15.760000 -187.330000
256.760000 961.640000 259.520000 425.780000
50.020000 -297.260000 13.990000 102.210000
-249.520000 -473.520000 559.220000 400.890000
-178.780000 -55.780000 -487.380000 607.970000
591.860000 -385.270000 -296.810000 765.200000
-950.180000 870.630000 -660.330000 367.220000
35.270000 896.510000 756.390000 689.740000
241.070000 96.040000 470.060000 -602.310000
-868.100000 473.300000 14.260000 346.750000
788.340000 590.450000 122.090000 -640.870000
291.930000 -894.910000 590.920000 998.120000
-995.270000 118.290000 -381.450000 774.000000
-617.780000 -896.010000 617.120000 941.160000
952.390000 -641.470000 461.890000 -384.470000
126.940000 -658.390000 967.860000 783.830000
614.540000 -262.440000 169.180000 110.160000
-80.230000 -596.810000 -58.420000 121.320000
-136.590000 -263.920000 62.070000 453.020000
-646.250000 476.910000 -256.610000 -130.580000
-65.370000 -331.660000 331.140000 -382.180000
265.440000 294.060000 -34.430000 83.800000
-54.070000 249.880000 -103.280000 916.580000
-212.940000 467.080000 375.040000 -574.270000
-909.690000 -858.500000 -748.060000 -261.900000
895.490000 395.640000 739.690000 463.410000
-434.670000 605.340000 660.440000 -814.430000
906.640000 -383.040000 -65.020000 575.620000
-666.860000 -885.590000 259.490000 233.100000
380.740000 -5.600000 589.940000 935.400000
216.440000 873.170000 847.550000 344.360000
254.720000 -355.590000 -406.110000 -543.940000
439.600000 992.450000 288.300000 -512.010000
-460.410000 -531.700000 -200.240000 -378.670000
223.650000 308.680000 492.820000 -548.670000
-421.050000 -915.880000 419.830000 30.130000
-322.680000 -780.820000 8.930000 116.230000
534.760000 -702.280000 -603.280000 843.570000
924.540000 68.660000 -534.930000 -851.320000
-686.800000 835.410000 329.430000 -217.360000
409.020000 188.960000 -943.400000 972.760000
998.770000 13.080000 -415.830000 -411.110000
-814.210000 -433.560000 93.060000 46.120000
23.300000 -495.230000 -962.360000 -154.490000
274.230000 -337.150000 305.450000 -642.210000
-589.380000 -601.750000 667.510000 -669.160000
993.740000 250.610000 -61.250000 320.740000
-512.130000 -187.590000 -156.600000 -53.150000
-489.480000 926.120000 994.750000 -544.170000
103.350000 995.550000 312.860000 78.450000
766.100000 -368.540000 -809.740000 -212.080000
495.060000 -834.630000 -159.200000 -377.010000
-245.250000 881.110000 -504.860000 -900.790000
-10.450000 -444.250000 39.220000 822.950000
533.480000 491.200000 861.950000 203.760000
-130.870000 512.420000 -694.640000 -438.980000
374.140000 949.360000 545.890000 -468.640000
432.270000 -799.340000 997.830000 202.170000
-730.820000 -835.890000 -43.910000 130.580000
12.870000 -969.990000 351.180000 -251.070000
667.350000 -182.130000 -628.190000 432.470000
-36.110000 77.000000 746.730000 510.950000
895.500000 515.950000 491.140000 -432.340000
-812.290000 593.220000 -682.380000 12.070000
321.490000 -682.840000 885.720000 -50.160000
418.380000 -633.440000 -318.640000 -727.810000
776.320000 402.130000 -844.070000 910.960000
-561.610000 431.540000 271.400000 763.750000
443.460000 -182.730000 -100.160000 758.010000
-633.800000 -207.390000 870.340000 -432.750000
-448.340000 -555.530000 998.620000 724.270000
-634.720000 -280.800000 927.980000 -18.370000
928.280000 121.260000 380.360000 -894.080000
-722.510000 76.350000 -230.140000 709.780000
-296.810000 -63.390000 -868.370000 447.800000
-74.490000 -298.710000 -209.800000 232.120000
618.830000 408.610000 -666.280000 768.830000
177.220000 -903.620000 965.710000 -694.850000
458.790000 -525.220000 562.440000 972.270000
21.080000 796.370000 367.990000 -493.790000
49.590000 443.020000 11.050000 942.880000
-707.060000 859.000000 826.970000 929.260000
284.820000 -44.730000 -287.970000 -691.910000
-702.230000 -775.650000 563.200000 922.710000
154.870000 -562.560000 -231.620000 365.480000
973.430000 -818.770000 -773.850000 188.210000
-499.920000 54.080000 -115.270000 -420.840000
210.090000 651.340000 998.670000 662.430000
124.160000 -674.080000 265.780000 -879.710000
714.190000 595.230000 -828.200000 535.770000
-644.970000 319.500000 583.710000 25.820000
-495.570000 -961.290000 990.890000 -657.060000
-274.210000 624.950000 924.880000 652.780000
-459.060000 -234.430000 803.260000 874.370000
293.850000 -433.540000 -984.250000 -734.750000
516.940000 -519.960000 -570.340000 -954.640000
-874.350000 -723.060000 -143.050000 -505.130000
-613.650000 877.530000 -131.540000 -13.790000
-639.940000 836.800000 -457.740000 602.290000
-515.370000 119.420000 -496.420000 298.580000
-560.280000 111.830000 -70.060000 -291.210000
-893.650000 48.840000 446.140000 -905.390000
437.090000 475.580000 550.180000 -312.840000
360.160000 983.460000 -690.340000 127.740000
-326.040000 840.660000 768.170000 255.040000
982.710000 126.730000 10.610000 319.310000
-355.940000 699.730000 646.990000 441.150000
-560.480000 613.200000 970.390000 -238.680000
498.580000 -251.400000 -908.120000 797.380000
-275.940000 795.580000 -225.720000 487.660000
933.160000 439.580000 877.460000 -865.270000
-115.080000 279.000000 465.340000 522.720000
-633.430000 -397.660000 -912.580000 688.090000
-727.090000 -678.590000 -566.010000 -140.190000
278.950000 -753.990000 -162.710000 930.200000
972.080000 954.910000 -676.740000 268.720000
397.310000 -128.030000 723.530000 274.130000
-534.560000 -998.780000 -548.760000 447.620000
-325.280000 -227.810000 742.070000 659.120000
556.460000 -429.310000 737.350000 -493.090000
404.010000 -386.230000 -111.270000 -490.260000
60.650000 -685.220000 -167.020000 510.260000
-139.760000 -547.900000 135.130000 471.710000
-724.190000 771.690000 -50.200000 192.570000
-412.400000 550.060000 331.570000 -561.820000
659.710000 578.770000 446.170000 -811.200000
-585.700000 -669.980000 -51.360000 -304.440000
555.150000 -142.660000 542.810000 -629.880000
-611.800000 -530.100000 11.100000 878.410000
-928.180000 -99.810000 643.450000 359.190000
-746.270000 212.690000 -339.370000 -422.820000
700.090000 -800.490000 -705.710000 948.220000
-2.920000 -738.280000 884.680000 -758.950000
-411.810000 -55.580000 810.850000 -11.560000
-106.060000 -356.030000 -889.660000 -644.780000
986.280000 556.920000 707.980000 -105.410000
-70.750000 682.460000 -571.540000 -249.340000
470.850000 -31.550000 -55.050000 231.230000
-653.500000 -11.440000 -433.540000 -69.290000
878.770000 913.910000 393.690000 -514.360000
-154.120000 619.560000 576.600000 974.420000
415.100000 151.190000 131.650000 421.840000
-939.230000 259.560000 -679.220000 -351.070000
991.880000 -619.430000 -282.310000 483.710000
413.240000 606.030000 -880.980000 441.220000
-794.190000 -718.820000 647.130000 760.520000
798.880000 -30.910000 -734.130000 6.650000
955.950000 -848.750000 -388.560000 591.610000
782.940000 -200.870000 -670.800000 678.290000
-238.200000 759.180000 640.530000 669.070000
874.380000 -103.710000 937.810000 631.280000
-528.510000 725.180000 -685.400000 -907.520000
708.320000 -701.700000 669.950000 267.950000
582.560000 -735.870000 -846.580000 -870.890000
-87.170000 -807.410000 -819.050000 -387.240000
694.330000 757.670000 120.560000 -642.090000
-134.830000 387.320000 -75.760000 610.150000
736.490000 -370.160000 -332.120000 64.190000
-223.370000 711.460000 297.300000 777.520000
906.740000 -69.100000 -889.160000 795.800000
552.000000 125.490000 -3.650000 -526.460000
-629.130000 -950.550000 830.320000 -123.230000
441.120000 -901.660000 -550.690000 -511.500000
-722.880000 835.780000 -274.880000 -707.330000
-197.180000 428.560000 -959.620000 345.680000
722.860000 -882.360000 -309.850000 987.810000
-661.810000 983.460000 899.810000 343.600000
919.600000 -66.790000 616.820000 -825.740000
280.940000 -317.030000 792.700000 593.690000
43.110000 -786.500000 502.500000 916.610000
343.700000 703.450000 905.070000 -675.400000
-46.600000 416.270000 900.580000 -795.750000
-260.760000 -299.640000 -326.980000 502.130000
481.830000 -328.240000 -206.480000 -694.380000
294.040000 110.690000 -697.870000 309.080000
273.670000 -380.330000 -848.250000 982.140000
604.800000 395.700000 -640.940000 -359.290000
-171.640000 -521.410000 -766.490000 367.410000
611.720000 -456.430000 918.370000 -909.010000
-850.640000 -883.570000 -905.460000 -712.890000
858.100000 392.320000 821.540000 -456.530000
643.200000 -913.120000 945.490000 -970.020000
513.170000 558.900000 824.540000 567.710000
-197.930000 -648.920000 -996.500000 -630.520000
-967.570000 124.590000 -178.530000 386.160000
984.910000 -563.450000 588.230000 -422.250000
305.750000 649.820000 533.840000 -155.700000
808.090000 -454.690000 59.960000 647.120000
467.550000 425.300000 -381.640000 896.200000
300.410000 593.490000 736.220000 -969.090000
-708.950000 981.520000 -842.760000 -834.760000
666.410000 -633.510000 217.540000 -448.730000
712.800000 -238.990000 598.610000 -268.370000
-590.770000 -731.300000 735.350000 614.970000
622.780000 258.520000 -926.780000 561.430000
-549.820000 51.780000 274.100000 -243.110000
-575.380000 21.880000 189.410000 13.740000
-513.490000 308.310000 -9.840000 -439.420000
554.610000 40.970000 828.320000 -395.760000
-567.700000 -666.670000 688.080000 -972.700000
-44.800000 -459.190000 480.390000 -914.710000
-79.310000 -570.820000 426.640000 681.500000
642.980000 627.420000 543.160000 303.390000
883.800000 -233.860000 737.210000 -950.160000
-897.670000 122.890000 698.690000 -565.820000
-283.910000 813.250000 -377.870000 -57.600000
348.580000 726.780000 405.910000 -853.200000
172.530000 50.880000 -890.980000 -643.200000
222.010000 -444.290000 848.310000 -237.310000
-459.700000 574.950000 -317.550000 -186.560000
30.030000 -187.870000 -265.990000 983.980000
352.670000 988.440000 -727.780000 444.790000
356.260000 -454.180000 599.300000 89.110000
-842.850000 351.010000 -753.040000 201.070000
797.760000 0.250000 -583.540000 203.050000
14.040000 821.380000 918.220000 -74.860000
505.860000 129.610000 387.020000 -174.640000
28.590000 589.930000 698.020000 562.440000
-189.720000 878.990000 -990.690000 91.690000
890.030000 792.240000 -659.770000 -214.480000
-923.460000 -368.620000 874.860000 868.260000
-127.110000 -110.270000 -575.540000 -67.220000
207.690000 -860.220000 820.790000 137.990000
-35.600000 417.610000 996.190000 -105.350000
-305.710000 326.380000 -536.900000 -781.630000
-698.550000 -910.240000 -437.990000 -781.310000
-725.700000 786.190000 997.440000 774.090000
-477.680000 729.020000 210.690000 940.090000
-29.420000 700.520000 -242.280000 328.600000
129.660000 325.420000 86.790000 271.410000
-913.340000 -206.130000 -497.730000 736.690000
405.910000 973.950000 222.640000 -980.470000
188.880000 -742.210000 -142.360000 270.360000
542.990000 456.200000 812.730000 -808.850000
-126.120000 -671.560000 738.060000 477.590000
182.110000 -665.740000 -186.430000 -529.810000
-972.580000 965.730000 119.310000 966.150000
-114.940000 622.650000 -274.570000 825.770000
691.470000 -574.590000 -972.220000 922.680000
-854.170000 -150.370000 192.350000 374.840000
-789.860000 878.070000 -343.270000 -780.030000
624.620000 -253.860000 864.800000 292.240000
12.040000 -129.380000 -306.830000 -141.770000
-902.710000 -905.320000 -89.610000 986.920000
517.530000 704.250000 -645.160000 -602.370000
-303.520000 -682.200000 973.770000 -839.810000
-473.040000 41.410000 -307.470000 -80.030000
-641.440000 -440.690000 974.930000 -41.130000
-116.580000 498.230000 -582.730000 -675.860000
921.540000 -334.420000 504.340000 869.210000
875.200000 954.060000 834.140000 -960.620000
12.870000 -524.990000 -935.350000 -352.080000
-368.510000 -360.990000 789.700000 716.540000
929.510000 -323.730000 -805.200000 -579.810000
-175.910000 397.930000 361.100000 105.220000
44.730000 726.910000 950.470000 -424.250000
389.640000 -146.350000 -485.830000 -428.350000
-979.680000 358.640000 -406.110000 920.020000
-208.160000 41.520000 -836.020000 -436.060000
-257.710000 470.710000 -584.150000 -277.450000
-729.460000 -173.530000 -674.400000 482.630000
-288.540000 -23.370000 -869.100000 396.160000
-556.720000 -625.580000 -427.900000 782.090000
-74.460000 -766.900000 517.270000 -665.450000
-257.120000 -237.290000 793.350000 202.470000
722.920000 -89.130000 -307.500000 -373.330000
-761.420000 -19.560000 -736.830000 -990.910000
-780.650000 931.450000 172.920000 559.620000
463.300000 -929.270000 -247.440000 -696.670000
183.890000 -378.670000 852.450000 -788.120000
195.330000 566.580000 959.050000 -574.180000
-88.040000 -314.570000 -375.840000 -673.820000
795.100000 -403.350000 -227.560000 -35.600000
316.840000 -878.810000 483.950000 -787.410000
-821.980000 884.940000 766.460000 -746.450000
229.070000 -707.160000 -799.880000 636.360000
664.320000 -798.840000 -737.980000 -70.740000
669.190000 759.750000 -314.920000 276.230000
19.430000 -998.100000 -7.350000 -123.070000
572.570000 -559.850000 378.100000 -12.100000
-924.600000 94.700000 886.430000 242.800000
82.150000 351.220000 994.890000 549.210000
-128.820000 726.620000 695.900000 781.840000
-342.100000 465.190000 964.420000 503.270000
539.970000 672.050000 -647.970000 89.480000
348.450000 677.450000 -329.850000 941.320000
163.890000 614.780000 716.980000 750.450000
304.250000 -201.400000 425.890000 -262.090000
771.660000 -326.190000 804.970000 856.600000
-697.920000 -82.680000 -364.990000 236.450000
-568.810000 -634.470000 467.070000 -478.590000
-503.900000 -53.710000 -670.030000 -976.040000
-841.880000 -823.000000 -233.390000 652.340000
796.830000 -898.920000 -746.270000 951.440000
-690.890000 -591.370000 982.720000 372.670000
-617.740000 -268.400000 -644.840000 -464.860000
-772.240000 -622.970000 -29.230000 45.370000
236.270000 845.290000 803.860000 -157.440000
-949.060000 917.570000 -490.850000 823.280000
-601.660000 744.670000 -80.150000 -472.690000
-644.750000 -711.680000 -298.710000 629.550000
344.650000 -729.740000 16.550000 206.000000
-857.200000 694.210000 931.850000 447.150000
-423.980000 -487.370000 618.660000 -502.360000
-44.170000 -183.100000 -671.040000 -884.870000
-64.120000 -748.670000 692.310000 265.860000
-256.020000 434.220000 -798.620000 -292.680000
648.740000 225.460000 456.580000 469.250000
-446.060000 -694.400000 317.590000 266.530000
-55.430000 208.030000 -207.950000 593.320000
-446.500000 421.690000 946.140000 -303.070000
-239.370000 97.300000 -816.670000 -115.830000
-109.130000 -555.780000 -248.980000 -220.040000
854.930000 -179.570000 -483.480000 -698.880000
-440.910000 -263.070000 722.040000 -265.650000
-907.260000 -884.470000 -282.430000 -218.180000
751.680000 -484.980000 -254.780000 -661.650000
582.190000 -950.150000 -432.960000 -949.440000
642.540000 -942.490000 -80.770000 557.430000
625.370000 -101.410000 571.830000 -382.160000
187.120000 -900.080000 994.230000 533.570000
-415.450000 -832.650000 20.630000 -621.800000
-778.460000 -798.910000 -950.840000 335.770000
-549.770000 -461.850000 237.070000 -5.800000
-611.550000 -675.580000 356.020000 -164.060000
-772.330000 -810.510000 785.430000 447.550000
-52.420000 -504.860000 -913.630000 -535.400000
-432.640000 167.440000 370.850000 -428.380000
336.310000 234.700000 384.610000 -868.480000
724.460000 887.030000 424.660000 -991.770000
6.400000 979.610000 269.230000 -774.090000
-842.320000 877.720000 -936.550000 663.130000
103.380000 -751.700000 673.410000 33.820000
762.440000 669.340000 352.300000 219.360000
-133.380000 -328.820000 719.160000 -916.900000
-463.140000 -230.820000 -999.810000 -269.990000
-847.730000 -740.720000 479.070000 -115.620000
679.050000 645.510000 323.740000 -171.510000
717.740000 -318.830000 513.680000 699.060000
-8.850000 -541.350000 124.920000 521.090000
546.590000 455.200000 46.560000 186.770000
249.270000 890.630000 175.050000 273.200000
-908.000000 886.170000 -878.760000 -698.860000
-615.160000 -327.310000 90.540000 -343.720000
-389.850000 393.650000 -338.380000 -956.120000
-134.760000 65.190000 -160.890000 -165.780000
-258.330000 -199.120000 384.410000 625.870000
-242.800000 772.260000 -795.780000 -610.770000
-744.410000 -499.630000 485.730000 659.300000
492.300000 725.290000 712.380000 -893.300000
836.220000 124.270000 -610.670000 -293.970000
642.600000 -53.130000 -871.260000 -730.660000
-407.980000 -344.260000 555.350000 19.660000
-662.670000 -739.250000 -917.260000 -629.270000
-94.410000 958.250000 770.960000 467.250000
