1000
-85.070000 593.120000 -975.340000 -179.750000
-664.720000 -760.140000 -126.940000 91.330000
-371.410000 889.400000 232.740000 842.250000
9.310000 -995.050000 249.160000 -289.100000
-245.520000 -438.990000 12.890000 -787.370000
539.300000 456.410000 -707.810000 -784.390000
701.900000 46.600000 -268.880000 682.320000
725.860000 -439.550000 -978.430000 113.650000
-779.270000 198.850000 -419.290000 -678.950000
-452.140000 -58.010000 538.960000 226.800000
-621.910000 514.400000 -914.580000 -413.230000
225.650000 362.500000 985.190000 -685.170000
350.290000 168.340000 788.080000 -224.740000
-656.290000 -564.420000 -27.830000 865.070000
117.880000 817.540000 326.430000 302.680000
74.710000 -655.120000 -542.630000 739.610000
129.800000 -696.810000 -190.290000 9.640000
441.440000 -505.710000 -588.830000 471.610000
-233.290000 -864.030000 -750.460000 -687.940000
29.180000 -509.490000 815.440000 299.820000
623.010000 969.430000 -155.040000 -231.930000
225.700000 -834.740000 -895.220000 -317.350000
867.600000 -859.760000 -592.070000 494.870000
-408.160000 700.940000 -230.220000 802.500000
786.250000 -876.240000 908.530000 105.230000
224.080000 -180.430000 -682.390000 350.570000
690.230000 187.820000 -788.840000 517.000000
-616.130000 904.380000 471.750000 -909.230000
-687.260000 611.200000 535.060000 -154.880000
-435.420000 302.170000 -527.410000 502.550000
-468.750000 219.610000 772.960000 10.380000
132.610000 146.650000 368.050000 -248.430000
-623.750000 -955.180000 79.200000 -807.720000
-46.670000 -789.320000 -852.980000 977.650000
47.410000 -284.170000 -895.180000 -345.920000
704.430000 -865.650000 -595.440000 45.830000
273.620000 -909.030000 -156.510000 938.870000
-474.340000 332.920000 -340.950000 -170.050000
982.600000 -261.540000 876.570000 -543.030000
104.670000 594.990000 -903.400000 833.060000
944.010000 -767.630000 829.290000 85.510000
-624.090000 438.380000 286.430000 -639.070000
589.720000 -338.140000 -529.480000 484.510000
-476.030000 250.930000 187.060000 -428.700000
-327.740000 83.010000 919.100000 -823.600000
-278.420000 530.440000 -187.720000 751.330000
545.600000 29.090000 764.170000 174.130000
-234.880000 -40.660000 -167.600000 151.610000
-112.230000 -462.170000 798.560000 71.150000
821.310000 -445.020000 413.420000 608.160000
-314.670000 -76.850000 241.870000 479.080000
698.350000 -513.650000 251.090000 623.280000
-848.240000 -796.640000 -781.210000 -551.370000
737.270000 -936.010000 -171.540000 -203.940000
8.220000 952.980000 -592.240000 445.190000
-278.530000 -754.910000 653.440000 -286.600000
68.050000 357.870000 -177.810000 969.760000
-738.320000 818.600000 -791.540000 -753.360000
155.530000 591.440000 81.890000 -866.600000
-89.870000 532.770000 -495.640000 -261.820000
-279.350000 -526.720000 -271.120000 -993.420000
-180.590000 -417.020000 -337.900000 277.340000
284.200000 -634.010000 -709.690000 -388.460000
784.870000 -985.720000 834.220000 -240.660000
-276.520000 303.500000 -424.430000 952.940000
243.740000 806.280000 -321.760000 755.920000
747.170000 743.830000 256.970000 619.050000
461.930000 -928.640000 677.350000 197.040000
-163.480000 -471.450000 574.890000 991.220000
765.440000 142.430000 -637.700000 -87.840000
721.570000 -74.210000 732.920000 642.580000
31.340000 892.150000 195.810000 -68.740000
160.940000 -500.760000 -199.590000 18.030000
-982.150000 -721.660000 29.610000 -910.920000
815.990000 -604.160000 822.690000 -496.270000
713.930000 349.200000 778.080000 555.610000
846.780000 89.790000 -266.410000 -951.660000
-315.340000 392.410000 -932.710000 266.910000
-772.980000 -964.690000 -403.680000 15.850000
-515.640000 82.910000 -351.370000 377.050000
916.530000 344.630000 289.150000 672.700000
227.810000 -804.790000 -334.090000 -356.550000
-1.840000 -362.260000 -403.810000 -605.150000
64.720000 116.830000 167.490000 932.810000
219.330000 236.550000 956.950000 689.250000
-448.900000 -278.760000 -932.520000 -500.460000
-624.150000 -123.450000 -442.220000 743.030000
-292.510000 143.280000 45.440000 -351.260000
-14.400000 753.750000 -140.910000 53.740000
445.510000 379.830000 -339.410000 800.330000
774.100000 437.570000 -941.600000 -310.250000
28.810000 -775.120000 166.350000 -217.990000
-719.340000 -682.460000 -640.670000 -668.580000
489.340000 -845.670000 -535.910000 434.220000
959.910000 620.220000 3.710000 -480.530000
822.590000 -765.740000 359.350000 829.850000
764.690000 814.460000 99.720000 -534.100000
-773.200000 728.250000 -522.290000 440.300000
417.240000 14.350000 585.610000 -629.760000
-743.670000 270.720000 540.340000 881.980000
-858.220000 -745.320000 446.760000 -257.630000
-794.710000 -693.330000 752.670000 -17.720000
648.280000 -458.010000 709.700000 -499.510000
700.240000 668.680000 569.020000 -715.760000
-727.160000 -996.910000 -728.130000 -274.580000
857.550000 718.630000 -912.760000 465.600000
562.710000 -353.560000 -229.680000 -36.800000
-687.790000 -754.420000 432.830000 -926.680000
638.360000 777.400000 413.360000 330.860000
-325.270000 475.760000 -757.790000 -317.170000
-788.490000 -589.730000 -734.800000 -500.520000
384.220000 -23.470000 -17.770000 -224.610000
-631.150000 424.930000 -108.400000 -373.000000
246.110000 -350.780000 970.130000 -56.520000
-182.580000 -983.750000 -231.280000 -403.000000
320.720000 794.960000 -20.520000 -916.280000
586.570000 589.550000 482.350000 -343.080000
-700.500000 -575.120000 248.070000 57.470000
867.590000 -694.850000 -49.970000 544.310000
395.600000 269.110000 -570.490000 -805.200000
-25.600000 -78.120000 414.410000 -457.930000
-443.330000 855.710000 -712.590000 46.630000
-598.670000 -617.020000 -492.140000 -644.340000
-236.830000 239.540000 469.890000 -647.140000
-710.990000 -313.860000 -494.470000 -17.830000
907.290000 532.040000 272.960000 701.550000
-599.850000 57.460000 -380.410000 307.490000
-698.470000 223.800000 -205.520000 -427.200000
75.920000 332.150000 319.960000 -660.790000
424.770000 -864.380000 603.250000 -655.940000
-578.880000 -636.410000 -114.010000 74.260000
91.330000 529.720000 44.390000 258.820000
118.030000 -242.080000 -363.150000 -822.130000
-597.900000 -262.290000 425.630000 790.560000
390.190000 81.410000 503.920000 -936.260000
867.230000 124.140000 623.790000 -352.730000
-724.140000 -6.520000 -959.300000 -350.100000
-590.800000 -84.440000 -381.490000 940.870000
-708.810000 -260.150000 295.450000 -503.620000
-529.150000 -27.190000 978.260000 459.540000
-318.130000 745.000000 -708.210000 374.310000
124.260000 574.300000 122.810000 -777.160000
872.930000 -163.720000 -311.180000 296.840000
-567.570000 -180.720000 114.070000 391.480000
-663.250000 846.080000 -127.760000 -223.320000
-366.840000 -301.070000 795.430000 409.730000
175.130000 -731.880000 -569.940000 271.140000
119.360000 925.710000 455.960000 978.330000
-334.330000 -354.710000 992.180000 676.700000
523.380000 618.100000 246.100000 -989.770000
657.740000 -597.400000 -244.750000 -878.730000
-908.210000 -489.760000 -966.810000 991.590000
-280.260000 149.300000 904.790000 644.130000
-890.100000 -308.930000 -212.640000 -743.200000
-14.250000 958.600000 328.050000 -180.330000
382.740000 112.280000 285.130000 934.110000
733.020000 -542.030000 -33.050000 -707.320000
304.400000 -25.710000 569.430000 732.490000
899.140000 953.360000 113.640000 -531.960000
-848.960000 -392.630000 985.530000 -742.730000
-610.560000 825.130000 524.830000 -385.170000
585.160000 -109.500000 481.090000 -994.190000
307.890000 -364.400000 314.000000 -370.450000
-182.180000 435.300000 -849.910000 -922.770000
-995.340000 112.810000 -550.120000 -903.040000
778.960000 627.030000 -9.960000 -459.760000
964.060000 -577.600000 -566.090000 248.810000
563.760000 -374.980000 381.280000 -540.730000
388.950000 -879.520000 551.780000 735.810000
-642.520000 -655.780000 604.830000 -354.000000
380.890000 -771.890000 16.950000 -372.370000
-519.860000 -731.920000 -717.900000 674.620000
-209.170000 -481.740000 582.600000 -541.850000
13.590000 -611.760000 -983.390000 -444.860000
-819.000000 695.780000 608.150000 947.410000
473.120000 793.820000 252.480000 886.050000
168.180000 -71.090000 -301.770000 -491.870000
-900.790000 79.030000 -399.770000 254.720000
-8.460000 420.670000 388.720000 532.870000
-481.040000 -78.360000 -623.920000 585.100000
-735.600000 -170.240000 -901.920000 284.150000
891.890000 31.510000 660.680000 226.220000
734.640000 682.600000 693.460000 -614.910000
-701.040000 553.060000 -807.530000 749.660000
233.450000 -516.460000 120.260000 -977.290000
778.380000 763.570000 519.460000 344.050000
-949.470000 -40.930000 826.470000 -883.060000
196.530000 276.040000 629.170000 725.730000
-54.740000 536.310000 118.100000 946.500000
-883.160000 -916.230000 167.590000 298.720000
-856.660000 -751.730000 -684.170000 -835.030000
-143.170000 -249.030000 287.010000 -833.820000
-537.930000 627.670000 -957.540000 -10.090000
176.890000 -291.600000 -656.220000 632.630000
-483.690000 340.350000 -895.560000 968.610000
-11.780000 498.430000 -258.800000 -410.410000
669.620000 -121.160000 182.010000 -719.190000
819.400000 -540.200000 -145.950000 -924.680000
972.830000 558.350000 368.810000 908.520000
-738.880000 108.540000 74.590000 328.140000
627.420000 -551.300000 727.640000 -497.990000
50.610000 -843.320000 -260.300000 787.290000
-425.160000 -486.910000 33.850000 -237.750000
-165.300000 96.850000 -331.310000 -456.640000
834.080000 -507.700000 15.810000 -71.000000
444.660000 -89.150000 725.730000 -3.550000
-920.460000 -716.070000 823.520000 -71.490000
-739.740000 -834.100000 134.760000 -587.460000
2.330000 -585.350000 -971.670000 842.820000
-424.690000 208.030000 329.760000 -80.780000
528.830000 -534.950000 671.380000 -608.840000
-389.770000 -833.620000 -379.440000 998.250000
-943.740000 -70.080000 -440.430000 243.250000
307.520000 -748.270000 -972.920000 233.790000
726.420000 -978.880000 -814.540000 -629.340000
-483.650000 276.870000 -762.520000 -200.550000
993.410000 -826.210000 -680.060000 -613.220000
-395.870000 -303.070000 734.770000 -235.350000
898.890000 606.750000 -96.030000 -265.210000
-851.040000 -579.590000 -861.060000 982.540000
-936.910000 26.880000 -537.420000 540.680000
1.730000 -77.760000 701.020000 408.930000
742.790000 764.210000 -379.230000 -199.190000
-218.760000 -909.320000 469.670000 460.900000
40.450000 -597.660000 849.170000 841.930000
924.470000 -987.560000 61.990000 -248.360000
134.930000 929.480000 -357.880000 -362.140000
480.570000 -869.740000 -935.670000 -838.650000
-871.910000 520.930000 -714.240000 -641.230000
849.320000 -201.000000 424.550000 -320.940000
-563.990000 937.090000 363.190000 945.300000
777.670000 -741.540000 656.130000 601.480000
482.880000 -216.210000 764.140000 -204.030000
297.570000 -808.970000 598.720000 159.660000
569.090000 -762.990000 -23.260000 -173.920000
233.660000 -795.010000 639.040000 845.830000
-991.800000 -912.880000 -442.530000 498.180000
183.050000 974.660000 -494.510000 -380.810000
-122.590000 700.320000 468.120000 975.690000
-269.380000 -392.170000 247.470000 867.100000
-880.040000 -546.300000 35.340000 -413.800000
-341.010000 513.650000 -712.250000 455.410000
965.390000 609.560000 312.140000 322.470000
-936.490000 36.020000 875.420000 -357.050000
-524.590000 420.830000 263.590000 83.110000
-730.740000 119.140000 -599.270000 109.840000
706.160000 -93.950000 -113.370000 -666.670000
261.460000 215.020000 -948.920000 -828.810000
-839.840000 44.190000 -607.690000 47.020000
445.750000 -847.800000 -655.070000 266.210000
168.550000 494.200000 840.160000 711.440000
-851.500000 -746.220000 -574.400000 -48.700000
618.700000 13.900000 455.310000 242.270000
304.580000 531.150000 400.560000 779.550000
-902.740000 284.360000 -733.220000 -157.700000
982.290000 -543.170000 257.640000 -272.830000
-501.230000 151.410000 583.390000 800.240000
8.250000 -566.120000 -923.470000 -936.080000
344.530000 195.650000 898.690000 420.350000
-774.420000 937.190000 536.410000 33.960000
-778.920000 -933.860000 951.770000 895.990000
625.580000 189.180000 903.190000 847.880000
-559.370000 504.090000 566.400000 436.010000
-62.850000 266.640000 -598.640000 -347.660000
914.480000 -468.390000 38.880000 371.760000
218.320000 -673.970000 114.330000 353.940000
479.250000 -718.070000 -332.140000 -542.040000
35.350000 -828.450000 -682.890000 802.720000
150.010000 -378.110000 660.090000 248.370000
27.710000 616.470000 466.780000 839.590000
-889.240000 -628.950000 -367.610000 -84.440000
-40.130000 -666.480000 -444.090000 -884.350000
-961.020000 373.700000 925.750000 -868.040000
400.770000 699.900000 461.730000 -44.470000
686.350000 -222.560000 -851.180000 -890.330000
512.120000 -992.900000 17.190000 -320.150000
879.030000 957.480000 -804.570000 363.040000
660.650000 -790.660000 593.200000 -744.760000
172.830000 878.380000 -79.820000 -259.400000
580.440000 -357.440000 -81.440000 -730.210000
7.100000 450.070000 -392.250000 -404.280000
717.540000 -196.650000 -874.110000 754.180000
-975.740000 -574.200000 57.000000 969.090000
87.190000 -174.140000 98.150000 -790.780000
-882.380000 -380.560000 27.330000 843.220000
-299.210000 105.480000 686.710000 30.090000
-0.700000 -813.300000 697.070000 695.260000
981.710000 -896.720000 -812.750000 864.970000
780.520000 -470.740000 791.280000 5.140000
-765.300000 -285.980000 -161.110000 613.070000
-541.280000 -733.860000 -60.700000 157.850000
747.970000 -786.000000 -606.940000 -770.860000
782.900000 -557.110000 714.230000 -884.560000
-769.580000 788.910000 133.820000 279.990000
363.310000 510.070000 -967.490000 -255.530000
601.090000 -353.460000 -348.220000 837.140000
-540.960000 31.400000 -962.260000 -495.760000
851.540000 972.230000 -576.320000 -197.990000
-223.360000 -428.620000 94.260000 988.410000
-231.190000 756.590000 -483.310000 905.480000
-946.150000 -917.840000 -792.720000 481.390000
-735.460000 -401.760000 -179.870000 651.870000
221.870000 647.400000 216.730000 -720.990000
-456.740000 224.470000 920.080000 9.360000
627.660000 219.220000 -362.190000 -361.920000
-981.430000 -253.600000 515.690000 204.240000
807.130000 816.240000 -412.710000 -354.970000
-607.840000 366.620000 -179.370000 -239.880000
761.370000 -920.930000 483.750000 308.980000
-403.600000 -378.920000 -41.470000 78.670000
340.440000 274.370000 645.030000 350.700000
221.210000 541.970000 -807.360000 497.700000
-204.260000 942.200000 -858.460000 708.060000
792.870000 -900.940000 690.060000 -470.710000
769.090000 -464.950000 -723.430000 370.100000
-448.330000 444.370000 -460.950000 -889.350000
-900.750000 -302.890000 185.110000 538.680000
-188.490000 -806.500000 844.480000 720.380000
995.030000 -307.700000 440.800000 -434.740000
-935.210000 -11.800000 222.660000 978.700000
-977.430000 148.920000 246.390000 -258.580000
-666.170000 196.100000 -475.130000 -551.630000
687.340000 61.600000 -777.050000 -245.850000
386.680000 -703.010000 57.510000 -208.100000
364.550000 -590.740000 -42.650000 782.380000
-533.730000 350.030000 335.380000 -88.950000
-595.190000 403.450000 -592.610000 -765.840000
-867.410000 615.050000 -595.190000 -99.050000
-98.150000 625.020000 936.600000 784.920000
224.700000 497.120000 109.180000 -28.400000
532.450000 -82.660000 -847.340000 965.800000
10.560000 -530.890000 -66.910000 -59.780000
-900.220000 297.790000 928.820000 320.260000
413.620000 45.810000 -134.410000 -615.690000
-966.670000 476.180000 -673.160000 -364.500000
-14.500000 720.070000 -692.840000 -953.800000
-506.070000 -58.170000 69.500000 -205.380000
-343.690000 -745.370000 -399.030000 477.330000
-843.960000 108.680000 597.790000 120.650000
-661.280000 597.440000 526.360000 169.780000
-17.550000 655.350000 618.480000 841.370000
-504.990000 874.140000 211.520000 267.840000
641.950000 -402.940000 -459.080000 -245.610000
-555.320000 281.470000 -239.820000 602.060000
-863.900000 829.210000 -346.820000 709.870000
850.830000 413.400000 959.010000 -661.820000
-683.230000 -776.390000 222.500000 280.000000
-910.550000 -860.400000 -250.890000 801.280000
884.420000 -94.600000 390.410000 -605.940000
-413.400000 -850.360000 80.090000 434.640000
-317.970000 722.560000 -689.270000 170.200000
-591.820000 -523.730000 130.570000 72.770000
183.420000 893.650000 953.080000 20.950000
-799.750000 -67.880000 736.840000 469.870000
-842.520000 795.170000 906.950000 -848.030000
-742.200000 -299.810000 -418.370000 -220.250000
527.830000 -874.680000 878.190000 841.470000
-590.260000 -344.810000 233.570000 -250.810000
785.370000 217.390000 -965.680000 952.130000
-450.440000 412.390000 571.770000 295.520000
748.270000 -307.830000 741.910000 -207.830000
-348.370000 -670.390000 135.660000 279.340000
-884.100000 -935.390000 -373.650000 825.500000
-2.250000 358.710000 -777.370000 85.970000
803.900000 -795.490000 377.890000 -963.960000
-929.730000 -332.680000 -314.830000 -944.220000
-929.490000 455.070000 -645.190000 -300.270000
431.340000 -97.980000 665.050000 -236.240000
561.970000 -120.540000 -277.690000 -14.690000
-524.020000 -594.790000 -626.710000 -959.380000
962.200000 -373.950000 -421.140000 -361.500000
43.060000 -146.510000 649.920000 36.350000
224.080000 652.530000 262.960000 206.930000
-561.940000 295.790000 -372.960000 438.450000
-270.300000 -825.520000 558.100000 929.860000
-104.840000 257.440000 -306.310000 360.790000
419.320000 777.310000 -465.060000 901.690000
-471.010000 932.460000 53.840000 90.380000
-252.680000 797.330000 493.720000 327.710000
650.630000 57.950000 198.620000 494.380000
-236.330000 -734.910000 -45.070000 896.590000
-981.050000 431.200000 858.690000 -563.550000
804.160000 -94.110000 855.800000 -725.190000
533.210000 592.470000 134.830000 637.400000
497.900000 -880.100000 531.630000 -149.060000
-587.370000 -359.710000 -708.070000 324.170000
-179.980000 471.820000 -583.130000 -85.160000
306.260000 446.230000 434.980000 322.020000
-260.070000 -604.960000 -954.570000 -474.310000
725.860000 -446.090000 -139.800000 800.390000
185.400000 964.660000 -565.950000 307.760000
821.160000 454.900000 67.030000 656.860000
-252.670000 -572.360000 -587.100000 -818.200000
108.970000 -437.350000 -93.170000 -480.940000
402.930000 564.210000 -87.140000 663.080000
677.380000 -20.360000 105.850000 340.700000
-537.920000 5.480000 -328.320000 -474.740000
567.240000 -829.790000 255.790000 -597.960000
-288.890000 -405.900000 -314.600000 8.060000
-12.250000 692.160000 776.010000 685.860000
649.010000 -10.510000 -33.350000 36.820000
868.320000 51.160000 555.140000 -286.660000
-874.060000 382.310000 -150.820000 -251.090000
-450.190000 -782.560000 798.430000 988.260000
-62.020000 307.880000 -5.410000 -179.740000
-378.370000 267.040000 580.070000 -800.980000
-786.800000 472.620000 449.120000 502.350000
119.620000 270.370000 -900.100000 848.660000
307.660000 -22.840000 -567.960000 925.040000
-315.220000 667.670000 172.450000 -504.590000
-511.680000 -165.630000 -813.050000 754.430000
-161.890000 511.080000 309.220000 155.690000
-697.230000 264.680000 -593.900000 975.240000
954.130000 389.660000 943.290000 317.380000
650.110000 -843.580000 -795.960000 203.620000
-919.600000 -901.760000 -237.950000 -538.880000
-310.850000 524.840000 -476.510000 -992.250000
-820.280000 -862.490000 -587.240000 380.500000
796.260000 -332.140000 -910.100000 -297.470000
-211.790000 959.390000 -115.490000 -8.570000
-198.610000 731.270000 -440.300000 389.790000
-715.380000 485.610000 -698.120000 -910.010000
-230.640000 -286.940000 -838.950000 -838.210000
970.220000 -401.440000 -468.050000 -14.580000
463.880000 -227.400000 45.180000 798.890000
-122.190000 522.450000 36.030000 -484.830000
134.180000 -882.820000 -246.620000 491.020000
-196.530000 480.120000 -804.370000 -364.190000
488.350000 417.380000 -442.250000 839.630000
333.500000 -333.300000 282.870000 -943.890000
645.990000 561.620000 -697.970000 -552.700000
-637.390000 692.150000 439.980000 -722.330000
-697.220000 -650.950000 -886.850000 -410.520000
287.660000 -867.290000 943.660000 563.720000
-907.420000 313.900000 96.650000 -387.320000
-82.540000 -991.310000 113.410000 -241.860000
-875.910000 9.490000 -521.460000 120.460000
287.640000 368.010000 -393.550000 825.720000
-114.890000 976.820000 639.730000 458.690000
211.640000 -153.170000 -443.140000 219.480000
717.440000 -275.520000 298.890000 647.730000
-519.990000 712.560000 529.190000 -20.990000
859.430000 756.500000 -670.220000 -537.980000
-450.510000 525.910000 -66.030000 -231.260000
360.200000 -285.980000 788.550000 581.570000
668.860000 -960.880000 591.750000 -415.250000
-354.870000 -341.990000 545.800000 697.500000
-503.200000 -787.090000 188.430000 -698.410000
-420.530000 -594.260000 -662.760000 298.370000
903.550000 130.530000 -271.440000 919.910000
-807.380000 -820.610000 567.630000 -723.880000
-642.910000 -984.800000 834.910000 851.520000
149.380000 446.490000 474.310000 684.660000
-425.210000 -977.120000 -516.700000 -666.750000
264.790000 -366.620000 -583.860000 813.030000
967.400000 -227.540000 115.680000 759.300000
-183.720000 920.580000 -791.760000 -647.860000
-218.990000 660.950000 980.520000 -550.670000
636.120000 422.010000 -771.620000 -381.760000
292.210000 915.980000 612.920000 492.930000
-695.930000 899.950000 -240.010000 189.680000
-966.600000 -724.730000 -594.470000 636.580000
315.560000 -14.900000 425.940000 -895.870000
-872.120000 565.610000 216.170000 -991.960000
761.280000 -232.910000 343.390000 527.520000
363.050000 -789.860000 734.360000 -423.490000
-111.990000 -702.390000 98.480000 -405.100000
648.310000 918.120000 83.580000 -94.630000
-734.790000 305.440000 51.830000 453.310000
72.260000 -568.830000 -414.470000 871.720000
574.070000 533.780000 48.660000 915.610000
859.590000 247.950000 94.580000 -509.690000
-96.470000 -130.280000 415.810000 -755.490000
-26.590000 -773.440000 66.730000 -853.590000
628.700000 518.620000 -859.570000 777.450000
-342.320000 -325.420000 -776.520000 366.040000
722.860000 158.070000 -416.000000 -898.890000
745.850000 -513.770000 -365.330000 -158.270000
601.900000 -22.630000 -776.380000 683.970000
-137.200000 -573.590000 -426.120000 -210.300000
790.770000 -634.820000 -75.050000 313.330000
38.840000 346.990000 -466.250000 306.980000
-149.830000 -582.610000 -824.490000 782.360000
-821.570000 -85.450000 -187.850000 -132.280000
584.550000 -874.550000 172.730000 997.310000
-674.430000 -238.770000 404.220000 667.000000
36.280000 -252.500000 894.130000 22.860000
-739.300000 -285.080000 674.890000 131.680000
191.860000 -740.610000 -261.400000 -708.210000
-794.620000 -836.080000 305.600000 873.270000
-828.870000 718.620000 585.020000 214.180000
-682.280000 -296.780000 777.120000 819.700000
760.860000 -170.620000 -831.250000 -110.690000
504.130000 -8.590000 760.790000 -317.450000
-967.460000 386.520000 235.850000 -466.200000
-140.270000 209.510000 -550.910000 -954.500000
256.800000 627.990000 693.600000 28.220000
495.600000 -945.150000 288.860000 -657.610000
-680.860000 164.610000 800.460000 738.150000
-391.980000 672.570000 -396.440000 514.590000
761.730000 -42.130000 -331.880000 281.750000
-638.120000 -940.620000 -290.960000 311.850000
-232.140000 790.500000 -44.670000 -859.490000
838.250000 14.540000 659.470000 830.380000
564.440000 -401.080000 985.950000 -661.060000
273.640000 712.290000 901.410000 -154.710000
891.440000 208.660000 860.780000 240.910000
-286.490000 826.560000 745.160000 658.660000
418.090000 -373.080000 -333.810000 62.470000
-156.590000 372.900000 814.490000 -49.970000
825.570000 420.520000 899.250000 -269.420000
-652.870000 -916.130000 -720.910000 103.110000
264.450000 -825.000000 718.430000 660.670000
-625.780000 -861.750000 -239.000000 -404.540000
679.220000 792.650000 692.030000 -830.930000
643.090000 -577.810000 -306.060000 -584.480000
-505.650000 -953.810000 -734.610000 858.250000
924.830000 -590.450000 -277.630000 -820.980000
564.940000 840.470000 -958.550000 50.150000
901.990000 -193.070000 916.460000 -444.000000
130.540000 376.260000 108.020000 113.410000
-175.150000 -354.100000 -879.290000 754.040000
541.340000 -211.390000 -596.750000 -424.640000
-953.030000 881.330000 -368.080000 505.630000
-570.670000 -376.220000 -701.430000 645.770000
-823.940000 -88.310000 -331.090000 47.680000
671.500000 -900.400000 242.110000 -405.290000
718.600000 314.470000 628.490000 -962.030000
774.740000 -885.740000 -873.170000 -312.510000
463.150000 109.540000 673.310000 44.340000
-94.040000 572.710000 135.750000 -227.170000
-27.140000 -290.780000 -585.950000 -16.570000
-407.600000 977.260000 896.980000 636.270000
370.970000 -34.080000 -220.390000 -581.890000
-317.430000 383.800000 349.840000 663.060000
571.240000 -369.750000 374.510000 314.750000
-99.370000 -437.490000 775.620000 -322.570000
390.300000 0.690000 272.380000 -907.290000
225.300000 530.620000 961.270000 -984.030000
599.230000 867.630000 -216.350000 842.660000
-411.690000 -812.510000 870.530000 -693.410000
462.690000 235.320000 30.440000 -144.880000
-929.210000 -337.680000 924.680000 152.870000
-261.110000 -466.320000 -600.070000 -980.620000
-999.740000 712.850000 429.680000 -199.600000
-927.680000 88.850000 0.180000 -547.510000
912.210000 760.080000 803.890000 36.860000
-239.280000 -468.200000 -481.670000 974.040000
-983.100000 -167.090000 -689.540000 22.490000
-491.430000 521.890000 -541.710000 -271.220000
34.950000 434.290000 359.430000 750.220000
-156.620000 837.760000 -446.210000 285.220000
867.900000 344.720000 -832.280000 896.180000
436.860000 825.990000 474.580000 311.490000
815.970000 -5.800000 -429.820000 606.890000
-862.770000 -92.710000 338.720000 -355.360000
-855.230000 -269.960000 293.730000 211.300000
-406.560000 -372.030000 937.290000 907.440000
-832.810000 992.750000 -236.250000 481.310000
-390.750000 324.860000 799.000000 575.790000
-773.590000 19.460000 -350.120000 -54.790000
-695.200000 -322.810000 -105.660000 -342.760000
826.140000 -354.610000 93.660000 687.180000
-85.080000 -561.420000 812.370000 -701.530000
857.960000 -815.040000 762.560000 361.230000
829.420000 -253.170000 205.080000 628.470000
-756.790000 408.990000 165.780000 146.670000
-558.280000 -480.160000 794.600000 151.550000
193.750000 -505.050000 97.000000 -267.640000
466.830000 -118.620000 220.520000 -985.750000
-149.340000 903.650000 892.890000 169.580000
404.060000 598.050000 707.210000 -677.370000
-634.870000 239.880000 -543.110000 14.390000
-174.000000 210.930000 -496.340000 995.220000
-835.470000 -152.720000 -207.830000 558.840000
531.760000 -841.280000 -255.720000 -608.090000
-72.970000 501.020000 535.650000 876.000000
207.160000 -70.360000 -832.420000 -141.310000
543.020000 -877.280000 -122.770000 286.720000
-829.220000 203.190000 -15.710000 839.890000
420.780000 761.010000 314.130000 -549.900000
-713.410000 607.620000 -991.990000 -811.830000
456.460000 68.150000 352.070000 -446.260000
-344.110000 422.000000 410.230000 575.230000
-820.870000 626.930000 830.980000 -288.880000
-822.750000 -92.580000 -551.310000 22.950000
245.540000 62.130000 240.590000 276.680000
263.580000 508.450000 246.190000 -444.840000
-270.700000 155.130000 -803.630000 -782.080000
-401.850000 -961.570000 896.230000 -690.170000
-384.030000 19.820000 960.860000 883.110000
588.850000 477.580000 -505.150000 64.960000
813.070000 -387.100000 151.160000 -427.650000
-692.320000 345.230000 -383.850000 -365.050000
78.030000 -682.350000 906.050000 418.960000
490.300000 -906.240000 -707.590000 325.830000
44.670000 -32.980000 -581.570000 328.110000
-822.740000 797.630000 -842.310000 770.290000
-625.600000 -375.900000 -452.330000 -519.460000
407.330000 523.860000 -982.190000 -304.370000
546.920000 -921.110000 733.540000 -135.860000
-441.330000 -919.480000 -399.110000 695.560000
540.120000 -132.970000 -399.380000 -779.210000
-113.980000 -286.570000 -958.840000 -941.560000
-204.680000 -740.820000 -163.530000 -689.670000
294.280000 -466.150000 220.740000 -797.400000
-218.490000 941.820000 425.860000 -453.930000
143.190000 577.970000 -634.660000 288.310000
700.650000 690.620000 534.250000 -58.010000
-316.960000 401.830000 808.020000 946.460000
21.690000 895.120000 -183.770000 886.610000
-463.500000 867.090000 918.000000 934.950000
79.350000 254.390000 989.640000 145.240000
-669.190000 -98.610000 -127.390000 548.240000
155.820000 332.500000 -454.090000 -618.490000
-525.300000 146.890000 -721.800000 753.660000
539.020000 133.360000 -901.620000 11.870000
834.740000 376.910000 357.140000 -966.250000
81.420000 -220.310000 129.010000 -233.080000
-966.290000 965.350000 -599.790000 -853.240000
-844.470000 497.920000 -275.250000 -337.100000
1.170000 140.420000 951.690000 820.190000
-833.210000 423.300000 -334.050000 -804.210000
971.660000 -14.630000 -826.280000 -211.890000
-501.700000 653.950000 -6.520000 498.290000
-989.490000 -621.490000 202.150000 594.240000
-335.340000 -176.010000 -902.580000 -118.850000
-921.380000 -135.050000 843.460000 -854.080000
-774.740000 -963.560000 -945.650000 -748.500000
-89.760000 143.790000 -951.630000 139.020000
324.890000 -256.650000 -374.640000 209.530000
526.430000 -932.950000 711.150000 -778.820000
-600.010000 -505.700000 -150.670000 611.100000
964.940000 -770.070000 179.610000 -231.690000
520.880000 -110.380000 -136.550000 232.750000
680.270000 220.500000 758.160000 671.340000
-509.790000 440.750000 634.900000 444.640000
249.460000 935.570000 -126.700000 829.510000
714.770000 -56.720000 657.900000 -120.340000
-144.340000 193.580000 -75.430000 -484.440000
-174.080000 81.900000 225.360000 594.120000
405.510000 -383.690000 -697.400000 -395.470000
-621.020000 638.030000 17.330000 -271.790000
216.800000 188.530000 -260.190000 648.960000
-973.430000 -448.490000 198.250000 -514.770000
-616.220000 -731.390000 -83.900000 463.740000
222.590000 74.430000 779.370000 658.730000
811.610000 944.810000 583.180000 982.500000
900.840000 723.430000 161.940000 -140.690000
232.470000 577.060000 146.410000 -579.840000
774.270000 715.720000 2.030000 529.260000
253.640000 -115.230000 -630.970000 -268.820000
-848.710000 -72.030000 74.820000 -492.760000
-607.580000 -535.090000 -62.850000 180.870000
808.250000 638.400000 -410.070000 -570.610000
-288.860000 565.910000 -833.240000 -877.860000
199.560000 397.830000 851.420000 566.720000
-741.030000 -449.540000 -514.500000 349.950000
-848.290000 858.040000 794.540000 -990.430000
925.260000 -405.170000 -936.940000 -470.230000
-159.410000 558.550000 -564.420000 -563.730000
400.600000 -452.490000 700.860000 49.360000
605.710000 311.890000 -992.380000 623.580000
264.030000 -717.730000 -895.730000 5.300000
-972.470000 -228.580000 941.150000 -814.980000
-947.050000 182.500000 -254.580000 260.420000
737.530000 -85.060000 -415.800000 860.410000
-961.330000 -409.140000 449.690000 -361.450000
410.510000 542.980000 191.350000 356.170000
217.430000 -914.240000 -799.790000 935.040000
-689.480000 734.090000 -508.950000 219.220000
-630.910000 -921.970000 -819.160000 -133.060000
-477.430000 47.860000 912.390000 680.850000
616.890000 -188.460000 50.850000 -582.870000
-840.570000 -950.890000 -537.090000 -330.050000
-937.680000 618.630000 -108.030000 -917.840000
-594.900000 47.600000 -453.000000 -386.670000
-470.690000 -748.390000 926.070000 -686.740000
-796.950000 -617.310000 -143.730000 -212.330000
-483.770000 -122.250000 332.050000 671.650000
127.540000 -356.970000 460.890000 -502.750000
445.290000 -460.400000 -678.310000 -447.360000
-411.810000 -628.500000 86.190000 461.120000
896.100000 -346.540000 -309.860000 504.550000
-7.980000 -219.490000 -469.690000 181.300000
-765.650000 -550.400000 -920.640000 208.290000
-316.940000 -918.540000 -890.530000 995.130000
-0.780000 -684.120000 446.600000 295.250000
474.050000 2.010000 927.700000 -390.840000
-188.420000 437.110000 -777.880000 -806.160000
657.710000 -873.910000 73.530000 -801.920000
-268.080000 281.560000 887.750000 696.940000
-196.020000 -316.650000 -289.490000 -711.420000
95.820000 83.160000 -268.370000 -901.060000
-895.950000 636.970000 11.320000 554.990000
768.450000 -582.860000 -322.790000 -496.200000
-39.650000 -27.530000 773.500000 86.180000
169.250000 588.870000 780.620000 518.920000
497.130000 -204.650000 435.520000 -787.150000
-908.320000 506.920000 -156.610000 -487.510000
-913.740000 -114.630000 -763.190000 -410.260000
-129.650000 116.600000 -633.380000 -920.190000
141.360000 -296.390000 -78.720000 970.720000
-918.670000 580.930000 -860.000000 805.860000
-412.250000 -537.450000 -451.290000 -817.280000
287.410000 433.790000 220.670000 112.730000
283.190000 -514.010000 -60.120000 -24.630000
-971.190000 -686.770000 -630.060000 659.420000
176.730000 10.830000 -526.020000 859.320000
824.250000 374.480000 888.300000 -6.910000
-313.240000 -501.930000 630.280000 481.790000
-427.150000 907.250000 633.590000 170.870000
-530.840000 -965.530000 -644.270000 -139.210000
-222.490000 -520.230000 614.110000 697.070000
-825.010000 593.590000 -388.790000 -900.630000
860.780000 -701.910000 -835.170000 -384.040000
-292.580000 526.770000 775.940000 -743.350000
619.220000 778.030000 -868.470000 154.140000
-609.850000 512.860000 759.380000 869.090000
-537.900000 -626.060000 -674.360000 532.950000
913.220000 -591.040000 -268.170000 -758.420000
513.460000 -555.070000 431.040000 87.550000
650.750000 -550.430000 -1.750000 -199.750000
739.490000 324.070000 85.190000 -943.440000
-706.630000 -38.600000 -363.740000 901.020000
262.420000 -144.600000 -63.100000 -458.450000
234.500000 730.200000 524.580000 296.880000
-746.920000 190.270000 865.920000 -975.970000
835.700000 685.180000 -543.040000 -219.200000
-47.200000 -1.460000 524.270000 -540.420000
572.460000 -552.560000 -789.310000 553.870000
174.850000 186.270000 -230.820000 -957.590000
906.040000 -497.880000 678.070000 -28.100000
566.950000 -100.190000 -574.950000 759.140000
148.050000 -324.560000 381.430000 471.670000
649.270000 -380.480000 578.640000 -945.050000
331.860000 -5.000000 -965.420000 -385.160000
195.090000 699.970000 -178.690000 -769.400000
-183.330000 -685.930000 -593.140000 739.670000
323.080000 -299.970000 -815.590000 -260.370000
652.540000 519.390000 144.390000 780.720000
-405.800000 873.400000 653.300000 743.030000
465.280000 196.760000 -467.370000 880.500000
-260.390000 320.700000 -329.530000 -381.670000
-346.010000 -613.480000 -29.590000 -433.510000
762.050000 -511.790000 875.500000 361.050000
854.630000 662.590000 440.990000 -316.060000
-608.670000 683.850000 940.020000 -938.460000
940.130000 848.360000 759.010000 463.060000
521.880000 651.540000 430.630000 -679.420000
851.460000 993.880000 -782.400000 -785.930000
-889.920000 134.800000 457.260000 316.810000
-408.110000 172.610000 83.660000 49.330000
636.240000 -862.890000 46.330000 -164.650000
193.300000 305.670000 160.660000 -992.130000
-896.940000 -822.450000 -82.780000 840.370000
-880.330000 -221.540000 925.080000 -753.690000
-432.570000 407.350000 -989.860000 778.320000
318.020000 115.610000 947.880000 -50.210000
570.680000 272.480000 -492.280000 -789.510000
738.520000 850.850000 797.750000 -878.780000
-450.690000 670.650000 -751.080000 307.350000
82.460000 301.410000 -652.060000 -540.930000
954.950000 342.460000 -665.010000 814.460000
-974.540000 669.240000 -456.290000 649.140000
284.710000 -987.030000 635.490000 184.290000
-850.260000 -222.440000 -80.300000 -423.990000
-799.850000 736.510000 203.650000 -527.500000
-28.900000 940.940000 -897.070000 -731.060000
-344.950000 -326.040000 517.250000 370.030000
-381.930000 -343.730000 829.390000 -357.660000
-479.270000 444.380000 389.290000 838.960000
-246.740000 -526.880000 225.400000 926.210000
-266.540000 226.220000 61.340000 561.190000
447.130000 126.790000 454.770000 199.350000
-795.440000 791.220000 -610.130000 -419.710000
-683.240000 -495.200000 528.030000 191.070000
18.500000 503.260000 -279.510000 751.830000
-51.530000 -296.020000 -446.080000 -91.110000
-333.560000 -437.950000 206.350000 412.400000
532.330000 -672.350000 83.910000 70.050000
-6.930000 131.360000 951.360000 340.310000
-231.760000 165.500000 -254.060000 58.410000
858.660000 -43.540000 502.050000 -515.930000
252.170000 -406.560000 -289.420000 -996.580000
-135.260000 840.690000 -878.630000 382.560000
-620.910000 -437.880000 -346.610000 344.910000
38.710000 -876.270000 -315.390000 108.490000
-344.240000 -240.130000 -227.540000 294.150000
-729.450000 -132.980000 779.460000 -634.980000
941.550000 949.590000 -559.660000 -792.700000
255.450000 332.900000 -649.530000 235.260000
-323.050000 -318.870000 398.010000 504.150000
998.140000 14.500000 -824.610000 561.920000
-278.040000 979.010000 -481.390000 -857.260000
-951.980000 -923.260000 92.000000 -51.560000
-761.770000 896.230000 -816.680000 -29.180000
508.630000 -97.260000 -255.930000 952.680000
-839.210000 -810.370000 -530.290000 -160.810000
982.760000 887.830000 686.120000 -715.260000
-549.710000 -581.120000 -120.730000 -912.270000
570.980000 1.640000 -582.620000 448.830000
256.080000 327.100000 532.560000 -871.640000
-391.270000 -146.930000 -638.300000 -277.780000
13.860000 -780.530000 937.820000 661.500000
-725.330000 63.440000 144.750000 882.430000
963.800000 273.050000 -78.480000 -386.450000
333.090000 -812.250000 -33.110000 246.030000
-276.300000 936.330000 747.190000 -703.060000
347.520000 -799.640000 -626.850000 426.770000
-534.310000 112.850000 -497.810000 -787.410000
998.720000 -609.440000 -108.040000 -276.420000
277.440000 -165.890000 -335.940000 605.740000
-933.800000 840.890000 65.210000 496.120000
785.090000 -636.690000 160.120000 -795.710000
-3.560000 -704.720000 482.090000 635.160000
715.620000 144.870000 -994.460000 -642.650000
495.250000 512.340000 -61.180000 371.830000
637.180000 918.080000 716.290000 242.080000
4.120000 330.200000 770.510000 153.640000
140.530000 -583.820000 -947.280000 943.300000
-459.490000 -170.460000 -578.710000 722.700000
-386.450000 922.660000 -625.230000 352.070000
-758.860000 -592.750000 769.910000 -44.770000
-331.300000 707.530000 -246.330000 -696.780000
666.430000 394.180000 -910.820000 648.750000
439.300000 -53.910000 276.380000 -388.470000
-967.440000 -718.890000 24.660000 -176.800000
-945.570000 -831.550000 675.300000 613.110000
343.630000 973.470000 287.750000 883.420000
59.780000 912.600000 144.180000 -601.200000
-116.400000 -885.450000 855.590000 -603.470000
-309.810000 -973.300000 -453.580000 104.940000
382.930000 428.910000 162.820000 -917.810000
-426.500000 52.460000 469.500000 214.890000
-627.610000 823.440000 415.820000 -418.990000
-231.800000 926.010000 -600.980000 -683.470000
226.260000 -444.380000 128.160000 -352.380000
-389.850000 478.840000 778.490000 -172.030000
444.040000 297.300000 -856.810000 992.900000
453.960000 618.670000 63.080000 -232.270000
163.800000 -318.310000 957.390000 673.650000
692.930000 245.500000 97.550000 187.780000
-581.630000 -526.960000 -313.270000 -639.950000
-112.900000 -690.440000 738.650000 318.690000
-132.560000 -829.060000 744.830000 -968.650000
-86.490000 -426.240000 -61.850000 -630.720000
-278.670000 519.410000 -15.620000 326.880000
271.840000 -849.220000 -921.620000 -60.860000
829.850000 515.510000 -298.830000 -160.670000
690.790000 -971.050000 930.940000 -330.620000
824.950000 759.240000 -947.800000 -573.570000
-142.470000 621.850000 791.620000 -882.900000
-202.210000 970.700000 -194.560000 198.840000
653.870000 -67.520000 101.430000 -123.220000
273.020000 873.290000 776.360000 731.690000
-524.190000 -464.240000 782.760000 692.910000
673.680000 239.680000 330.910000 494.670000
103.530000 789.830000 -96.080000 288.320000
-27.610000 199.780000 -870.460000 229.540000
-432.600000 578.410000 468.340000 895.500000
-62.280000 -183.580000 -441.200000 -736.680000
-368.580000 193.750000 516.790000 870.630000
518.860000 -319.840000 258.400000 -649.040000
68.370000 600.440000 -956.260000 446.230000
-44.420000 -952.070000 -678.500000 -641.700000
453.100000 673.660000 -385.590000 448.860000
-319.450000 -60.040000 -923.840000 82.310000
320.760000 -680.610000 835.390000 -996.250000
-340.610000 299.200000 952.180000 28.350000
664.840000 980.350000 -205.310000 -510.250000
-230.470000 -512.570000 -743.580000 -165.550000
-432.840000 342.880000 -379.560000 623.560000
-750.960000 281.100000 917.010000 281.560000
700.280000 -991.870000 807.440000 942.470000
577.350000 341.740000 517.060000 -812.520000
541.310000 24.380000 -311.730000 -596.930000
4.460000 154.380000 -742.770000 -8.210000
185.890000 511.440000 -554.820000 -442.660000
-251.250000 -828.020000 931.080000 66.600000
-953.310000 315.260000 958.940000 735.980000
-254.480000 47.900000 214.000000 -716.450000
-307.340000 -931.610000 508.520000 947.330000
384.030000 -45.880000 -46.570000 686.500000
102.710000 -730.660000 -156.750000 -895.680000
955.370000 -911.710000 271.330000 -263.790000
-935.230000 559.090000 -761.420000 331.550000
282.530000 -595.530000 -64.120000 -435.950000
-320.340000 -913.970000 774.040000 -37.340000
136.470000 900.420000 369.680000 -38.370000
-675.870000 416.430000 669.100000 227.900000
601.810000 286.380000 -337.360000 631.310000
-566.230000 -784.760000 -703.090000 -442.430000
832.980000 -945.040000 -592.070000 527.330000
-703.780000 -376.670000 -247.580000 -329.380000
-747.330000 532.680000 -137.000000 682.870000
-629.370000 -890.380000 69.760000 -145.610000
151.040000 -692.270000 -335.600000 -729.330000
6.110000 -310.430000 -940.320000 601.470000
-58.760000 121.880000 697.410000 -647.910000
-253.200000 686.490000 -638.740000 -786.860000
-100.280000 879.400000 582.940000 -545.110000
-605.380000 -405.880000 689.200000 938.970000
765.880000 121.260000 971.740000 411.730000
-884.930000 -260.200000 149.080000 557.860000
356.270000 -925.260000 633.540000 -819.380000
858.190000 2.070000 -718.930000 396.100000
-682.450000 -371.540000 -315.540000 -553.710000
87.570000 826.960000 335.160000 766.420000
-453.120000 561.330000 18.400000 -272.190000
-49.330000 677.380000 90.670000 483.740000
-473.800000 199.430000 246.090000 -546.720000
311.970000 -699.910000 620.270000 -33.920000
-43.960000 503.490000 151.250000 650.700000
-478.730000 533.700000 -795.860000 147.250000
2.090000 196.310000 389.030000 -834.630000
145.420000 162.270000 384.590000 -109.550000
-816.630000 383.160000 139.690000 -82.430000
685.960000 -864.590000 -311.860000 699.890000
567.890000 -478.800000 -281.910000 684.830000
723.260000 -862.760000 -430.560000 -332.620000
448.850000 -996.530000 -810.670000 130.180000
-229.940000 898.700000 385.140000 -387.050000
359.670000 -946.550000 -229.850000 -376.130000
408.020000 -442.910000 699.200000 83.130000
651.040000 -912.110000 748.770000 891.060000
-736.310000 208.740000 -189.350000 515.470000
-771.400000 -490.150000 664.940000 -421.530000
-508.950000 291.540000 792.230000 169.280000
872.340000 -621.140000 679.950000 78.970000
-92.230000 139.230000 608.230000 805.480000
19.130000 -357.010000 -194.670000 752.380000
17.890000 179.900000 -950.520000 -630.160000
756.770000 -134.270000 -635.160000 375.410000
-233.240000 130.930000 181.540000 669.310000
405.130000 -561.010000 677.760000 -263.920000
-425.610000 916.210000 349.010000 21.890000
-93.690000 51.490000 995.410000 296.950000
566.170000 633.690000 -529.450000 -233.070000
-798.170000 -716.240000 -251.030000 -91.870000
462.900000 824.550000 -55.570000 421.270000
413.360000 412.980000 -578.210000 -784.380000
494.250000 974.830000 982.730000 -293.530000
-8.750000 215.140000 756.340000 176.960000
102.970000 758.410000 -25.060000 -928.880000
-915.510000 868.030000 984.450000 -549.080000
-94.150000 583.200000 196.130000 949.570000
-263.350000 -764.460000 -543.520000 -46.840000
73.760000 460.480000 954.950000 -38.700000
-64.750000 -956.690000 568.580000 561.630000
-100.060000 -996.540000 -647.270000 -183.730000
-781.960000 810.600000 -979.410000 -216.810000
151.010000 -372.830000 983.870000 -165.050000
103.380000 649.000000 -869.250000 -587.960000
-81.840000 446.520000 -843.110000 403.300000
228.050000 443.900000 93.220000 956.460000
-402.010000 532.660000 404.350000 601.440000
880.840000 956.450000 -790.230000 147.260000
918.570000 -75.890000 -83.730000 -462.670000
-729.090000 703.360000 -629.580000 -731.440000
-46.460000 510.050000 159.710000 -673.450000
462.670000 -446.690000 -737.480000 951.250000
540.830000 131.300000 -622.460000 -884.410000
-380.020000 137.190000 -86.120000 527.330000
-966.400000 927.290000 893.280000 -982.520000
12.700000 194.240000 -758.080000 590.110000
377.570000 980.560000 535.960000 -715.640000
-761.950000 607.900000 970.850000 -403.510000
-744.870000 -164.260000 -678.380000 25.430000
-552.450000 -972.700000 410.640000 711.020000
-138.000000 -562.600000 -85.550000 -942.120000
-709.690000 667.290000 768.460000 -810.870000
291.830000 580.830000 361.810000 -303.970000
-874.620000 -448.930000 470.430000 101.750000
943.440000 834.960000 -413.820000 571.280000
766.850000 502.480000 -37.170000 157.460000
-75.080000 960.260000 171.790000 -521.670000
199.760000 318.090000 790.340000 84.530000
915.310000 -460.430000 954.160000 440.870000
-752.640000 -13.310000 962.020000 377.720000
-200.240000 992.860000 -775.300000 813.900000
-717.240000 932.070000 228.790000 -652.480000
-566.330000 983.760000 -841.540000 -764.780000
-426.360000 -569.240000 752.940000 -500.690000
-338.820000 -757.540000 318.800000 -133.620000
361.010000 781.880000 -735.780000 -592.840000
362.970000 -656.430000 -841.310000 -568.040000
438.950000 -929.290000 -736.180000 -581.430000
-150.570000 -284.730000 -16.030000 -333.370000
-57.150000 355.850000 -850.560000 689.480000
391.670000 -334.420000 117.850000 979.840000
728.620000 -599.360000 466.560000 -948.820000
642.110000 475.780000 -270.080000 -615.550000
550.100000 -388.270000 -623.930000 868.160000
-317.300000 -569.970000 -31.030000 763.300000
-692.240000 -118.060000 231.660000 614.680000
-326.200000 -436.610000 747.570000 284.090000
-135.270000 -173.070000 232.060000 855.400000
966.280000 660.050000 -107.210000 548.920000
598.250000 -760.670000 -958.610000 -132.980000
