1000
324.900000 55.210000 -497.960000 144.970000
933.590000 224.220000 575.990000 561.160000
-548.940000 436.220000 -534.520000 418.880000
407.080000 988.850000 -908.570000 -594.560000
728.980000 995.470000 -663.440000 313.340000
-698.090000 -176.560000 767.390000 -273.360000
-924.900000 704.510000 850.720000 167.030000
-218.370000 90.790000 -836.610000 985.080000
720.590000 715.160000 -888.360000 283.430000
-543.720000 -690.420000 699.410000 -329.600000
-848.180000 200.570000 -212.380000 -445.070000
-668.200000 -508.150000 844.080000 -745.660000
-624.990000 612.350000 909.400000 886.720000
74.600000 720.120000 571.790000 -762.010000
-468.660000 773.690000 -168.040000 659.980000
-101.560000 -296.210000 431.250000 836.830000
-731.350000 -225.450000 203.570000 527.900000
-181.420000 522.860000 -783.490000 -985.090000
430.160000 912.110000 264.210000 550.220000
-273.570000 772.340000 -642.160000 -453.970000
-382.010000 100.150000 -145.580000 -367.010000
822.530000 -815.240000 887.690000 553.580000
348.970000 -648.010000 298.500000 413.330000
-642.990000 -796.930000 213.360000 236.190000
929.720000 -632.250000 -866.530000 -323.360000
-775.360000 -301.800000 -891.940000 372.600000
268.160000 -155.110000 -676.310000 895.110000
26.200000 757.700000 -997.070000 -304.800000
-761.600000 637.930000 -599.300000 -888.470000
-925.350000 -438.280000 -402.070000 -202.600000
-50.050000 -140.370000 -677.260000 534.580000
553.760000 353.420000 -819.180000 -889.320000
651.590000 113.310000 -290.820000 -427.560000
-183.160000 588.710000 -885.530000 -376.560000
659.490000 373.760000 640.370000 742.050000
-305.070000 -509.960000 43.200000 -460.310000
947.590000 -99.750000 -916.710000 -467.550000
817.910000 -937.740000 -13.080000 804.760000
477.400000 -893.840000 -579.710000 884.600000
-396.200000 541.930000 -471.810000 108.420000
710.640000 472.300000 32.440000 857.850000
343.870000 732.330000 -611.960000 -59.850000
-303.820000 -635.080000 686.620000 715.640000
53.510000 -513.620000 110.900000 86.480000
100.020000 510.470000 21.100000 937.120000
-325.940000 -418.840000 616.170000 -106.900000
653.180000 194.640000 -468.310000 -279.690000
-208.450000 85.700000 -232.820000 -382.580000
303.890000 -843.990000 -297.580000 363.110000
613.510000 -362.520000 140.540000 947.860000
532.030000 -160.910000 892.640000 -691.680000
-358.510000 201.180000 -423.830000 -880.240000
-955.190000 685.080000 650.490000 -709.100000
684.440000 -817.300000 -850.550000 -454.510000
939.570000 -311.550000 -509.430000 -138.370000
565.250000 -661.860000 -859.390000 -12.400000
873.990000 -166.950000 -850.300000 -231.090000
-605.880000 309.800000 12.360000 904.750000
-268.190000 -628.330000 -947.910000 -405.190000
-810.460000 870.180000 -126.990000 232.770000
-896.200000 -996.600000 0.280000 -609.700000
519.730000 255.860000 -462.280000 937.040000
117.600000 -198.210000 -581.100000 212.920000
468.970000 288.190000 -648.640000 390.180000
248.180000 207.660000 -365.900000 447.760000
-394.060000 -549.080000 -914.960000 279.160000
-953.980000 996.760000 -279.090000 -488.080000
41.970000 -965.370000 489.850000 -719.420000
-494.740000 169.930000 865.590000 -223.160000
620.960000 -114.230000 935.970000 501.950000
-368.250000 996.650000 -753.900000 618.170000
690.100000 -302.060000 17.110000 -366.440000
240.420000 352.230000 182.020000 541.970000
842.070000 -95.950000 -937.930000 974.590000
-503.630000 967.430000 -334.130000 801.170000
93.940000 -584.300000 577.710000 492.220000
228.280000 403.560000 -465.450000 24.700000
-228.890000 -607.070000 313.290000 -166.540000
44.890000 -19.660000 -23.530000 969.740000
-552.190000 -545.740000 -775.540000 -65.940000
-734.530000 -794.160000 -273.330000 -963.680000
-763.150000 200.460000 -715.040000 30.310000
-289.060000 974.940000 -493.300000 676.820000
456.950000 -870.570000 -728.920000 251.960000
197.680000 -19.040000 419.220000 -25.630000
679.980000 -272.310000 -73.080000 721.000000
-464.120000 -68.660000 -328.410000 165.490000
-506.800000 -132.650000 -575.830000 -518.710000
-609.510000 -758.550000 431.280000 202.260000
-417.170000 -746.160000 -414.730000 219.730000
271.010000 -350.940000 141.420000 -482.210000
-464.870000 118.540000 -760.490000 494.050000
-967.820000 -782.790000 -61.900000 731.140000
665.430000 -173.110000 -6.480000 594.000000
-596.470000 902.110000 -530.350000 -801.480000
751.480000 98.860000 450.940000 150.900000
-353.880000 40.780000 879.270000 560.950000
872.740000 226.320000 232.490000 228.020000
-533.740000 815.630000 -178.510000 -588.190000
-731.410000 -144.920000 -775.080000 -645.130000
-51.590000 -944.340000 994.370000 254.920000
779.330000 826.900000 -412.080000 -953.760000
-776.870000 -450.090000 -471.330000 579.650000
725.580000 653.650000 -50.990000 -593.380000
573.940000 -12.690000 866.810000 483.070000
752.400000 -588.670000 693.070000 -325.570000
-52.900000 486.320000 723.610000 986.670000
-106.110000 353.660000 -719.560000 196.260000
-640.220000 -199.070000 -698.980000 -952.910000
-689.280000 -900.750000 516.770000 765.150000
529.000000 -380.320000 875.540000 393.690000
-664.550000 -522.560000 -837.160000 752.970000
32.140000 629.980000 -175.780000 -985.700000
-441.990000 -317.540000 -513.840000 -912.960000
847.980000 886.580000 5.890000 -18.960000
-518.620000 916.330000 552.400000 -27.570000
770.280000 -803.100000 140.740000 -841.760000
-735.150000 847.100000 127.340000 -425.530000
313.200000 -315.060000 -122.080000 32.090000
-900.920000 -636.400000 541.720000 -525.760000
-43.370000 -82.330000 163.620000 483.760000
392.060000 -452.570000 161.340000 984.660000
447.440000 821.000000 88.110000 -513.310000
974.200000 101.100000 -602.940000 311.760000
353.260000 151.000000 740.900000 -554.530000
847.140000 -891.600000 -795.010000 -682.040000
-181.280000 302.290000 694.720000 359.490000
-449.680000 -290.820000 251.820000 633.710000
111.430000 -249.390000 -4.710000 949.130000
-689.210000 290.420000 244.120000 360.170000
-441.100000 244.910000 195.860000 -39.500000
-946.790000 186.570000 816.180000 407.010000
652.320000 54.370000 -114.280000 147.200000
747.090000 -38.070000 230.050000 -982.790000
-540.480000 539.070000 376.650000 640.020000
369.960000 -444.950000 -490.520000 749.890000
-493.850000 286.470000 599.500000 -247.060000
322.570000 -61.750000 347.660000 638.650000
-373.930000 251.580000 761.590000 58.570000
-697.160000 -115.700000 453.130000 -964.840000
34.770000 -582.120000 -451.650000 999.600000
974.970000 445.250000 -753.890000 321.850000
-576.000000 -995.270000 627.750000 813.890000
518.240000 812.920000 -286.980000 -662.340000
684.290000 618.650000 915.340000 971.030000
276.760000 999.520000 -746.060000 763.720000
-530.830000 211.430000 -273.850000 797.320000
-910.130000 599.490000 56.220000 148.050000
-106.040000 802.460000 -656.500000 -988.270000
-913.950000 -223.950000 327.130000 241.050000
-702.880000 -810.980000 559.700000 78.530000
-568.900000 -140.700000 90.230000 75.630000
757.600000 -720.740000 -750.100000 985.410000
-73.430000 -232.330000 296.530000 475.590000
-782.960000 -604.630000 -141.840000 -595.850000
-766.330000 -872.680000 345.750000 877.910000
313.070000 -866.590000 672.430000 656.470000
-919.960000 -186.340000 -41.480000 456.410000
363.700000 -703.860000 -689.660000 -717.580000
753.840000 -393.060000 -437.200000 -76.130000
687.910000 -233.710000 -60.290000 -488.350000
555.710000 -36.080000 962.870000 329.950000
828.730000 -959.210000 867.640000 -88.110000
-649.860000 835.580000 -368.160000 793.970000
497.120000 -820.830000 -572.600000 -936.980000
205.320000 960.900000 -82.990000 -924.220000
927.180000 354.690000 932.330000 -912.430000
-24.220000 576.120000 -414.000000 944.480000
837.790000 -94.320000 -155.030000 776.990000
-811.570000 -245.970000 882.350000 912.280000
-447.950000 -335.360000 -522.180000 521.950000
-702.630000 49.500000 556.320000 973.040000
-626.550000 326.380000 -596.480000 -357.140000
218.580000 -475.280000 366.150000 497.410000
359.960000 -540.880000 -247.290000 -255.230000
76.440000 -886.810000 608.650000 859.610000
-439.920000 -149.430000 704.070000 -424.720000
-849.120000 750.190000 -45.550000 -109.830000
-526.780000 960.410000 -997.740000 315.050000
-57.870000 901.250000 970.790000 -564.630000
-684.260000 -275.970000 -677.910000 152.490000
-413.610000 427.840000 -885.010000 -696.140000
-288.150000 682.150000 -68.430000 258.700000
706.640000 658.780000 197.570000 -319.780000
-657.730000 435.050000 -866.400000 476.040000
29.040000 980.880000 -490.370000 -653.070000
797.400000 264.470000 -63.400000 -818.880000
625.730000 826.790000 319.970000 -848.290000
935.710000 -843.720000 -620.220000 -12.970000
-825.370000 -156.060000 244.190000 386.230000
-574.730000 -984.890000 383.320000 920.400000
736.770000 96.910000 379.360000 -824.450000
661.920000 633.460000 -146.970000 928.480000
-565.010000 -393.090000 -136.270000 211.450000
257.040000 -108.120000 260.830000 -570.910000
714.860000 249.370000 185.390000 -452.870000
-391.930000 -404.230000 896.030000 -353.200000
-140.390000 -220.300000 643.090000 97.800000
814.940000 435.070000 -606.120000 776.410000
-845.470000 -661.910000 877.920000 223.670000
-109.780000 -675.480000 328.280000 120.120000
-48.420000 -660.620000 991.200000 -882.140000
-557.390000 647.900000 -460.780000 -13.880000
524.520000 -760.480000 5.140000 307.760000
-496.650000 676.440000 116.090000 342.580000
955.540000 416.060000 83.220000 643.480000
-257.250000 -578.180000 322.730000 -646.660000
330.810000 20.790000 562.700000 91.410000
582.730000 -351.940000 647.810000 -838.890000
-836.180000 -173.050000 134.340000 -151.470000
975.430000 -596.410000 126.200000 -511.640000
108.300000 -586.480000 -483.170000 -117.100000
863.490000 -573.710000 933.820000 -941.740000
771.950000 -723.920000 452.620000 46.000000
817.330000 846.460000 -221.740000 112.690000
-663.060000 -171.340000 -582.020000 177.480000
554.090000 895.240000 15.530000 -528.000000
-841.330000 -399.220000 131.220000 -738.130000
372.880000 547.740000 -509.180000 784.950000
160.240000 -731.260000 831.600000 -950.840000
821.030000 -800.100000 496.580000 -847.090000
296.450000 974.890000 -19.490000 -556.160000
358.610000 -15.680000 168.330000 429.120000
349.910000 -348.170000 -246.110000 754.490000
443.990000 -495.930000 -804.750000 788.380000
-970.070000 742.700000 -504.400000 683.020000
-13.390000 -160.880000 -623.040000 371.010000
-36.760000 -562.020000 110.340000 -174.400000
193.930000 -242.400000 358.730000 621.950000
-520.570000 60.680000 932.350000 -254.810000
649.960000 -365.960000 -685.800000 -257.210000
677.120000 816.560000 -606.460000 465.320000
713.930000 -748.390000 -679.480000 -128.920000
933.150000 -413.610000 -920.300000 -790.770000
-312.900000 468.370000 -714.810000 -498.530000
-630.170000 -327.760000 877.570000 -552.480000
-87.200000 991.490000 -11.380000 923.470000
557.230000 985.670000 -204.770000 -444.380000
382.550000 -113.090000 690.200000 187.180000
-75.370000 -332.010000 942.880000 588.420000
484.250000 923.020000 681.840000 732.600000
418.220000 693.940000 -757.660000 -558.450000
621.980000 -677.550000 -837.010000 61.910000
-111.230000 794.610000 -937.160000 991.140000
977.310000 -505.640000 915.450000 460.830000
251.580000 -45.600000 -569.130000 -183.720000
-329.300000 513.240000 -178.470000 -837.830000
285.570000 -438.500000 168.790000 -583.490000
-681.620000 37.670000 -145.270000 -416.880000
8.020000 -928.560000 902.070000 -386.510000
-222.360000 -644.930000 -172.330000 -933.120000
828.980000 218.110000 -721.480000 -912.050000
915.930000 -158.670000 915.500000 740.550000
-119.610000 -315.710000 -569.250000 -859.330000
-241.290000 387.910000 244.010000 -597.240000
-941.170000 558.680000 537.060000 807.220000
-272.150000 149.560000 -467.610000 -90.540000
231.090000 132.380000 122.530000 -330.190000
384.240000 411.220000 449.820000 280.010000
-216.740000 802.530000 -671.690000 -278.730000
-180.080000 -672.540000 -789.800000 -242.280000
100.250000 89.550000 2.280000 71.900000
52.560000 -869.360000 194.880000 -675.480000
-693.160000 262.730000 -651.680000 898.060000
878.460000 686.710000 100.170000 -499.370000
-639.340000 618.030000 956.860000 922.660000
2.360000 997.850000 -913.880000 -204.540000
-643.130000 -198.850000 -389.110000 973.270000
-71.260000 297.670000 -587.780000 700.650000
831.190000 752.880000 -353.670000 489.310000
-158.380000 439.900000 60.360000 -50.770000
622.300000 -937.190000 630.990000 219.430000
247.820000 -613.850000 617.640000 -530.220000
529.580000 -415.640000 440.760000 -18.140000
-607.590000 -716.240000 735.190000 177.740000
900.740000 -280.450000 156.270000 683.350000
-693.820000 -234.880000 -0.590000 -275.360000
881.180000 66.780000 735.880000 -990.050000
-829.610000 934.560000 -792.410000 137.890000
-424.940000 -921.520000 709.980000 -193.010000
-845.540000 31.990000 991.720000 546.870000
-365.030000 460.780000 -296.800000 73.780000
241.230000 33.750000 229.600000 -420.900000
813.500000 972.730000 -773.760000 -884.460000
957.760000 -574.400000 273.690000 -441.510000
713.610000 -970.730000 76.260000 -774.830000
601.520000 179.290000 273.920000 523.330000
199.910000 -33.060000 841.070000 850.190000
530.980000 785.190000 409.790000 -604.550000
638.990000 598.030000 -876.400000 309.750000
-918.900000 516.360000 695.520000 583.550000
391.800000 351.180000 -8.650000 -386.910000
276.880000 -639.510000 250.000000 -347.510000
-207.990000 769.650000 -755.440000 699.690000
30.680000 553.680000 919.760000 805.130000
-251.640000 -770.240000 -97.080000 -736.710000
399.360000 303.100000 -56.330000 -501.680000
797.800000 -203.800000 318.070000 409.810000
514.120000 -334.220000 -347.490000 680.710000
533.330000 716.000000 256.460000 -478.090000
-120.250000 -178.200000 690.880000 97.680000
-649.700000 429.420000 -622.240000 -131.900000
-872.150000 -613.870000 -477.850000 -893.160000
97.140000 -25.290000 -445.040000 307.240000
849.570000 799.840000 -1.570000 14.220000
59.580000 -598.270000 410.010000 581.480000
-178.680000 -316.890000 678.290000 -4.800000
-636.500000 -614.820000 794.890000 -45.560000
282.470000 526.480000 -14.970000 -566.300000
-772.270000 -207.260000 741.970000 -211.170000
678.920000 806.310000 -490.450000 -625.650000
-929.780000 -600.000000 -860.740000 -19.490000
573.760000 527.030000 808.290000 -910.050000
-672.670000 492.610000 499.430000 408.040000
-964.370000 21.780000 -140.660000 -564.890000
850.210000 -364.820000 -145.910000 459.760000
-334.650000 -152.600000 -284.260000 -947.210000
829.940000 -718.460000 374.650000 -591.930000
-966.570000 -111.350000 381.730000 868.760000
-642.850000 -113.000000 -447.850000 912.920000
368.790000 155.920000 -427.260000 -363.450000
160.050000 744.150000 -882.790000 300.970000
-210.140000 -218.770000 -223.010000 -80.260000
875.010000 -615.340000 -949.970000 811.690000
-58.400000 -297.750000 -96.010000 527.690000
884.960000 -633.460000 669.210000 81.250000
-406.140000 -649.450000 -940.760000 -755.710000
991.260000 778.310000 923.040000 -51.170000
-577.130000 624.270000 -284.490000 -520.590000
-858.920000 -809.070000 -913.450000 -550.590000
-851.350000 86.430000 -54.460000 -287.850000
642.160000 616.180000 990.330000 390.770000
543.920000 -614.980000 -584.330000 508.440000
-888.200000 -950.160000 -170.080000 954.460000
623.620000 -568.210000 -939.760000 411.680000
946.780000 157.910000 -590.180000 773.420000
270.490000 -367.860000 433.830000 559.720000
123.790000 219.350000 -45.330000 174.250000
-476.160000 189.350000 554.400000 840.250000
67.440000 813.560000 883.630000 -517.810000
-752.440000 824.780000 -918.190000 -612.980000
-618.060000 -339.730000 733.910000 711.160000
330.030000 -474.520000 -921.190000 -791.060000
-750.200000 836.360000 -556.330000 -784.110000
-194.520000 -274.660000 -631.380000 870.420000
-581.510000 868.620000 658.530000 -42.810000
931.190000 -370.360000 -71.420000 -978.830000
719.840000 -659.600000 -732.250000 886.840000
-564.170000 -88.800000 305.200000 370.740000
-162.880000 -714.140000 -520.810000 -78.340000
-21.100000 -819.190000 228.320000 -266.670000
-735.840000 802.610000 -15.650000 153.880000
-483.430000 235.270000 -664.900000 -744.120000
833.220000 -549.640000 -570.700000 314.100000
-352.780000 -383.640000 -598.370000 -79.100000
303.940000 -521.330000 724.400000 188.850000
-849.520000 -476.560000 619.000000 780.700000
910.650000 671.350000 -808.140000 -305.320000
-381.450000 -70.670000 663.660000 -219.810000
95.390000 293.550000 67.310000 770.390000
-634.300000 327.840000 -120.960000 969.950000
-505.730000 -968.130000 -761.320000 434.910000
355.520000 947.040000 26.430000 -926.250000
688.850000 466.230000 844.950000 882.670000
61.640000 943.830000 279.910000 -14.140000
169.500000 -918.130000 369.410000 -943.360000
345.660000 981.200000 342.390000 717.720000
375.360000 -815.900000 111.830000 -203.200000
-921.000000 413.550000 187.630000 986.580000
-277.430000 407.260000 -673.830000 51.830000
715.450000 317.210000 162.830000 652.340000
-346.830000 -110.750000 681.470000 258.260000
-146.380000 -201.690000 562.070000 -21.690000
-566.010000 49.170000 168.820000 -829.450000
852.370000 -132.710000 304.060000 -739.210000
-282.590000 561.620000 -771.820000 -504.620000
997.880000 -960.210000 -400.140000 541.650000
-280.680000 279.730000 911.440000 906.410000
-869.040000 -417.810000 363.600000 898.810000
-160.860000 -775.400000 -991.840000 973.800000
540.590000 436.000000 737.710000 839.010000
-672.830000 -649.900000 -134.810000 -874.210000
-415.170000 106.590000 596.200000 -987.830000
239.360000 -709.170000 969.470000 302.310000
985.270000 326.230000 644.920000 -143.130000
-795.800000 652.210000 626.020000 -981.120000
-711.730000 -582.140000 878.770000 947.200000
462.900000 -730.130000 972.290000 -74.680000
-890.270000 653.580000 987.490000 -639.090000
-957.670000 -690.730000 90.220000 554.550000
-864.320000 -409.830000 -556.440000 -480.590000
-535.630000 -459.580000 863.930000 -479.000000
847.370000 920.960000 -600.250000 234.660000
-568.750000 449.270000 -544.400000 -762.220000
868.560000 -659.350000 -44.050000 162.900000
-407.310000 704.650000 -764.260000 -467.380000
881.970000 40.840000 87.500000 -917.610000
131.000000 -35.620000 -128.870000 -483.180000
-660.710000 -491.070000 -354.960000 -368.260000
-527.890000 -278.740000 262.250000 595.150000
-80.920000 146.650000 -684.760000 735.170000
-731.730000 664.520000 456.810000 -252.870000
523.950000 484.660000 864.480000 406.460000
427.610000 479.870000 -908.520000 867.810000
976.200000 542.920000 -568.100000 -89.490000
-361.280000 -147.640000 -567.970000 -573.240000
-959.760000 985.780000 -969.990000 -18.030000
11.000000 -294.810000 -571.860000 -417.450000
23.450000 -484.450000 585.210000 -539.110000
-894.630000 720.620000 -722.420000 465.600000
926.780000 859.380000 241.500000 -770.450000
940.580000 -171.040000 -77.420000 -941.270000
9.590000 616.710000 685.870000 -152.560000
827.810000 -505.290000 -667.480000 -931.870000
241.290000 -141.100000 -16.620000 492.160000
-168.250000 -922.360000 746.220000 863.540000
-475.240000 552.830000 34.210000 550.460000
-299.270000 -976.360000 -425.600000 291.760000
383.380000 988.720000 297.660000 -248.830000
472.720000 -127.870000 366.610000 523.650000
-514.290000 412.650000 -302.570000 -500.840000
-234.840000 -606.170000 -174.720000 -850.600000
591.180000 978.770000 -432.240000 -404.290000
-591.990000 -932.760000 -530.180000 661.130000
23.720000 -378.820000 773.420000 810.100000
-501.560000 -239.710000 -194.170000 930.440000
-796.830000 704.270000 -915.570000 -410.610000
557.130000 715.120000 879.760000 371.210000
-111.150000 -487.700000 -86.080000 -968.850000
-462.740000 -664.090000 -368.240000 300.510000
-551.300000 647.980000 -965.260000 -957.310000
499.220000 681.720000 -666.090000 149.340000
-446.610000 -969.860000 -887.560000 -194.480000
-580.360000 126.670000 685.410000 731.300000
-998.130000 -846.280000 -816.220000 -588.780000
65.670000 -189.860000 337.250000 -353.620000
-324.790000 512.590000 -81.290000 -754.700000
-242.450000 -25.080000 -924.350000 272.430000
333.860000 650.860000 877.850000 950.630000
-124.840000 -207.700000 606.370000 616.810000
962.670000 902.940000 908.780000 -241.880000
757.340000 736.120000 287.980000 138.350000
336.400000 267.440000 -233.980000 311.590000
-545.080000 -334.600000 -317.580000 -721.970000
-637.640000 -884.530000 -711.560000 334.340000
-223.230000 -92.830000 41.540000 380.050000
34.140000 -691.880000 758.490000 467.670000
-579.670000 -497.730000 -154.000000 -654.260000
-574.500000 -690.140000 -224.120000 -966.040000
-337.280000 -988.830000 -944.550000 367.210000
-320.650000 880.500000 792.020000 -854.790000
-267.880000 34.920000 467.620000 -260.600000
134.480000 -553.850000 751.900000 -515.570000
708.870000 15.510000 -432.720000 -988.980000
730.180000 -118.360000 -628.040000 663.860000
-966.400000 541.450000 -698.640000 -299.310000
-691.670000 -759.660000 405.070000 544.480000
182.330000 81.530000 -625.750000 197.410000
-491.390000 927.980000 -185.220000 846.730000
666.500000 -24.120000 -985.560000 -314.420000
-534.540000 435.230000 910.550000 -613.110000
140.670000 861.550000 -428.800000 -204.110000
999.560000 591.460000 57.330000 619.300000
-612.110000 -349.580000 -296.540000 -932.250000
-19.470000 -795.700000 -642.490000 729.080000
-11.020000 357.530000 -456.400000 -719.330000
-607.830000 -355.350000 895.380000 -938.030000
709.680000 232.520000 896.640000 -419.510000
-933.110000 94.510000 411.570000 -44.160000
-67.740000 574.280000 -332.250000 -957.690000
334.600000 378.560000 696.770000 152.740000
349.560000 -56.590000 812.090000 -579.040000
321.530000 772.030000 -938.490000 -523.330000
-576.570000 193.430000 -850.370000 76.820000
224.970000 -351.390000 -819.010000 -514.710000
237.950000 480.940000 684.240000 -421.180000
139.240000 -417.630000 -291.040000 186.080000
910.150000 56.570000 -435.600000 -34.640000
909.790000 968.650000 301.020000 215.560000
876.460000 -629.540000 -697.140000 -763.830000
539.530000 48.020000 -577.520000 358.480000
718.680000 154.930000 -757.480000 -957.040000
567.320000 -222.650000 597.700000 -566.900000
-612.200000 -400.490000 689.800000 -748.180000
-120.290000 861.520000 -376.020000 -861.030000
13.360000 -611.660000 753.200000 4.330000
-675.240000 -900.500000 754.410000 219.830000
259.720000 497.910000 931.140000 -697.270000
-908.860000 510.670000 112.370000 262.240000
-776.230000 143.960000 228.370000 651.960000
249.890000 -746.210000 -942.760000 -602.120000
-738.960000 558.180000 -84.210000 -395.830000
99.040000 -780.350000 885.660000 221.420000
507.420000 -882.210000 -807.460000 -593.930000
466.170000 -535.880000 -664.200000 -655.670000
472.900000 -499.980000 201.970000 357.320000
893.360000 -517.790000 -834.280000 269.150000
22.970000 -953.370000 -452.100000 -252.090000
-445.250000 243.640000 690.810000 608.420000
-150.430000 -85.090000 416.140000 91.980000
-67.880000 -786.290000 -144.810000 -920.100000
538.330000 988.080000 804.740000 -552.530000
-528.280000 281.360000 -323.020000 -742.300000
618.920000 326.060000 -199.400000 804.260000
-442.390000 367.880000 124.800000 -718.310000
238.450000 321.890000 625.130000 -74.930000
-90.650000 -511.310000 533.080000 -45.000000
333.600000 7.640000 978.010000 -111.190000
57.310000 306.350000 -573.960000 -178.710000
447.520000 719.690000 -933.820000 -536.430000
-313.630000 -815.470000 -960.300000 -442.630000
500.130000 973.380000 500.560000 234.070000
473.160000 667.770000 -932.290000 989.210000
-254.640000 986.750000 -340.900000 -454.270000
-574.050000 -995.570000 156.660000 695.500000
418.660000 369.450000 -999.600000 507.480000
-938.030000 313.010000 -18.480000 -81.520000
-939.510000 238.920000 -197.640000 -763.400000
-835.570000 -204.940000 -614.620000 520.980000
-296.460000 -375.020000 316.110000 491.930000
546.470000 757.300000 728.430000 -282.780000
986.800000 84.760000 402.370000 705.100000
-116.800000 43.950000 310.730000 19.620000
-289.120000 -519.060000 -642.300000 -420.110000
-827.840000 15.070000 -596.660000 -561.760000
-733.610000 -716.910000 176.020000 -485.630000
961.910000 391.430000 -151.820000 -839.610000
396.920000 583.410000 -402.880000 705.090000
-362.090000 -701.360000 992.510000 -718.290000
-263.470000 -942.520000 -437.230000 53.910000
-419.280000 100.990000 -768.130000 -56.240000
672.920000 -393.620000 190.490000 -327.480000
637.340000 521.390000 393.720000 657.810000
566.090000 -21.330000 -94.330000 -129.720000
-597.070000 482.460000 392.310000 103.280000
-285.540000 -858.940000 529.150000 -583.860000
-46.380000 909.220000 195.780000 -917.920000
526.070000 190.300000 422.680000 42.330000
-643.260000 -579.110000 -65.520000 144.870000
-299.780000 667.330000 -601.000000 -806.240000
826.270000 251.920000 -411.180000 -442.610000
-602.930000 451.130000 676.210000 615.190000
-718.500000 841.200000 867.620000 327.470000
-307.430000 -827.680000 236.990000 -952.380000
-280.510000 -275.120000 501.080000 567.750000
-633.820000 -448.560000 -492.510000 -301.640000
-37.200000 693.430000 52.280000 968.920000
77.560000 489.020000 891.880000 -187.460000
-343.580000 653.470000 -950.930000 659.300000
-896.360000 -931.750000 -479.050000 528.610000
97.000000 603.470000 420.810000 -891.520000
-657.110000 308.770000 21.940000 935.570000
994.900000 365.020000 -543.330000 -150.370000
665.610000 -277.800000 833.280000 740.840000
205.290000 757.930000 43.170000 -985.370000
633.580000 803.800000 -401.070000 -296.730000
787.730000 278.900000 -794.870000 -243.210000
-337.810000 -909.040000 644.850000 612.820000
156.150000 341.220000 446.240000 -298.070000
683.180000 983.060000 165.510000 -431.460000
478.220000 273.560000 760.210000 -734.630000
585.420000 -859.460000 -765.200000 -657.900000
379.550000 -92.650000 719.040000 -398.710000
660.130000 835.780000 -686.610000 692.340000
530.030000 -190.790000 -900.330000 -595.120000
542.700000 -147.260000 401.280000 -275.860000
-786.730000 -997.650000 -169.930000 -963.630000
829.820000 689.050000 871.210000 115.830000
-54.980000 -649.990000 -343.870000 -887.530000
-653.490000 -161.510000 -778.440000 -243.440000
395.990000 -257.830000 -309.010000 304.420000
-414.550000 202.660000 821.280000 -432.320000
-692.570000 -663.160000 260.580000 91.460000
79.830000 -256.400000 -502.410000 811.880000
-676.420000 -535.190000 551.960000 -298.820000
977.570000 105.000000 836.510000 -18.810000
-284.780000 -412.350000 -283.880000 986.920000
999.330000 823.730000 28.160000 -124.450000
-677.620000 -558.950000 -199.410000 853.540000
399.710000 857.640000 -60.650000 -352.400000
209.230000 455.070000 -886.480000 -346.980000
-907.170000 -582.510000 343.190000 -271.220000
374.500000 -53.930000 358.730000 -763.110000
738.330000 235.730000 -2.740000 793.730000
-706.130000 -743.080000 835.960000 642.710000
493.820000 -846.690000 -838.910000 627.060000
344.000000 -640.200000 155.690000 179.440000
920.710000 619.880000 76.360000 -727.160000
-321.850000 307.380000 239.140000 -541.150000
484.590000 761.160000 221.990000 832.560000
787.090000 316.100000 -99.360000 340.000000
248.020000 345.270000 533.610000 233.310000
-542.110000 -43.220000 920.000000 900.090000
610.740000 -546.580000 683.700000 233.180000
217.670000 -990.840000 774.340000 157.610000
-592.690000 -965.930000 -618.150000 487.130000
-955.140000 638.870000 -504.050000 117.940000
-543.770000 -75.520000 -257.530000 -130.000000
-863.690000 -772.210000 37.840000 -55.610000
-333.010000 -591.860000 -16.900000 709.590000
-495.090000 939.920000 622.010000 195.480000
926.920000 923.930000 734.310000 841.420000
17.980000 283.600000 856.940000 314.700000
467.890000 -403.640000 -530.730000 -467.480000
-620.510000 -141.310000 -59.480000 932.110000
638.710000 -476.080000 254.560000 850.980000
648.090000 709.160000 -586.620000 -461.380000
-685.890000 -691.170000 -368.340000 -738.750000
-407.850000 522.040000 -288.890000 -342.560000
354.100000 225.390000 47.710000 -313.740000
-800.420000 -652.520000 341.540000 -578.350000
-205.020000 852.550000 -728.700000 651.390000
791.200000 -343.390000 -39.890000 -776.230000
919.520000 948.040000 -701.420000 -804.760000
-451.790000 -986.630000 -751.560000 747.180000
229.490000 -811.640000 -422.140000 -620.010000
-668.640000 -682.280000 882.840000 293.030000
46.750000 328.910000 639.100000 856.340000
-801.310000 -982.640000 -0.850000 -966.340000
605.210000 772.150000 929.030000 -552.110000
-524.640000 -812.030000 -33.320000 665.280000
900.870000 805.500000 453.070000 355.970000
190.440000 564.270000 -518.620000 201.410000
-271.560000 -184.150000 609.160000 657.510000
824.920000 -711.710000 -376.550000 -366.450000
984.420000 633.310000 890.320000 87.390000
-268.340000 444.960000 -552.500000 704.470000
884.420000 451.340000 190.410000 -782.450000
-223.770000 823.900000 465.580000 283.340000
364.870000 938.870000 28.780000 -880.330000
-962.020000 -145.640000 644.400000 -823.570000
418.880000 382.920000 -8.490000 984.690000
-707.580000 -421.970000 -351.130000 750.040000
813.370000 851.930000 658.080000 905.740000
-303.040000 -177.190000 387.230000 561.020000
819.340000 -516.660000 -211.170000 -157.630000
-483.550000 -415.860000 -788.720000 524.330000
344.350000 149.240000 620.360000 -1.700000
-645.640000 425.530000 360.940000 -340.340000
0.330000 387.640000 -125.690000 -399.460000
951.930000 248.420000 282.140000 -682.410000
-31.910000 -188.350000 423.060000 -837.150000
-635.630000 -360.240000 867.830000 846.240000
-693.340000 -850.070000 216.660000 -844.230000
-639.760000 191.820000 -361.590000 287.400000
-989.490000 -760.760000 431.900000 812.630000
807.210000 -223.850000 -245.550000 341.780000
680.720000 610.720000 101.800000 158.480000
382.210000 -416.570000 628.120000 732.350000
712.590000 904.680000 560.760000 -526.660000
-215.380000 -817.610000 92.970000 516.290000
-248.960000 -404.210000 -993.410000 900.920000
-73.110000 258.030000 948.590000 196.620000
757.930000 672.910000 569.960000 151.350000
824.570000 -989.550000 183.710000 161.200000
212.520000 -464.460000 -830.450000 796.890000
93.910000 940.520000 -498.670000 573.960000
-867.920000 -512.600000 -709.880000 23.170000
-651.970000 -932.100000 -695.700000 -65.180000
243.610000 554.260000 -461.770000 833.090000
-125.870000 -307.720000 733.530000 998.280000
-589.400000 -358.670000 -141.120000 -43.830000
706.480000 642.280000 61.680000 -232.110000
75.620000 125.740000 839.560000 638.120000
-771.190000 -779.430000 44.150000 -466.580000
-808.230000 780.890000 822.350000 -451.140000
-759.070000 269.120000 238.430000 514.470000
185.460000 248.590000 389.450000 -433.280000
147.140000 466.240000 -948.670000 -483.040000
-404.030000 -104.950000 -12.370000 -487.130000
950.940000 148.320000 400.550000 -754.480000
-16.880000 -396.000000 762.630000 -510.800000
-284.700000 -227.030000 -83.480000 -970.060000
406.130000 243.240000 446.190000 240.660000
-542.900000 591.270000 661.360000 401.270000
-357.730000 521.830000 -824.290000 -539.170000
-126.140000 -43.080000 -197.240000 -126.720000
462.150000 516.160000 -111.960000 -529.060000
196.540000 -588.920000 -698.920000 488.660000
-649.140000 646.480000 741.470000 -689.980000
-61.440000 -240.520000 585.330000 -811.370000
305.400000 -929.560000 -309.370000 -929.950000
-679.100000 -509.050000 -976.990000 853.130000
914.170000 -590.320000 751.860000 77.170000
-534.530000 -47.730000 56.370000 -725.050000
-453.030000 815.360000 626.280000 631.180000
-911.920000 -272.800000 -147.240000 -632.800000
-668.410000 593.050000 -340.100000 -789.560000
-103.100000 37.240000 -330.440000 -477.300000
231.760000 -19.340000 -970.120000 988.300000
147.590000 -803.180000 -308.870000 -660.250000
941.070000 149.910000 -358.580000 402.820000
-579.520000 183.360000 -69.290000 124.500000
-799.520000 100.210000 73.330000 -235.510000
-735.940000 -640.110000 743.290000 820.300000
73.700000 -937.730000 -149.750000 682.150000
495.030000 283.860000 -707.810000 752.480000
902.660000 -748.100000 284.730000 722.380000
124.060000 794.500000 -927.180000 448.430000
-52.930000 -907.560000 -362.190000 -111.170000
-911.050000 171.960000 -468.820000 735.440000
476.800000 45.450000 705.700000 -787.160000
-244.880000 -473.420000 640.850000 466.950000
767.920000 -244.790000 -717.030000 685.840000
-909.050000 -661.970000 602.120000 535.580000
-100.060000 242.140000 64.050000 340.720000
-943.130000 847.750000 -182.940000 25.260000
60.680000 544.720000 -223.430000 207.340000
-273.480000 466.730000 -383.990000 -288.230000
618.930000 -917.250000 -471.740000 -638.840000
764.600000 958.920000 -914.680000 -689.550000
763.080000 -97.340000 618.960000 -216.150000
-356.920000 -487.740000 657.940000 707.170000
-550.310000 192.050000 907.470000 545.240000
-385.880000 -211.130000 593.860000 -544.800000
-911.690000 652.970000 -120.720000 600.190000
-49.950000 -453.240000 772.700000 793.590000
962.810000 351.850000 206.990000 -925.630000
290.520000 427.680000 -246.480000 -467.980000
-913.460000 -334.090000 624.000000 -265.360000
-927.170000 -881.850000 869.440000 156.080000
-801.510000 372.410000 482.240000 -747.540000
839.030000 -197.800000 344.460000 -794.640000
998.290000 543.130000 420.570000 -385.770000
963.970000 -265.290000 714.950000 759.230000
-642.590000 687.050000 389.480000 498.550000
-19.390000 841.240000 187.750000 808.760000
367.350000 -545.680000 772.120000 0.650000
-659.360000 -453.950000 427.060000 463.080000
356.630000 -282.250000 688.310000 643.990000
141.610000 -737.160000 -182.390000 764.760000
-695.320000 -657.970000 -457.770000 296.720000
214.380000 666.580000 -455.480000 63.840000
-317.780000 965.590000 501.260000 236.080000
897.500000 497.420000 113.080000 -776.470000
-744.060000 173.540000 -300.550000 683.120000
94.330000 -798.640000 -357.160000 -422.750000
-973.560000 -311.880000 283.980000 -532.540000
608.290000 792.290000 843.460000 -862.060000
261.800000 -110.080000 869.220000 -585.080000
553.100000 397.640000 636.680000 -555.660000
506.410000 466.240000 -541.980000 163.690000
537.640000 428.720000 -339.620000 -163.400000
-962.560000 243.360000 718.550000 -406.480000
-796.030000 964.930000 -332.910000 -283.050000
-544.640000 -55.380000 -659.970000 -263.820000
236.110000 413.280000 -595.630000 -581.830000
-528.210000 42.250000 -186.690000 434.530000
140.940000 -167.460000 -340.080000 -734.720000
888.090000 -578.000000 459.110000 426.700000
-29.610000 -753.310000 724.660000 -498.370000
-212.860000 768.680000 -36.940000 -357.640000
207.390000 -958.050000 -133.390000 61.310000
999.890000 -632.310000 893.630000 -320.270000
534.880000 437.020000 -292.870000 344.910000
-707.780000 221.120000 -546.800000 -381.020000
833.410000 227.130000 214.440000 50.260000
666.930000 -221.930000 822.080000 489.540000
953.870000 926.710000 -59.160000 690.540000
-780.380000 11.670000 102.840000 -228.580000
-25.100000 627.360000 -12.580000 -615.680000
-699.400000 -913.600000 -91.880000 -489.570000
226.440000 -162.680000 474.190000 596.010000
-763.140000 -648.620000 54.830000 -611.040000
-262.520000 672.140000 -570.480000 588.340000
1.080000 664.230000 -488.800000 -348.500000
18.140000 -511.780000 267.210000 731.390000
740.710000 -590.790000 -631.560000 -525.890000
-729.340000 -826.610000 250.710000 -846.240000
210.540000 146.790000 -370.510000 -728.030000
607.170000 -227.430000 -800.240000 844.690000
-242.350000 628.830000 -411.440000 623.580000
-128.970000 -45.640000 -773.060000 -745.670000
948.230000 563.390000 -297.350000 -356.190000
330.460000 -473.830000 883.780000 735.280000
5.350000 -551.200000 -421.020000 -882.770000
138.600000 -838.210000 -554.240000 250.600000
643.380000 -644.700000 -207.990000 927.370000
-975.000000 -20.420000 -785.770000 -60.290000
966.170000 765.640000 309.410000 -88.410000
-999.390000 -254.860000 283.300000 224.140000
718.900000 -492.890000 624.550000 328.930000
-209.540000 888.900000 -109.180000 -675.800000
-568.090000 -41.600000 384.130000 -834.700000
-84.920000 -340.770000 -986.060000 -533.990000
-403.170000 -944.850000 169.690000 -964.070000
-108.550000 957.730000 -16.810000 509.450000
436.320000 -371.810000 560.480000 447.810000
551.330000 647.570000 -749.870000 -796.440000
74.170000 -148.210000 655.320000 -268.400000
886.400000 941.660000 -701.780000 -60.270000
520.870000 967.040000 265.580000 169.180000
40.580000 65.440000 -398.960000 469.790000
-715.240000 -699.190000 80.690000 -874.080000
-854.760000 861.970000 287.250000 -776.430000
-532.890000 -264.500000 -337.500000 128.530000
169.950000 -70.150000 -840.600000 482.530000
346.090000 -125.110000 967.050000 123.720000
191.460000 -626.350000 -904.470000 -71.190000
418.350000 -482.370000 791.450000 54.310000
-587.060000 -363.130000 -336.420000 856.340000
-944.490000 -345.050000 26.540000 351.290000
-144.620000 -540.350000 -648.130000 -527.370000
-962.750000 141.890000 186.760000 375.080000
-746.090000 245.080000 -124.120000 547.080000
501.580000 -727.050000 -861.220000 344.240000
766.950000 153.840000 48.580000 -828.220000
307.790000 -558.140000 -788.440000 989.560000
-857.660000 629.340000 -555.340000 -578.050000
-396.180000 157.970000 -354.510000 -2.900000
-134.240000 -338.540000 -54.090000 394.160000
173.790000 975.080000 961.460000 -876.370000
-706.980000 -874.470000 -932.760000 6.810000
-135.670000 -774.060000 -40.520000 -501.270000
21.230000 -362.510000 551.870000 112.880000
740.430000 247.430000 -13.950000 258.440000
538.730000 259.460000 -248.810000 263.020000
-526.800000 -842.600000 355.420000 -349.010000
207.360000 170.720000 -30.360000 -384.780000
-777.880000 165.740000 -722.680000 -808.680000
-987.010000 -970.350000 385.220000 -91.950000
717.160000 -36.590000 -306.640000 -245.790000
-50.610000 14.100000 -229.990000 287.660000
-206.550000 551.150000 460.750000 102.050000
669.830000 76.410000 -607.630000 579.790000
-590.480000 -805.720000 -663.250000 390.610000
-775.540000 -69.210000 768.170000 -673.470000
-699.130000 179.310000 539.840000 -864.730000
269.660000 -37.670000 -339.840000 -363.330000
-493.490000 -418.980000 748.980000 479.950000
873.690000 798.320000 -957.180000 -528.090000
-366.310000 101.590000 -670.570000 -803.600000
-168.470000 781.990000 -741.780000 360.120000
357.470000 646.550000 -827.070000 -257.430000
412.730000 -403.310000 -185.830000 -720.390000
743.300000 -256.430000 304.930000 457.610000
905.790000 685.100000 155.420000 496.920000
-739.680000 519.870000 67.260000 -212.740000
952.410000 542.400000 192.450000 182.530000
819.450000 -809.310000 792.340000 -771.040000
468.310000 324.000000 569.560000 -927.760000
-568.390000 496.040000 142.240000 -207.370000
-246.780000 69.190000 820.310000 101.510000
-703.020000 -644.910000 -108.590000 -942.960000
646.640000 -446.500000 7.840000 989.620000
904.960000 -675.920000 -267.940000 -544.150000
-255.710000 715.450000 653.730000 553.720000
-727.620000 -321.220000 -161.340000 431.290000
839.300000 686.020000 581.660000 639.450000
122.140000 459.150000 716.550000 -797.960000
789.010000 -192.180000 -580.930000 839.260000
857.410000 709.140000 -869.020000 901.850000
793.130000 701.480000 340.770000 -838.270000
-582.200000 252.530000 -686.320000 72.380000
413.750000 -822.620000 -748.230000 -793.370000
-346.350000 935.670000 383.450000 257.910000
-511.190000 905.740000 744.470000 898.550000
-211.530000 -894.320000 -331.710000 709.690000
-972.010000 -998.820000 382.350000 -960.090000
-661.770000 -785.200000 614.260000 -146.540000
-179.280000 395.570000 431.060000 -232.620000
192.930000 398.300000 -288.630000 915.910000
-493.740000 -179.460000 769.350000 -299.980000
91.300000 -514.980000 -509.490000 316.100000
-211.430000 34.190000 -731.820000 -79.560000
-933.720000 -974.060000 -761.260000 -747.930000
88.520000 -746.540000 -496.680000 -619.250000
-457.260000 -230.020000 620.620000 752.700000
367.410000 218.380000 -285.530000 86.250000
845.710000 517.310000 877.720000 412.980000
109.170000 -16.040000 730.510000 348.100000
682.380000 -82.460000 -167.290000 -667.210000
-628.760000 -183.400000 -169.100000 -932.910000
245.640000 -160.180000 -798.210000 262.230000
-731.920000 -100.930000 962.040000 -62.870000
-660.840000 -940.250000 -166.280000 811.160000
862.500000 -73.890000 -758.900000 646.870000
933.470000 341.160000 -671.170000 -984.160000
336.250000 -259.010000 -277.580000 -277.500000
-664.260000 360.460000 -493.300000 794.460000
-638.850000 486.070000 669.010000 694.970000
-279.280000 -535.600000 695.490000 138.240000
743.460000 -468.710000 -702.930000 709.970000
941.750000 354.280000 -832.510000 -479.840000
-845.180000 318.950000 -584.490000 -830.360000
91.200000 -798.970000 -447.590000 -232.600000
873.400000 -780.090000 122.910000 128.540000
122.080000 878.600000 203.080000 453.510000
-651.200000 -496.100000 914.870000 513.550000
968.740000 -352.180000 581.720000 -485.170000
434.500000 -352.200000 -76.240000 874.690000
523.950000 141.820000 767.870000 -838.210000
-23.330000 42.190000 -867.880000 -877.760000
-334.050000 -561.100000 -615.310000 -323.650000
393.360000 -902.060000 114.050000 329.070000
398.290000 293.130000 615.730000 -239.660000
-522.600000 -880.280000 -947.190000 -401.710000
-505.420000 -845.550000 778.780000 -352.000000
746.220000 55.190000 761.180000 -158.360000
322.200000 -774.710000 -350.560000 -480.020000
977.710000 -245.580000 -116.040000 -887.650000
890.730000 -69.610000 783.840000 279.250000
-500.610000 964.130000 -485.780000 -784.640000
-94.440000 -413.780000 -478.580000 89.110000
-811.160000 465.800000 -794.400000 -706.870000
-587.120000 515.260000 741.160000 -855.190000
943.620000 383.210000 978.300000 -501.180000
-469.830000 735.470000 445.510000 214.810000
-878.900000 -720.990000 689.440000 -646.440000
-634.800000 502.790000 942.610000 -853.630000
879.170000 427.270000 -847.500000 -131.890000
-372.500000 -920.160000 978.350000 474.080000
-815.160000 -784.860000 -339.810000 -82.540000
-23.010000 -516.830000 -864.280000 -716.880000
674.850000 620.490000 879.030000 -384.600000
-86.540000 -920.480000 -776.480000 -369.760000
61.940000 247.230000 -753.760000 -89.440000
-754.980000 -434.350000 113.330000 -416.230000
-768.840000 -719.680000 256.440000 309.700000
783.280000 852.580000 32.040000 -342.020000
-10.950000 -409.210000 -868.130000 876.410000
944.000000 223.830000 -268.170000 -208.710000
-586.770000 -814.330000 290.180000 876.190000
416.410000 -863.320000 911.340000 825.090000
-288.230000 186.240000 -503.770000 -951.410000
780.580000 294.040000 -667.430000 830.490000
878.970000 937.370000 916.090000 852.800000
-313.100000 -83.370000 739.360000 1.130000
-709.820000 207.770000 -293.680000 758.230000
113.310000 246.850000 619.640000 667.870000
155.460000 538.980000 -203.420000 -96.830000
-70.190000 -744.570000 -835.100000 -787.830000
133.190000 897.280000 462.850000 590.060000
-396.210000 -194.520000 348.710000 -381.590000
-383.260000 353.270000 -404.090000 -635.250000
-175.450000 -380.690000 725.600000 -445.920000
804.460000 380.260000 48.690000 -484.970000
-742.140000 -847.620000 -120.230000 -132.260000
65.450000 626.100000 369.730000 313.200000
486.680000 924.340000 -551.750000 -848.560000
916.420000 -6.630000 265.870000 240.410000
-707.620000 621.670000 -469.170000 -442.350000
-428.670000 -933.960000 696.560000 191.190000
-906.850000 196.190000 -226.320000 -561.510000
-114.390000 377.740000 -74.660000 -6.820000
748.730000 275.340000 -639.430000 -966.970000
915.570000 568.400000 -583.340000 -958.350000
894.420000 947.130000 547.240000 -437.460000
160.400000 528.330000 293.050000 834.640000
-944.810000 -714.770000 -955.330000 692.520000
939.100000 -280.700000 973.920000 -67.240000
706.240000 -333.920000 -230.440000 227.720000
-907.910000 -837.440000 -404.480000 -908.750000
48.820000 570.640000 -399.850000 553.550000
-495.520000 -832.760000 66.160000 -902.680000
-945.420000 -61.120000 -292.120000 657.000000
-232.170000 32.280000 45.750000 951.500000
-910.880000 345.610000 394.640000 -887.610000
142.790000 925.980000 205.990000 -50.770000
693.610000 -113.670000 -851.580000 221.110000
745.590000 -524.590000 -126.950000 -312.270000
-303.310000 -681.710000 265.210000 -196.260000
-930.430000 288.430000 772.700000 984.350000
-696.780000 902.620000 976.750000 -945.590000
-363.660000 400.590000 -470.940000 -777.020000
350.680000 -700.920000 -715.340000 -633.630000
-154.140000 995.020000 -840.560000 267.780000
594.510000 758.720000 -444.190000 -356.360000
-809.890000 974.460000 686.480000 -922.390000
588.260000 603.790000 226.580000 599.680000
333.920000 -27.310000 -437.180000 668.390000
0.890000 680.330000 103.320000 479.120000
-844.470000 -557.550000 350.890000 958.480000
155.030000 844.470000 -818.290000 747.690000
-64.720000 -574.080000 -739.810000 381.350000
-432.930000 -316.340000 -486.830000 -566.070000
-926.390000 686.810000 -411.310000 893.580000
601.920000 345.400000 509.530000 -973.970000
926.620000 -226.400000 -988.320000 433.200000
202.000000 -571.300000 352.440000 -764.900000
-909.710000 -361.590000 -459.830000 -91.230000
135.510000 -220.370000 -570.960000 591.570000
-476.040000 146.440000 -365.180000 948.680000
-792.620000 -253.970000 807.510000 427.550000
-299.300000 468.840000 454.690000 -892.750000
519.000000 -12.570000 19.440000 492.960000
86.050000 -237.030000 -214.620000 -868.730000
-664.600000 204.060000 -733.600000 420.710000
-92.750000 845.510000 8.010000 412.800000
-6.800000 840.670000 510.260000 -493.120000
-774.400000 -731.990000 -188.230000 754.370000
-368.710000 -455.820000 -979.760000 790.130000
952.220000 295.740000 343.130000 -741.000000
-28.450000 -401.070000 -255.760000 348.080000
-193.910000 140.600000 -884.230000 -78.820000
-282.680000 571.570000 -568.920000 609.230000
-493.690000 -37.750000 -361.280000 856.830000
-795.040000 -582.790000 196.250000 -826.480000
836.600000 513.820000 -625.490000 833.970000
-201.210000 767.620000 -438.420000 -656.820000
