1000
675.980000 -221.300000 -538.210000 686.600000
-630.270000 854.760000 338.390000 612.920000
191.850000 464.340000 -142.520000 -922.050000
431.280000 -323.060000 -45.170000 -838.620000
78.690000 -708.620000 37.810000 900.860000
591.900000 898.540000 248.680000 990.190000
-420.840000 -457.900000 135.100000 -152.140000
-634.770000 874.370000 -312.800000 368.920000
-454.990000 -3.450000 786.940000 -603.380000
-412.020000 -126.530000 -688.790000 291.370000
682.470000 -805.320000 842.040000 890.530000
13.500000 501.760000 -15.420000 692.990000
24.720000 -368.680000 -394.030000 211.990000
-834.910000 277.990000 -104.590000 -490.550000
461.890000 530.990000 262.220000 895.080000
266.860000 -33.250000 612.880000 -955.680000
879.120000 -994.850000 -324.010000 26.220000
717.050000 455.490000 -834.950000 706.300000
250.910000 -356.350000 379.890000 156.870000
56.530000 26.070000 351.040000 60.860000
-589.750000 -878.180000 506.040000 -767.410000
-485.230000 -578.310000 -799.030000 136.560000
-817.580000 -632.180000 306.880000 -418.800000
-373.090000 945.020000 -565.830000 -658.740000
-231.640000 747.660000 -271.770000 100.080000
-651.790000 569.140000 -170.120000 811.410000
-227.490000 -21.460000 -251.420000 307.780000
-584.860000 766.690000 -561.380000 496.040000
-705.710000 684.550000 -967.370000 -831.740000
807.950000 843.940000 -50.080000 -95.700000
810.500000 560.400000 812.070000 -735.320000
730.230000 -193.440000 414.030000 -415.980000
425.520000 -317.060000 653.490000 -166.170000
-420.420000 844.160000 963.470000 939.250000
925.240000 45.610000 -227.890000 230.410000
-845.750000 -669.630000 742.930000 -455.500000
870.880000 492.040000 -444.110000 882.640000
682.720000 -278.450000 -350.700000 962.220000
843.650000 -388.500000 -327.680000 -979.380000
-102.530000 -428.030000 161.780000 -629.660000
708.110000 768.860000 -65.620000 153.660000
-443.710000 287.250000 -16.130000 -603.690000
-427.450000 -990.450000 863.830000 -684.150000
166.750000 -915.180000 -142.330000 -898.880000
370.630000 -55.100000 67.760000 -477.020000
-33.330000 -237.070000 -247.150000 -782.660000
33.540000 205.670000 357.800000 -716.220000
214.460000 -543.860000 362.870000 -773.060000
170.130000 767.320000 -109.310000 -997.550000
-318.060000 634.960000 -380.190000 -440.880000
541.770000 547.630000 908.640000 -764.580000
-263.060000 800.830000 -723.670000 342.010000
378.440000 589.760000 -932.730000 110.600000
-916.660000 196.460000 241.370000 -851.100000
-36.600000 512.410000 -734.310000 -662.720000
837.640000 988.960000 654.310000 925.210000
-608.600000 -619.280000 478.620000 917.720000
42.530000 954.520000 -198.710000 -904.150000
428.790000 460.520000 531.670000 182.980000
286.910000 -47.670000 -526.560000 -465.000000
-244.390000 880.950000 520.120000 781.050000
816.970000 -512.420000 501.970000 -181.090000
111.770000 14.480000 -533.760000 -511.380000
-711.600000 812.460000 759.410000 -760.780000
-841.660000 550.730000 395.350000 -799.330000
-970.940000 -141.870000 191.180000 -827.110000
821.140000 732.820000 377.630000 495.420000
427.410000 733.300000 873.000000 -281.010000
735.550000 68.750000 457.240000 -524.960000
-418.640000 -156.630000 -242.820000 -839.390000
-950.650000 -69.030000 -104.830000 -583.360000
237.600000 154.910000 2.500000 -193.110000
-670.130000 -616.740000 839.020000 -657.680000
-820.230000 150.820000 -116.330000 -947.690000
-55.780000 136.290000 533.400000 -129.160000
807.530000 -928.940000 -372.400000 655.700000
-349.850000 -417.520000 -237.420000 867.340000
-739.860000 -737.020000 792.030000 -153.950000
-50.750000 134.710000 940.270000 -663.120000
182.690000 98.140000 -564.950000 934.500000
73.120000 14.670000 481.540000 -638.830000
937.480000 -245.460000 824.150000 475.850000
812.400000 131.810000 -808.880000 -197.940000
-951.760000 8.260000 -950.740000 -652.200000
-414.140000 -502.580000 993.330000 664.390000
440.760000 922.070000 -943.310000 -59.910000
308.390000 717.250000 -311.340000 443.100000
425.100000 -501.690000 -107.060000 -436.570000
583.620000 -853.320000 -301.490000 -1.500000
879.760000 748.360000 462.810000 252.840000
209.680000 -534.310000 298.490000 932.570000
-633.440000 92.280000 684.920000 -15.070000
46.250000 -795.370000 884.460000 -962.230000
733.070000 92.250000 -819.050000 -262.030000
-513.890000 969.490000 140.690000 956.190000
-234.230000 456.280000 -246.700000 -533.770000
-346.140000 -22.640000 21.070000 324.750000
556.770000 -184.460000 -455.050000 -810.310000
-817.310000 969.230000 -979.880000 -513.580000
-651.280000 786.840000 -225.480000 -697.910000
297.620000 -488.280000 -797.400000 -749.540000
-522.220000 -413.270000 -735.650000 -499.200000
-832.570000 945.860000 166.330000 894.500000
-268.230000 -641.240000 -155.970000 485.250000
-317.430000 -178.690000 -861.860000 -348.510000
-267.710000 408.390000 294.870000 -44.890000
174.890000 567.460000 702.810000 727.750000
-545.560000 823.550000 973.060000 767.080000
916.050000 -456.090000 288.730000 -608.670000
719.670000 -680.050000 -660.920000 867.680000
-765.270000 -905.820000 453.650000 366.100000
954.980000 -495.860000 -62.980000 -86.410000
-165.510000 245.000000 323.610000 -345.820000
944.090000 862.970000 686.360000 395.090000
493.740000 -594.990000 -531.350000 438.410000
40.970000 -240.040000 -241.720000 197.620000
-398.770000 -110.500000 502.580000 170.850000
158.190000 -516.870000 -163.210000 668.970000
278.800000 936.270000 -451.520000 -512.190000
-659.660000 128.360000 -600.650000 -761.920000
299.280000 -747.170000 212.470000 -80.480000
-919.940000 -108.100000 -246.030000 -313.440000
-181.370000 208.670000 -218.150000 -674.250000
284.200000 -22.440000 531.030000 -643.140000
-219.940000 836.870000 92.000000 405.880000
617.210000 660.840000 -249.320000 -286.610000
-579.110000 -248.560000 491.710000 -180.380000
991.740000 578.260000 -318.020000 -145.090000
-758.190000 -994.040000 -290.570000 940.170000
364.380000 -61.150000 378.990000 21.330000
-617.520000 -24.430000 171.110000 508.850000
-867.300000 -679.200000 -730.870000 144.480000
-664.280000 -705.230000 -583.340000 531.000000
-781.650000 789.630000 -252.700000 -853.820000
341.220000 -97.230000 354.440000 583.100000
343.310000 446.380000 -898.550000 -484.200000
-263.250000 -421.270000 -832.760000 -879.310000
202.490000 -589.590000 -541.170000 -226.580000
-391.310000 -332.830000 75.990000 -686.160000
-754.820000 -978.840000 -776.890000 -361.100000
-719.030000 868.320000 -474.990000 586.790000
608.930000 -201.430000 -918.640000 840.870000
-494.380000 931.200000 -877.020000 146.960000
518.530000 7.180000 799.690000 -59.560000
-331.670000 926.180000 -321.660000 501.530000
-165.030000 -976.680000 774.400000 -8.500000
70.990000 463.090000 -772.730000 -833.590000
-456.590000 709.410000 234.320000 -505.950000
632.990000 432.160000 440.860000 275.340000
-731.090000 -169.680000 288.430000 -651.210000
-568.540000 623.850000 -913.010000 242.870000
-387.960000 877.860000 -140.280000 -71.000000
-50.850000 505.910000 189.230000 320.620000
-120.340000 -607.500000 -490.020000 304.250000
-544.560000 -679.630000 672.000000 649.140000
196.870000 -957.310000 -106.300000 -503.440000
580.670000 -930.620000 -329.060000 -342.550000
222.730000 82.730000 -654.570000 -705.340000
-625.870000 -288.210000 519.370000 942.610000
-868.710000 307.540000 616.360000 -811.480000
465.390000 568.770000 70.730000 -204.370000
-874.990000 -833.720000 777.200000 -301.100000
659.540000 -62.230000 973.470000 -315.520000
293.990000 364.830000 646.700000 -639.540000
-453.700000 764.800000 -888.300000 219.440000
597.390000 483.920000 -428.860000 372.870000
946.790000 -913.300000 400.460000 -637.300000
101.830000 862.780000 605.220000 -907.440000
-355.010000 556.200000 -277.330000 740.800000
660.120000 -434.680000 457.290000 932.280000
338.440000 -312.990000 724.490000 -53.310000
457.840000 33.670000 168.430000 -379.360000
265.670000 737.100000 774.920000 -243.160000
-421.190000 -687.830000 -957.080000 794.430000
-356.120000 699.470000 -431.760000 352.450000
-902.030000 -832.610000 896.680000 460.980000
-961.700000 -222.710000 88.680000 -214.750000
990.020000 -117.090000 -884.750000 278.740000
-439.940000 -190.820000 -640.040000 607.680000
386.650000 -718.400000 906.930000 870.550000
-923.780000 -939.650000 208.500000 -415.220000
-804.960000 749.690000 1.070000 511.020000
502.410000 358.830000 -613.700000 550.820000
369.580000 -341.930000 -258.200000 -922.780000
39.790000 4.310000 870.540000 -701.340000
176.720000 862.930000 -578.510000 -92.380000
429.540000 -254.640000 870.970000 560.540000
-852.800000 -921.670000 -247.870000 -91.780000
430.980000 -870.500000 -12.740000 -568.010000
173.190000 -832.000000 -896.920000 448.310000
-8.700000 460.870000 -214.940000 41.690000
-237.540000 -873.660000 225.830000 129.490000
270.580000 810.900000 -171.770000 -122.500000
-377.410000 283.520000 -57.440000 284.630000
-336.730000 -288.470000 358.640000 456.740000
876.360000 -122.760000 591.420000 955.410000
-883.080000 -334.760000 468.270000 734.860000
324.910000 646.620000 102.810000 765.770000
172.480000 -600.380000 881.840000 -686.520000
711.010000 -956.420000 -518.870000 -964.750000
112.630000 658.760000 607.660000 -955.560000
674.340000 711.480000 934.160000 -521.250000
-860.760000 316.020000 -536.300000 415.190000
532.550000 -600.840000 -697.900000 547.140000
-99.210000 -620.590000 -329.770000 -597.360000
-708.260000 -644.170000 671.480000 509.030000
829.260000 981.820000 -454.500000 510.450000
323.630000 -124.990000 -235.500000 -564.820000
660.850000 -832.490000 740.990000 -764.150000
816.400000 -130.370000 -592.050000 -484.930000
983.430000 -775.140000 83.570000 -783.450000
-519.770000 145.570000 -695.270000 -6.480000
462.540000 -937.540000 -176.820000 -993.660000
172.870000 -709.120000 216.780000 471.400000
461.320000 -588.640000 55.650000 247.060000
-552.390000 590.560000 -360.430000 702.390000
-32.570000 -839.210000 858.220000 -309.150000
-619.030000 -27.950000 -164.100000 623.030000
-822.110000 535.390000 -169.770000 810.120000
-210.880000 -629.430000 -465.020000 -644.570000
-752.430000 936.440000 -32.740000 400.600000
-993.560000 206.280000 -399.620000 542.900000
-789.100000 665.680000 -267.190000 558.130000
385.950000 -990.490000 864.270000 763.340000
-904.950000 90.870000 -284.180000 550.000000
16.890000 377.350000 -628.370000 999.450000
169.720000 192.150000 134.240000 -932.950000
-330.610000 654.540000 -54.080000 -867.670000
-737.370000 254.470000 180.580000 -662.290000
-258.160000 -177.070000 -2.390000 318.850000
718.940000 -374.200000 -912.070000 -459.210000
-603.790000 389.680000 -935.030000 980.940000
-699.890000 968.830000 816.920000 759.720000
-93.300000 -644.180000 742.340000 344.060000
139.010000 -17.640000 90.860000 23.140000
49.560000 11.380000 164.480000 210.220000
375.280000 620.900000 210.800000 548.050000
-265.640000 445.890000 -755.680000 835.980000
547.060000 -764.000000 74.350000 152.640000
-222.920000 -832.450000 393.530000 180.510000
-47.900000 534.760000 -104.770000 716.490000
146.240000 -801.680000 379.010000 166.070000
603.260000 851.680000 -412.740000 988.120000
249.960000 -305.660000 -292.700000 -321.630000
542.780000 541.490000 -131.720000 -599.900000
-154.290000 280.940000 336.330000 236.300000
-263.640000 -614.420000 452.660000 -85.880000
-369.880000 569.780000 242.750000 -763.460000
-262.900000 621.010000 -100.640000 -809.740000
759.780000 764.340000 945.320000 258.730000
106.570000 545.720000 -221.160000 8.480000
-455.320000 -417.370000 -131.420000 -848.160000
739.380000 216.740000 516.960000 498.900000
-495.440000 360.000000 330.320000 140.970000
659.680000 22.160000 447.450000 33.430000
-272.320000 254.460000 -319.980000 -130.330000
-468.210000 747.960000 35.830000 -833.650000
-850.840000 -375.150000 -348.890000 -543.700000
32.030000 -966.230000 164.540000 304.400000
-161.820000 -720.150000 114.570000 387.870000
781.600000 539.340000 -63.270000 753.150000
32.340000 -724.750000 215.930000 -836.990000
926.720000 940.490000 612.270000 418.080000
502.330000 544.110000 301.920000 681.130000
-817.020000 318.220000 48.990000 687.050000
-513.840000 -665.760000 -846.100000 65.280000
-647.840000 -809.690000 -389.280000 764.060000
588.370000 -471.950000 -864.740000 613.350000
479.310000 -279.830000 341.240000 591.070000
-214.360000 999.700000 -549.550000 -182.570000
370.880000 617.330000 583.430000 66.740000
685.530000 -711.910000 907.690000 -539.590000
161.680000 -139.450000 -409.960000 837.680000
-809.080000 -166.790000 -474.730000 935.440000
-299.240000 -807.880000 92.950000 -396.200000
469.310000 220.580000 -894.190000 -738.610000
867.090000 -824.270000 167.570000 -45.400000
-861.110000 -216.630000 -774.510000 -181.010000
-841.850000 -655.260000 137.160000 993.290000
854.110000 127.890000 269.820000 -286.880000
384.790000 472.120000 807.900000 418.850000
-137.270000 457.570000 -880.230000 -274.300000
636.650000 474.880000 -28.570000 741.200000
-693.250000 -908.220000 205.510000 -218.690000
456.880000 36.350000 229.160000 -104.240000
-506.040000 -12.920000 889.680000 -841.910000
270.350000 -771.870000 -932.590000 -358.460000
-824.810000 -449.870000 -599.840000 -729.240000
-705.430000 396.180000 -847.110000 -319.880000
-633.940000 -306.830000 70.360000 657.930000
803.010000 134.040000 -262.610000 -511.260000
-185.110000 539.880000 -588.280000 -607.520000
470.060000 -450.980000 -490.510000 -109.140000
599.070000 -913.600000 190.860000 565.140000
-342.370000 349.900000 -265.900000 426.020000
541.320000 75.500000 160.480000 330.580000
-110.280000 -681.380000 -876.690000 -141.640000
-275.620000 327.410000 -505.620000 220.140000
-930.800000 -908.300000 -26.780000 163.340000
-56.510000 -2.330000 -240.250000 946.160000
-917.020000 -700.450000 -483.590000 -759.010000
-818.060000 810.830000 -622.960000 -613.720000
-857.270000 -465.930000 -737.880000 368.620000
904.910000 -938.980000 -765.460000 157.240000
752.230000 312.960000 -553.810000 785.800000
-10.460000 353.140000 -332.370000 551.580000
529.190000 142.360000 -350.930000 167.890000
211.790000 -208.600000 620.640000 -359.340000
169.070000 114.700000 200.660000 171.980000
-236.440000 -746.660000 522.960000 -576.030000
933.160000 11.600000 -897.840000 -188.590000
415.910000 -838.800000 718.930000 -419.840000
-476.040000 -949.820000 297.240000 341.300000
-525.400000 628.910000 -12.610000 500.260000
909.500000 876.600000 189.230000 -328.210000
960.520000 478.280000 321.400000 -944.220000
-101.910000 -605.750000 -886.400000 -769.690000
-440.000000 -212.190000 738.950000 282.670000
-219.660000 -144.740000 -382.640000 -854.460000
360.040000 -804.890000 -65.830000 344.710000
808.190000 176.140000 -53.160000 81.770000
-362.690000 -746.950000 -894.880000 834.450000
-352.590000 184.930000 419.440000 873.860000
364.530000 -158.030000 670.980000 -523.210000
0.820000 -848.150000 -553.580000 871.630000
749.450000 -587.710000 -960.680000 -373.320000
-942.020000 -970.950000 397.470000 437.960000
-719.050000 -571.640000 110.500000 -100.340000
896.720000 251.930000 935.880000 -307.140000
-406.700000 406.010000 -819.700000 669.330000
-194.650000 90.310000 850.350000 -914.400000
538.180000 548.020000 -714.570000 -768.610000
320.430000 218.840000 -176.870000 53.580000
-415.230000 -478.790000 -13.290000 50.040000
-231.630000 523.260000 -929.850000 940.950000
80.010000 -594.020000 -667.980000 554.040000
240.700000 741.200000 609.770000 -445.200000
380.530000 -535.300000 -771.340000 -147.090000
739.280000 290.850000 977.000000 -581.690000
960.240000 -198.920000 -491.060000 870.020000
487.020000 -244.780000 609.640000 112.800000
261.310000 724.110000 122.420000 253.840000
-152.430000 633.720000 18.250000 632.640000
649.710000 90.620000 -424.150000 -712.940000
251.230000 -494.070000 -794.520000 853.960000
-477.660000 145.150000 709.340000 -204.250000
-883.430000 -999.020000 -690.850000 -908.130000
200.720000 -928.400000 669.630000 -995.040000
307.110000 -548.340000 13.160000 -907.940000
728.820000 707.870000 -823.640000 -611.570000
18.470000 507.120000 -482.480000 -898.070000
-32.240000 -353.220000 986.720000 970.540000
780.770000 -832.320000 -306.950000 909.140000
-672.380000 -134.380000 235.590000 -296.910000
-564.440000 -165.150000 -994.780000 -167.460000
-473.180000 -131.610000 859.080000 562.450000
740.030000 -229.850000 -131.910000 -101.080000
-623.110000 328.830000 -729.850000 335.750000
331.470000 23.010000 -604.460000 750.060000
475.290000 -825.660000 983.450000 584.720000
333.280000 -372.370000 -953.610000 -580.100000
416.260000 -330.070000 -266.260000 767.770000
372.080000 809.240000 -769.110000 -127.220000
993.730000 41.500000 890.030000 734.240000
510.800000 -685.020000 707.950000 622.470000
283.240000 696.920000 -54.010000 -565.380000
360.960000 436.070000 434.890000 -392.960000
966.250000 394.480000 -592.320000 424.130000
-746.980000 -69.280000 486.680000 191.860000
241.440000 306.700000 595.540000 284.790000
-332.350000 -142.240000 232.320000 95.150000
-485.650000 285.490000 -188.630000 -688.850000
622.720000 -260.870000 415.380000 374.780000
-290.130000 586.840000 -74.100000 974.160000
-967.210000 -226.870000 -275.190000 -173.660000
-771.180000 64.710000 -188.840000 956.620000
-969.980000 -191.380000 998.470000 314.850000
-970.560000 179.720000 -782.340000 911.100000
-29.480000 546.170000 -234.560000 961.650000
-326.040000 278.640000 937.250000 222.020000
360.790000 467.680000 708.320000 -746.150000
-490.830000 -189.230000 571.410000 492.230000
-332.700000 464.790000 395.250000 -41.040000
-983.710000 109.560000 -164.840000 -276.550000
-55.760000 -661.800000 -763.430000 512.050000
-180.140000 -713.190000 -125.270000 -438.210000
-594.060000 523.040000 928.920000 604.080000
-785.460000 340.780000 -577.200000 326.240000
-333.120000 196.780000 -738.470000 -447.000000
-137.890000 -117.100000 81.650000 808.870000
-529.780000 890.530000 124.550000 -332.090000
690.790000 -451.740000 944.930000 342.810000
-463.110000 256.290000 -496.680000 488.410000
-382.570000 -421.610000 -477.720000 -290.620000
-868.850000 -704.480000 -875.530000 -166.210000
112.370000 467.560000 360.930000 123.820000
170.060000 842.190000 108.340000 833.600000
613.020000 -223.470000 643.610000 -805.570000
983.990000 828.440000 827.140000 544.010000
-593.050000 -827.480000 463.930000 826.030000
-898.780000 -223.730000 7.160000 -648.960000
-377.670000 831.590000 -642.240000 -650.330000
-591.790000 -659.310000 999.980000 714.320000
547.010000 3.720000 861.520000 -671.940000
-807.260000 82.000000 -719.650000 -893.380000
-274.070000 -77.250000 820.150000 -562.840000
689.150000 216.790000 -354.680000 -610.520000
-247.610000 -422.270000 -476.850000 -139.950000
70.960000 292.580000 459.280000 -24.340000
-821.050000 -58.130000 -382.340000 -280.820000
443.450000 -69.950000 -769.940000 -928.950000
865.380000 223.250000 78.320000 -823.190000
-428.310000 -445.020000 -711.390000 -416.100000
-236.380000 -927.950000 799.520000 -947.510000
-11.760000 -934.120000 305.270000 -783.460000
-699.970000 33.430000 540.690000 -11.370000
-474.020000 -780.540000 904.080000 355.870000
-689.150000 843.040000 -935.100000 -268.260000
-603.650000 100.810000 -216.830000 774.340000
-302.720000 90.610000 166.320000 989.810000
-281.040000 -892.020000 98.330000 -484.420000
177.600000 -697.990000 -93.250000 -593.080000
254.360000 949.110000 710.290000 665.180000
986.650000 -365.750000 -418.030000 -496.840000
-356.760000 188.700000 52.190000 -12.590000
340.220000 -854.210000 -462.440000 337.710000
-296.190000 499.750000 -532.990000 567.390000
-482.160000 626.940000 -830.030000 -111.540000
-646.400000 62.240000 950.120000 -849.200000
-367.370000 212.750000 993.330000 -991.990000
653.610000 -978.070000 952.040000 404.540000
-467.970000 107.680000 423.020000 -709.510000
-312.640000 362.470000 925.590000 -161.920000
527.180000 -732.670000 -66.320000 -564.320000
765.500000 815.040000 73.860000 -818.680000
-478.030000 -962.850000 27.780000 -630.660000
131.840000 244.980000 250.200000 -384.020000
-459.290000 -767.280000 684.120000 664.140000
640.150000 -37.350000 684.520000 -2.760000
-796.280000 898.930000 700.250000 289.100000
474.900000 173.590000 19.480000 -268.540000
517.020000 626.160000 -583.630000 -384.580000
219.960000 246.030000 878.420000 257.390000
313.660000 252.870000 -915.600000 -345.930000
-401.010000 433.290000 -568.590000 -225.290000
176.520000 -357.830000 747.710000 -147.960000
-938.050000 -194.230000 713.160000 28.960000
-477.870000 21.280000 -364.850000 -601.380000
-251.290000 331.020000 613.850000 -122.450000
-709.840000 865.110000 -722.880000 -265.590000
19.840000 770.220000 -303.860000 -80.980000
277.080000 -980.480000 -643.250000 254.060000
-122.450000 289.380000 -83.370000 -80.690000
102.530000 0.490000 -810.880000 21.730000
142.960000 -6.440000 -247.390000 204.270000
717.450000 -112.390000 66.550000 -981.780000
493.120000 492.410000 456.740000 596.380000
813.120000 593.240000 -415.320000 519.120000
-429.990000 -291.090000 -53.780000 737.360000
633.810000 641.040000 128.490000 30.820000
-976.370000 -658.370000 -31.190000 -668.970000
40.880000 549.870000 -387.500000 -325.390000
592.980000 413.210000 441.870000 -848.480000
-207.080000 -775.390000 -658.730000 -475.190000
899.530000 356.460000 -669.290000 -597.060000
876.430000 803.230000 -301.050000 682.470000
-91.020000 109.840000 539.390000 87.680000
-78.870000 -905.750000 475.440000 564.860000
-559.870000 163.130000 -815.630000 -695.260000
-260.810000 344.520000 -768.780000 -552.190000
320.640000 -669.910000 -608.820000 510.560000
103.230000 613.140000 324.970000 434.550000
376.860000 -801.300000 27.950000 69.450000
638.220000 388.660000 634.040000 896.360000
803.170000 -540.010000 -841.220000 423.180000
867.190000 -801.870000 338.870000 -336.530000
-855.010000 -9.470000 779.480000 458.220000
684.120000 707.580000 -893.020000 -679.310000
-964.680000 -7.090000 -735.310000 -563.680000
440.560000 -653.910000 -994.290000 64.520000
342.530000 628.710000 -922.820000 662.050000
-152.720000 -480.080000 201.270000 790.790000
783.520000 122.410000 -439.540000 943.700000
-785.880000 -197.530000 635.110000 -261.630000
-0.020000 621.200000 -5.590000 -459.300000
319.900000 -183.910000 -767.010000 -684.020000
811.850000 805.740000 552.070000 185.720000
44.120000 884.390000 706.680000 491.750000
474.760000 621.330000 -501.970000 83.400000
960.260000 -776.490000 22.140000 -55.840000
-426.620000 214.670000 -43.820000 855.910000
-886.500000 853.520000 134.470000 -836.680000
-542.280000 564.070000 631.650000 -540.420000
-192.660000 205.740000 386.290000 603.840000
99.560000 19.990000 -507.350000 438.970000
471.720000 -940.710000 -744.700000 477.840000
197.230000 988.470000 865.060000 12.990000
902.330000 -200.280000 -219.510000 30.830000
-611.140000 -765.010000 -946.360000 -567.660000
-471.440000 -444.020000 856.130000 -718.430000
974.630000 381.710000 -852.230000 895.440000
27.120000 880.400000 743.470000 -954.120000
-969.790000 36.750000 -733.450000 -739.160000
989.200000 524.310000 -58.230000 257.130000
729.340000 -858.330000 -364.010000 941.390000
289.450000 -150.770000 284.410000 771.520000
547.020000 924.510000 -974.640000 410.900000
815.560000 -519.180000 227.740000 -379.270000
-457.330000 -175.500000 582.460000 593.460000
411.650000 -554.590000 -419.000000 -88.910000
-481.080000 904.470000 -34.710000 915.080000
980.180000 689.340000 805.350000 573.970000
-142.960000 666.280000 -851.460000 327.620000
180.850000 18.370000 -610.750000 189.670000
-320.330000 -264.460000 291.140000 -355.570000
530.660000 215.840000 731.590000 -913.040000
-273.820000 98.870000 234.990000 609.400000
629.030000 -72.530000 -704.530000 793.370000
450.620000 -291.690000 -440.380000 791.400000
813.390000 -733.310000 -544.950000 -751.640000
-643.560000 440.790000 925.820000 -194.780000
575.660000 -435.130000 790.130000 -367.280000
-350.250000 -772.460000 508.600000 -73.010000
849.410000 338.370000 -109.690000 693.690000
724.730000 -604.900000 168.590000 -882.150000
231.600000 912.940000 718.950000 497.950000
-125.880000 163.290000 -587.880000 358.530000
-22.680000 209.960000 325.010000 -692.200000
-588.650000 -619.230000 331.670000 -2.530000
-759.370000 711.850000 -195.200000 -466.030000
-175.050000 -63.270000 242.760000 -148.910000
-435.120000 652.630000 -848.870000 -672.580000
524.380000 -979.910000 833.180000 -272.790000
-624.200000 575.180000 -961.610000 835.660000
844.550000 -160.900000 -572.890000 648.490000
500.820000 312.220000 697.550000 -371.030000
-791.380000 -145.050000 -700.710000 319.890000
546.990000 -665.810000 598.410000 708.630000
-354.740000 -439.170000 -986.190000 72.000000
85.290000 -718.340000 227.990000 270.650000
-983.030000 234.180000 69.450000 801.630000
-714.800000 109.240000 391.260000 -160.870000
-643.900000 527.950000 867.700000 -934.590000
524.400000 -291.790000 726.920000 247.020000
595.740000 -88.950000 -282.270000 201.680000
-419.380000 -203.770000 553.800000 -70.000000
-808.560000 275.960000 -239.160000 757.370000
769.620000 -341.720000 975.530000 701.500000
-143.570000 698.540000 -418.530000 -868.980000
999.940000 513.660000 -674.890000 587.170000
-652.300000 -301.710000 663.230000 434.670000
855.640000 -918.990000 -371.700000 -181.440000
699.840000 -926.800000 446.900000 -324.150000
336.680000 847.250000 391.620000 -675.930000
159.340000 -532.210000 -284.020000 125.620000
630.920000 -233.210000 -878.170000 -160.550000
-665.590000 -626.310000 -744.350000 800.470000
-250.430000 -907.770000 -215.780000 -234.100000
-65.250000 574.860000 -957.410000 -765.420000
-871.160000 -209.920000 -664.600000 900.430000
465.190000 753.110000 997.850000 270.610000
-400.960000 271.400000 -189.940000 -763.750000
866.920000 -236.320000 -436.520000 422.730000
-196.690000 -45.810000 629.040000 423.510000
124.560000 368.820000 -499.310000 424.640000
535.310000 90.070000 -527.490000 -524.760000
-960.560000 79.840000 -690.860000 -534.940000
-35.630000 945.760000 -685.820000 182.030000
237.110000 -86.690000 -26.820000 655.140000
155.660000 -403.170000 638.640000 -470.980000
-983.680000 -223.420000 -269.520000 790.120000
-490.310000 90.660000 627.220000 236.210000
-718.970000 -970.530000 -370.910000 813.510000
26.750000 -962.420000 740.400000 -813.490000
393.130000 585.690000 -67.600000 -48.550000
-488.630000 117.000000 -349.980000 -134.820000
-267.040000 -682.970000 246.400000 998.010000
666.340000 444.510000 938.230000 870.890000
-924.940000 905.500000 453.270000 -466.960000
776.240000 -873.270000 -648.850000 -190.060000
954.530000 480.900000 210.880000 -835.760000
-171.770000 -449.390000 -190.640000 816.850000
322.220000 -866.920000 409.590000 167.560000
337.420000 -6.150000 480.350000 -819.460000
-254.040000 -896.170000 -945.820000 -996.080000
981.530000 -778.120000 426.720000 -821.420000
-176.010000 -327.320000 -526.760000 808.090000
795.200000 -33.940000 -229.850000 -518.330000
-93.160000 995.850000 779.780000 753.630000
274.590000 87.480000 784.800000 450.910000
-593.260000 943.960000 -544.260000 -584.940000
844.750000 -514.990000 292.780000 -30.240000
-742.450000 -645.840000 -304.070000 -902.460000
855.650000 141.660000 -904.690000 677.130000
-251.030000 233.160000 -524.320000 916.850000
-443.650000 -114.120000 817.500000 -202.950000
-462.420000 -697.580000 672.030000 848.230000
-503.180000 -159.520000 58.280000 -939.320000
456.580000 -954.760000 351.410000 407.780000
-515.930000 269.720000 805.970000 -747.490000
-504.990000 279.630000 734.520000 -437.840000
-752.560000 335.680000 174.660000 909.580000
-103.630000 381.000000 74.910000 -389.180000
380.500000 677.170000 -145.510000 -901.500000
-82.500000 230.220000 789.390000 -243.620000
929.750000 -197.900000 175.050000 -430.040000
-540.060000 866.170000 -915.060000 -384.970000
-867.340000 680.450000 -54.610000 952.870000
-701.300000 981.570000 792.010000 625.330000
-13.150000 -192.240000 -910.500000 -613.200000
72.500000 -912.050000 -852.450000 337.700000
-389.130000 -616.300000 -335.220000 363.350000
-199.320000 858.780000 639.150000 879.140000
-798.170000 -443.400000 -388.570000 203.020000
-511.330000 -430.360000 -396.840000 -34.540000
234.050000 649.340000 -807.520000 602.730000
-168.740000 -265.960000 -705.260000 512.450000
-537.430000 845.350000 -483.190000 -684.530000
-304.750000 -446.190000 -732.420000 -732.560000
474.440000 194.290000 398.130000 688.060000
-517.640000 -890.420000 -466.500000 -441.810000
336.220000 -627.820000 -89.900000 -761.390000
788.730000 -68.890000 -96.250000 192.640000
-897.750000 -350.310000 901.340000 -53.700000
246.320000 -836.620000 -230.490000 711.740000
-120.280000 759.860000 -668.180000 -981.540000
-905.500000 985.230000 892.160000 87.070000
-757.050000 213.490000 976.620000 278.780000
-771.600000 168.250000 -967.560000 -465.320000
-730.540000 647.550000 869.800000 490.650000
820.580000 942.650000 -560.830000 190.330000
155.490000 -142.900000 -469.830000 791.010000
947.480000 798.920000 462.120000 -915.500000
-783.260000 -410.750000 -188.960000 -247.620000
-96.480000 194.480000 723.970000 685.520000
279.900000 -738.730000 -303.490000 -272.820000
122.270000 774.590000 235.100000 -389.040000
309.110000 -642.650000 982.690000 -340.800000
-913.920000 -155.950000 -34.200000 -103.040000
-773.100000 689.130000 983.530000 563.640000
-217.340000 298.620000 -218.090000 -707.490000
-84.830000 870.000000 -826.630000 -328.650000
866.780000 620.160000 -405.910000 900.480000
-760.810000 313.450000 995.120000 -888.670000
319.660000 -964.660000 -432.150000 -971.560000
175.790000 -690.360000 -200.740000 557.870000
358.900000 -367.960000 216.830000 48.530000
411.640000 -167.020000 43.330000 626.010000
825.140000 358.520000 -208.590000 389.790000
-688.090000 -693.590000 35.390000 362.450000
-700.710000 91.950000 375.590000 933.530000
-292.450000 369.800000 -806.900000 970.810000
-324.600000 -974.570000 96.560000 -369.210000
-547.990000 499.080000 644.550000 -493.530000
713.800000 -14.330000 -907.140000 352.050000
202.130000 707.500000 -142.040000 -826.210000
-221.170000 785.560000 -257.150000 -418.150000
-419.850000 4.770000 980.480000 -367.610000
878.040000 -544.230000 852.750000 -747.930000
-688.070000 444.550000 -847.230000 -421.530000
85.520000 246.710000 -507.470000 226.090000
-700.560000 -738.550000 -68.110000 985.960000
689.550000 -409.240000 -775.150000 -315.510000
-765.380000 -399.850000 179.810000 -367.240000
-859.170000 -3.760000 -849.450000 -29.420000
-551.270000 -643.020000 -115.630000 -104.300000
653.960000 172.830000 -508.690000 971.540000
-661.760000 405.920000 176.120000 -363.720000
-737.600000 68.830000 -300.000000 465.320000
300.520000 525.210000 457.900000 -791.310000
423.470000 357.140000 978.440000 -241.370000
-527.990000 -464.560000 -368.860000 524.540000
-713.010000 -11.550000 -35.140000 -666.780000
-819.510000 770.870000 769.030000 -344.870000
-318.990000 816.050000 -79.980000 -367.400000
-41.960000 -625.690000 484.770000 -208.990000
201.490000 -840.420000 -348.960000 -282.350000
728.560000 -786.810000 293.700000 658.930000
486.560000 -79.180000 -301.970000 425.090000
863.610000 465.250000 -145.380000 -156.700000
-136.580000 741.520000 -183.210000 -643.360000
-304.610000 635.640000 457.240000 794.160000
332.620000 -807.340000 -148.880000 233.730000
-682.750000 -183.760000 300.120000 664.760000
541.560000 -188.000000 518.200000 689.420000
293.110000 -437.330000 478.630000 917.170000
-584.010000 -478.240000 675.290000 193.510000
312.360000 -792.140000 -485.550000 -106.130000
213.590000 756.010000 851.570000 -43.370000
390.010000 263.250000 -646.250000 409.990000
760.110000 207.840000 681.910000 921.310000
-936.910000 770.130000 96.860000 -189.570000
976.270000 204.650000 -602.810000 -284.700000
187.950000 -610.110000 -674.040000 -102.650000
264.070000 -926.450000 371.890000 -535.090000
-642.960000 -686.990000 -490.700000 -966.050000
-247.730000 705.340000 -401.550000 -845.180000
184.380000 536.570000 746.030000 -2.740000
68.060000 448.180000 -186.970000 238.780000
463.370000 -995.420000 -492.960000 534.670000
479.900000 -462.270000 339.290000 -308.280000
-297.810000 380.680000 481.640000 -591.530000
-90.880000 830.480000 -246.540000 -600.090000
156.320000 -261.150000 -282.970000 -560.580000
-472.440000 -574.920000 -478.350000 848.010000
814.500000 -25.890000 -686.920000 295.740000
-744.350000 -63.240000 778.530000 -213.170000
90.240000 668.470000 83.670000 182.860000
-447.860000 306.610000 121.440000 427.750000
735.760000 -344.160000 -721.410000 -43.340000
-854.480000 -12.090000 -121.130000 -75.750000
-999.870000 879.590000 761.450000 -372.240000
331.670000 -199.440000 -320.120000 -973.010000
888.700000 -929.250000 583.190000 496.630000
729.690000 677.340000 -673.620000 -162.580000
-320.430000 -617.940000 359.820000 374.360000
83.940000 745.520000 823.800000 416.270000
-350.750000 609.170000 328.860000 950.700000
-275.570000 -914.470000 -552.580000 191.020000
-980.610000 466.030000 425.060000 694.360000
575.580000 -510.950000 405.400000 219.490000
-104.800000 -819.790000 63.590000 -613.240000
-300.870000 -933.950000 -929.460000 676.890000
-438.090000 -101.300000 542.050000 149.120000
-8.120000 -281.740000 414.750000 552.390000
836.070000 695.190000 -63.750000 -925.520000
-955.010000 342.440000 545.820000 -409.080000
597.460000 682.010000 781.940000 622.890000
-605.380000 855.240000 589.310000 -559.350000
628.450000 911.760000 -557.290000 -655.290000
-307.770000 -150.990000 987.130000 532.660000
-416.220000 -377.160000 852.530000 699.460000
-60.900000 -510.450000 737.200000 -925.510000
862.560000 817.090000 -407.760000 610.740000
414.350000 434.860000 -804.540000 -246.840000
-896.350000 -772.330000 33.080000 125.420000
754.300000 -269.290000 -943.190000 -445.040000
302.590000 900.820000 441.060000 -310.970000
-347.060000 -542.030000 -907.690000 397.260000
239.870000 -235.790000 992.370000 116.130000
802.840000 697.870000 -81.420000 107.930000
-530.640000 669.340000 214.700000 -652.220000
991.660000 -182.000000 -264.590000 -718.610000
-905.900000 197.290000 -630.950000 790.310000
-569.340000 -46.190000 947.430000 335.040000
373.750000 911.310000 -876.710000 419.730000
912.130000 -844.260000 590.490000 -415.890000
411.780000 -18.530000 869.220000 -359.790000
828.010000 -304.210000 -717.150000 -198.510000
938.280000 859.850000 569.540000 -437.550000
899.550000 -914.600000 673.080000 -826.920000
199.190000 400.230000 893.700000 273.900000
-211.370000 229.590000 -542.190000 -678.710000
-507.160000 -315.980000 -741.320000 963.430000
210.710000 405.150000 -997.730000 -306.570000
-96.970000 -270.110000 620.550000 -866.030000
672.230000 318.200000 82.790000 -728.950000
809.890000 -136.480000 -77.860000 401.380000
-278.430000 630.480000 257.930000 -761.110000
851.590000 169.950000 -291.710000 685.400000
239.230000 223.180000 -104.950000 -459.460000
805.270000 -757.080000 991.440000 300.040000
-73.110000 662.310000 -231.810000 612.460000
-876.140000 146.360000 307.030000 -322.000000
-565.930000 -963.980000 -263.180000 -412.050000
-167.350000 348.700000 824.400000 926.620000
112.570000 -344.540000 -171.490000 547.960000
71.590000 642.450000 263.580000 839.140000
903.440000 -286.120000 -783.590000 241.020000
686.180000 -772.700000 -797.410000 -837.940000
416.010000 555.250000 -776.150000 -103.860000
-119.250000 -632.800000 -619.650000 -777.520000
609.290000 -829.060000 -737.340000 -505.680000
631.260000 -553.810000 -226.740000 445.470000
-205.660000 -108.860000 53.480000 945.320000
-484.310000 -321.250000 126.300000 65.110000
316.590000 940.270000 391.260000 686.970000
-293.830000 279.190000 52.910000 368.140000
-442.230000 362.960000 499.600000 -97.540000
-259.940000 -521.950000 468.170000 -299.050000
-315.350000 87.160000 147.130000 -912.050000
-110.910000 -188.260000 -893.150000 -708.250000
-122.300000 287.120000 -759.530000 -326.920000
533.460000 -717.490000 328.880000 -923.930000
-600.560000 -292.750000 -709.610000 571.320000
977.380000 862.970000 -233.160000 -988.780000
-125.430000 513.800000 102.320000 -819.940000
-762.120000 816.040000 -7.460000 -794.600000
-670.830000 -183.470000 -963.970000 -13.110000
-182.480000 -957.200000 -581.730000 -13.960000
312.000000 -521.200000 259.470000 -99.670000
-262.520000 583.390000 400.720000 493.650000
335.480000 -150.070000 988.970000 134.420000
-885.120000 -372.500000 -794.230000 611.820000
299.600000 -417.750000 -910.670000 809.200000
491.200000 23.960000 102.990000 -982.450000
845.670000 135.810000 788.630000 -56.360000
-464.210000 -66.790000 438.440000 341.030000
64.360000 -251.080000 59.730000 299.360000
549.330000 -472.190000 -989.020000 913.510000
158.740000 -546.080000 69.270000 435.450000
859.500000 491.940000 -242.640000 602.880000
688.290000 -945.460000 -936.130000 -455.210000
-108.530000 108.960000 4.410000 -131.030000
904.600000 -784.300000 -317.010000 -590.140000
-65.110000 -61.170000 -766.800000 818.450000
-891.420000 629.050000 753.320000 -665.360000
-74.790000 -32.510000 191.520000 364.990000
363.300000 -823.020000 933.740000 169.970000
-908.450000 455.760000 -957.510000 441.400000
65.670000 -437.150000 -913.750000 -432.640000
-40.610000 132.420000 920.550000 725.400000
-331.860000 -140.150000 -93.660000 926.820000
-596.390000 69.720000 -882.760000 882.530000
-764.880000 396.990000 557.440000 841.950000
-50.980000 -671.330000 750.340000 -631.410000
-267.020000 -787.600000 168.590000 607.840000
937.030000 355.050000 -466.620000 -753.760000
-13.700000 -275.300000 953.630000 -600.530000
224.230000 100.020000 -995.290000 -363.910000
-878.150000 -633.210000 -94.010000 -964.960000
532.260000 -446.380000 237.990000 -708.830000
-736.550000 343.610000 -590.820000 -396.870000
907.150000 464.300000 157.560000 798.970000
-978.580000 -42.900000 -784.230000 -556.210000
231.510000 124.420000 231.110000 -432.120000
33.790000 -150.550000 -865.110000 990.820000
-996.180000 212.960000 201.510000 66.170000
136.200000 715.110000 448.660000 176.920000
155.860000 -880.290000 720.900000 211.440000
763.640000 -963.490000 -609.550000 844.060000
290.500000 -678.160000 260.190000 -526.690000
-545.120000 5.960000 -177.810000 -551.470000
-681.050000 661.350000 -94.570000 -517.880000
-978.370000 -104.160000 -147.410000 -998.400000
-593.040000 549.440000 -992.430000 178.290000
-416.420000 629.170000 196.590000 -104.380000
466.260000 429.040000 -170.360000 -88.340000
325.960000 997.580000 203.160000 350.140000
-154.140000 84.800000 993.890000 -135.830000
-305.200000 -636.810000 387.870000 -295.890000
401.170000 551.520000 -20.590000 -730.580000
944.280000 -400.810000 -488.950000 -114.720000
-553.140000 247.760000 538.070000 315.060000
-929.650000 797.160000 -493.980000 179.030000
638.090000 -622.970000 608.710000 173.940000
731.700000 205.710000 -265.450000 247.780000
984.150000 362.550000 -550.850000 -922.080000
7.570000 626.830000 466.270000 -232.260000
-503.370000 579.150000 708.890000 120.140000
900.990000 465.050000 -52.830000 875.090000
416.480000 -678.490000 800.440000 308.580000
-720.090000 635.600000 -429.350000 -321.880000
94.360000 -209.120000 462.720000 810.110000
-415.140000 -487.750000 884.440000 -633.500000
719.250000 406.280000 765.440000 210.510000
-731.230000 -354.740000 912.340000 186.170000
554.450000 -420.540000 -656.550000 -384.920000
544.570000 4.900000 -927.970000 946.260000
838.080000 -586.250000 4.180000 223.810000
702.310000 -979.570000 -518.550000 881.830000
-379.550000 -957.070000 -133.140000 -225.630000
321.880000 -969.130000 -666.190000 744.300000
107.320000 0.990000 -871.100000 -731.200000
-911.020000 667.560000 -934.170000 407.060000
29.390000 -389.640000 -72.720000 -965.790000
-294.850000 382.070000 -108.800000 -713.990000
50.110000 251.270000 -706.550000 -440.070000
664.290000 384.750000 -960.770000 937.970000
490.570000 -658.600000 -718.880000 -963.500000
746.250000 473.550000 -649.460000 351.480000
-769.920000 -61.930000 -654.740000 -642.880000
204.890000 912.050000 -932.820000 250.030000
314.300000 -848.480000 -581.670000 -134.400000
-603.500000 145.340000 504.720000 131.990000
839.530000 133.670000 7.060000 -371.050000
-352.090000 -367.110000 345.580000 -284.690000
684.650000 608.820000 -356.260000 -360.930000
-191.710000 577.790000 -410.290000 -415.860000
777.210000 128.040000 -330.940000 -668.210000
-277.060000 -723.740000 420.920000 -996.710000
795.890000 486.450000 -610.380000 -387.450000
-161.240000 -146.000000 -440.260000 88.000000
8.280000 -326.510000 -936.530000 -132.260000
-466.640000 993.570000 630.720000 -453.050000
641.880000 450.710000 715.260000 -658.790000
873.400000 -808.630000 767.970000 607.700000
-873.660000 923.280000 166.770000 -674.790000
-12.370000 690.070000 908.280000 -642.120000
-805.440000 -836.470000 261.530000 101.000000
-683.260000 504.100000 75.530000 240.830000
-577.750000 -405.240000 755.740000 221.640000
-671.710000 -99.640000 -227.920000 -671.590000
537.970000 -166.280000 145.560000 -952.230000
-182.500000 -231.360000 524.460000 622.660000
409.060000 -459.900000 807.830000 -724.530000
527.400000 854.600000 -367.930000 -267.830000
-221.360000 -509.120000 -469.600000 337.620000
-565.110000 -29.710000 -999.700000 -561.880000
152.550000 399.010000 613.230000 -364.620000
-869.370000 406.670000 -203.220000 672.220000
249.140000 160.360000 867.220000 21.250000
-861.240000 -165.690000 903.710000 948.960000
-161.020000 367.980000 553.070000 -27.930000
-791.650000 -623.340000 624.220000 -429.960000
-700.700000 -623.330000 -861.060000 891.590000
-146.480000 -572.160000 -286.870000 153.070000
-57.860000 654.160000 -999.510000 878.660000
-271.220000 -440.170000 -26.600000 470.610000
-712.110000 -14.100000 975.060000 -565.310000
-524.600000 925.890000 -621.500000 52.620000
-915.020000 -729.650000 424.760000 147.770000
-342.170000 -342.280000 117.530000 -356.670000
815.260000 -770.070000 -832.610000 376.660000
-719.830000 -267.320000 354.230000 -759.040000
349.410000 -601.500000 -772.570000 -628.800000
947.720000 574.560000 -961.310000 933.790000
84.250000 228.270000 -759.070000 688.150000
536.970000 -112.470000 -696.370000 -33.360000
-602.870000 358.550000 -559.540000 -247.320000
-549.930000 449.160000 -380.310000 -567.150000
-884.270000 310.700000 943.860000 -280.300000
-396.320000 -685.690000 929.010000 -526.330000
134.830000 -906.300000 147.630000 -833.310000
-32.450000 803.910000 476.180000 -579.930000
787.840000 227.360000 617.270000 -110.320000
-458.550000 759.320000 15.210000 -752.930000
716.090000 -201.240000 -256.070000 282.500000
574.880000 -104.820000 -919.820000 608.100000
-819.250000 568.800000 -162.870000 706.270000
478.560000 -419.180000 120.620000 -207.850000
-283.790000 888.210000 -377.030000 370.260000
-883.800000 181.510000 611.150000 -838.840000
7.790000 337.500000 -474.210000 -749.890000
-414.200000 345.750000 -915.800000 -194.650000
-274.280000 663.010000 234.410000 -699.670000
27.760000 -607.320000 806.770000 -20.570000
145.600000 -651.720000 131.700000 66.340000
408.490000 -450.500000 -100.910000 959.920000
-822.700000 -495.170000 902.920000 -832.460000
-463.300000 -584.070000 68.270000 -882.790000
-875.320000 983.300000 -633.230000 818.840000
-296.950000 733.490000 383.750000 226.840000
920.780000 302.590000 65.820000 218.160000
-153.090000 871.500000 -871.630000 -953.810000
689.100000 -91.020000 -870.690000 -241.970000
332.300000 -703.050000 570.160000 -730.710000
-625.990000 331.750000 558.280000 -36.940000
-709.780000 348.230000 16.780000 967.260000
34.990000 381.540000 753.760000 41.430000
549.970000 -224.230000 -634.950000 91.350000
-420.090000 -315.020000 716.370000 -864.040000
887.860000 129.730000 -649.310000 -182.900000
432.010000 19.110000 -551.420000 441.960000
-874.700000 -815.420000 923.370000 -260.810000
653.520000 838.400000 -185.220000 -191.990000
-419.270000 -398.720000 -1.980000 678.020000
-231.550000 396.770000 -467.510000 -572.320000
122.040000 842.240000 -148.950000 -64.790000
-56.460000 355.980000 56.600000 733.120000
919.090000 808.610000 -267.890000 386.170000
-772.740000 -414.680000 593.000000 369.830000
-609.620000 380.710000 371.660000 271.750000
-878.900000 -106.580000 925.060000 508.540000
-274.400000 -255.350000 647.060000 332.230000
22.390000 41.200000 484.660000 55.430000
-973.170000 -591.200000 -334.730000 56.330000
826.720000 -184.580000 -558.540000 -968.960000
218.570000 -864.090000 37.920000 -379.260000
-869.310000 163.860000 -907.570000 -905.290000
-235.090000 -535.530000 -733.990000 761.730000
594.300000 817.600000 -938.810000 610.010000
331.830000 -977.190000 -393.530000 48.170000
37.360000 385.410000 944.960000 -428.780000
399.530000 222.790000 656.830000 -661.780000
-615.350000 -710.320000 475.120000 -612.440000
822.810000 678.020000 44.600000 825.010000
-801.270000 331.770000 -718.930000 680.440000
965.940000 942.450000 -830.980000 769.790000
96.150000 -497.590000 -538.120000 169.280000
-448.600000 127.110000 -594.500000 -50.150000
-684.610000 887.170000 -620.020000 419.880000
-533.920000 148.360000 -537.770000 -130.330000
-77.160000 572.610000 663.350000 331.390000
348.000000 -676.440000 751.370000 137.730000
65.570000 383.730000 3.000000 -910.940000
103.890000 20.700000 -496.890000 -307.120000
-240.330000 117.380000 -909.820000 -783.340000
543.610000 669.530000 -481.380000 441.890000
-0.970000 -954.490000 81.080000 -925.590000
799.790000 405.230000 -943.150000 -579.520000
968.250000 -128.830000 785.820000 673.620000
614.720000 -141.500000 -281.670000 271.150000
-262.680000 -438.500000 -886.520000 -713.900000
933.430000 -351.860000 816.850000 242.250000
-359.420000 703.630000 460.170000 778.170000
278.370000 294.030000 -812.640000 200.040000
-176.750000 441.630000 875.050000 798.480000
1.110000 -606.280000 -419.210000 155.080000
-4.620000 -641.120000 -294.960000 322.390000
