1000
152.660000 -707.660000 -412.040000 93.480000
419.050000 -551.010000 314.750000 581.310000
-100.040000 817.960000 -295.700000 488.230000
92.170000 -674.560000 479.870000 804.570000
185.500000 415.310000 997.600000 -134.170000
-676.420000 -255.260000 644.210000 977.140000
-873.230000 -783.450000 352.650000 -110.660000
-901.440000 -649.410000 -802.760000 654.600000
479.590000 -250.740000 -765.660000 746.990000
495.700000 869.400000 680.340000 181.920000
834.080000 701.300000 567.370000 -340.220000
-11.800000 762.000000 -103.620000 936.540000
-171.990000 -557.340000 -885.680000 573.940000
208.630000 -611.520000 -186.930000 98.530000
-28.240000 -818.330000 -442.860000 247.850000
-220.020000 996.760000 -173.170000 -668.700000
538.770000 235.180000 -924.790000 -105.050000
490.420000 354.560000 -832.730000 21.020000
-702.930000 444.770000 583.220000 400.850000
495.270000 -372.920000 512.250000 -711.690000
-713.620000 569.570000 669.340000 -427.020000
-402.510000 78.320000 377.640000 -815.090000
758.180000 -670.140000 -705.250000 -896.680000
258.020000 234.480000 620.090000 -159.000000
501.930000 425.570000 -891.460000 -105.580000
-912.810000 72.380000 711.250000 -894.610000
-709.350000 -973.610000 807.560000 797.020000
-367.980000 -366.550000 694.930000 786.900000
-495.540000 823.560000 716.160000 980.690000
253.140000 -911.660000 -263.750000 -686.150000
204.800000 -971.810000 -74.970000 -977.080000
-979.570000 -82.120000 764.680000 -342.340000
180.970000 313.820000 -589.860000 510.240000
276.790000 -660.140000 268.320000 -52.060000
27.360000 -635.150000 417.770000 196.970000
262.450000 176.050000 -664.780000 -759.340000
285.140000 849.390000 632.200000 -508.700000
805.690000 526.690000 -609.790000 240.110000
931.260000 872.050000 50.970000 397.840000
54.210000 627.040000 861.060000 -238.110000
142.900000 522.830000 62.390000 -900.750000
71.490000 341.550000 55.480000 -698.300000
672.460000 -769.700000 898.990000 -755.400000
-818.040000 -319.870000 -471.550000 396.160000
-200.940000 815.300000 546.480000 -65.160000
554.260000 366.400000 389.520000 205.800000
994.560000 707.920000 324.630000 274.250000
832.850000 -176.570000 884.970000 777.710000
-365.140000 -147.900000 -15.640000 -557.240000
508.220000 205.840000 5.980000 683.990000
182.870000 13.230000 87.390000 -138.140000
106.470000 143.630000 -616.490000 53.560000
-310.740000 353.800000 -172.070000 -17.820000
-409.590000 564.960000 -866.460000 -419.200000
-668.130000 -959.460000 165.750000 -466.640000
-892.250000 -925.740000 -90.630000 -456.930000
557.420000 652.270000 909.120000 -314.930000
488.630000 -33.850000 -580.680000 515.000000
428.640000 672.710000 -903.770000 -3.920000
668.170000 -830.440000 736.900000 756.740000
-716.480000 158.220000 747.540000 -739.160000
489.300000 968.870000 -762.420000 139.210000
-112.740000 82.140000 -419.860000 653.470000
-736.630000 467.880000 -569.160000 -402.870000
-321.520000 -464.680000 585.980000 -329.390000
-500.140000 -346.860000 651.790000 -439.320000
84.860000 425.330000 225.290000 -487.500000
246.850000 -971.860000 -579.150000 -874.900000
545.830000 962.100000 -504.040000 -913.970000
-436.330000 359.250000 -164.930000 407.420000
-212.160000 -838.190000 -595.640000 315.910000
527.740000 -925.160000 -698.410000 -380.870000
-157.580000 845.230000 890.020000 23.510000
305.040000 847.600000 -251.940000 -291.250000
344.060000 -435.340000 -84.450000 -43.310000
393.810000 -810.640000 -392.160000 328.210000
-560.430000 962.020000 225.380000 338.560000
-849.810000 70.780000 -860.430000 414.360000
919.970000 -179.230000 -132.770000 -190.390000
357.110000 828.090000 -244.600000 -524.590000
705.720000 -844.800000 753.210000 990.330000
443.440000 -213.520000 -753.910000 585.030000
173.860000 986.000000 -250.110000 839.730000
979.080000 290.910000 -750.570000 743.740000
-680.180000 -190.840000 -593.930000 -928.370000
629.480000 -722.610000 -658.960000 704.500000
70.600000 188.170000 991.000000 89.720000
-741.410000 165.370000 434.110000 549.100000
-832.890000 38.830000 627.320000 357.740000
-725.980000 355.020000 657.040000 -62.200000
-29.580000 -453.480000 -263.880000 -121.460000
473.870000 -410.340000 638.780000 516.070000
-957.310000 597.280000 60.070000 39.690000
-197.780000 -351.770000 592.810000 -757.700000
654.340000 329.640000 -462.260000 -452.930000
-951.600000 -478.670000 998.190000 -73.950000
322.780000 923.500000 -279.660000 369.030000
575.670000 899.480000 -444.920000 621.440000
-786.890000 -514.100000 461.640000 76.430000
-594.940000 -771.080000 434.840000 -104.590000
-536.620000 -909.150000 -2.850000 784.170000
-791.510000 -972.950000 -898.560000 724.180000
855.330000 531.000000 833.540000 827.190000
-183.620000 -257.970000 907.550000 -872.070000
745.580000 123.560000 -359.460000 403.150000
-815.920000 -793.490000 -245.200000 367.340000
599.750000 256.940000 488.530000 252.140000
-130.110000 -287.920000 -942.160000 345.070000
-462.750000 721.450000 -691.170000 79.630000
-679.780000 691.580000 659.960000 943.510000
-651.680000 425.800000 -129.290000 -234.270000
928.960000 741.850000 -381.260000 -387.920000
491.640000 712.720000 515.480000 260.120000
902.370000 -992.150000 308.850000 -861.180000
137.970000 -950.020000 -563.550000 191.880000
588.950000 498.860000 -409.570000 -474.240000
-575.330000 -692.230000 843.590000 97.070000
-507.150000 -451.620000 -885.530000 608.630000
-297.660000 532.820000 499.510000 -752.780000
-441.820000 388.900000 -710.720000 -859.380000
319.040000 18.860000 -415.660000 -681.410000
-164.150000 720.600000 658.040000 443.310000
-853.990000 -811.540000 -16.360000 166.110000
-201.620000 677.190000 980.460000 772.010000
364.450000 55.610000 81.280000 -55.100000
-381.240000 332.420000 986.320000 -742.410000
-931.140000 -571.810000 -269.070000 97.360000
901.450000 -614.950000 -386.940000 185.890000
434.050000 -925.840000 -656.550000 980.570000
682.060000 -551.370000 -449.720000 192.310000
-749.280000 -292.360000 971.250000 -636.300000
-966.650000 563.180000 140.760000 200.850000
-300.320000 78.220000 635.490000 -302.380000
689.650000 1.040000 -545.240000 -768.870000
16.270000 200.190000 807.670000 432.250000
-880.810000 -291.010000 417.980000 588.630000
-64.570000 -359.450000 759.820000 391.940000
518.950000 974.820000 -947.080000 392.370000
789.160000 -289.450000 -309.860000 985.270000
-162.350000 -429.890000 173.940000 -459.090000
-152.680000 463.180000 926.840000 -6.240000
702.100000 396.440000 12.560000 -819.570000
863.350000 -560.180000 -14.790000 -809.460000
888.480000 -570.050000 -914.560000 -454.980000
-454.850000 767.260000 379.900000 -510.250000
140.740000 -298.000000 -67.480000 243.910000
-376.220000 8.290000 931.780000 -472.310000
-349.250000 -732.540000 -246.160000 -388.140000
373.430000 -282.260000 837.400000 153.350000
418.960000 -493.840000 113.470000 -535.030000
952.170000 -43.540000 -567.740000 -894.280000
638.140000 830.880000 -862.160000 -882.740000
-77.740000 -338.370000 805.520000 -663.460000
-983.400000 42.100000 -37.380000 -68.250000
871.200000 432.950000 -432.100000 -540.350000
-3.510000 406.810000 -124.590000 -618.190000
479.480000 -808.670000 142.220000 -979.730000
368.670000 -35.420000 -641.450000 290.380000
805.080000 884.950000 923.360000 -83.650000
174.950000 768.190000 905.590000 784.260000
294.450000 -986.630000 868.420000 -113.170000
981.130000 -616.440000 182.010000 646.450000
-579.430000 -76.820000 377.960000 -677.370000
945.480000 -401.310000 -222.510000 -139.400000
-520.340000 649.490000 -459.140000 -429.210000
818.830000 879.120000 -534.370000 831.280000
909.160000 -539.740000 -903.950000 -100.740000
475.090000 -571.480000 -652.180000 -873.220000
-913.920000 45.330000 -199.880000 -629.680000
454.540000 336.530000 122.980000 -392.350000
-698.090000 -273.830000 -12.050000 909.170000
286.930000 613.890000 -6.990000 278.020000
601.350000 619.070000 774.990000 142.050000
-764.630000 996.670000 520.180000 228.670000
-382.960000 -434.280000 -350.180000 663.500000
678.260000 212.020000 -891.710000 -496.960000
561.530000 -943.910000 -118.300000 -807.970000
491.830000 856.980000 -147.290000 187.890000
163.590000 -678.930000 -291.050000 -631.980000
149.680000 -692.420000 775.010000 299.380000
-879.640000 780.760000 25.870000 -260.610000
-159.050000 363.680000 -932.960000 143.400000
744.600000 -916.960000 155.470000 -498.630000
-268.840000 -725.870000 602.640000 -361.120000
717.810000 -876.050000 -393.360000 -631.810000
754.360000 -92.640000 940.280000 362.140000
-517.130000 220.930000 -376.010000 -807.180000
317.700000 -662.650000 -103.560000 8.170000
-521.470000 -616.230000 832.990000 424.030000
-707.840000 -633.800000 260.110000 880.570000
714.000000 353.820000 -361.990000 878.310000
724.360000 441.870000 540.600000 -74.890000
933.090000 -809.860000 352.630000 -840.800000
513.360000 323.440000 370.940000 800.440000
-135.890000 -500.450000 -217.740000 802.040000
358.090000 790.740000 -501.820000 914.270000
494.710000 544.180000 132.370000 -424.290000
994.780000 -745.900000 555.650000 -833.510000
-108.820000 409.400000 -996.240000 -633.490000
50.580000 592.410000 436.820000 470.370000
880.650000 -51.540000 914.830000 -306.740000
291.500000 439.710000 999.650000 474.780000
808.910000 -31.380000 701.330000 -77.360000
583.170000 249.170000 428.390000 217.760000
256.920000 -273.560000 213.260000 -413.990000
548.090000 902.020000 -970.460000 453.900000
-56.820000 791.690000 -338.660000 302.490000
939.900000 -642.940000 743.230000 845.410000
-166.940000 414.690000 962.700000 723.560000
-709.100000 -553.450000 -440.160000 518.780000
-60.030000 250.270000 94.570000 -388.190000
209.890000 93.850000 404.550000 -333.110000
330.550000 442.630000 -754.500000 -38.740000
70.720000 -793.050000 812.840000 -310.390000
409.440000 -673.670000 -89.330000 -433.930000
-357.960000 -293.550000 628.530000 703.290000
608.810000 -130.240000 -974.000000 486.150000
-551.080000 382.530000 -210.730000 -47.460000
638.570000 -440.420000 707.500000 591.320000
252.890000 461.970000 732.570000 245.230000
747.470000 649.460000 -310.210000 -488.830000
554.770000 652.860000 236.710000 -184.110000
728.860000 760.760000 -283.850000 375.500000
-376.720000 -815.060000 -40.910000 -804.680000
-692.300000 729.180000 -661.800000 -735.690000
67.450000 990.730000 429.790000 -19.000000
0.440000 -174.700000 652.430000 486.940000
-753.970000 728.580000 120.480000 393.650000
214.340000 -903.110000 690.470000 -59.380000
-213.910000 720.950000 162.260000 286.310000
-185.830000 -921.290000 516.770000 -512.260000
428.360000 -77.810000 980.940000 852.510000
-32.350000 905.680000 376.760000 354.280000
858.080000 907.830000 -230.950000 359.440000
749.130000 907.370000 -390.730000 -892.770000
930.530000 405.040000 -902.300000 -643.980000
-993.440000 158.310000 211.580000 621.680000
296.430000 987.980000 282.780000 647.310000
-10.900000 -819.010000 219.630000 350.250000
237.940000 816.940000 423.930000 258.390000
859.150000 -600.150000 417.030000 518.510000
823.390000 -384.030000 -522.070000 -135.210000
565.250000 -912.990000 501.050000 -106.010000
305.380000 -187.540000 11.430000 -829.440000
748.450000 -869.230000 -903.310000 96.230000
-524.820000 -264.990000 -338.160000 853.690000
509.240000 -511.740000 113.160000 125.410000
-73.510000 163.310000 -539.070000 -857.240000
644.480000 -711.990000 -800.940000 417.530000
567.140000 854.840000 -639.060000 692.800000
-345.240000 442.020000 -792.930000 -80.870000
-933.750000 259.710000 454.240000 -143.100000
-807.770000 -633.430000 -743.640000 -434.690000
-409.900000 -692.740000 -245.860000 -496.790000
-856.530000 -417.330000 42.320000 -672.080000
693.050000 551.850000 -161.280000 980.180000
433.980000 101.700000 843.760000 528.030000
-318.390000 -874.200000 -300.990000 -63.660000
140.350000 922.590000 -518.850000 -682.540000
-26.810000 -941.950000 595.750000 917.740000
-692.440000 712.320000 -311.330000 2.980000
442.140000 -208.950000 -311.600000 215.430000
-246.830000 650.890000 -799.610000 559.510000
949.430000 487.110000 -953.890000 179.580000
-717.780000 15.770000 -15.870000 -830.620000
489.450000 817.920000 -514.570000 -306.910000
814.180000 384.550000 -92.240000 563.550000
-162.500000 -924.960000 -665.790000 -339.170000
-200.410000 -470.450000 579.810000 102.070000
152.060000 516.690000 936.290000 373.310000
-219.360000 939.380000 500.580000 -435.920000
343.360000 420.890000 370.950000 -920.440000
-490.210000 822.240000 -471.970000 504.350000
16.600000 -493.610000 -221.400000 -847.350000
-583.280000 568.440000 -266.360000 -473.030000
-917.830000 -598.440000 380.300000 -2.290000
75.260000 805.460000 698.170000 546.880000
308.050000 517.360000 188.500000 414.190000
-773.400000 634.200000 -413.860000 -59.600000
531.330000 597.550000 546.150000 -980.240000
-801.930000 -889.420000 489.800000 299.940000
-284.870000 -448.140000 -95.660000 189.760000
-959.730000 17.970000 627.000000 -942.520000
-631.880000 -993.930000 834.510000 459.130000
125.560000 -196.130000 188.720000 850.600000
-140.900000 -68.390000 449.300000 -814.000000
-139.600000 -931.530000 13.460000 323.890000
666.480000 151.560000 536.860000 -712.140000
746.770000 -403.140000 422.290000 -740.000000
-496.000000 -954.770000 -280.530000 218.550000
174.510000 990.960000 552.010000 204.300000
-777.510000 -519.390000 73.010000 484.140000
-241.360000 817.130000 887.280000 -554.580000
195.470000 -15.770000 26.890000 -125.110000
454.040000 -644.320000 -473.250000 332.100000
-146.840000 918.210000 -717.770000 -622.500000
97.940000 56.260000 247.830000 466.720000
28.200000 -753.410000 -488.740000 -246.690000
721.170000 252.990000 -496.840000 497.490000
-932.890000 525.570000 421.130000 878.550000
328.940000 648.490000 -166.440000 -722.960000
657.010000 279.660000 410.540000 -261.190000
175.970000 -74.210000 -542.900000 866.810000
588.030000 -7.330000 555.130000 -319.210000
-528.370000 617.300000 48.240000 948.920000
570.630000 791.330000 493.840000 835.320000
-462.570000 -808.200000 968.250000 -283.560000
964.930000 -877.920000 -553.830000 -49.450000
-238.310000 496.750000 864.220000 -555.870000
-651.870000 -97.400000 -91.820000 -4.200000
75.860000 306.730000 -60.140000 186.910000
589.040000 788.600000 -31.100000 -616.550000
-736.990000 -343.480000 843.490000 -229.920000
908.410000 340.690000 174.900000 -607.270000
-298.300000 -303.710000 -934.820000 -104.850000
932.760000 -645.170000 892.720000 440.740000
-545.960000 815.230000 587.640000 921.890000
910.210000 183.290000 558.850000 -284.830000
201.270000 406.030000 631.660000 511.350000
531.860000 819.330000 476.280000 -164.160000
-406.720000 809.700000 -891.390000 -68.440000
-377.630000 -343.090000 716.230000 541.170000
223.040000 -496.360000 745.210000 543.890000
-200.730000 287.360000 810.410000 70.940000
-747.640000 -520.780000 386.190000 448.020000
-489.310000 -947.190000 -877.990000 -515.990000
548.220000 -292.210000 739.000000 -509.710000
-759.140000 -830.850000 -625.630000 389.700000
-782.020000 -421.680000 65.620000 -356.150000
-515.540000 -177.340000 -776.860000 35.240000
-998.510000 -548.100000 -498.920000 656.050000
636.700000 40.940000 -775.110000 -691.560000
-92.290000 -415.590000 -907.620000 -58.820000
-805.160000 -458.410000 -371.000000 844.300000
49.850000 173.410000 836.340000 34.000000
25.160000 -203.770000 -490.430000 -267.690000
722.080000 -33.540000 -965.790000 240.660000
-877.200000 266.740000 510.050000 614.690000
-508.100000 -422.870000 251.940000 -683.850000
-828.420000 766.020000 897.450000 -952.090000
302.070000 -800.900000 861.160000 -584.830000
-590.860000 19.970000 790.490000 -291.760000
-260.510000 926.600000 820.240000 -205.070000
199.060000 -821.980000 657.700000 597.720000
473.640000 993.060000 -708.580000 719.180000
-244.030000 722.670000 -784.110000 -38.370000
785.940000 547.340000 680.210000 -570.400000
-663.640000 -188.000000 -334.650000 -29.800000
938.870000 -465.020000 -640.920000 559.350000
-350.870000 -294.380000 -370.690000 -543.420000
-612.510000 773.830000 11.260000 -305.220000
956.740000 526.300000 412.440000 -414.780000
-966.600000 -110.250000 -807.350000 -74.060000
415.350000 -226.350000 -974.270000 -101.170000
582.130000 -164.760000 443.540000 -26.270000
560.960000 -543.860000 325.940000 408.980000
734.450000 421.560000 -22.380000 -231.730000
-398.330000 -463.960000 -983.250000 -371.000000
62.300000 -554.970000 202.260000 -798.270000
2.080000 -468.510000 -530.740000 862.160000
717.200000 -44.260000 -591.390000 891.080000
425.250000 -211.600000 451.520000 -817.050000
105.770000 -179.970000 606.240000 -321.510000
-181.900000 -629.430000 -656.880000 249.630000
-130.300000 659.010000 896.070000 43.050000
410.850000 161.460000 -292.020000 -918.140000
-802.570000 906.070000 -223.240000 -689.320000
-347.390000 -386.920000 556.850000 -206.640000
-314.160000 416.830000 -568.980000 792.350000
-866.870000 265.600000 -259.540000 -280.110000
-326.610000 128.480000 -810.670000 -439.250000
-564.880000 -955.680000 -806.470000 -472.520000
-966.780000 -242.010000 710.630000 783.070000
-613.590000 -402.890000 832.460000 -696.280000
222.170000 479.330000 750.660000 258.830000
-302.770000 -173.480000 -965.100000 -34.040000
692.070000 -799.270000 -755.270000 -694.930000
955.960000 955.500000 703.130000 -375.760000
-114.750000 -355.600000 -509.280000 825.330000
331.160000 445.990000 -927.470000 637.640000
832.950000 58.810000 929.560000 -943.150000
-404.190000 -374.490000 -359.580000 807.270000
704.370000 -19.730000 497.230000 175.950000
624.590000 411.520000 180.790000 -461.490000
-224.270000 955.150000 191.730000 -949.890000
774.270000 -217.070000 -521.260000 -410.310000
-64.600000 -549.990000 356.540000 -574.780000
501.650000 573.590000 765.060000 643.840000
860.130000 11.910000 374.700000 -756.810000
132.240000 -98.730000 -22.140000 -90.580000
-596.620000 369.900000 -647.670000 -212.310000
583.750000 -444.650000 840.730000 11.320000
-782.470000 -749.200000 -805.990000 -646.880000
-63.810000 917.850000 -547.380000 960.420000
-646.560000 -95.680000 678.870000 -678.790000
128.540000 363.800000 -297.590000 225.190000
-661.720000 -919.970000 -866.110000 827.460000
686.790000 586.100000 453.270000 655.130000
603.060000 672.320000 886.230000 953.760000
-973.440000 -336.810000 926.990000 -163.400000
829.040000 -339.420000 -984.870000 554.920000
-527.620000 769.670000 871.030000 57.640000
-178.760000 863.420000 -989.890000 -889.110000
231.150000 -633.850000 676.720000 -460.070000
198.300000 -422.240000 -619.630000 82.500000
711.620000 -394.240000 -655.010000 88.310000
676.710000 -145.740000 -489.520000 -761.330000
-465.100000 294.370000 -781.670000 418.340000
-612.270000 -883.530000 -17.520000 -0.460000
-291.860000 -304.810000 908.520000 -228.220000
-767.880000 218.710000 16.270000 570.530000
309.290000 162.550000 733.200000 -411.940000
-270.410000 -13.220000 -701.330000 -285.950000
-502.450000 -443.580000 -719.250000 -860.430000
-51.790000 -40.640000 -657.810000 -67.250000
552.850000 700.590000 697.410000 -345.130000
-333.720000 -925.140000 332.550000 336.910000
562.780000 186.730000 -822.120000 -938.770000
715.700000 -906.880000 944.120000 855.450000
-450.400000 -521.740000 317.600000 670.610000
-773.060000 -237.090000 -363.000000 -716.870000
491.780000 -571.280000 -212.480000 172.010000
385.530000 315.660000 741.830000 -33.200000
-314.690000 292.690000 -435.940000 -942.760000
396.930000 135.150000 595.400000 615.180000
-343.230000 495.250000 -352.830000 641.390000
-482.400000 842.070000 253.750000 233.260000
58.730000 848.880000 -938.200000 -594.060000
-629.420000 -355.760000 534.300000 774.470000
-333.790000 475.760000 408.830000 169.340000
472.790000 -944.550000 51.980000 -818.780000
633.750000 96.530000 725.590000 870.640000
-17.840000 674.710000 -488.700000 457.270000
-199.740000 -818.340000 295.430000 -314.160000
-180.520000 29.760000 252.990000 -929.950000
264.330000 160.980000 -715.110000 -561.050000
782.630000 910.320000 135.970000 -54.190000
-248.610000 922.360000 -377.100000 537.730000
-149.950000 -92.270000 -723.800000 -948.840000
409.410000 -225.270000 354.880000 -840.540000
172.660000 -566.920000 -171.560000 -610.560000
-486.150000 5.860000 -419.070000 -479.070000
355.670000 -72.650000 -125.530000 -741.540000
-99.400000 -435.390000 -627.460000 -606.700000
927.550000 -34.750000 -552.700000 -974.330000
210.900000 -522.880000 -133.560000 -487.240000
-226.560000 887.360000 -607.190000 -878.000000
495.380000 -150.470000 270.860000 754.410000
-979.990000 -852.720000 294.270000 -498.960000
688.990000 564.350000 -665.020000 -350.270000
-350.100000 46.670000 -685.780000 -345.750000
801.480000 161.740000 977.910000 617.270000
200.850000 647.160000 841.270000 -307.480000
29.760000 211.550000 -192.030000 -110.910000
-92.660000 62.660000 -112.140000 -272.940000
611.050000 111.630000 318.730000 -939.620000
492.080000 176.430000 -885.540000 -546.010000
-949.400000 -516.990000 -596.420000 -300.180000
-845.860000 550.360000 383.690000 144.960000
-756.100000 727.070000 -643.720000 647.220000
-346.290000 948.420000 -336.710000 554.220000
493.410000 498.450000 646.950000 -77.050000
-515.420000 554.010000 319.410000 -927.060000
-6.290000 527.830000 642.050000 -665.090000
-699.700000 922.550000 -523.060000 728.900000
125.130000 -787.160000 -396.080000 924.640000
-981.920000 428.440000 -216.750000 699.000000
467.200000 -661.590000 319.070000 -949.900000
-759.950000 -555.520000 199.930000 938.410000
-934.980000 -434.100000 -894.920000 852.600000
-401.090000 -267.950000 627.220000 -136.300000
-594.320000 -821.910000 -85.430000 899.270000
427.170000 -911.970000 -491.190000 439.590000
324.960000 -185.750000 -872.630000 146.450000
-142.270000 -858.370000 582.320000 -464.450000
-160.400000 -385.670000 -983.520000 756.390000
323.630000 739.520000 -439.280000 -964.210000
649.430000 531.300000 198.570000 -698.230000
-699.990000 -994.980000 -457.540000 -545.060000
242.910000 934.300000 278.630000 -101.280000
852.360000 834.220000 -964.570000 176.860000
878.060000 -678.140000 -273.990000 -234.740000
738.400000 441.870000 669.310000 581.780000
-951.250000 -360.910000 -912.830000 572.260000
560.210000 391.800000 -966.110000 888.830000
673.960000 988.080000 -334.710000 -51.270000
-660.540000 997.290000 -767.870000 945.470000
342.090000 534.320000 -33.690000 -735.320000
-987.000000 -31.150000 -893.320000 -908.290000
823.460000 -90.210000 63.300000 518.650000
311.660000 241.050000 -454.700000 -715.100000
-7.500000 431.140000 985.180000 -52.470000
-833.960000 227.610000 537.020000 728.300000
310.350000 955.920000 781.490000 -821.480000
-202.940000 657.940000 652.650000 569.380000
-19.680000 -984.930000 -345.680000 5.460000
-798.330000 103.370000 -417.850000 -305.690000
-35.430000 478.370000 590.080000 625.300000
-386.670000 -14.390000 -169.480000 972.960000
443.730000 -187.820000 -571.480000 -318.560000
505.040000 -773.890000 -387.480000 410.630000
540.910000 -413.880000 133.320000 -330.260000
-514.790000 322.460000 -912.930000 -238.610000
-838.500000 -47.180000 -156.840000 -452.700000
-491.730000 -709.460000 -397.350000 -408.610000
683.170000 -435.840000 133.320000 -909.120000
-24.120000 223.020000 237.150000 225.940000
-922.570000 -64.450000 600.840000 512.620000
649.440000 688.870000 11.040000 169.570000
-512.180000 -193.800000 -607.980000 -268.720000
327.300000 747.520000 -312.420000 38.410000
-817.270000 677.570000 -62.250000 158.240000
0.080000 567.010000 221.320000 -110.050000
-71.350000 485.680000 48.160000 201.510000
-978.760000 -229.110000 464.400000 30.870000
-547.620000 54.910000 190.780000 503.090000
-806.580000 969.840000 -903.460000 -127.900000
-502.240000 -280.780000 -48.420000 631.710000
894.550000 350.130000 971.670000 513.100000
-674.420000 -235.240000 875.040000 -464.950000
200.800000 6.540000 177.040000 349.600000
422.380000 -204.120000 812.930000 422.230000
-38.590000 150.760000 865.130000 56.360000
-537.890000 -751.110000 -178.450000 -761.290000
207.340000 -195.670000 30.090000 -746.830000
951.100000 -536.260000 -261.960000 689.030000
-958.420000 -858.000000 615.580000 -112.200000
349.400000 966.410000 -830.550000 228.340000
-859.600000 -442.390000 -840.710000 735.670000
-397.980000 -239.630000 -56.700000 -602.180000
903.250000 -554.330000 -141.070000 520.350000
393.470000 618.470000 351.810000 401.730000
238.560000 535.000000 -647.640000 -998.910000
-414.260000 -244.900000 -597.870000 755.390000
168.360000 -454.710000 566.690000 830.370000
826.540000 -959.540000 -357.100000 -933.130000
-296.630000 -621.100000 612.100000 707.810000
-216.980000 808.620000 563.620000 -742.870000
20.350000 -304.970000 92.960000 594.990000
546.110000 -104.470000 617.150000 897.670000
-137.240000 -195.720000 -644.920000 643.940000
903.170000 252.130000 637.190000 509.650000
879.430000 365.700000 -862.310000 436.620000
832.400000 -478.990000 -890.330000 337.420000
387.200000 507.410000 -356.090000 -615.990000
-238.930000 -605.460000 -77.200000 161.290000
-786.170000 102.560000 214.080000 31.510000
-660.170000 689.670000 -102.620000 203.400000
-583.360000 255.280000 -610.170000 349.620000
569.150000 -740.750000 880.810000 981.390000
611.350000 -449.710000 968.700000 657.670000
581.760000 502.180000 679.560000 573.590000
201.130000 57.020000 -620.630000 -480.120000
-507.920000 -299.170000 128.020000 -450.060000
-619.000000 -227.270000 562.460000 -874.470000
-386.650000 -727.250000 -298.070000 -679.840000
925.470000 -262.310000 962.110000 856.830000
-73.420000 934.830000 683.880000 41.200000
-533.580000 833.490000 -208.140000 -63.310000
-65.060000 777.150000 -236.360000 -392.040000
810.910000 577.950000 893.940000 -406.540000
3.740000 -846.650000 348.340000 198.710000
43.490000 -856.720000 556.210000 992.480000
-595.240000 54.760000 -117.840000 306.120000
-455.400000 227.530000 -595.620000 -697.090000
-232.500000 -541.690000 -97.470000 323.010000
759.670000 971.660000 504.240000 450.140000
-544.590000 892.340000 -27.660000 38.250000
-691.110000 996.070000 407.340000 474.710000
207.930000 276.170000 -826.940000 874.660000
570.080000 866.700000 -976.170000 400.900000
-240.000000 -794.310000 8.420000 -442.390000
-73.000000 -844.730000 -194.490000 180.560000
-475.810000 650.670000 478.910000 174.830000
364.410000 -482.310000 33.400000 -658.680000
-332.260000 696.340000 -67.070000 -458.060000
134.330000 -336.760000 962.840000 -758.340000
-512.990000 221.180000 788.560000 -847.600000
990.030000 976.770000 -132.750000 -670.640000
-850.750000 -675.190000 -124.480000 -709.680000
669.230000 -492.370000 -319.390000 302.320000
-383.810000 603.530000 380.000000 893.840000
-351.810000 -967.110000 -854.170000 489.700000
-947.280000 441.520000 -886.420000 -241.450000
-42.430000 194.340000 -816.640000 -809.390000
321.870000 -932.570000 -296.430000 461.500000
562.380000 -172.950000 720.520000 -178.490000
-937.230000 -480.270000 341.380000 84.750000
-153.200000 -964.210000 178.350000 730.330000
368.450000 487.610000 -750.070000 974.760000
-929.750000 725.160000 -867.260000 930.550000
-104.380000 84.590000 -944.050000 -860.980000
41.660000 -102.200000 352.190000 -179.990000
-755.180000 -913.110000 -679.800000 785.240000
-461.270000 -316.030000 -378.270000 208.520000
-288.010000 -673.100000 -95.030000 -590.690000
796.450000 311.290000 98.130000 -966.200000
486.780000 396.880000 384.200000 656.290000
-495.580000 790.600000 -418.960000 670.040000
-932.540000 803.230000 -295.590000 496.620000
-762.180000 -922.930000 413.360000 -284.570000
246.770000 986.680000 -81.760000 446.500000
625.580000 -15.700000 -280.590000 2.820000
975.450000 -917.290000 -979.710000 -266.660000
-20.020000 -386.880000 -144.380000 79.540000
-502.070000 650.300000 847.880000 -592.520000
283.590000 -897.560000 -769.800000 56.060000
-236.210000 582.330000 -406.280000 -959.480000
35.490000 -537.380000 587.330000 838.710000
-982.990000 592.030000 662.660000 -307.310000
-522.760000 -483.500000 393.750000 -49.860000
744.820000 555.970000 181.220000 -915.080000
375.040000 -487.100000 -710.340000 653.260000
156.510000 -358.230000 872.410000 984.560000
-984.180000 -774.220000 843.480000 -39.320000
10.500000 -952.790000 729.130000 527.680000
-150.860000 -110.470000 -522.830000 147.330000
805.560000 248.590000 -119.340000 -718.320000
48.840000 868.360000 830.120000 777.510000
968.990000 -465.980000 430.700000 -729.980000
905.240000 211.130000 -247.050000 -656.940000
-944.130000 539.330000 333.210000 -993.270000
923.950000 -937.910000 -726.270000 -149.770000
708.150000 800.590000 -748.800000 538.670000
57.800000 -258.070000 402.940000 -286.180000
-171.180000 -518.050000 762.170000 -310.030000
713.060000 903.720000 202.540000 -846.110000
952.190000 -482.900000 545.920000 819.600000
371.850000 974.070000 -266.640000 -554.400000
-911.760000 356.800000 -381.680000 927.040000
896.710000 -364.440000 713.800000 990.910000
-85.740000 66.990000 734.430000 -959.800000
586.390000 647.640000 774.160000 723.090000
427.160000 839.650000 784.370000 897.090000
-801.610000 430.780000 -567.830000 -124.690000
-122.760000 -684.670000 -521.650000 704.080000
-299.790000 223.060000 -386.080000 -952.440000
-51.920000 756.690000 -375.100000 393.030000
-545.180000 285.350000 875.110000 546.710000
-784.000000 488.790000 -321.470000 -301.430000
411.460000 58.460000 722.520000 840.510000
-294.140000 629.530000 -691.230000 662.050000
-363.800000 -879.530000 419.910000 205.600000
-173.850000 518.350000 -63.390000 583.480000
-350.710000 -586.670000 932.630000 813.200000
600.320000 -192.550000 283.630000 -352.110000
-362.670000 164.220000 -614.770000 -287.950000
997.240000 -822.110000 294.430000 -640.140000
-431.950000 225.520000 -992.020000 514.750000
343.830000 -700.510000 448.880000 62.090000
871.020000 -601.420000 325.180000 -244.090000
637.790000 -227.390000 500.240000 -228.550000
-166.170000 -964.230000 -381.890000 407.450000
585.690000 -290.960000 -65.500000 453.450000
158.000000 346.930000 316.550000 603.490000
-718.720000 -252.590000 85.770000 -521.330000
385.760000 466.030000 -759.290000 830.800000
499.620000 49.990000 332.560000 428.560000
823.970000 -30.550000 118.700000 279.270000
-263.640000 384.390000 83.310000 -591.540000
-579.300000 480.900000 -543.970000 -452.430000
201.820000 -10.290000 627.820000 191.570000
-632.560000 -754.480000 -19.620000 501.080000
-775.070000 139.790000 231.970000 550.980000
-747.460000 33.670000 251.180000 553.560000
-777.180000 473.250000 -318.200000 -672.750000
466.190000 -520.380000 -797.830000 -537.260000
-535.120000 384.670000 336.850000 -72.970000
-994.750000 11.290000 -998.070000 -536.810000
-529.850000 -190.540000 504.460000 431.910000
-7.480000 -337.440000 -780.900000 -945.760000
-571.630000 221.430000 442.070000 377.500000
252.830000 -86.860000 -578.140000 -32.200000
937.270000 290.710000 -288.830000 179.170000
-628.480000 942.310000 945.070000 -432.510000
-664.390000 610.290000 279.430000 -467.160000
541.690000 -716.430000 -246.840000 200.970000
-780.350000 768.090000 436.820000 920.740000
-922.220000 438.180000 -24.080000 982.620000
421.570000 -871.340000 -436.850000 432.550000
108.340000 793.340000 452.750000 -36.730000
318.630000 -682.390000 -890.080000 650.650000
164.440000 498.910000 129.410000 -377.440000
319.440000 332.270000 -814.750000 946.440000
71.440000 -835.550000 343.200000 74.150000
-240.120000 787.000000 576.020000 -147.850000
-758.810000 -900.700000 -683.770000 790.000000
-355.480000 -428.380000 979.890000 -29.390000
-541.220000 -811.630000 -395.660000 337.920000
-680.190000 -793.110000 -262.830000 63.420000
-968.360000 511.100000 964.670000 -242.850000
251.280000 -613.350000 -222.290000 419.050000
-967.150000 208.630000 -61.870000 -475.280000
-496.850000 783.430000 421.220000 573.900000
-829.330000 143.850000 -730.290000 887.760000
629.520000 -671.980000 -598.480000 -148.620000
-89.340000 -767.860000 623.420000 340.070000
142.940000 54.950000 820.970000 -648.010000
-523.640000 -903.700000 -559.710000 -422.690000
-782.840000 -26.050000 901.310000 -675.520000
413.060000 914.430000 -311.920000 -279.660000
-340.210000 -932.410000 174.030000 740.860000
151.230000 -453.680000 126.010000 -337.580000
-292.110000 5.830000 153.830000 -337.830000
-525.240000 -480.930000 807.570000 -360.900000
998.530000 -154.220000 560.550000 -970.970000
490.510000 709.110000 -863.690000 13.060000
153.530000 -649.840000 308.610000 389.650000
904.670000 982.680000 -319.410000 -709.430000
-83.420000 -961.520000 889.150000 -100.730000
-934.750000 197.570000 916.760000 -686.440000
-692.090000 417.530000 -159.890000 -584.290000
-351.830000 354.830000 -329.980000 -943.590000
387.050000 695.570000 -828.720000 442.560000
-271.420000 -848.820000 -632.940000 216.290000
273.120000 447.610000 727.740000 -169.100000
-130.390000 443.210000 385.170000 -279.840000
-223.970000 -453.170000 477.950000 794.190000
641.120000 -935.080000 73.060000 496.640000
627.460000 828.340000 -273.360000 69.520000
-836.460000 -749.250000 572.420000 -967.370000
-117.560000 572.690000 861.990000 -515.010000
537.630000 626.050000 -669.940000 -4.390000
-742.930000 769.560000 -211.600000 878.170000
761.010000 602.760000 708.040000 -478.300000
-740.830000 -541.670000 -796.280000 544.850000
-999.600000 777.250000 598.760000 -96.590000
-19.040000 276.360000 -286.680000 86.630000
212.530000 -811.480000 -600.080000 -623.430000
376.430000 928.110000 -324.380000 760.810000
565.440000 -18.310000 336.930000 -522.040000
49.290000 -921.850000 -888.330000 -358.010000
-59.940000 -899.930000 416.570000 -493.160000
770.870000 -7.440000 564.290000 -353.810000
-452.690000 890.450000 -317.250000 -307.060000
662.850000 671.940000 65.400000 988.570000
464.350000 636.230000 -227.330000 -295.360000
-633.140000 737.560000 163.290000 -988.490000
622.120000 -924.160000 -617.240000 -861.270000
321.530000 -811.130000 687.860000 -734.150000
106.750000 -584.270000 -696.410000 140.930000
223.520000 -683.580000 530.970000 189.360000
-125.470000 907.460000 -74.270000 -951.720000
-734.930000 -190.800000 20.330000 -613.250000
419.750000 832.170000 -857.210000 -247.270000
187.300000 -84.720000 572.020000 196.620000
583.970000 -912.310000 -960.210000 284.110000
96.420000 417.310000 -701.070000 583.780000
-236.070000 -109.800000 -762.440000 -379.760000
-700.170000 710.390000 459.290000 -226.330000
998.550000 -939.140000 409.210000 857.750000
259.380000 -654.820000 243.510000 -823.770000
-563.750000 -99.470000 209.470000 -326.910000
-253.750000 421.150000 -862.310000 513.900000
-408.740000 -388.690000 584.310000 682.080000
-888.430000 438.050000 -451.120000 488.640000
-800.460000 902.690000 871.330000 680.600000
-463.370000 -487.460000 -933.370000 -150.120000
-526.850000 -607.940000 483.280000 -633.910000
773.840000 17.930000 999.950000 -579.340000
516.160000 -985.210000 -996.590000 -24.500000
822.290000 816.260000 294.610000 66.240000
631.600000 937.720000 440.540000 751.970000
-922.430000 616.460000 831.720000 783.500000
-904.870000 106.980000 -330.310000 239.010000
-666.840000 -270.470000 -492.570000 -945.230000
210.770000 -728.000000 287.410000 238.790000
-616.530000 742.420000 481.620000 -320.630000
-193.510000 -287.180000 -194.790000 -667.760000
917.930000 -491.530000 371.650000 72.040000
640.360000 -515.280000 -830.660000 -131.770000
137.510000 -971.210000 -342.130000 -217.700000
121.890000 -374.640000 -508.050000 576.750000
623.930000 478.840000 -321.030000 167.600000
441.280000 522.910000 367.520000 469.550000
-323.470000 -14.520000 558.560000 941.140000
-39.660000 877.060000 -726.180000 -880.960000
747.260000 769.030000 830.950000 486.890000
-509.760000 947.390000 167.630000 -437.590000
-855.480000 -549.460000 616.880000 623.560000
-87.590000 -967.020000 809.860000 -687.100000
467.610000 -284.350000 -107.270000 -723.250000
-272.570000 115.230000 880.600000 -211.400000
-388.400000 189.500000 -601.830000 -427.730000
-865.750000 -309.190000 -303.550000 -659.640000
323.820000 -621.220000 -952.920000 -548.700000
-788.310000 -71.780000 -773.270000 -696.860000
-410.080000 881.450000 994.210000 447.920000
-646.070000 111.050000 599.450000 -949.420000
733.940000 -417.970000 910.860000 679.920000
-30.570000 -898.960000 -583.700000 -489.440000
-970.320000 -584.140000 -949.080000 -608.610000
-719.350000 428.810000 -468.010000 -822.270000
292.730000 772.490000 756.470000 685.360000
-158.670000 -271.070000 436.300000 -112.610000
-946.560000 916.900000 809.700000 839.390000
-468.920000 797.770000 -931.290000 170.470000
-468.220000 -915.390000 519.730000 362.180000
-62.950000 -900.860000 134.910000 -890.400000
-554.130000 607.920000 884.860000 231.110000
669.130000 588.750000 -582.130000 -103.560000
32.280000 179.370000 254.450000 34.900000
918.350000 -834.290000 -724.070000 226.760000
460.640000 -414.370000 885.890000 -209.600000
-172.230000 437.010000 418.340000 718.230000
-525.610000 -548.900000 -828.210000 -330.240000
-548.100000 532.550000 -444.630000 90.340000
-667.570000 777.610000 455.890000 328.680000
-4.440000 319.480000 -391.340000 -812.530000
70.220000 324.290000 903.120000 561.450000
627.650000 148.850000 -625.440000 -714.540000
-356.130000 802.530000 560.080000 -766.870000
-239.430000 285.310000 -110.340000 -482.950000
-509.200000 -696.170000 174.070000 37.240000
-750.390000 -819.480000 -192.100000 933.950000
689.710000 486.920000 -576.420000 -310.170000
327.280000 -889.260000 -275.090000 -383.700000
192.870000 -464.700000 676.820000 -25.530000
-195.250000 907.540000 -856.980000 -865.570000
499.330000 -860.690000 273.820000 -993.130000
327.310000 -493.610000 -468.400000 -143.250000
867.370000 455.470000 -755.790000 568.240000
-219.670000 -752.750000 -48.580000 275.110000
168.440000 -624.100000 -657.010000 64.670000
199.630000 411.690000 802.950000 -435.820000
228.010000 -405.050000 -307.630000 871.920000
106.890000 484.240000 586.760000 155.700000
-677.330000 303.610000 552.930000 805.720000
28.000000 505.910000 951.210000 72.450000
172.550000 -36.550000 -920.330000 -233.760000
675.870000 975.000000 982.890000 246.270000
999.790000 619.750000 -664.260000 -3.580000
-815.120000 428.030000 612.100000 60.420000
315.660000 737.660000 90.300000 -273.010000
899.020000 -772.430000 130.570000 -98.590000
-347.780000 144.370000 722.270000 -945.610000
463.460000 312.440000 -381.400000 92.820000
591.610000 -358.140000 -514.400000 -850.300000
404.190000 665.430000 533.470000 -80.310000
725.940000 -181.520000 -720.460000 -162.000000
-884.710000 -733.160000 278.220000 -620.400000
-7.020000 531.000000 -993.270000 -208.610000
-930.430000 -472.780000 -633.010000 -432.820000
42.810000 -674.840000 -16.370000 580.770000
782.190000 820.730000 -697.600000 -240.950000
-136.050000 512.210000 985.650000 870.100000
-450.710000 -108.060000 -638.360000 -584.320000
-686.740000 -543.660000 -890.030000 -53.090000
410.000000 809.420000 321.420000 -766.680000
126.480000 -129.130000 -1.170000 -472.040000
-81.620000 919.980000 461.650000 131.940000
-735.310000 -610.310000 912.350000 950.810000
129.720000 842.730000 -669.470000 -621.140000
414.650000 -155.560000 288.090000 -521.880000
-390.070000 -553.600000 52.160000 725.980000
760.290000 -266.130000 465.570000 408.890000
-414.940000 192.970000 259.810000 -976.530000
852.530000 202.570000 96.730000 102.280000
820.740000 -444.450000 819.640000 -148.900000
-919.850000 679.410000 -683.550000 -617.580000
993.000000 -236.390000 -702.050000 820.680000
275.950000 853.290000 -766.480000 392.450000
-439.100000 -89.190000 -625.880000 -455.980000
-959.280000 86.490000 -977.780000 856.060000
886.710000 -805.080000 -915.790000 554.920000
34.930000 -717.670000 -185.910000 -139.070000
-213.130000 802.050000 807.040000 -320.100000
-274.950000 116.390000 -862.670000 -184.990000
-166.470000 849.990000 -989.860000 -751.380000
300.030000 784.220000 -201.350000 -11.060000
-83.860000 -156.130000 146.510000 380.580000
-426.080000 -376.370000 -429.450000 -904.370000
-283.200000 284.430000 518.080000 750.100000
235.470000 -265.110000 -117.710000 -522.310000
-819.860000 -727.070000 -187.300000 -758.910000
-935.360000 -774.900000 -763.530000 -713.190000
-198.040000 -260.010000 302.070000 -655.350000
-952.230000 803.620000 -508.160000 471.880000
-93.920000 -939.060000 -210.110000 918.820000
-58.010000 94.360000 828.820000 -78.210000
630.670000 611.750000 864.730000 -688.010000
150.410000 393.030000 -950.200000 -277.910000
168.070000 990.970000 -692.610000 -803.040000
831.400000 -435.840000 591.500000 -185.340000
402.980000 -15.540000 -430.450000 75.850000
-626.880000 -23.040000 674.900000 600.890000
369.330000 103.790000 364.900000 680.750000
-561.500000 514.400000 626.930000 -283.950000
-151.510000 354.680000 -314.710000 -653.130000
-756.820000 795.370000 130.400000 -337.080000
589.470000 580.530000 946.380000 -188.910000
8.310000 -344.900000 -307.170000 405.540000
0.920000 381.390000 -384.630000 528.110000
-518.220000 -816.850000 172.440000 620.070000
188.450000 -753.010000 -213.790000 -186.950000
-63.010000 -621.700000 -683.780000 5.400000
238.040000 -573.450000 -851.770000 -62.170000
-592.060000 826.560000 723.730000 -140.230000
-841.560000 462.840000 430.910000 -690.310000
307.710000 -408.490000 -215.860000 -194.070000
-187.550000 655.130000 934.250000 937.070000
-981.330000 985.710000 358.130000 -993.900000
-199.950000 -245.590000 660.670000 258.040000
532.790000 -809.860000 -56.150000 -437.680000
-912.180000 -369.880000 -490.120000 494.910000
-417.600000 824.800000 -181.290000 -339.760000
442.320000 -275.150000 -8.010000 -333.130000
-254.440000 -859.040000 -395.620000 -47.520000
-510.330000 147.570000 -141.100000 527.070000
-391.370000 -86.090000 785.020000 948.520000
159.430000 104.400000 -335.740000 9.040000
253.400000 -196.880000 -693.930000 190.730000
46.250000 -548.780000 505.490000 -911.820000
-324.740000 -421.200000 739.310000 -911.910000
468.700000 -944.090000 -773.390000 -364.750000
-232.630000 -237.130000 556.270000 487.710000
61.380000 714.070000 -304.180000 -704.360000
689.100000 45.850000 603.980000 -240.700000
-935.520000 -968.440000 190.210000 264.760000
-371.180000 -65.920000 741.240000 -242.450000
850.520000 51.660000 927.960000 941.370000
849.610000 -225.920000 -623.550000 110.530000
-111.750000 416.550000 900.680000 -472.510000
-409.230000 727.630000 805.910000 -983.900000
-84.180000 369.140000 850.970000 -924.420000
-376.870000 843.950000 359.200000 921.290000
-459.320000 953.610000 -673.670000 -111.240000
-7.480000 794.360000 117.090000 552.180000
-569.320000 37.450000 347.640000 -442.390000
90.250000 723.000000 380.120000 869.920000
-949.130000 -495.540000 -299.000000 581.780000
-330.450000 35.820000 688.880000 -193.240000
219.990000 -179.780000 -622.280000 -990.780000
16.350000 340.250000 142.200000 509.020000
-598.580000 456.960000 -406.850000 -865.690000
353.940000 -161.950000 -98.900000 -910.730000
707.010000 -223.700000 -484.170000 -539.240000
155.250000 384.810000 243.390000 -740.000000
-186.660000 -557.600000 950.700000 954.970000
606.050000 27.550000 -177.970000 -96.950000
-54.140000 -68.120000 -289.410000 97.230000
455.030000 -587.050000 670.410000 -9.660000
-432.930000 -454.720000 377.070000 -709.280000
-673.270000 653.180000 331.420000 156.330000
41.530000 -447.450000 -958.140000 746.720000
846.820000 23.540000 342.970000 690.200000
-656.290000 -682.800000 -230.920000 -724.480000
557.850000 80.560000 908.390000 327.010000
-128.150000 284.820000 -377.040000 205.790000
104.470000 893.040000 -91.870000 -190.070000
-644.380000 -574.150000 269.080000 784.340000
717.270000 976.700000 -934.490000 43.440000
-48.470000 615.870000 319.770000 676.900000
911.040000 -740.270000 -163.540000 -569.150000
621.340000 -541.000000 97.820000 -207.160000
-175.810000 878.700000 -942.260000 -576.890000
-927.190000 -343.310000 976.020000 -109.450000
-12.250000 134.110000 388.650000 -141.360000
12.250000 -501.630000 584.540000 -963.990000
-788.700000 298.100000 942.780000 -765.130000
-989.750000 94.290000 277.110000 803.290000
3.600000 -224.600000 -203.050000 -320.230000
-809.780000 -539.690000 -650.720000 -212.210000
705.820000 -554.640000 21.940000 134.770000
-15.390000 -839.640000 -315.700000 -231.790000
-423.720000 -502.460000 -819.760000 590.310000
38.870000 932.780000 614.130000 -370.880000
-371.570000 535.430000 -992.180000 -822.410000
-480.540000 -752.450000 -608.830000 783.130000
994.940000 -184.100000 582.440000 -938.420000
-724.580000 -566.100000 92.690000 660.550000
761.460000 -108.190000 378.400000 897.730000
91.510000 330.430000 -680.560000 -84.300000
-390.330000 -52.780000 878.080000 -243.560000
-106.360000 325.500000 691.860000 421.370000
-112.080000 -107.500000 -754.370000 895.710000
477.170000 -164.840000 -698.150000 236.670000
827.010000 121.720000 -913.180000 -720.870000
-419.870000 -304.620000 266.950000 -359.740000
-221.490000 72.290000 -649.770000 878.370000
68.250000 99.910000 -468.540000 -231.780000
-79.950000 -620.230000 754.340000 -533.750000
757.880000 -3.120000 871.890000 -155.560000
343.440000 -616.340000 -104.850000 -940.810000
508.150000 -951.590000 -693.020000 -497.830000
-254.750000 -981.200000 14.860000 108.800000
-232.280000 -684.260000 -410.270000 -930.580000
-477.550000 -899.220000 384.770000 -202.380000
-249.670000 -166.820000 298.960000 -803.830000
415.490000 -703.150000 73.880000 -507.990000
893.180000 176.400000 -259.630000 -285.510000
198.790000 -170.620000 -736.640000 193.230000
-423.220000 79.400000 -759.620000 481.190000
-407.180000 134.460000 117.750000 -458.910000
960.620000 181.340000 -856.930000 232.010000
160.410000 -163.030000 -627.700000 -897.760000
-942.690000 -25.280000 948.030000 -151.020000
474.290000 -815.100000 639.300000 -743.730000
468.130000 -953.060000 -34.750000 -827.700000
-329.430000 739.380000 942.680000 -297.730000
