1
22
1
1
2
1
1
4
1
25
6
1
8
2
1
1
3
1
1
1
1
1
1
1
2
1
1
2
1
1
1
2
1
1
1
116
1
2
1
2
2
1
1
1
4
1
1
1
2
2
1
1
2
6
1
1
1
1
1
1
2
1
1
1
2
8
1
1
1
1
2
1
1
1
1
1
2
1
6
1
1
58
1
1
1
1
5
1
33
1
1
34
1
1
1
1
1
1
1
8
25
1
1
1
1
1
1
4
2
3
1
1
1
1
2
2
1
2
2
1
2
1
109
1
1
4
2
1
1
1
1
2
1
2
2
12
1
2
1
1
1
2
2
2
2
1
2
1
1
1
2
1
1
1
1
1
2
46
1
8
1
1
2
8
32
1
2
1
1
1
1
14
2
1
1
1
1
1
1
2
1
1
4
1
8
4
1
2
1
1
1
23
2
8
1
2
1
1
1
1
1
1
1
36
2
6
6
1
2
1
45
1
1
2
1
1
1
1
1
1
3
1
1
2
1
4
2
1
1
1
2
1
1
4
1
6
1
1
34
6
1
1
6
1
1
1
1
2
25
2
2
2
1
1
1
1
1
1
1
1
1
1
1
1
1
2
1
2
1
1
25
1
1
1
1
1
41
8
2
23
1
1
1
1
1
2
1
1
25
6
1
6
1
1
1
1
2
2
3
6
1
1
1
4
1
1
1
1
1
1
8
1
6
1
1
180
1
2
1
1
3
22
2
1
1
1
1
1
2
1
1
39
1
1
1
1
1
1
3
2
1
1
1
1
1
2
1
1
1
54
1
1
23
1
86
1
4
1
2
1
1
1
1
2
1
1
1
23
197
1
1
1
1
1
1
1
1
1
1
1
26
1
1
1
1
1
2
2
8
2
1
2
8
1
1
1
1
1
1
1
8
1
2
2
1
1
8
1
1
8
1
2
1
1
1
1
152
1
1
31
34
1
1
1
2
1
1
1
2
25
1
1
1
1
1
1
1
2
1
1
4
3
1
1
1
1
2
32
8
2
1
6
1
1
1
1
1
2
41
2
1
2
2
1
1
1
1
1
1
1
1
2
16
1
1
1
25
1
1
1
6
2
8
3
1
1
1
1
1
1
1
2
1
2
1
1
1
1
8
1
1
1
1
2
2
1
2
1
1
1
1
1
8
62
1
1
1
1
2
2
1
1
1
1
23
1
1
1
1
1
62
1
1
23
103
1
1
1
1
1
1
1
1
1
1
6
2
1
1
23
2
1
1
1
1
1
1
62
8
2
1
1
1
1
1
1
1
1
1
36
8
2
2
2
1
1
4
1
15
1
23
1
4
1
1
1
1
1
1
1
8
1
25
1
8
1
34
1
2
1
1
1
23
2
2
1
1
86
1
1
23
4
1
2
1
2
1
1
1
8
2
1
1
2
1
1
32
1
4
1
6
8
2
1
9
34
1
1
1
1
1
2
1
1
1
1
1
1
1
25
2
1
2
1
1
6
4
1
1
1
1
1
25
1
2
1
2
1
1
2
25
1
2
1
2
1
1
1
2
1
1
1
1
1
1
1
1
1
2
1
2
1
4
1
1
1
1
1
1
2
1
1
1
2
1
1
23
1
1
8
2
1
1
2
2
1
1
4
2
1
1
1
4
2
1
54
4
8
1
235
1
1
1
1
1
2
1
2
1
1
1
1
1
1
1
54
2
2
32
1
1
1
6
1
1
1
1
1
1
1
1
2
46
1
25
1
2
1
1
1
2
1
1
1
1
1
1
1
1
1
2
1
1
2
4
8
2
1
1
1
2
1
1
1
2
1
1
12
1
1
1
23
2
2
1
1
1
1
2
1
1
1
1
1
2
2
1
1
1
2
1
1
1
2
2
1
1
1
1
1
1
1
1
1
4
1
1
1
1
6
1
1
1
2
2
6
1
1
2
8
1
1
2
1
1
2
1
2
1
1
2
1
1
1
4
62
2
1
1
62
54
2
3
1
1
14
1
1
1
6
1
2
2
2
2
1
1
42
1
1
8
1
25
6
1
1
1
1
1
2
1
1
1
4
2
1
1
1
2
1
1
1
1
4
1
1
1
1
1
8
8
1
1
2
4
1
2
1
1
4
20
1
23
1
1
1
1
1
1
1
1
1
1
1
1
1
1
1
1
1
1
1
1
1
2
1
5
1
1
2
1
1
1
16
1
8
8
1
1
25
1
1
2
1
2
1
1
1
25
2
1
8
2
1
2
2
1
1
1
1
2
1
1
1
1
8
1
1
1
1
