50 10
34.75 68.45 39.22
6.51 -26.60 46.50
46.98 -85.22 48.72
24.87 -28.27 45.87
43.68 -68.03 26.61
11.43 28.76 36.67
24.35 4.76 9.76
0.35 1.10 44.01
31.64 -43.97 30.44
26.41 -40.34 30.39
28.29 -13.94 28.57
48.48 57.72 18.71
42.93 62.57 36.61
10.24 -30.09 49.68
24.28 -47.85 31.04
3.58 23.98 47.21
7.63 18.19 20.92
0.65 -10.24 45.79
49.72 -10.95 31.23
11.33 -31.07 40.97
4.43 -5.08 23.48
22.77 63.76 46.89
39.90 -11.79 5.97
40.71 -26.76 45.68
48.09 -56.86 43.13
3.83 5.18 13.44
45.55 79.02 40.00
49.48 82.22 39.92
4.21 -27.35 46.91
13.39 -38.87 35.17
27.58 35.95 39.29
29.66 -36.47 48.86
20.07 45.34 45.78
5.20 -11.18 37.54
13.40 -30.97 45.30
37.63 20.18 15.45
16.29 -42.73 37.90
48.79 -12.04 48.78
14.90 37.00 49.45
10.49 -32.02 35.43
38.31 -35.72 32.38
48.09 -70.38 44.55
43.42 -79.55 42.86
16.81 26.51 47.09
24.41 52.08 44.05
10.77 39.25 37.82
2.70 -7.63 24.47
1.36 -15.01 45.01
28.88 -4.79 35.63
1.84 -1.56 42.49
10.34 18.87
-29.15 24.66
12.32 26.98
-3.05 21.87
-38.85 27.30
-26.05 -18.24
-30.49 -19.21
-34.19 -18.37
0.84 11.62
-40.88 -30.33
