50 10
0.33 7.23 46.66
20.48 -29.38 46.08
36.69 -72.70 44.54
23.91 4.48 33.64
0.23 2.69 33.51
31.66 -30.93 37.40
16.16 51.51 44.55
27.95 -42.09 28.12
29.29 -18.24 33.99
27.40 -56.82 33.17
41.90 65.56 35.67
9.52 30.50 32.25
31.21 -39.12 23.99
39.96 72.68 34.39
46.34 -4.20 39.87
15.12 4.71 20.88
26.50 -18.63 5.09
36.99 9.83 49.04
10.05 1.01 22.38
32.19 -11.01 28.03
23.19 -53.34 34.18
5.90 14.47 41.80
22.48 -6.69 11.30
7.88 23.73 48.31
1.64 -15.54 37.62
1.68 5.65 35.59
48.96 -85.69 43.32
12.57 15.39 8.22
14.24 -44.95 39.11
0.54 5.52 24.73
3.85 22.74 37.47
49.05 -43.05 22.32
13.24 1.28 38.73
12.90 14.25 28.44
28.01 13.27 35.37
13.28 12.14 45.05
2.10 17.99 43.20
37.85 75.96 44.63
7.34 -7.80 3.56
30.75 59.55 37.50
43.60 15.74 17.27
36.17 15.12 40.63
21.86 -34.34 46.22
26.95 59.91 42.94
45.70 32.36 16.27
24.10 36.36 26.52
26.35 27.77 29.75
33.40 22.74 24.87
45.72 -31.08 11.77
45.04 -40.57 49.65
-23.22 31.04
-43.55 -1.55
13.92 33.44
43.74 44.54
-4.22 31.52
-30.10 -27.28
17.34 38.18
-45.75 21.74
3.53 17.59
-23.30 48.89
