50 10
38.01 8.63 43.47
1.58 14.40 37.30
21.93 -11.51 30.63
11.92 -31.09 35.79
11.56 0.31 44.88
34.28 -16.11 41.26
38.59 -22.23 18.84
40.46 56.52 29.12
34.36 19.47 28.72
37.09 -81.31 46.51
15.69 25.05 49.82
1.43 -7.62 18.31
15.18 42.33 32.00
30.80 39.13 22.04
10.59 -20.86 32.49
43.46 1.49 48.60
21.18 -54.14 42.14
38.61 -7.78 8.25
21.42 -18.44 5.26
48.54 -12.94 39.18
4.69 9.40 9.51
13.87 42.61 44.70
19.30 -26.02 39.14
29.35 63.08 37.94
34.30 52.31 26.61
12.87 -40.12 41.92
37.82 -60.28 24.37
23.11 -64.32 46.11
25.05 -31.11 37.21
8.23 12.53 18.48
3.18 9.68 47.02
26.84 4.11 16.77
7.51 5.56 48.22
45.87 -80.97 37.00
11.47 -24.16 29.63
3.89 -8.51 47.22
23.10 41.19 47.73
19.59 -32.67 15.17
23.91 -23.62 21.17
22.51 -39.29 33.62
21.50 10.80 25.18
8.24 -25.93 27.89
38.06 -41.11 22.04
21.90 -36.29 16.00
28.02 -2.81 15.65
38.80 11.52 40.57
17.92 28.40 34.63
10.63 -11.82 40.09
19.86 20.39 26.69
9.56 15.80 30.26
-15.09 27.89
-20.21 15.83
11.61 49.76
-25.58 13.08
16.99 46.04
42.84 48.58
8.85 14.75
33.91 39.85
-40.42 4.93
44.45 47.68
