50 10
47.42 -23.45 13.10
47.83 -91.70 49.25
27.88 28.09 36.33
4.45 3.36 20.78
13.06 -3.54 41.77
46.64 52.62 37.64
27.42 69.02 48.85
32.67 32.75 21.76
28.49 35.88 24.88
20.97 -40.72 41.99
3.96 -16.23 46.09
13.90 16.30 9.30
26.30 -48.69 47.17
49.46 17.13 44.90
43.56 -29.37 36.59
28.62 -38.99 14.70
40.76 -31.67 33.77
23.75 -62.74 47.28
44.63 -87.38 46.86
36.05 -41.99 22.53
44.98 82.02 49.91
36.05 -13.05 45.70
24.84 38.08 19.79
12.70 -35.67 49.90
37.26 36.87 14.29
35.39 62.43 47.82
19.60 -26.90 43.09
15.20 31.23 25.42
15.68 37.75 40.35
12.14 41.18 49.21
30.83 -48.43 31.09
11.47 5.49 47.70
46.46 -60.45 21.75
28.07 16.89 33.24
19.21 -1.66 21.77
11.01 29.43 42.96
21.76 3.33 18.21
14.73 -50.98 49.54
45.13 13.57 28.07
26.85 -66.72 49.63
44.03 -76.44 48.49
25.77 -9.66 16.73
22.57 -8.01 46.31
26.63 35.33 26.10
23.93 -64.21 44.88
49.62 -3.91 24.91
17.75 8.86 38.50
20.66 39.72 28.69
10.35 17.85 8.23
3.00 7.72 16.33
43.52 47.60
-46.05 0.07
18.06 45.01
10.26 32.97
-41.69 -23.74
28.87 33.68
-2.42 17.06
9.42 32.97
-25.02 1.13
-49.66 -20.17
