1000
1 2
1 3
2 4
2 5
4 6
2 7
3 8
8 9
7 10
4 11
9 12
3 13
13 14
1 15
8 16
9 17
3 18
14 19
1 20
13 21
18 22
1 23
3 24
15 25
10 26
17 27
13 28
11 29
28 30
24 31
21 32
6 33
16 34
12 35
4 36
7 37
13 38
11 39
37 40
7 41
14 42
38 43
14 44
40 45
3 46
18 47
7 48
13 49
47 50
42 51
23 52
41 53
30 54
10 55
8 56
11 57
30 58
7 59
25 60
19 61
39 62
10 63
33 64
39 65
11 66
20 67
24 68
18 69
69 70
25 71
62 72
41 73
11 74
16 75
14 76
53 77
40 78
73 79
40 80
28 81
41 82
18 83
34 84
12 85
46 86
44 87
27 88
77 89
11 90
21 91
85 92
88 93
22 94
29 95
29 96
56 97
58 98
85 99
16 100
46 101
28 102
74 103
52 104
38 105
82 106
22 107
92 108
37 109
26 110
68 111
74 112
16 113
46 114
4 115
94 116
90 117
19 118
60 119
47 120
119 121
112 122
74 123
90 124
5 125
8 126
36 127
125 128
60 129
52 130
112 131
38 132
104 133
103 134
92 135
50 136
58 137
93 138
70 139
134 140
81 141
84 142
102 143
91 144
78 145
131 146
104 147
25 148
134 149
132 150
22 151
43 152
77 153
34 154
18 155
42 156
41 157
46 158
50 159
154 160
65 161
114 162
21 163
58 164
124 165
122 166
81 167
110 168
49 169
93 170
73 171
69 172
90 173
14 174
45 175
156 176
121 177
108 178
121 179
168 180
53 181
155 182
154 183
1 184
89 185
25 186
79 187
115 188
125 189
175 190
27 191
14 192
110 193
126 194
26 195
32 196
13 197
74 198
14 199
83 200
72 201
84 202
190 203
197 204
74 205
203 206
128 207
52 208
110 209
143 210
92 211
204 212
136 213
56 214
199 215
12 216
31 217
25 218
44 219
144 220
167 221
197 222
53 223
93 224
64 225
158 226
89 227
206 228
196 229
173 230
88 231
25 232
134 233
218 234
38 235
69 236
150 237
24 238
222 239
230 240
173 241
148 242
99 243
67 244
157 245
105 246
72 247
16 248
152 249
133 250
181 251
100 252
87 253
35 254
113 255
198 256
237 257
80 258
92 259
207 260
85 261
138 262
75 263
187 264
77 265
178 266
152 267
115 268
162 269
117 270
39 271
40 272
89 273
202 274
182 275
145 276
109 277
225 278
172 279
132 280
12 281
178 282
211 283
197 284
187 285
170 286
133 287
49 288
59 289
231 290
233 291
117 292
178 293
167 294
208 295
4 296
8 297
67 298
283 299
204 300
213 301
222 302
103 303
236 304
140 305
289 306
180 307
120 308
33 309
132 310
227 311
87 312
300 313
217 314
238 315
175 316
90 317
181 318
276 319
314 320
41 321
137 322
91 323
66 324
53 325
118 326
285 327
303 328
199 329
23 330
183 331
103 332
260 333
328 334
119 335
130 336
123 337
335 338
331 339
254 340
195 341
17 342
58 343
165 344
80 345
129 346
250 347
269 348
164 349
159 350
101 351
115 352
262 353
135 354
117 355
181 356
314 357
335 358
342 359
33 360
45 361
308 362
245 363
301 364
103 365
107 366
348 367
312 368
121 369
221 370
357 371
80 372
188 373
28 374
302 375
103 376
127 377
326 378
192 379
52 380
238 381
142 382
37 383
112 384
370 385
223 386
256 387
168 388
93 389
67 390
176 391
233 392
29 393
262 394
122 395
118 396
363 397
289 398
295 399
236 400
295 401
105 402
42 403
103 404
124 405
377 406
181 407
226 408
254 409
319 410
253 411
154 412
202 413
158 414
314 415
121 416
70 417
293 418
295 419
309 420
83 421
127 422
237 423
395 424
151 425
11 426
55 427
166 428
308 429
212 430
332 431
236 432
311 433
164 434
184 435
268 436
97 437
182 438
159 439
36 440
310 441
151 442
363 443
407 444
128 445
267 446
19 447
28 448
271 449
45 450
311 451
226 452
228 453
127 454
355 455
171 456
301 457
73 458
128 459
168 460
403 461
215 462
248 463
350 464
180 465
436 466
179 467
196 468
389 469
133 470
427 471
93 472
342 473
277 474
121 475
178 476
364 477
232 478
149 479
262 480
190 481
44 482
262 483
425 484
82 485
283 486
302 487
406 488
352 489
64 490
399 491
128 492
112 493
171 494
300 495
389 496
482 497
457 498
199 499
1 500
368 501
2 502
478 503
478 504
258 505
382 506
410 507
75 508
371 509
421 510
436 511
296 512
336 513
508 514
385 515
297 516
235 517
192 518
397 519
411 520
103 521
456 522
48 523
516 524
505 525
28 526
71 527
382 528
466 529
5 530
389 531
64 532
343 533
200 534
327 535
46 536
207 537
5 538
186 539
224 540
250 541
461 542
259 543
443 544
47 545
66 546
189 547
73 548
504 549
66 550
470 551
250 552
411 553
407 554
518 555
515 556
351 557
264 558
182 559
69 560
160 561
450 562
296 563
549 564
57 565
320 566
26 567
404 568
226 569
459 570
157 571
169 572
243 573
495 574
161 575
272 576
442 577
232 578
347 579
309 580
143 581
362 582
131 583
206 584
428 585
196 586
234 587
176 588
461 589
333 590
43 591
450 592
578 593
47 594
340 595
462 596
414 597
167 598
426 599
470 600
364 601
422 602
173 603
443 604
341 605
325 606
383 607
241 608
333 609
212 610
481 611
323 612
591 613
363 614
467 615
115 616
359 617
468 618
200 619
507 620
589 621
460 622
418 623
270 624
448 625
417 626
339 627
357 628
265 629
90 630
516 631
424 632
417 633
161 634
407 635
536 636
400 637
306 638
164 639
425 640
630 641
121 642
402 643
533 644
391 645
592 646
278 647
266 648
611 649
556 650
256 651
190 652
634 653
370 654
575 655
496 656
188 657
230 658
372 659
53 660
54 661
361 662
533 663
76 664
154 665
466 666
487 667
3 668
555 669
306 670
271 671
467 672
589 673
266 674
363 675
131 676
657 677
444 678
33 679
337 680
555 681
321 682
141 683
415 684
542 685
521 686
565 687
238 688
373 689
520 690
201 691
95 692
167 693
481 694
555 695
342 696
534 697
12 698
376 699
678 700
164 701
236 702
487 703
620 704
145 705
279 706
365 707
511 708
81 709
154 710
512 711
617 712
2 713
501 714
392 715
469 716
671 717
520 718
667 719
623 720
720 721
531 722
55 723
234 724
261 725
410 726
642 727
93 728
76 729
179 730
211 731
347 732
452 733
238 734
550 735
247 736
251 737
415 738
452 739
382 740
109 741
674 742
393 743
300 744
646 745
170 746
251 747
400 748
153 749
429 750
393 751
266 752
34 753
53 754
641 755
680 756
608 757
273 758
603 759
5 760
602 761
683 762
723 763
692 764
731 765
639 766
313 767
509 768
722 769
659 770
416 771
495 772
426 773
183 774
581 775
620 776
483 777
100 778
130 779
583 780
486 781
351 782
115 783
386 784
415 785
721 786
30 787
45 788
608 789
115 790
759 791
772 792
472 793
429 794
481 795
477 796
251 797
688 798
428 799
494 800
109 801
396 802
305 803
623 804
42 805
78 806
667 807
671 808
567 809
776 810
351 811
250 812
241 813
674 814
640 815
547 816
754 817
25 818
623 819
747 820
61 821
754 822
11 823
507 824
175 825
404 826
538 827
68 828
545 829
266 830
547 831
641 832
348 833
283 834
549 835
673 836
698 837
295 838
737 839
300 840
406 841
832 842
698 843
701 844
55 845
165 846
540 847
528 848
727 849
470 850
711 851
394 852
608 853
332 854
320 855
563 856
400 857
825 858
794 859
656 860
806 861
316 862
688 863
309 864
647 865
164 866
222 867
535 868
67 869
394 870
154 871
523 872
376 873
788 874
523 875
638 876
64 877
586 878
739 879
709 880
853 881
199 882
236 883
768 884
50 885
306 886
47 887
59 888
509 889
35 890
110 891
412 892
591 893
814 894
522 895
634 896
435 897
221 898
865 899
203 900
461 901
285 902
448 903
555 904
760 905
421 906
237 907
113 908
233 909
33 910
351 911
557 912
460 913
498 914
260 915
711 916
304 917
827 918
348 919
95 920
75 921
532 922
248 923
767 924
899 925
753 926
57 927
400 928
490 929
838 930
37 931
725 932
17 933
633 934
174 935
61 936
303 937
564 938
358 939
653 940
398 941
856 942
403 943
675 944
89 945
391 946
580 947
462 948
157 949
886 950
276 951
667 952
857 953
407 954
720 955
581 956
86 957
272 958
558 959
866 960
210 961
522 962
686 963
535 964
597 965
505 966
23 967
779 968
956 969
826 970
856 971
676 972
63 973
132 974
693 975
654 976
605 977
643 978
910 979
271 980
172 981
630 982
974 983
8 984
309 985
371 986
217 987
330 988
189 989
304 990
340 991
824 992
798 993
395 994
948 995
119 996
667 997
804 998
995 999
449 1000
1000
all 128
give 936 15974
give 93 52386
give 339 50871
give 725 55755
give 237 57799
single 447
give 913 67234
give 253 10965
single 276
all 640
give 838 83417
single 168
single 22
all 911
all 797
single 183
single 836
give 35 57746
all 235
all 37
give 660 29063
single 234
all 787
give 990 72953
give 628 72060
single 348
single 957
all 444
give 962 75112
give 122 55268
give 228 9983
give 217 13604
single 46
all 962
give 788 36356
single 927
single 866
single 803
all 512
all 47
all 851
all 940
all 150
all 186
all 292
give 253 80939
give 207 7130
all 329
single 509
give 38 34445
single 45
single 141
all 265
single 850
single 795
give 767 94447
single 538
give 481 51222
all 673
give 390 22097
all 757
give 895 67854
single 267
give 107 13168
single 637
single 132
single 366
give 837 95813
all 392
give 473 36525
all 572
all 640
all 155
single 280
single 339
all 16
single 36
all 242
all 81
all 723
all 544
single 604
give 602 98792
give 380 9831
all 121
single 176
give 761 2712
all 138
single 973
give 719 41223
all 600
give 724 74095
give 558 96851
single 700
give 964 97876
give 31 49098
all 231
all 870
single 424
single 273
single 459
give 105 31768
give 548 45298
all 597
give 552 73103
all 832
give 266 77898
give 707 39629
single 795
all 302
give 339 56609
give 239 69511
all 841
all 197
all 55
give 343 35818
give 960 2085
all 849
all 563
give 814 906
single 954
give 840 82660
single 187
give 404 58490
all 525
all 143
all 94
single 95
give 412 12402
single 783
all 936
single 290
single 588
all 638
single 302
all 196
give 973 86059
single 497
single 572
all 176
single 424
give 81 67759
all 904
give 159 46331
all 739
single 160
all 905
give 937 880
single 853
single 621
all 929
all 554
all 25
all 957
give 946 70868
single 34
all 997
give 978 79466
give 827 83996
all 514
single 274
give 548 61644
single 649
give 585 42177
give 516 50922
all 965
give 694 12983
single 757
give 866 65271
single 882
single 722
all 295
give 842 76619
single 123
all 737
give 390 47074
all 432
all 600
give 928 49626
give 815 14565
all 64
give 470 28990
give 758 70450
single 188
single 672
all 263
single 441
all 410
all 838
give 816 4802
all 151
all 290
give 605 9075
give 621 27586
single 668
all 699
give 1000 56675
give 996 65141
give 29 84305
single 516
all 329
single 551
give 826 79532
give 427 91849
single 499
all 956
give 597 76880
single 115
give 220 32709
all 195
single 22
give 587 43904
all 326
give 113 12372
give 104 26194
single 675
give 449 48605
all 966
single 482
single 619
all 12
all 466
all 144
all 189
give 789 10937
give 733 9112
single 775
give 270 80156
single 56
all 504
single 791
give 526 10693
all 200
give 693 32206
single 722
single 339
single 337
single 738
all 843
give 43 91465
single 966
all 471
single 987
single 656
give 834 62636
single 328
single 76
give 239 31339
all 311
all 657
all 31
give 753 33981
single 980
give 203 37293
all 247
all 483
all 434
single 556
single 795
single 866
all 185
give 734 80611
all 23
all 598
all 602
single 604
all 900
single 121
all 744
single 901
all 483
all 62
all 770
single 90
single 113
all 770
give 209 13550
single 805
give 547 49648
give 925 97548
all 256
give 656 38139
all 772
single 137
all 665
give 687 34655
all 247
all 357
single 270
all 761
give 851 14297
give 918 53278
single 937
give 764 72928
give 818 51556
give 552 95605
single 790
single 558
give 677 41183
single 509
all 857
give 630 31035
give 676 45833
all 298
single 215
give 861 69088
all 780
give 243 62516
all 254
all 149
all 656
single 956
all 437
single 464
all 788
single 464
all 66
single 845
all 961
give 334 35984
all 780
give 784 43207
give 979 55474
all 276
all 97
all 893
all 215
single 399
give 202 82709
give 964 38180
all 201
all 39
give 851 41053
all 384
single 46
single 942
give 620 94727
single 476
all 363
give 822 10651
single 861
all 73
give 681 77912
single 361
all 546
all 744
all 458
single 30
single 497
single 988
give 345 63101
single 123
all 274
give 499 9118
all 979
all 527
give 162 95205
single 965
single 513
single 337
all 104
single 974
give 280 16129
all 292
all 941
single 784
give 228 99210
all 64
all 56
give 4 52715
give 90 55009
all 693
give 728 65347
all 846
single 756
single 686
all 766
give 450 45876
single 25
single 804
all 408
all 356
give 449 55559
all 910
single 447
single 494
all 21
give 115 55117
single 866
single 709
all 861
all 198
single 626
single 620
single 378
give 754 75586
give 744 27923
give 212 75932
give 715 91154
all 587
single 25
single 829
give 342 30536
single 95
give 540 54721
all 279
all 625
all 924
give 980 14144
single 741
all 46
all 265
all 544
single 416
all 717
give 531 87058
single 283
all 486
single 53
single 600
single 851
give 266 22363
give 145 50360
single 992
single 405
single 450
single 802
single 543
give 419 29121
all 675
single 785
give 543 57233
give 795 96333
give 584 78176
give 595 12074
give 790 58665
all 262
give 33 93729
give 501 92440
all 389
give 752 67288
single 208
all 754
all 327
give 700 89319
all 150
all 91
all 111
give 826 30612
all 427
all 312
single 762
all 180
all 202
single 941
all 564
give 48 39364
all 277
all 459
single 808
all 988
all 404
single 783
single 394
single 134
give 984 56156
give 789 40064
all 705
single 190
single 349
single 338
single 744
single 504
all 265
single 298
give 172 89249
all 973
give 962 30095
single 579
give 588 43324
give 993 13979
single 279
single 871
single 500
single 461
single 990
give 234 82042
all 947
single 245
give 489 88760
single 529
single 908
give 49 12340
give 380 33453
all 981
give 556 98523
single 666
give 879 27511
all 629
single 77
give 924 88073
single 274
all 239
single 597
single 376
give 532 95126
single 146
give 267 81813
all 925
all 785
all 160
single 103
give 643 51937
single 839
single 152
all 200
single 678
all 801
single 611
single 206
all 134
all 687
all 108
all 961
single 305
all 280
give 663 76733
single 360
give 665 75101
single 529
single 780
all 994
all 8
single 10
give 386 60100
all 323
single 577
give 730 77373
all 61
all 768
single 837
single 844
single 258
give 370 87924
all 28
give 980 16471
give 858 12429
all 740
single 916
single 369
single 561
single 126
all 60
give 934 36072
single 563
all 718
give 524 11903
give 124 23089
all 747
all 249
give 842 6252
single 283
single 811
give 27 77990
all 519
all 811
single 831
single 243
give 353 76821
single 402
all 957
give 537 39811
single 264
single 374
single 779
single 305
give 415 3562
single 315
all 160
single 30
give 618 95605
all 950
all 824
single 334
all 165
single 849
single 391
all 594
all 466
single 984
all 990
single 74
single 208
all 725
single 920
give 830 11141
give 687 73230
single 323
give 925 97019
give 137 48695
all 935
all 812
all 135
single 884
all 992
all 548
single 938
all 829
single 188
give 564 12492
all 390
give 465 58682
single 432
give 36 96788
give 485 71017
all 337
all 225
all 414
give 385 52208
give 659 50895
give 56 60801
give 919 45602
single 363
give 273 19413
give 926 75586
give 180 22076
give 63 79643
all 489
all 751
give 705 31125
single 534
all 177
give 455 71440
single 413
give 664 90262
single 544
give 766 57845
all 561
give 862 88587
all 656
all 743
give 630 8953
all 497
all 94
all 288
single 80
all 994
give 836 65610
give 99 92586
give 236 86025
all 885
all 161
single 331
give 823 14114
all 977
all 142
give 791 71776
all 734
all 413
single 882
give 826 51838
all 540
single 38
all 295
all 437
all 586
single 260
single 523
all 515
single 358
give 802 83279
all 642
give 661 16020
all 173
single 22
all 565
give 334 48982
give 61 90570
all 800
single 17
give 628 30060
give 173 26161
give 867 34089
single 724
all 571
single 371
single 29
single 763
all 485
all 367
all 317
single 718
single 617
give 827 36323
give 941 68045
single 20
all 264
all 970
single 320
single 970
single 433
give 798 35740
single 46
give 238 25769
all 51
single 509
single 885
single 295
give 138 28463
give 221 45127
give 538 47181
single 488
give 127 63657
give 738 49651
all 907
single 461
give 806 74457
give 697 19177
all 605
single 126
give 215 71267
give 410 66460
give 414 65915
single 249
all 662
all 787
give 428 79360
single 305
all 654
single 500
give 508 74460
give 372 9598
all 249
single 441
give 625 18664
give 819 68259
give 579 94374
give 261 84641
single 84
give 645 26000
all 758
give 116 21324
single 261
single 747
give 103 67483
single 101
give 671 97013
all 496
all 490
single 365
all 997
give 51 46715
give 952 17679
give 166 76412
single 1000
give 503 88819
give 929 10121
all 280
all 216
all 774
all 395
single 803
single 926
give 448 16085
single 914
single 457
all 837
single 943
single 115
all 213
single 541
all 115
all 129
all 119
all 900
single 267
give 820 96296
all 560
single 193
all 429
all 723
all 469
all 561
single 225
single 584
all 348
single 3
all 505
single 865
give 672 6276
single 129
give 149 41570
give 183 54165
single 726
single 732
single 107
give 937 59485
all 909
single 26
single 894
give 496 76780
all 629
give 620 15881
all 162
give 489 57464
give 334 23354
give 863 81
give 170 33049
all 5
all 343
single 602
all 800
single 920
give 301 65980
single 344
give 36 40555
single 662
all 996
all 255
single 942
give 782 53916
give 657 921
single 906
all 42
single 740
all 729
single 841
single 418
single 972
all 144
give 390 32913
all 841
give 376 47441
all 670
all 216
single 644
all 635
all 655
all 235
all 217
all 553
all 495
give 150 96979
single 343
give 247 77998
give 259 40193
single 714
all 982
single 207
give 898 32010
give 644 31941
all 103
single 70
all 603
all 635
give 362 99884
give 357 35744
all 268
all 117
single 754
all 208
all 940
all 212
give 318 86603
all 626
single 305
single 234
all 720
all 453
give 228 5313
single 328
single 898
all 743
all 1
give 753 46727
give 716 68494
all 272
all 167
single 351
all 647
give 850 70957
give 510 13995
single 757
all 353
all 695
all 525
give 20 80048
single 484
all 386
all 797
single 817
single 293
all 386
single 960
single 636
all 957
give 450 61042
all 383
all 859
single 224
all 199
single 510
all 241
single 465
single 382
give 469 83156
all 393
all 267
give 416 56301
all 364
give 553 83239
single 268
all 906
give 183 54548
single 884
all 510
all 979
single 817
single 384
give 974 81392
all 507
give 509 84397
all 163
all 590
all 712
all 787
single 424
single 894
give 991 88421
single 974
all 229
give 218 78218
all 888
all 441
give 705 31734
all 692
all 652
single 953
single 56
all 86
give 795 16872
single 386
give 86 28571
give 700 39227
all 459
give 718 7019
all 232
single 674
all 671
single 192
single 268
single 697
all 295
all 543
give 439 17595
give 669 70961
all 960
single 572
all 522
give 275 86047
single 322
single 618
single 602
give 329 22313
give 752 64851
single 3
give 729 18048
single 756
give 933 55556
all 969
single 49
single 413
give 232 57697
give 9 9393
give 501 16553
give 438 10902
give 447 43190
give 912 31888
single 588
all 641
single 114
single 579
give 919 44238
single 536
all 447
all 540
give 718 38784
give 190 6928
give 888 37581
single 499
single 584
give 662 34949
all 387
single 672
single 570
single 469
give 315 71573
all 808
all 215
