0
0
0
0
0
0
0
0
0
0
0
0
0
0
0
0
0
0
0
0
0
0
0
0
0
0
0
0
0
0
0
0
0
0
0
0
0
0
54558
0
0
0
0
0
0
0
0
0
19496
0
0
0
0
0
0
0
0
0
0
172748
0
0
0
86374
0
0
0
0
0
0
0
0
0
0
0
0
0
0
0
0
47636
0
0
0
86374
0
0
0
86374
0
0
86374
78130
62187
0
0
0
10354
0
0
0
0
0
0
0
47636
0
0
0
0
59154
0
0
0
0
0
68560
0
0
0
0
0
47636
0
0
21694
86374
47636
144386
34149
12436
0
86374
0
0
0
0
78075
0
0
0
0
0
0
0
47636
0
0
0
122305
0
0
15481
0
436464
15481
0
10076
0
7758
0
30962
0
0
0
29596
24746
0
0
0
24746
0
58416
86374
0
869695
47636
74018
56758
34822
93310
59154
0
78075
777366
219279
0
0
46440
122305
0
0
0
52131
0
74238
24746
24746
0
49492
24746
0
0
0
0
68560
0
0
0
82168
0
67304
197315
0
379882
0
366915
47636
0
24746
708732
24746
154
147506
0
0
0
0
47636
0
122305
24746
0
74238
24746
24746
0
63763
24746
0
0
0
0
109850
0
54558
0
0
34822
0
34822
0
0
24746
17377
172675
0
0
0
62453
62187
109850
238396
0
220762
0
90067
67304
24746
452686
24746
74238
46440
109850
775670
157610
92587
495578
24746
49037
0
0
107054
0
0
0
0
67304
34822
107054
24746
82618
158266
0
0
0
56527
11102
0
0
49492
158266
24746
39138
71508
0
0
0
271236
0
24746
0
107054
0
220107
451479
24746
71236
24746
0
47867
0
34822
0
0
24746
78075
46440
0
49492
24746
34822
34995
46440
113332
181723
685168
0
0
157610
629732
1006991
147925
157610
88691
0
67304
24746
0
0
148476
652510
24746
0
34822
0
319867
0
74018
63763
0
145982
137120
0
0
46793
74018
0
0
60944
81996
0
24746
78731
0
107054
0
0
0
0
0
129900
107054
98984
410532
24746
12658902
362928
0
0
82618
0
82168
24746
0
205266
0
49492
24746
0
0
24746
81755
629732
273444
24746
24746
135629
59192
24746
1756146
0
71236
708141
254058
1123928
39138
220107
0
90732
71236
155704
234828
67125
0
947450
0
0
157610
49492
24746
34822
135629
0
205266
0
0
0
0
321162
410499
94926
54558
0
24746
67304
135350
580116
0
24746
71236
0
87160
61380
0
136833
52941
0
93892
0
34822
33444
181723
135350
71236
96333
107054
46793
62433
283885
67304
0
54558
0
342849
0
93892
189074
790344
127925
93586
113332
24746
211331
107054
1471604
157610
0
241785
93892
5556
98074
82618
0
272196
52941
0
81755
82618
199161
0
214108
777470
24746
0
0
87160
36154
67172
181723
135350
142472
86901
205266
86901
94041
109850
142188
111627
0
0
87271
71236
1071834
160575
0
167148
74018
0
107054
67125
724165
217044
45714
108522
0
108522
157868
336360
0
147549
108522
71236
36154
128185
34754
12731
46440
256328
211514
39825
108522
203804
321150
108522
159201
88691
126674
325566
424978
0
1510580
0
62187
0
98690
76555
54558
135629
181723
483483
74018
135350
65582
0
104642
0
49183
0
141847
74018
0
124906
0
0
0
211514
0
6958
205266
315220
0
128185
334881
8188241
0
49183
0
161324
549250
0
104642
24746
152293
113332
80127
112366
142188
0
334881
24746
0
0
63502
342849
318402
157610
74018
0
0
426564
0
63763
124298
0
74018
157059
0
107054
0
133373
205266
93892
104642
124866
630440
12857
0
157610
157610
103410
0
0
126032
266746
54558
157610
3623172
229265
63763
109850
251945
98139
90067
103012
66657
0
1125117
0
0
107054
78466
285768
191488
105528
157610
75095
94460
5783065
138224
709129
284072
142472
0
458530
93892
173802
185047
0
63502
188776
0
622831
0
181723
59917
76555
205266
142472
