80 6434 80 6434
No
41039 -44209 -12631 13608
32895 61233 32895 61233
No
20887 11057 20887 11057
87230 -80735 -11786 10908
10786 -5559 -26177 13493
65032 -37875 -4768 2778
1334 2197 1334 2197
No
No
26256 -22544 -14739 12657
No
12081 -7972 -46576 30732
17093 -16426 -15344 14746
51410 20606 51410 20606
4119 -20810 -4328 21868
26013 24655 26013 24655
13215 10056 13215 10056
19414 23187 19414 23187
15482 -5157 -17660 5880
2718 -18593 -658 4488
No
No
No
7392 4015 7392 4015
78638 -10003 -5499 699
23097 -39621 -32522 55789
27070 74247 27070 74247
24635 -13100 -14396 7655
52718 49457 52718 49457
19283 23759 19283 23759
No
3517 -6124 -31720 55221
No
25719 18151 25719 18151
37615 21582 37615 21582
21975 -42173 -18330 35174
16773 -38268 -8358 19064
No
No
50664 13678 50664 13678
No
No
10689 -25340 -5864 13905
23095 -20333 -39919 35144
33203 -75893 -9150 20912
No
43813 -19451 -18115 8040
No
No
No
1024 3305 1024 3305
1284 -107 -13978 1230
1428 5540 1428 5540
14670 -11768 -14787 11864
32512 -26771 -64441 53060
5323 -3810 -51940 37177
39991 30059 39991 30059
83530 -28883 -1784 618
9601 3109 9601 3109
39610 11360 39610 11360
2602 -4166 -9119 14574
No
No
50586 -517 -32073 327
No
No
5401 6339 5401 6339
6492 1756 6492 1756
4335 -3950 -4268 3886
25735 11095 25735 11095
26273 -23230 -69946 61846
No
15671 15634 15671 15634
22940 38200 22940 38200
24651 -37568 -13786 21010
12143 9641 12143 9641
1741 -2409 -51398 71134
16585 -14612 -75927 66899
6449 -7152 -41817 46379
43453 -21194 -50230 24501
No
5120 9442 5120 9442
No
No
6109 -30562 -2009 10045
No
41070 53472 41070 53472
45062 19081 45062 19081
7961 -15909 -16727 33426
79 3269 79 3269
1778 4221 1778 4221
37870 -14073 -39498 14678
No
54512 -31332 -34782 19991
No
5925 31460 5925 31460
49156 12289 49156 12289
8741 11799 8741 11799
13526 72117 13526 72117
No
19484 -4253 -31234 6816
12340 -21329 -13053 22564
6886 8181 6886 8181
3939 -37682 -565 5389
11654 10717 11654 10717
3556 -25397 -1191 8485
2843 8092 2843 8092
No
55186 46926 55186 46926
37051 29465 37051 29465
33966 -2675 -26063 2052
No
6031 3595 6031 3595
No
32630 -55187 -17544 29670
18486 22463 18486 22463
12826 -11397 -26043 23138
7840 -34453 -5538 24338
44740 -60552 -28354 38375
23924 25898 23924 25898
7525 21885 7525 21885
No
13657 41896 13657 41896
No
29380 -23091 -35040 27540
3399 -13112 -11679 45069
9606 -4695 -40285 19690
12164 -3025 -545 137
68248 9883 68248 9883
45 242 45 242
18840 -21533 -40259 46016
No
4280 -6194 -19999 28938
6283 15996 6283 15996
8095 9252 8095 9252
41011 9889 41011 9889
No
34827 -22709 -16420 10706
3447 17052 3447 17052
60451 49812 60451 49812
67081 13729 67081 13729
53822 -20813 -388 150
15291 -10924 -43772 31276
20389 13469 20389 13469
18424 -37929 -4415 9091
19952 -8148 -51662 21099
No
42428 -11586 -25611 6993
2781 2577 2781 2577
18265 -5257 -39657 11416
No
24758 -4193 -25945 4395
33925 -31090 -57326 52533
No
433 60 433 60
3254 -21238 -5961 38913
No
9983 9200 9983 9200
19706 27090 19706 27090
5524 -85505 -578 8940
No
7545 -32189 -9104 38847
No
25774 57686 25774 57686
67679 12526 67679 12526
No
11383 25968 11383 25968
18306 18883 18306 18883
No
8404 19094 8404 19094
4711 -1757 -51915 19374
57437 -11796 -10849 2227
No
1163 56351 1163 56351
1229 3336 1229 3336
3857 2133 3857 2133
8920 -4442 -90115 44865
No
1983 -2085 -3754 3966
56314 1874 56314 1874
No
41815 25149 41815 25149
No
No
62089 4784 62089 4784
3329 15010 3329 15010
No
No
No
16696 -41722 -14221 35534
No
No
20088 62094 20088 62094
74552 -67974 -21758 19839
31593 -8423 -10392 2768
No
69917 -66384 -19692 18697
16546 17552 16546 17552
No
No
No
2316 -5302 -29493 67506
1334 -2581 -6085 11829
No
12512 1086 12512 1086
No
4239 10484 4239 10484
41117 -59600 -10990 15930
11110 18488 11110 18488
No
51097 -32430 -28578 18138
5111 15157 5111 15157
No
19669 18454 19669 18454
55146 -77100 -14975 20938
31541 -44120 -20628 28856
No
80762 34880 80762 34880
31460 6991 31460 6991
No
110 -82 -772 393
No
4837 -36951 -1992 15211
43945 30248 43945 30248
8715 10155 8715 10155
No
5558 5874 5558 5874
15392 17478 15392 17478
6882 1298 6882 1298
No
28661 22628 28661 22628
4906 -15744 -2677 8602
No
49332 -15016 -14273 4345
22301 51359 22301 51359
32316 -56785 -4606 8092
6093 5009 6093 5009
46270 61177 46270 61177
5599 -26952 -6977 33575
47366 -65990 -2926 4077
22778 -8374 -4511 1656
No
17934 23778 17934 23778
1873 60494 1873 60494
49806 692 49806 692
2746 379 2746 379
125 -4118 -2250 73418
No
26827 70988 26827 70988
6725 71180 6725 71180
No
35901 18077 35901 18077
61944 64253 61944 64253
6133 -30406 -7324 36305
11016 -27079 -29645 72879
No
625 -109 -51967 8972
1530 1765 1530 1765
No
7131 54133 7131 54133
20856 -22259 -42133 44966
3758 10683 3758 10683
18507 -29400 -22274 35383
No
22805 -9509 -55934 23323
4171 -19095 -1714 7842
10184 -6819 -56573 37871
No
13604 34421 13604 34421
No
21713 6593 21713 6593
27320 38693 27320 38693
52509 1774 52509 1774
895 -2786 -11052 34452
11809 32747 11809 32747
38910 -27412 -45293 31909
696 191 696 191
19626 -6154 -18163 5696
No
23479 -22829 -18444 17935
No
20604 19107 20604 19107
No
43542 -6750 -8865 1376
10065 13441 10065 13441
20601 11783 20601 11783
No
No
No
No
No
No
3456 8 3456 8
6681 3534 6681 3534
41074 -36117 -27400 24094
15119 -34951 -13755 31804
5290 3968 5290 3968
18642 47173 18642 47173
5014 913 5014 913
5480 9250 5480 9250
7751 38617 7751 38617
5226 6789 5226 6789
No
14380 20701 14380 20701
2373 6921 2373 6921
43947 36343 43947 36343
No
53995 57365 53995 57365
48846 -46470 -19649 18692
56300 -35107 -22455 14004
22501 -24297 -42072 45434
No
1116 -12322 -3105 34300
4278 -784 -25573 4668
1020 -846 -24749 20488
3139 -2109 -62917 42300
No
53262 -4674 -38378 3369
6085 -1194 -81064 15917
12142 -8577 -70428 49756
10845 6872 10845 6872
31665 24550 31665 24550
No
3410 5595 3410 5595
2052 1907 2052 1907
27362 -15403 -47673 26836
9649 14403 9649 14403
14952 -22937 -1009 1550
26371 -2978 -37696 4259
5284 147 5284 147
19874 -683 -6643 230
No
No
19483 -11266 -33996 19663
6664 -7752 -72762 84649
36932 -17391 -58749 27666
840 -11903 -5536 78412
582 4253 582 4253
11132 12445 11132 12445
27 -37 -49916 71668
No
No
18962 -5334 -12167 3424
33364 11148 33364 11148
27147 -14101 -27046 14048
No
No
3595 4155 3595 4155
No
No
16640 9270 16640 9270
439 198 439 198
No
3065 3867 3065 3867
26914 -27281 -6339 6425
80318 -5015 -15204 950
8214 2025 8214 2025
50552 16522 50552 16522
10177 13217 10177 13217
40545 56483 40545 56483
4195 -20213 -7185 34636
16733 10339 16733 10339
13186 9217 13186 9217
No
11455 5311 11455 5311
30183 -38741 -3029 3886
No
2335 2400 2335 2400
1689 -1041 -1263 778
18778 -5877 -63751 19947
39037 27624 39037 27624
No
12888 12099 12888 12099
49415 52859 49415 52859
60896 -44028 -3422 2475
60290 -44309 -7544 5544
22830 -28596 -11315 14177
7196 -28113 -11617 45392
No
26124 28369 26124 28369
12993 -29939 -7637 17590
43375 46098 43375 46098
1475 9121 1475 9121
53762 -55477 -22351 23064
2381 15987 2381 15987
No
25186 16174 25186 16174
No
31429 15873 31429 15873
5804 -1131 -3453 673
No
9929 -9196 -84463 78225
3851 5225 3851 5225
No
No
41877 16044 41877 16044
20403 -32960 -37958 61320
4294 -2099 -38329 18737
No
2262 -33 -23339 365
3413 17304 3413 17304
84483 40111 84483 40111
7215 -56040 -2314 17967
515 -10845 -2811 59162
No
7315 13038 7315 13038
40056 -11977 -10266 3072
2208 -34193 -283 4362
No
56992 50938 56992 50938
621 22002 621 22002
58547 -48822 -18499 15427
No
34773 -44401 -16908 21591
No
422 -114 -25325 7019
454 -289 -11578 7404
19705 10421 19705 10421
26718 27670 26718 27670
6575 54644 6575 54644
No
7761 -32468 -14927 62457
No
No
55409 27199 55409 27199
8930 25061 8930 25061
No
No
1358 9193 1358 9193
8620 -12739 -15611 23076
21776 -10846 -19275 9597
No
45487 -25532 -38942 21857
60979 28948 60979 28948
15934 8975 15934 8975
No
21984 -19300 -17399 15273
5991 -23443 -17330 67801
25424 -41116 -30757 49744
2646 9967 2646 9967
5323 -47656 -2735 24489
No
96522 26138 96522 26138
24952 43565 24952 43565
14144 -17517 -56904 70476
12401 -19534 -13896 21888
5885 -12303 -27614 57715
21261 64421 21261 64421
37833 54732 37833 54732
58483 -56333 -21093 20318
No
29263 83809 29263 83809
33889 -42615 -10153 12766
57028 -44065 -31297 24182
26087 51610 26087 51610
No
58684 50636 58684 50636
4052 16554 4052 16554
No
27062 50284 27062 50284
No
5928 -23899 -6284 25330
No
No
23563 -31022 -3072 4046
22286 46275 22286 46275
4060 13748 4060 13748
33579 35659 33579 35659
No
12154 -29154 -13881 33299
17416 84441 17416 84441
No
No
14577 426 14577 426
7938 6436 7938 6436
1592 -385 -13848 3344
6889 -12212 -22850 40499
No
40421 -34798 -27650 23805
No
910 728 910 728
19388 -19709 -12611 12820
7870 -26137 -21575 71659
No
1757 -509 -8106 2358
404 471 404 471
No
21847 -27061 -4936 6113
5532 21399 5532 21399
8742 13207 8742 13207
No
2221 1350 2221 1350
No
15533 9506 15533 9506
25032 41400 25032 41400
No
2714 -705 -32519 8433
No
62652 -4623 -30595 2256
8095 -2661 -90062 29594
38720 -85726 -6366 14093
No
15692 -12488 -30164 24007
5630 -33114 -4403 25884
No
257 21907 257 21907
39543 24380 39543 24380
40185 -30814 -36524 28005
41925 95657 41925 95657
18775 9 18775 9
20282 11748 20282 11748
45714 -13756 -38628 11623
4833 -22703 -3438 16163
42653 1 42653 1
705 752 705 752
31966 16811 31966 16811
No
7404 16179 7404 16179
25141 -17659 -8262 5801
50691 35011 50691 35011
2177 -374 -76651 13191
8100 -26804 -16855 55785
No
7272 15936 7272 15936
16312 -8922 -2634 1441
No
5082 31124 5082 31124
No
No
15809 65296 15809 65296
40940 -48248 -31043 36582
4011 731 4011 731
24753 11361 24753 11361
6249 -297 -72061 3416
10778 -8166 -4369 3310
1523 -371 -36304 8855
22563 22514 22563 22514
76141 45374 76141 45374
No
26188 20675 26188 20675
8134 7054 8134 7054
55572 -64981 -29652 34672
1633 3398 1633 3398
4105 17488 4105 17488
No
3121 -2298 -86202 63464
5384 -4504 -6598 5527
4541 33172 4541 33172
1124 -11451 -5821 59275
40347 -33073 -30636 25111
27024 21113 27024 21113
30998 33584 30998 33584
No
5488 3049 5488 3049
No
47775 -10165 -51856 11032
No
10871 16873 10871 16873
No
30389 -67415 -1409 3124
No
No
7134 -34814 -8745 42674
49828 4890 49828 4890
43056 -32281 -1739 1302
51115 -36801 -11222 8080
No
39873 -37687 -23747 22446
No
16881 -6152 -13424 4891
15209 -41241 -8170 22151
3258 -46324 -3328 47343
2617 -87756 -26 898
No
46248 -26397 -10235 5842
29576 6485 29576 6485
34782 27839 34782 27839
72447 6534 72447 6534
620 753 620 753
43177 -22408 -1871 973
No
No
No
No
42314 -26258 -5408 3355
No
11149 428 11149 428
2831 6598 2831 6598
20482 -63506 -4767 14779
16804 13890 16804 13890
No
2230 7121 2230 7121
16416 4829 16416 4829
No
45353 -19368 -49956 21335
No
No
2758 -3167 -78890 90594
No
22698 -21715 -12684 12132
5212 14901 5212 14901
No
1616 1661 1616 1661
38742 42674 38742 42674
4211 8032 4211 8032
30623 -47312 -6423 9921
No
No
8256 7567 8256 7567
No
57007 -26614 -5058 2360
2940 441 2940 441
20439 8636 20439 8636
6057 9296 6057 9296
325 -72 -94138 20692
7383 24803 7383 24803
55185 36917 55185 36917
No
No
24293 -57562 -286 678
82630 -64614 -2972 2323
No
54151 18692 54151 18692
37458 -42678 -44871 51125
62309 -36593 -8362 4910
48261 -4133 -5944 509
No
1000 8783 1000 8783
No
65887 -31542 -17825 8533
No
No
No
No
25358 47506 25358 47506
11042 1145 11042 1145
12899 -9116 -28694 20286
No
18640 714 18640 714
35305 -25764 -24186 17651
78893 12223 78893 12223
65103 -1970 -33251 1005
38953 50041 38953 50041
5901 4781 5901 4781
49813 35135 49813 35135
14369 35303 14369 35303
48321 -21747 -25445 11450
4176 2974 4176 2974
20061 -15623 -10701 8334
13714 75032 13714 75032
581 1471 581 1471
19664 24971 19664 24971
33948 -40424 -25915 30858
30477 -15369 -37312 18814
No
29963 2735 29963 2735
1931 -5636 -13577 39619
No
15375 -9034 -65330 38385
7971 19123 7971 19123
19893 8229 19893 8229
21398 8050 21398 8050
8125 526 8125 526
47350 72975 47350 72975
53650 50659 53650 50659
No
3461 -14150 -1068 4375
4536 1233 4536 1233
25280 57866 25280 57866
No
7283 -17098 -2448 5744
23092 16380 23092 16380
8189 6327 8189 6327
75729 65208 75729 65208
No
No
No
No
3667 1623 3667 1623
38384 54114 38384 54114
46747 -34248 -42328 31010
10521 9773 10521 9773
4789 6844 4789 6844
No
23501 -7449 -24662 7821
1019 -2644 -5508 14276
4341 736 4341 736
39288 33110 39288 33110
64093 26901 64093 26901
48255 6427 48255 6427
No
31021 -29518 -1687 1605
3904 8618 3904 8618
No
9043 11051 9043 11051
3408 14293 3408 14293
No
40312 26005 40312 26005
2822 1283 2822 1283
3273 -2068 -76860 48540
No
38241 -77357 -8111 16408
80 61 80 61
5482 1118 5482 1118
No
3530 -1990 -42475 23941
7904 863 7904 863
16929 -4442 -15697 4121
4185 41170 4185 41170
No
7084 14210 7084 14210
210 2218 210 2218
9145 -5712 -6352 3968
No
9774 12702 9774 12702
46962 44120 46962 44120
No
1259 635 1259 635
18724 16757 18724 16757
4738 -13760 -3810 11075
26129 -5585 -13094 2796
11765 -13820 -56092 65889
No
10935 -4637 -86780 36805
98817 -48047 -1126 547
4413 -3111 -37458 26405
No
4203 -43208 -4430 45535
31439 -47514 -10457 15801
7566 1875 7566 1875
10897 -2240 -22677 4657
No
No
10107 7354 10107 7354
82316 -1250 -9723 147
179 6649 179 6649
No
No
31533 -33120 -38368 40299
8042 7864 8042 7864
12265 15483 12265 15483
75709 -79391 -12998 13631
20733 28231 20733 28231
3154 50290 3154 50290
No
10878 8519 10878 8519
29204 -8051 -22560 6222
11792 12027 11792 12027
2796 -5762 -44553 91811
64333 -39125 -35491 21584
13633 -8723 -11826 7560
6567 -1881 -5021 1438
13393 31763 13393 31763
10958 21580 10958 21580
1480 248 1480 248
No
15824 3026 15824 3026
5118 -1756 -2242 775
82671 -66963 -16750 13568
No
4713 -5327 -24774 27989
14820 29041 14820 29041
59207 71776 59207 71776
8726 8045 8726 8045
64323 -35694 -21506 11933
5957 2770 5957 2770
No
No
39166 -16588 -6583 2790
814 -257 -65967 20948
56352 25073 56352 25073
1142 -1878 -12438 20491
No
No
20463 17956 20463 17956
10679 12800 10679 12800
64169 -49626 -26536 20521
10783 -10533 -14239 13916
2995 -1480 -27459 13573
7698 6476 7698 6476
27758 5332 27758 5332
No
31462 10818 31462 10818
2124 14856 2124 14856
No
74399 43850 74399 43850
61992 51724 61992 51724
63291 60190 63291 60190
32676 -14268 -5373 2347
9091 -10219 -945 1060
39611 17796 39611 17796
No
25782 7495 25782 7495
9784 -15465 -53193 84088
2414 29345 2414 29345
18593 -18504 -35521 35353
11112 16164 11112 16164
No
No
No
No
2994 10667 2994 10667
No
83400 -28295 -15787 5355
No
No
No
No
No
10968 -11391 -27565 28625
17375 -8946 -4322 2228
10979 -13373 -32792 39936
10302 -9996 -59728 57955
31296 33805 31296 33805
No
18917 27914 18917 27914
27435 91663 27435 91663
1019 -1970 -14084 27199
23115 -21614 -1985 1855
1210 1482 1210 1482
10738 16739 10738 16739
30100 60124 30100 60124
No
19061 -3380 -7269 1291
29307 -13528 -43828 20229
24535 79793 24535 79793
14290 -22403 -2903 4551
No
4892 -5153 -14649 15434
45864 42829 45864 42829
3725 10044 3725 10044
No
65459 67561 65459 67561
271 11006 271 11006
26534 20128 26534 20128
No
11497 14975 11497 14975
2130 -5418 -22172 56445
41448 35132 41448 35132
8611 -18060 -8382 17574
53311 -49542 -44090 40973
210 -1872 -9477 84691
6 12 6 12
48265 -21467 -11293 5022
3373 -6215 -29109 53654
8165 -32532 -1012 4031
No
No
No
No
2955 -19433 -7875 51786
No
6840 4456 6840 4456
25373 -70089 -2560 7072
No
No
16884 10654 16884 10654
61782 23759 61782 23759
16393 -1973 -12398 1497
2870 263 2870 263
23525 -40391 -31813 54620
29394 -25725 -51095 44716
9420 8084 9420 8084
No
7413 -11214 -11909 18007
25004 5024 25004 5024
No
No
14243 8049 14243 8049
14718 3177 14718 3177
9239 -2119 -1295 298
3480 10814 3480 10814
9 -122 -6466 98707
No
60103 68133 60103 68133
No
16798 -16656 -24836 24629
10265 19403 10265 19403
42462 -40330 -48969 46512
2313 7146 2313 7146
9446 -30696 -16261 52835
80513 9505 80513 9505
6280 -11604 -1168 2169
42311 -38913 -6454 5935
19477 -9568 -22197 10901
6157 26734 6157 26734
9136 -8123 -36184 32164
No
7082 3774 7082 3774
30229 16570 30229 16570
10892 17130 10892 17130
No
No
459 -4868 -1377 14523
41797 10776 41797 10776
No
8441 -46965 -6705 37310
No
2449 -5409 -12710 28063
No
13654 5899 13654 5899
No
No
29542 -76344 -3632 9383
34910 25229 34910 25229
17765 -15175 -2281 1950
21389 70630 21389 70630
No
No
10689 -11635 -11989 13052
25379 6254 25379 6254
4423 -84301 -822 15671
11696 11853 11696 11853
No
60477 -32322 -37295 19931
7171 1933 7171 1933
2897 6057 2897 6057
12996 -7142 -137 76
1504 -1453 -2565 2471
3040 -3024 -33154 32977
16867 45329 16867 45329
4249 -4783 -46936 52854
11976 13009 11976 13009
35204 30594 35204 30594
20986 -3372 -7617 1223
3103 -1888 -9804 5969
16030 20669 16030 20669
No
No
33831 918 33831 918
2624 -6112 -2790 6493
No
5492 17757 5492 17757
9535 32047 9535 32047
6378 -12127 -44881 85335
2305 -9275 -18071 72708
5400 13346 5400 13346
No
12506 7745 12506 7745
No
601 8985 601 8985
52717 -44748 -36159 30693
593 -85642 -18 2715
59461 -25628 -32863 14165
1660 1804 1660 1804
13818 27715 13818 27715
No
25941 -38728 -36762 54883
No
71213 41765 71213 41765
24912 8943 24912 8943
26482 71250 26482 71250
No
5546 -10537 -3943 7491
66391 -26206 -16168 6382
No
24129 20497 24129 20497
No
32577 16659 32577 16659
1372 -9796 -2701 19274
No
No
No
40608 -30753 -50054 37908
1270 -633 -2254 1130
No
1193 902 1193 902
5531 76144 5531 76144
3566 1116 3566 1116
2757 -28283 -2854 29296
12592 383 12592 383
5 -460 -53 4055
1678 1614 1678 1614
No
4674 14272 4674 14272
32709 35031 32709 35031
3618 7134 3618 7134
No
29996 -13038 -43831 19049
6291 32020 6291 32020
53428 23920 53428 23920
83 5554 83 5554
No
5 3953 5 3953
34333 21443 34333 21443
311 -1137 -8423 30634
7137 -4373 -47156 28889
No
No
39290 59419 39290 59419
55873 -22326 -30446 12166
8505 31493 8505 31493
439 -321 -40674 29638
1990 3789 1990 3789
No
38595 19479 38595 19479
No
