No
2162913 -2452986 -6535786 7412316
441819 5264221 441819 5264221
1232041 977397 1232041 977397
No
4070356 -1314956 -3417551 1104065
2325427 4052332 2325427 4052332
6536913 6688919 6536913 6688919
813754 1767304 813754 1767304
3706247 -7058327 -662334 1261375
1366752 1242433 1366752 1242433
No
No
151450 -4863500 -105313 3381969
3704877 3819993 3704877 3819993
No
No
No
238070 -686199 -1485940 4283012
526497 -801031 -5355682 8148317
168691 1457665 168691 1457665
No
5951063 -2707714 -623109 283511
No
No
249547 -335295 -6859606 9216676
No
3364949 2104683 3364949 2104683
1090954 -1549904 -806772 1146173
1463783 -2359976 -1921986 3098712
No
892248 -574666 -990547 637972
7054122 3706817 7054122 3706817
1376216 -786033 -5104745 2915601
No
2344251 4494548 2344251 4494548
479655 -236909 -4339498 2143346
4087034 -5143301 -850756 1070628
8932 -10999 -935131 1151586
348518 -171526 -2307797 1135806
1629650 -296543 -4753239 864938
No
No
No
989713 1912552 989713 1912552
395759 195936 395759 195936
No
343770 230542 343770 230542
No
1666419 -128190 -1223704 94132
5077596 3926314 5077596 3926314
6234081 -5465269 -2195825 1925026
3617369 1581861 3617369 1581861
991904 1711071 991904 1711071
No
No
173502 -230386 -473925 629290
177879 88822 177879 88822
1833126 525300 1833126 525300
139398 392190 139398 392190
3351992 3022648 3351992 3022648
5610305 5443736 5610305 5443736
2683169 856586 2683169 856586
4992537 9076075 4992537 9076075
1063477 5778154 1063477 5778154
230004 -3741488 -127667 2076732
2202584 2618822 2202584 2618822
No
7108337 -6456090 -2416139 2194439
833777 612829 833777 612829
673341 -1080574 -424798 681712
No
4868619 -791538 -2881861 468533
7346762 6731809 7346762 6731809
2253934 -2943077 -1398973 1826712
5439035 4006279 5439035 4006279
785705 -207657 -150106 39674
318371 134963 318371 134963
1689712 -118587 -1667364 117024
205847 -352632 -614552 1052752
295410 -132020 -949351 424274
No
4440997 -1022424 -4308817 991991
No
1587452 -420278 -3777686 1000145
1333984 -1069864 -5797947 4649991
796501 -4810756 -639711 3863777
No
11061 -1491062 -54646 7366695
1257259 189971 1257259 189971
3218021 -1649882 -4962882 2544472
1963853 780407 1963853 780407
No
105801 -3760151 -45243 1607946
2739996 -3332776 -1663075 2022868
No
2520948 -275630 -6722255 734981
4940798 5661606 4940798 5661606
1022822 913372 1022822 913372
No
No
2313756 -2125006 -1672575 1536132
1013166 4805476 1013166 4805476
No
2704266 915757 2704266 915757
2675993 695611 2675993 695611
No
2837179 -1435409 -1152168 582915
5972558 6323876 5972558 6323876
2545047 -2675215 -385560 405279
2864834 -6751429 -1367468 3222652
No
1163702 -631946 -3830599 2080200
4275535 -5432275 -1186424 1507411
3482805 -96371 -1297513 35904
958057 -5098652 -679812 3617876
5616823 -3927292 -2884312 2016716
1181700 886711 1181700 886711
1973405 -5338451 -547765 1481810
1627080 -198386 -5964517 727244
3961849 3956123 3961849 3956123
3594598 1423212 3594598 1423212
134802 516094 134802 516094
No
291508 -573455 -1072795 2110410
24863 -8915 -4880290 1750070
No
No
307805 190056 307805 190056
4956073 -4235551 -4079026 3486009
980075 -105656 -3731342 402255
52243 1595196 52243 1595196
581122 -2894646 -1093644 5447571
7533060 -2524068 -589592 197553
3682048 -2827171 -118811 91225
No
No
1528251 2120097 1528251 2120097
3816770 -1243225 -5610099 1827362
1402478 5726386 1402478 5726386
1924402 1461005 1924402 1461005
769202 1746370 769202 1746370
5894438 1421467 5894438 1421467
6276887 4719622 6276887 4719622
1469232 6788068 1469232 6788068
9145474 1773220 9145474 1773220
2077601 1540697 2077601 1540697
No
No
1746930 -2601457 -1945723 2897486
1126545 -2358759 -797663 1670144
No
No
5310056 -4770635 -1093395 982324
286644 1606025 286644 1606025
233455 -1166488 -855504 4274676
2008325 -1274999 -2197384 1395024
3601259 -5055176 -2159754 3031699
123629 28644 123629 28644
No
98431 586688 98431 586688
5950027 -5064177 -1787713 1521554
701814 2337134 701814 2337134
3853386 -1451757 -5931952 2234854
598072 1738106 598072 1738106
1852857 -4546676 -1218912 2991051
No
80993 70090 80993 70090
No
323607 -3746864 -318783 3690989
2342482 -2807845 -5617291 6733238
4001102 -2334951 -78695 45924
2034796 -6207756 -1212301 3698485
1206719 1443225 1206719 1443225
51655 -42067 -1398689 1138884
2242618 3925479 2242618 3925479
2700343 1633583 2700343 1633583
No
859457 -772728 -4314789 3879383
241654 -1685779 -614487 4286623
No
6586346 -3942702 -2006358 1201041
4031013 -3774468 -23113 21643
131223 35523 131223 35523
1091042 726915 1091042 726915
No
850396 -2126321 -3064336 7662038
780259 52180 780259 52180
494324 -2872132 -1062215 6171717
508947 -20599 -7676376 310702
No
6206514 2528176 6206514 2528176
No
437686 -1355411 -1974973 6116045
1117835 1060172 1117835 1060172
1109788 935175 1109788 935175
No
59902 81182 59902 81182
1577237 143517 1577237 143517
545029 -387288 -5004410 3556061
1624323 -1485333 -995947 910724
1514286 -1166900 -4280515 3298543
1208119 -925195 -4533381 3471732
2218372 -1467271 -282508 186856
No
646043 2380113 646043 2380113
3622483 -970679 -6243435 1672986
2757938 5796382 2757938 5796382
No
724893 1814024 724893 1814024
591418 585996 591418 585996
1066970 -749868 -7919907 5566128
No
No
1551582 975500 1551582 975500
7765199 6247619 7765199 6247619
972132 -2417612 -1576691 3921099
698833 -98415 -2812574 396086
857908 1277501 857908 1277501
1587680 2743759 1587680 2743759
No
1299530 5210273 1299530 5210273
537 -62870 -320 36625
1701369 2709930 1701369 2709930
3521742 -3172402 -6209560 5593601
879375 1035737 879375 1035737
No
97792 1000852 97792 1000852
No
No
1224409 -4773913 -401872 1566877
808535 -2151231 -1327059 3530842
548452 -779188 -4798881 6817779
1882821 -4559754 -1042775 2525359
155128 195602 155128 195602
971163 1039047 971163 1039047
5353627 2647204 5353627 2647204
651392 2907636 651392 2907636
5502584 4611696 5502584 4611696
No
No
1794986 5568388 1794986 5568388
712915 841397 712915 841397
2295798 5454876 2295798 5454876
1513883 97096 1513883 97096
No
No
1596716 1611223 1596716 1611223
4192676 3499094 4192676 3499094
No
579399 -194281 -5106310 1712223
3092819 355812 3092819 355812
26277 66245 26277 66245
No
896068 176620 896068 176620
318236 -135660 -3007437 1282062
855475 -2253722 -1307110 3443529
1199879 590741 1199879 590741
4338619 -2265309 -4797790 2505056
22766 -164347 -7647 55186
3082475 7424797 3082475 7424797
No
1416505 -128350 -3272494 296521
71919 -325615 -804229 3641160
No
676566 1465180 676566 1465180
No
4125707 6060063 4125707 6060063
No
4771527 2107780 4771527 2107780
No
782323 1849776 782323 1849776
6364263 5117195 6364263 5117195
709314 447395 709314 447395
1140031 -2424530 -287958 612406
No
No
6546654 -930662 -1653637 235079
566944 1494939 566944 1494939
4532398 1321963 4532398 1321963
5449485 -5592682 -2180628 2237928
5960642 2465635 5960642 2465635
5131217 -3006338 -3443274 2017385
2325784 -4704048 -37576 76003
2667491 481621 2667491 481621
No
No
4874525 5145234 4874525 5145234
3153258 -4014860 -2433683 3098666
1433146 494326 1433146 494326
353024 -3251089 -233644 2151672
No
7266832 1779919 7266832 1779919
109575 231133 109575 231133
No
1603603 351896 1603603 351896
707164 2609688 707164 2609688
3640462 3643927 3640462 3643927
No
179462 266811 179462 266811
161486 -1070552 -733433 4862267
3877581 -2183945 -2105860 1186071
2824826 -1684301 -4090845 2439163
842053 -423673 -118440 59589
1996404 1349520 1996404 1349520
276420 -777886 -856945 2411568
169791 908766 169791 908766
1745161 2706976 1745161 2706976
428876 -526589 -4648556 5707638
No
2100332 -2359834 -6086395 6838390
No
No
6474061 -4901137 -3031879 2295260
3232304 -2641207 -6280737 5132168
No
No
2474884 1729168 2474884 1729168
1668516 -866803 -262381 136311
No
1903522 1881257 1903522 1881257
1739665 5261475 1739665 5261475
No
2490521 -3454227 -3382735 4691686
1121504 1116147 1121504 1116147
3698568 2714285 3698568 2714285
740689 3933849 740689 3933849
No
No
3948723 -6557021 -67805 112592
3310173 1836019 3310173 1836019
No
No
2194480 -1690033 -2607327 2007975
3704793 -2514251 -3578250 2428371
736071 -3825905 -890648 4629353
167374 36043 167374 36043
No
122143 294044 122143 294044
269372 2094625 269372 2094625
1864961 -1350649 -4884546 3537506
No
7931919 -2645779 -1189210 396674
5798513 -2664718 -503712 231481
No
576788 1264785 576788 1264785
No
2316538 -1906892 -2685975 2210997
2395129 50095 2395129 50095
4334903 1969925 4334903 1969925
24698 319439 24698 319439
No
No
618235 -648165 -1647483 1727246
1588378 -213137 -5706251 765690
124195 29049 124195 29049
2143885 -4699024 -797842 1748731
5605821 -622641 -2211524 245635
1410330 5138539 1410330 5138539
143949 -1130227 -610558 4793827
1893689 6469703 1893689 6469703
No
38334 5730 38334 5730
No
1268047 77540 1268047 77540
No
1541837 -827673 -257190 138062
1118156 1823293 1118156 1823293
5294 96721 5294 96721
1504632 -2093238 -4350429 6052303
1811577 1234114 1811577 1234114
No
886249 -1604588 -3967435 7183197
8213089 -931144 -81996 9297
No
No
No
No
3567273 -3393125 -6300806 5993212
1462092 746192 1462092 746192
1338589 -3133046 -1359658 3182363
No
4649615 4949077 4649615 4949077
3486911 3183401 3486911 3183401
39754 -539604 -630829 8562787
1482650 216087 1482650 216087
581708 -494317 -6881055 5847306
2270720 1228391 2270720 1228391
2292644 1246094 2292644 1246094
No
4099868 -1309331 -743140 237330
980884 57610 980884 57610
No
No
No
1023589 5056994 1023589 5056994
No
1554337 -2732834 -886421 1558503
5083868 7611980 5083868 7611980
958301 -1570544 -2130261 3491255
1053742 4189643 1053742 4189643
9894 -2694 -675269 183906
225225 98619 225225 98619
No
2776307 2761132 2776307 2761132
118553 391529 118553 391529
154115 -6321153 -30915 1268006
No
No
851778 1158531 851778 1158531
No
No
87253 -575201 -6208 40929
1401926 -341752 -1185177 288920
No
522883 6119127 522883 6119127
No
6393233 -5501379 -1605510 1381542
No
No
1176255 2237228 1176255 2237228
745689 663616 745689 663616
No
4497043 961606 4497043 961606
167895 -451671 -690680 1858122
No
4311898 1156006 4311898 1156006
1973112 -1932524 -5655689 5539344
6221872 8358662 6221872 8358662
813445 505791 813445 505791
No
1205455 -1032600 -8172878 7000936
839525 137046 839525 137046
7470159 -5164269 -103301 71414
No
124013 -91077 -8078100 5932641
1306779 -1355184 -5440240 5641756
4172868 1437876 4172868 1437876
No
2828601 5315971 2828601 5315971
13991 11993 13991 11993
320679 -1821981 -593153 3370106
1405512 1175218 1405512 1175218
6273086 -3001295 -32015 15316
3501509 -2569682 -162094 118958
1493224 -2473178 -2615663 4332242
No
739957 675719 739957 675719
111775 -273433 -3111156 7610702
5194839 -3640979 -522580 366269
4194476 -2955971 -1773440 1249794
7763748 -7001294 -553142 498819
No
393481 -377054 -5450190 5222667
No
1253343 -1204361 -2738934 2631897
1024162 47783 1024162 47783
275042 1840670 275042 1840670
6451411 -123384 -338848 6481
No
3351233 -3952553 -826232 974483
233526 -192287 -7741933 6374769
No
No
575194 152297 575194 152297
1246595 9782 1246595 9782
No
No
573407 554760 573407 554760
241403 -689053 -126111 359980
919211 -467845 -4218144 2146879
3328487 960774 3328487 960774
1097418 -625955 -2474801 1411604
195818 154007 195818 154007
3006264 269393 3006264 269393
No
474372 -873993 -1003353 1848580
264211 446608 264211 446608
65970 -758349 -180781 2078102
No
No
No
5145713 -3504496 -3651896 2487131
7808950 1133020 7808950 1133020
544179 -1527477 -574632 1612952
953708 970236 953708 970236
764595 5018191 764595 5018191
576691 -1121364 -2795247 5435313
119997 329606 119997 329606
4117323 6821594 4117323 6821594
4175255 -4606211 -3200539 3530886
2319042 1939390 2319042 1939390
No
No
6480675 -5860727 -2624433 2373378
763400 -3191861 -912063 3813428
2709017 -2944612 -205458 223329
2395660 -3581236 -3149001 4707395
116477 105066 116477 105066
1178847 198121 1178847 198121
2922667 -5313874 -306189 556697
5204889 -3527695 -4579532 3103849
2463335 -2640258 -1632574 1749826
2027727 -149473 -5681046 418777
1086014 4506657 1086014 4506657
1670003 -2405243 -308157 443824
1086252 -591621 -3985687 2170788
4502565 -6110976 -837960 1137295
2341551 -6855962 -341184 998976
1854890 -1502652 -1161391 940846
206400 -356845 -3709114 6412682
1792461 6603614 1792461 6603614
916389 4616603 916389 4616603
309421 2528854 309421 2528854
2402918 -512288 -1727253 368244
2311415 -1177931 -5619686 2863873
2862880 -2647709 -1778811 1645119
903361 3318709 903361 3318709
5674186 5114639 5674186 5114639
815637 -179966 -2233908 492905
1023318 3880541 1023318 3880541
3025966 -106908 -2385901 84295
3592756 -3952374 -767770 844619
1401454 284531 1401454 284531
No
1077720 880919 1077720 880919
468407 309454 468407 309454
145975 -48360 -3188182 1056186
No
2165503 -4646928 -2131300 4573532
1490728 -1477988 -269005 266709
1529197 -2165802 -2085424 2953584
1106739 -1156741 -7514818 7854330
8222523 -7748051 -1472101 1387156
424437 1051484 424437 1051484
656965 17065 656965 17065
745454 -4850607 -37501 244016
No
1963187 1334800 1963187 1334800
1879373 1855625 1879373 1855625
No
No
526648 468982 526648 468982
4883015 1311107 4883015 1311107
358373 936927 358373 936927
747232 -926474 -38841 48156
2720461 -3568443 -2774752 3639660
No
No
785649 769558 785649 769558
9176217 -2255703 -342278 84139
1348521 -2124780 -169148 266514
No
2377857 2631870 2377857 2631870
No
No
7632118 -1924259 -186957 47137
593474 469491 593474 469491
1075803 484989 1075803 484989
3965111 2026100 3965111 2026100
4115464 4909105 4115464 4909105
8343817 7663531 8343817 7663531
216293 339200 216293 339200
1832909 1663542 1832909 1663542
1343883 -2262214 -1000093 1683491
792391 2967647 792391 2967647
1679685 -47491 -2184432 61764
2552058 -541082 -4546973 964040
150786 141676 150786 141676
3914277 -1240911 -3180858 1008400
2139305 4414748 2139305 4414748
5163068 3640158 5163068 3640158
373204 180159 373204 180159
356039 -196497 -1300434 717708
4750318 5081730 4750318 5081730
414764 3851417 414764 3851417
5334077 1499372 5334077 1499372
No
2594954 -2882612 -2153223 2391913
543596 -474211 -773110 674430
No
216169 -3246337 -273435 4106348
48002 -2086460 -140973 6127549
134354 -3040579 -89773 2031594
6103489 -577044 -3730589 352703
No
1309698 3113938 1309698 3113938
1356767 691273 1356767 691273
1076205 269645 1076205 269645
No
3878614 -5470937 -880423 1241873
766278 5000370 766278 5000370
1825803 -1997753 -1957474 2141826
No
618964 -592321 -8110871 7761757
251191 397653 251191 397653
No
No
2494399 -3268412 -593398 777527
5713261 4879518 5713261 4879518
No
No
3366371 -737185 -2317106 507412
3831289 1409336 3831289 1409336
No
No
1493906 874067 1493906 874067
74628 -99938 -4827396 6464603
4593329 4089325 4593329 4089325
6260657 -216004 -3547055 122381
2213137 231057 2213137 231057
2982040 7459855 2982040 7459855
23006 -18178 -393889 311278
8166950 934780 8166950 934780
2449387 -2205575 -3868609 3483526
280023 445981 280023 445981
1180091 6834360 1180091 6834360
No
7591718 300754 7591718 300754
No
185944 582404 185944 582404
3615524 -2634083 -6229737 4538665
4367649 -2843478 -678749 441887
2646401 1990411 2646401 1990411
7829272 -7471143 -959833 915928
759176 -251658 -8168937 2707906
No
1652965 -680320 -3251183 1338109
373811 4254031 373811 4254031
3985350 3486315 3985350 3486315
No
1021883 -1129982 -4457308 4928817
204504 1954325 204504 1954325
No
3445289 1766438 3445289 1766438
1431415 -171691 -1586662 190308
No
1356306 355409 1356306 355409
1665303 1586887 1665303 1586887
4375540 2225118 4375540 2225118
2084736 -1970227 -5671337 5359824
296600 -78201 -2934349 773663
719316 1378911 719316 1378911
3640038 2545367 3640038 2545367
No
975214 1223608 975214 1223608
1037753 2938326 1037753 2938326
190306 632494 190306 632494
No
3423522 -6004611 -1837695 3223186
No
No
5328539 4208649 5328539 4208649
No
No
2261648 -3478908 -90171 138707
292930 212408 292930 212408
4298580 2685266 4298580 2685266
191968 1159386 191968 1159386
No
3251178 -925274 -1016085 289175
1339928 262961 1339928 262961
434525 -3951122 -337720 3070880
570033 -1778960 -1224746 3822186
No
No
No
3163662 3505591 3163662 3505591
No
No
3296980 5573279 3296980 5573279
271722 -281030 -1340615 1386550
4104422 -2379288 -3887145 2253335
No
4352461 -2056893 -5488552 2593787
593952 -164457 -2758623 763817
No
1634942 -1680591 -1281507 1317289
1527966 1927371 1527966 1927371
1047931 972919 1047931 972919
397073 -1944697 -1088177 5329436
No
6179088 -3342342 -1953223 1056521
7298 -971 -533755 70812
3061368 -1223731 -6497608 2597312
3682206 793417 3682206 793417
431036 -279409 -1309813 849063
No
530049 -4437178 -333434 2791260
641163 2389123 641163 2389123
3716145 5709614 3716145 5709614
2973933 5193954 2973933 5193954
384028 -1163394 -2290446 6938815
3231356 1110301 3231356 1110301
2983590 8227457 2983590 8227457
168255 -1248143 -47047 349052
542287 -1960380 -827365 2990939
1377551 1604606 1377551 1604606
No
1201757 -1462329 -1074058 1306937
98653 1065241 98653 1065241
2044105 2777385 2044105 2777385
188886 399223 188886 399223
243209 5679638 243209 5679638
7402054 -8429370 -678069 772176
822371 1794469 822371 1794469
1960099 -940417 -3791285 1818982
3426820 -3001254 -5457497 4779746
6735721 5212401 6735721 5212401
No
389116 -1069322 -297056 816335
No
731797 -2696816 -278274 1025488
6845992 4561281 6845992 4561281
No
2458223 -2568410 -2820543 2946971
557885 -2949552 -229281 1212207
60600 -7276150 -126 14983
No
1884312 1989223 1884312 1989223
498043 7707646 498043 7707646
7709557 7159033 7709557 7159033
555455 115138 555455 115138
4720696 2887899 4720696 2887899
No
No
1273941 -1850281 -2165672 3145434
993927 860789 993927 860789
365506 118180 365506 118180
No
311811 -832950 -1450361 3874381
581423 2979826 581423 2979826
242777 32027 242777 32027
152343 2847710 152343 2847710
2109624 -1050648 -6236789 3106083
792134 -4324678 -639325 3490411
583553 246266 583553 246266
1860795 -333582 -3806174 682331
21416 48602 21416 48602
229417 -86563 -4414899 1665842
4119084 2860877 4119084 2860877
1966530 603541 1966530 603541
263258 337064 263258 337064
2443131 -562549 -2999675 690698
233744 -104897 -5835413 2618759
No
1687271 -3841898 -966532 2200779
653952 -425047 -6935547 4507887
1499492 -3342870 -2598662 5793283
2547271 2471731 2547271 2471731
808039 425017 808039 425017
3746020 -2323462 -573271 355571
1014916 -813918 -4259518 3415939
No
592136 656616 592136 656616
No
628293 1729225 628293 1729225
No
2247754 -5900476 -1205127 3163526
4672904 -2592636 -884060 490499
989570 -8643375 -57064 498416
1479380 -1934594 -1433027 1873982
623050 -2760584 -1423152 6305627
2459689 3469260 2459689 3469260
1566400 2307440 1566400 2307440
1689694 -1094214 -1669129 1080895
257834 -841206 -41097 134081
131583 -717262 -6030 32904
3203419 -3117692 -856513 833593
248028 -1462035 -279775 1649154
No
No
1086115 3851097 1086115 3851097
4396289 -5223316 -701629 833617
6530898 6736292 6530898 6736292
420404 -787941 -438620 822086
4633783 -1288653 -4321090 1201693
3126536 -2761561 -1910740 1687690
No
6168502 -4091366 -1675450 1111271
No
No
3397542 4806798 3397542 4806798
7594580 1997665 7594580 1997665
908743 918953 908743 918953
4743341 -1349138 -1000722 284632
100569 -757663 -1002768 7554642
1914814 -1526911 -3856749 3075453
958002 2117123 958002 2117123
No
3637954 577383 3637954 577383
8360221 -7663317 -569601 522120
7193081 1696812 7193081 1696812
4956949 2847798 4956949 2847798
4622717 -1476137 -5135946 1640023
1352099 2345779 1352099 2345779
198290 -7322446 -9203 339888
2310283 -730955 -1654669 523520
No
1644882 -1543315 -6946589 6517653
1994648 1438195 1994648 1438195
50096 -200 -1699020 6777
6725888 5792150 6725888 5792150
571107 -1058529 -4285664 7943351
No
No
No
8279316 4284111 8279316 4284111
No
1664921 -211117 -628514 79697
2143 1514 2143 1514
8764528 -4830724 -428309 236071
493633 -114556 -638726 148224
1002677 2229550 1002677 2229550
88195 8685316 88195 8685316
4483655 -6179678 -1531932 2111411
1358286 -2213840 -3564886 5810329
No
473371 122250 473371 122250
3000010 -4753240 -670957 1063071
No
1403387 3707778 1403387 3707778
No
No
504993 1576387 504993 1576387
No
100307 -93147 -2255784 2094743
507475 -584830 -6074117 6999987
2810173 -2877344 -5047030 5167665
737950 -1522887 -202869 418642
222064 -231030 -7397423 7696121
971087 1543362 971087 1543362
No
No
913104 1482627 913104 1482627
6808861 499607 6808861 499607
No
239640 609219 239640 609219
33119 -11913 -5846295 2102746
1318985 715654 1318985 715654
No
No
2125009 -2865030 -2770921 3735879
7246903 6682574 7246903 6682574
No
No
No
862232 -203026 -6187712 1456983
No
No
2535518 637637 2535518 637637
1058075 2459237 1058075 2459237
No
2294040 1342624 2294040 1342624
No
2304973 3903065 2304973 3903065
No
1888262 2007526 1888262 2007526
No
3318335 -4745562 -1744106 2494253
582430 -948221 -354185 576632
786850 3715378 786850 3715378
716641 -551540 -1576162 1213040
488810 -2139757 -1129241 4943217
129015 -2104263 -173648 2832213
1433964 3559808 1433964 3559808
2246367 2601959 2246367 2601959
75979 -106303 -4579138 6406666
3031835 2594222 3031835 2594222
1280442 2174468 1280442 2174468
178708 2476975 178708 2476975
667484 -337719 -592947 300010
193093 2395022 193093 2395022
1024230 900110 1024230 900110
1232038 2370754 1232038 2370754
No
360711 -1015596 -1125620 3169216
No
No
2098307 4190047 2098307 4190047
2422951 -2105382 -5294491 4600555
1397159 -2096204 -809340 1214279
828900 1007927 828900 1007927
2341 -1270512 -3944 2138654
733180 3160823 733180 3160823
1542641 -856168 -8432138 4679854
No
5110703 4740228 5110703 4740228
743998 -7629344 -195445 2004203
No
6893140 -5655193 -2775352 2276922
328128 740819 328128 740819
2644381 1650616 2644381 1650616
1917708 635397 1917708 635397
411830 662379 411830 662379
4334286 5871973 4334286 5871973
1671810 -1252867 -5036463 3774366
2496227 3163596 2496227 3163596
4215728 -2139451 -3209883 1628994
No
470419 6430228 470419 6430228
No
No
No
No
1852736 -2732821 -3074407 4534804
No
No
5409321 4518239 5409321 4518239
5769208 5386734 5769208 5386734
No
962987 1981937 962987 1981937
38983 -180340 -1301878 6022548
5702588 -5668829 -3112012 3093590
1976738 1643650 1976738 1643650
1591957 -2397655 -3419723 5150458
No
1124309 -1200709 -660932 705852
6326019 3429494 6326019 3429494
No
No
5112094 -4776535 -3750693 3504496
No
6841094 782178 6841094 782178
3512267 4884206 3512267 4884206
101367 1467188 101367 1467188
93321 255404 93321 255404
No
1650828 -68764 -8099720 337389
No
688936 963777 688936 963777
No
No
1355687 4942827 1355687 4942827
3020490 -4577580 -382573 579790
No
1770976 850049 1770976 850049
2422496 2569045 2422496 2569045
1768826 1442130 1768826 1442130
126719 -246009 -2313453 4491272
278484 -126479 -1165236 529230
No
248659 1195376 248659 1195376
1792368 1321202 1792368 1321202
No
No
2291505 1272131 2291505 1272131
95479 411269 95479 411269
1259147 -9546 -964875 7313
287901 -1260591 -301605 1320596
No
1057209 -4909554 -408742 1898144
No
2848747 -1830417 -5790789 3720778
No
3851434 -4000946 -926510 962475
1417222 -1435306 -3616172 3662311
No
No
668777 -1135319 -502614 853249
147421 277336 147421 277336
1147137 1456963 1147137 1456963
6731 -680 -294794 31157
4871665 -3571144 -4877145 3575163
55651 -34674 -149792 93289
No
No
3999444 3809403 3999444 3809403
625184 -1880826 -2282187 6865826
No
4703257 1728163 4703257 1728163
3619104 -2245988 -3373413 2093516
860914 490233 860914 490233
No
2609976 1598623 2609976 1598623
2100875 1544958 2100875 1544958
No
124914 -51772 -7283827 3018939
1029375 -1871085 -3837299 6975030
1163513 -1998630 -1874596 3220091
811197 -2664856 -1245944 4093031
No
No
2177640 1601257 2177640 1601257
1082189 -300012 -4567262 1266162
6336630 6362393 6336630 6362393
2016491 -2052809 -7331970 7464020
4516925 2214456 4516925 2214456
1799741 -6961585 -58360 225739
233926 615764 233926 615764
1790166 -1139246 -631067 401605
2345991 2927936 2345991 2927936
7141139 2852516 7141139 2852516
No
994555 720088 994555 720088
3524249 -2553221 -6043342 4378233
No
3455850 -3381785 -5065 4956
No
1527219 -646207 -6214947 2629714
