1000
-49 -97 78
64 14 34
54 -75 -83
78 -20 -75
-61 -55 -24
88 -33 -48
-26 -54 32
-27 -86 -18
-44 -17 98
-7 -48 26
-38 -47 -22
-85 16 -49
-81 33 47
-93 -34 7
-56 -41 13
17 65 53
-39 -3 -41
23 43 41
8 -52 -63
-21 11 47
-91 39 -65
41 -86 7
-96 47 -36
44 -46 -11
-9 -98 -35
13 -10 47
-74 -76 26
73 -18 -6
97 -90 48
16 74 -36
34 -86 74
36 -73 -73
-74 -54 -97
-9 88 19
-15 91 -90
90 71 9
-96 -7 -65
-85 56 2
-52 58 -35
-35 -14 -19
44 97 -23
64 -59 77
94 93 -26
91 -69 -27
52 82 -36
25 -51 46
35 -90 -41
83 29 -86
49 -58 67
-99 85 -47
83 46 13
52 45 22
81 -27 45
38 -89 78
-39 10 -15
33 -89 49
86 -78 59
-91 -1 94
84 -28 35
-88 -45 57
-70 -24 -18
-69 23 36
-74 84 16
-12 33 21
-80 -59 -77
64 -63 -57
-3 25 28
-72 -39 74
66 87 -31
8 39 15
30 -60 -64
51 31 86
17 60 -60
11 -23 7
-7 -53 -7
-32 -91 -66
-56 -28 64
66 -16 61
-42 -33 -69
-72 -10 41
-13 -56 -75
-87 -34 -54
42 64 -8
-42 18 60
72 62 -18
33 3 -17
-99 -75 11
34 -48 -26
12 -14 -66
52 3 6
-97 48 -71
-59 -33 87
-34 -18 33
12 -3 1
7 17 39
-92 -83 -52
-76 -80 -85
-85 -23 -20
37 -9 -16
63 -61 -57
-86 54 44
81 -38 -73
16 -50 -2
-94 -32 69
85 58 89
-85 -37 19
-97 52 -8
-75 90 96
-52 68 -94
91 -5 41
72 -44 -55
-78 17 79
-22 -43 81
8 44 -33
62 46 29
15 61 79
37 -91 -6
88 7 -63
-27 -8 41
58 -90 46
72 79 -73
18 -41 -3
-24 -71 -47
32 -98 -24
23 -95 27
75 77 39
-81 -71 92
55 -82 -73
-28 -11 6
45 -51 59
73 28 83
56 26 -58
-95 88 -97
-51 -75 37
-35 10 -75
-95 42 60
-38 28 49
-91 62 71
12 28 20
99 41 -33
-88 73 -26
-59 75 -53
86 26 55
-32 77 -97
-13 -85 56
-16 67 85
78 -89 -60
-81 51 33
13 4 62
-55 -71 47
9 12 -64
-2 -10 54
-22 44 -72
30 1 -7
64 -55 -6
3 7 -89
95 -25 -36
-29 -98 -28
-61 -37 56
56 -20 72
37 -13 80
20 -63 27
-77 -10 99
36 -2 -29
-27 72 100
2 23 59
-35 8 -100
-33 -95 -9
76 -5 -69
-43 -75 18
-53 14 85
10 66 36
-98 -64 -80
-56 81 -30
-57 13 -4
24 -3 -51
55 30 77
-71 -67 100
-96 10 -35
41 -36 94
19 56 -86
-99 -8 72
36 -45 -38
28 -34 95
-61 -19 -92
-70 -5 -17
-25 90 25
-98 45 -10
94 50 -28
-9 -42 16
87 -31 -20
-4 53 17
30 13 80
54 -21 -61
-90 11 59
21 -73 -2
-61 -30 -5
24 -26 96
-82 -68 73
83 -43 -57
-53 -17 -39
-23 5 62
4 2 35
90 91 -100
33 -34 -25
-52 13 25
91 -54 64
30 51 100
11 86 47
73 -37 -17
60 -5 -91
17 -52 -12
46 -49 25
-96 -64 69
-58 -71 60
-50 70 30
52 100 33
-38 -29 60
75 17 54
65 54 62
-2 -27 87
30 -14 -8
69 -87 52
-20 -73 -67
60 99 -9
79 -91 16
-96 63 42
52 48 -64
19 -61 5
76 -87 -52
-100 -1 25
52 77 84
-21 84 -64
-49 -48 -97
18 -61 -62
81 -27 42
57 -16 92
-47 46 -2
98 -11 67
-53 38 20
-31 14 -75
80 -60 86
54 -72 -16
-51 97 -16
-17 -6 4
87 43 -72
-99 -89 -60
-42 -64 -89
18 -23 -19
-13 55 75
-33 91 -95
-70 60 54
-95 43 10
-65 60 32
83 95 7
-34 -21 -83
36 -57 -32
38 79 -24
-94 42 -69
-51 -17 80
95 60 10
18 79 -17
69 40 80
-31 90 97
-89 45 -76
-2 -29 1
44 -40 41
-49 -20 64
-89 -20 -63
70 -58 100
-31 -78 -86
67 83 -40
-42 90 -75
81 31 31
32 -16 -19
-25 -93 -49
43 94 18
-93 -53 5
-88 23 81
-62 84 80
-38 -10 38
-12 42 83
89 98 68
45 96 11
-7 1 66
-26 48 -94
85 52 91
45 -16 -66
32 -99 89
-70 95 -77
-72 52 -61
-75 82 -42
-99 62 12
-48 -47 -11
62 -4 22
-86 67 65
84 -93 -48
-40 48 -73
-97 -49 -96
72 8 -48
-81 88 -42
3 32 -46
-34 78 -10
70 70 -13
-33 -91 -39
-83 68 92
42 51 62
79 -30 -93
-6 -50 -74
-10 20 97
-53 89 56
70 90 69
24 69 -66
-52 -23 -43
37 -75 68
79 -4 91
43 -28 -55
-3 24 36
96 -27 1
-72 -45 38
-5 43 6
-100 -62 78
17 -83 69
63 35 38
-95 39 -70
-94 -59 60
81 56 -32
88 -28 -50
-13 -75 -94
-95 -58 8
24 -12 53
-24 7 30
44 -61 6
86 32 43
53 76 74
82 -83 34
-98 -30 -3
-70 -98 28
18 -15 33
-98 8 18
93 99 -84
-7 33 -40
-32 -60 -53
-72 16 23
-11 -69 31
4 -10 -11
-39 -98 47
4 -76 -53
-60 -32 10
-20 -89 -23
57 79 -89
44 69 38
-29 -26 -38
96 48 12
7 33 53
86 54 37
43 -1 -29
48 -4 -39
17 94 4
-80 97 -26
37 -87 95
-74 -76 -16
-29 -14 -92
-24 -18 -100
23 16 66
11 -63 -89
-69 -20 -33
51 82 -2
-33 19 89
-33 -72 -71
66 88 -74
35 32 91
-2 5 6
-97 -64 15
39 34 78
17 58 -23
57 -56 45
-68 -70 -42
40 6 -31
44 -37 48
-92 59 82
68 93 85
-52 61 9
2 -20 -22
-31 56 86
-20 -64 26
-22 23 4
-21 96 -22
30 66 63
31 46 85
90 -91 76
-48 -86 74
48 -48 24
-67 -37 15
-86 -97 16
31 99 -42
63 79 -29
45 53 95
32 23 -94
-92 -27 22
59 18 -70
6 53 31
62 74 54
54 41 -98
90 67 -28
-66 17 2
76 -72 21
-95 58 52
15 69 -75
-82 95 -67
27 25 -69
31 -50 -44
-21 9 60
28 28 -72
-2 57 -90
-58 -87 52
-15 37 57
-16 1 -12
-54 36 31
92 55 -51
-38 -56 -4
68 88 34
-57 61 29
-83 -36 -25
-69 47 -55
-60 -24 67
-8 83 -85
-57 98 81
-7 -30 -63
-12 -77 -30
65 -68 -94
74 -16 -65
37 -96 -43
-45 63 71
13 -94 -3
-1 79 -25
72 -68 -31
25 -83 -42
-19 71 -21
93 36 30
-46 35 32
-52 -46 -54
15 9 41
54 90 78
-91 11 -15
-36 -70 -87
12 -69 -10
-2 11 -33
-23 50 -3
-49 -30 -9
-77 8 -36
12 -22 -76
76 41 -37
1 -64 95
13 71 -8
65 -10 -77
-55 -30 -9
-28 -35 3
44 45 -29
89 94 -90
27 -26 -10
16 -87 -3
72 -63 -77
-24 -67 73
98 56 4
-44 70 85
23 -77 8
-71 18 -64
-71 99 -52
-66 39 2
-89 -10 -77
31 -78 96
15 -45 5
-10 2 8
-68 -2 57
-96 56 2
36 97 78
48 66 82
38 36 95
-66 29 51
-99 29 7
19 43 72
85 40 31
-64 45 84
-74 -27 -3
38 -17 -61
55 -42 -94
48 -41 65
52 55 25
-73 -75 92
-29 73 -15
15 -3 -60
80 73 21
-22 22 -18
96 -97 -25
-3 -100 59
72 -20 44
-33 64 -85
23 7 -6
66 20 7
-72 52 -70
-53 1 29
-97 1 30
-23 97 -12
51 -14 -66
25 -83 70
-62 -60 -39
30 -41 -38
-76 48 80
-20 -39 19
8 9 -82
-12 -3 -43
-71 48 -64
81 65 29
10 25 15
-71 51 16
-61 41 -35
78 -43 64
73 -11 -63
-54 75 50
90 96 63
49 -57 -46
-67 4 61
-24 2 72
15 -80 -7
77 -64 85
10 18 -6
-26 -78 -61
41 -89 -35
-70 -46 100
85 -51 90
73 -97 67
70 -88 15
-95 98 -19
-57 87 -15
77 77 16
-54 25 -73
-31 2 -24
81 80 -81
57 13 -32
38 78 -81
14 -30 22
-2 56 -43
-29 98 -50
81 11 15
48 12 -95
-95 59 49
-28 92 -24
-29 94 9
-19 42 -2
-58 -58 -64
-3 22 8
25 -67 76
-45 14 -41
16 13 61
-91 72 -80
-91 -39 97
24 47 85
84 6 -62
54 -29 -38
-22 35 13
86 -67 51
38 65 -86
-79 82 -81
90 27 -12
49 17 -89
62 38 46
59 -88 -44
-49 -93 84
-24 -20 -70
-96 -11 -9
6 33 -30
76 -69 55
53 -47 62
95 97 -19
-67 60 49
33 -76 52
-58 -10 66
80 55 -58
-47 -49 90
13 50 -25
-67 78 18
-18 -85 20
41 -72 -67
25 83 -63
-5 -36 -40
-64 -85 25
-76 87 91
-35 16 -59
-58 -89 90
87 97 62
49 22 -44
65 52 -89
36 63 3
-74 80 16
-76 -43 -39
14 91 30
68 91 -90
-50 -27 72
-65 -73 68
31 -9 -73
11 67 63
-68 -54 -62
-82 14 -70
-1 -66 -97
-2 -26 -70
5 60 69
26 53 68
-97 16 -31
-99 38 71
47 -25 -36
-25 -45 11
-94 35 -64
-55 92 -50
82 49 -35
42 62 11
52 71 -81
-100 56 -58
60 -54 96
-76 25 -75
22 -9 8
-84 88 -92
66 6 -73
57 -54 -70
79 -35 -71
-16 89 24
-4 91 -9
5 -66 -12
-74 -38 -30
8 29 -87
62 -39 -7
91 -6 -97
-56 64 -66
16 -17 17
19 86 -38
-67 -2 -41
-53 -57 25
27 82 -61
51 -6 -40
10 47 25
34 -19 -16
-1 98 -67
60 -95 60
-8 63 -50
-53 86 -22
7 -32 68
-55 -64 -60
-84 87 8
46 -3 -30
-60 -41 93
15 82 62
-25 48 -77
-57 100 83
14 -85 55
73 62 64
-27 88 -54
-49 92 -55
89 57 14
23 -94 52
-84 59 -84
16 -22 -77
18 47 -28
96 35 -100
-59 -88 38
12 8 -37
-70 67 20
-28 37 -38
66 78 -56
49 -43 -46
79 62 29
-19 -32 -48
-4 68 24
-80 -4 94
-70 -66 -3
-69 -19 83
42 66 48
-56 55 38
57 12 86
63 41 -86
-95 2 -32
-26 65 -1
63 66 72
20 10 99
26 -7 6
50 -28 52
34 -5 -59
30 21 71
-43 31 15
-37 69 -96
-38 61 8
26 -25 31
-22 41 28
-57 24 -96
10 69 -25
-7 -2 -82
11 86 93
11 7 -6
23 10 -88
-91 -11 6
11 -21 48
29 -59 -52
84 15 -2
-63 96 -63
60 -11 -94
-20 -48 31
31 -50 -22
21 -19 41
100 87 45
-13 -15 -2
-67 -48 60
-20 -54 -70
7 -95 7
47 98 51
91 97 -9
-18 -100 19
-82 16 -9
-66 52 18
25 -97 -57
-57 25 81
51 17 -82
-96 36 -3
87 57 47
-99 -96 1
-92 -30 22
-5 43 15
96 -20 64
26 -35 99
23 52 -50
43 29 -44
-100 -85 16
59 -50 12
-68 41 -18
27 -34 19
-7 -19 -6
-69 61 53
-24 13 -62
39 -71 58
48 56 92
73 78 -68
-29 -34 65
13 5 4
-14 30 -63
-40 10 49
95 -52 -17
-49 72 38
12 40 96
-94 13 41
-24 -95 1
-10 -60 -62
92 25 44
-85 62 -100
-81 24 44
-62 31 -71
15 8 -64
16 13 29
-12 -9 -60
-47 48 -63
-1 -77 -73
95 -14 57
-87 -64 -25
100 -71 -5
-66 -2 -11
55 92 84
-52 95 6
17 69 44
47 -49 -25
-43 -79 46
-67 -60 -30
92 -13 -89
61 54 7
71 -37 -3
52 -25 -23
81 65 29
-66 98 88
-82 42 -75
15 -47 76
47 1 -95
-94 -10 -64
6 -82 -46
-50 32 -5
-30 17 46
11 18 -22
99 18 31
84 54 -59
-42 -66 69
-27 -24 10
-97 87 12
-17 -53 -11
-22 -32 -8
95 -95 -31
58 -45 -31
14 47 79
9 9 -39
46 13 -55
-35 38 -99
1 34 -12
-16 -67 49
14 76 39
-33 -2 48
50 -20 -13
-23 -17 -78
13 54 -92
14 37 54
43 -91 -38
14 -1 12
-55 -23 -61
83 -5 3
23 100 -98
-75 59 22
-88 64 80
84 75 3
-46 -3 -13
-76 -20 41
-1 -43 -52
77 66 14
86 -71 77
16 -42 61
53 61 95
81 -41 -90
-48 -79 31
-86 -67 55
41 -31 33
36 -23 33
50 -7 6
99 68 -94
71 29 79
-95 -35 46
-39 92 -2
-9 -55 52
-69 -93 94
32 -73 99
-55 -96 -21
-90 -73 23
80 -83 -21
-83 -53 8
7 -79 -97
-38 55 6
-16 -64 -32
-52 -62 -89
-25 -40 42
18 -54 -7
31 46 -11
73 -17 -72
-6 58 -80
-93 66 92
-74 -65 48
-29 -59 -70
-11 -4 25
-15 86 -41
66 87 37
-24 -44 50
-41 -19 39
69 -53 -78
-52 51 -8
-88 -47 -8
-46 45 6
8 -62 74
-27 37 -80
19 -38 64
21 -84 -4
98 -65 17
-50 -78 76
7 70 2
96 -100 40
32 -29 -40
-70 8 87
91 57 -55
77 -76 51
15 -99 -27
48 95 -71
35 63 -10
-27 -39 -89
45 -96 98
-36 98 83
-74 3 45
57 50 -51
-72 11 -95
-42 -55 -22
39 -90 69
100 61 -43
-68 -68 99
56 9 -56
60 55 7
91 97 -13
79 34 10
-31 -88 -22
-33 39 -36
-73 -96 43
81 61 83
97 -70 17
9 25 91
-84 -20 63
79 52 63
13 -36 11
71 -53 -17
84 -28 -94
74 9 -32
3 -37 -19
90 8 -36
11 89 -71
-42 -81 93
83 -15 -57
17 -47 35
-42 79 -93
-29 4 -96
-56 -31 91
-74 87 11
-57 -11 4
-92 -53 78
20 88 -1
77 -34 79
-87 -50 -77
-58 -71 -4
98 47 -67
-1 -71 72
-37 -85 70
33 -79 7
22 32 -83
-44 -75 1
92 -18 58
14 -30 78
70 -32 93
25 -23 -33
72 87 -24
83 80 94
-81 -82 53
17 14 80
89 -1 31
-99 -20 -64
37 70 -10
86 19 1
-100 10 -10
-71 69 34
49 -71 27
10 -26 90
-45 85 -84
77 10 18
96 -65 93
-57 -72 45
-21 -46 -9
22 -96 -33
-30 19 -49
-96 -64 5
100 69 94
28 -31 -59
-4 -22 -57
16 20 7
91 57 72
-32 28 54
-34 58 -68
34 -8 82
86 -87 97
87 84 19
-28 -38 100
-68 -28 29
60 26 -27
-93 19 23
-16 27 44
-52 15 29
-33 -84 -59
-78 -53 -40
-85 88 20
91 -77 94
84 51 45
-61 -98 -62
-63 72 11
-26 -97 7
56 58 -99
6 -96 80
-56 100 41
-4 -34 -27
98 -9 -85
-41 -16 -7
-36 95 -93
-18 -10 -38
-59 25 92
-78 -87 -83
75 80 90
1 -4 -70
-9 -34 8
-15 18 55
83 -84 -68
51 29 -61
-4 -27 77
-83 -68 -46
-61 1 90
-43 -13 96
-86 41 -86
42 99 -21
16 38 50
27 89 73
-20 -3 40
89 -33 2
76 -70 64
-45 -14 -2
6 -28 -15
-93 41 3
21 19 77
-85 76 87
-57 -69 53
