1000
-23549 301 52714
72946 82170 7211
57817 53670 54833
-69661 37424 85197
-51184 79810 -41073
-28315 53491 34582
91643 99016 -37870
-38104 -73926 -35110
40653 69800 70896
77679 -47211 -98781
10347 -62205 79402
-54384 -70700 42415
70402 81990 92352
-24513 -49704 -45638
38704 58657 -30580
-62344 -64874 -25668
-22335 55724 6394
42678 8447 8612
79477 -83857 -59134
-24526 32224 -66546
-87877 73574 -83740
22074 66284 -76920
-23081 -3376 35810
85705 19875 -51052
42620 -93806 -85509
-29116 -5728 -99347
49661 -91418 50842
-10702 -84137 38535
-95410 -55619 -4371
96949 -35347 721
-41510 -78062 13350
-80520 85831 90407
80302 -65177 -76877
26496 -45096 -6195
61345 35237 -41023
-64503 64023 18646
-23183 32849 -1378
-50995 88882 74399
77347 40305 -82440
-57332 -25131 83472
26774 79970 -2064
21140 876 16073
-16511 61156 -21536
80286 21243 91382
15256 4850 94907
39245 16553 36785
-55477 -63014 22347
96805 42353 -79814
47656 84841 52298
27491 61928 -98345
34493 -62475 -58685
-71332 -576 -54186
-98260 -66630 84153
85387 -26470 -47062
1337 15262 83674
50222 -12939 34956
70896 88371 94392
79831 96953 -63291
40987 57263 1771
-49887 66368 -75305
29501 85314 94268
-28286 87381 93643
14453 -50393 18850
-18740 -11721 68206
53825 -8030 -16342
-14712 17474 -95353
844 82659 -40119
68578 -71430 32999
-66814 -99800 54149
-87599 74631 -36290
6599 -24390 11868
-23508 -25809 38370
38904 -90235 37115
85076 96219 34378
44108 2068 -28453
36094 -36180 -9046
69994 -42033 1760
58578 38437 5062
69677 -87761 -15990
-73543 -53139 -26512
-81511 -92512 -74591
53531 48266 22987
-45695 -93683 -67333
-49840 70876 53289
-62789 34050 20420
-67030 -80830 6956
49852 35792 33402
-81214 -16236 68306
26840 -96802 17545
95501 -73352 -52074
35643 -84170 97096
98670 49376 -10914
90538 -2180 26082
-25677 10799 -71127
-28751 -77368 -506
47673 75318 -56525
51323 89294 -40232
89494 33544 -33443
80210 -15108 -53430
-23899 95602 73734
-49270 36508 88822
82549 -15482 42380
-1794 -14950 -2460
11069 50718 -35258
87786 50786 64646
-12271 10336 60710
43071 4504 -63059
64307 -69938 -91768
-33882 -4747 75167
46654 -16396 -39110
73392 8229 -98083
70746 -83197 86334
-40707 51185 -69032
4727 60029 -20293
-83667 -44364 31222
39899 -66945 -36406
74922 -47154 53656
84857 50174 -68628
-78009 64202 95152
-34535 -38869 44083
-58791 -13378 -9206
-98927 -73094 -6092
-54980 50793 95594
46739 -16075 -90400
87114 -36453 78409
-81308 26503 -53668
36920 -69890 94407
-50631 -64420 -16560
-58181 -15078 -54483
24385 49891 4065
-9486 -38127 -53529
-11198 77333 40935
-93792 17795 85750
-67549 -59099 -44393
98721 1782 47219
-35132 -24279 19166
38720 -15203 90572
-56697 49606 -7503
-19773 82000 -12503
50760 96630 40286
-33415 -51247 23918
63586 -12854 -5466
-75535 91669 49943
15809 -77240 55569
20963 54210 -2144
-42200 -59063 -75988
65647 -99368 89091
94040 45678 72098
29247 71614 25272
94998 77180 -50165
-18579 -68039 30042
-92329 99631 -17862
16673 57922 36391
55800 61318 -7888
8588 50703 24025
-83623 -91251 83315
-89739 -34740 57943
5287 -39100 -56729
-60151 -9215 -23184
40461 45261 -25096
-55028 59712 5876
84802 -61687 7382
-94445 -6102 37330
58594 -75136 -10195
-71036 -16649 -51959
26952 -47184 56410
-89701 40078 -14066
-13081 70677 -8897
60591 23550 9547
-64972 28478 -59572
-71639 69451 19699
-10698 -40578 72526
-95738 42141 58102
-21131 -56626 -56259
-14023 -68286 62605
-18489 25626 74426
-81081 1675 90722
95138 -35028 71194
-27997 50598 -58895
49307 99035 -95030
-32024 -55650 -46543
-6051 -5737 -37488
2149 -64530 89566
-85371 93081 10609
-35171 58479 13006
49431 -16971 -28228
81900 -32228 -65786
-7685 99747 35683
78893 -17497 4827
67711 -27881 -35692
55334 -19634 31583
-85183 44058 73597
-77256 -30917 52898
-74180 77196 -55191
-84594 92984 62251
83905 -27144 4104
-87813 -96310 -58836
-11191 -41985 82392
89052 91140 -51597
85081 89609 4421
-38259 36064 -38086
5218 -9198 47063
92908 -43780 -3966
-84698 12836 47625
-72808 -31809 27990
14410 7419 74501
16200 -40587 85562
-6942 80018 41244
40400 -16896 55032
-76205 30817 52433
75530 52107 -10190
58255 -35008 -14854
50078 10282 -90581
50568 79675 12846
-67247 22671 -75070
81598 70042 175
93824 -99999 42710
98038 70121 74448
72976 52169 39736
-21345 -53598 63844
-37994 87975 96572
-21828 98219 -59851
-19000 -62330 -19305
-1425 -2646 60222
-74660 -30486 9287
-52162 -6829 30785
61769 -89739 13433
-92901 79728 5625
47697 -97419 -96326
-78098 73907 61034
92353 -81336 -93232
18637 -98829 -20208
-95768 -4360 94949
56497 -71559 23465
-24346 -7583 -54724
24770 56374 54467
-19361 -63605 -24172
-97556 42359 -80475
-64877 -36922 50638
-47259 57474 -61821
-90038 68099 34263
-60527 -12576 57679
-70067 -50292 -24442
-10030 -27289 54746
40725 50412 -82424
-45404 34243 -45282
-67639 2095 47083
-1028 74119 89780
13249 -96139 -54927
-77536 -2375 88250
-93513 66000 3947
90198 -34087 -26210
-76903 7266 21205
-27110 -93320 -37396
48247 -95824 -94901
-92099 88790 43414
66711 13457 -34979
99958 40661 78109
-57642 -65746 17251
9081 52592 -56903
-27117 23488 -32690
50850 64707 -88621
65843 -8673 30924
67225 62989 -27551
11922 -4187 73155
-64783 -40781 22419
22022 -20734 -32778
32832 78739 4609
-53874 -11770 39696
44690 66757 -93023
29163 -16503 -10936
87541 -34600 -58836
-39618 -64504 63187
27891 -91849 36826
-47659 33651 14263
2553 -75595 -50053
-74476 -23894 -87336
-73887 26647 77726
-59321 -84203 -7474
23092 -83756 74636
23700 75578 29188
-84878 -50034 -91741
-40764 -41923 -37789
-52300 -14088 22690
28649 -30896 -45876
-96305 -87500 -60629
8126 52407 75042
-22627 16939 -63656
29843 -52178 -17731
-32212 61642 52351
84471 99369 66355
52090 49176 -64893
19532 2626 13521
65352 92834 -60325
-97017 -31095 -54784
201 -77518 74512
27946 -52835 -11664
60211 68474 31156
-66755 -28874 -93671
30479 -40610 93430
-65326 25817 58049
-11887 65244 -33646
-77649 46003 11230
-46687 9373 86204
81724 -62898 75102
-1962 -97836 40604
99808 -69334 -44094
-14034 4807 -33435
42314 -51167 11077
-28188 76755 -79499
-76829 72315 -31880
-65162 -68495 59598
-49111 -78755 -97515
-69731 -64573 -87050
19695 -11160 -39896
93244 8442 37980
5452 29851 -79528
-42668 -51538 79788
44409 66056 87747
-18356 -68913 98484
8043 91640 60906
17111 87149 64529
58333 82570 76396
28318 -44685 33390
-76253 98351 -34195
-20126 -78732 20301
-52131 31782 53580
86261 -92802 34158
42239 75035 -20587
95267 -63822 3017
48974 31922 64334
7237 64067 55401
2735 -98721 -60247
-913 -26517 -33851
-96080 82298 -73103
52440 -47978 78669
30929 53479 95293
-92401 -79426 -49912
45057 95681 56853
-90315 -6376 28928
27721 -3816 -95826
50420 -45103 -31395
-71705 -49943 -88144
39324 79622 -27579
44202 -4988 88533
-26274 -93387 -81330
-13016 38947 -84668
28149 54193 -14590
26712 17031 88669
-85342 -45118 -53277
49481 -42794 75125
88555 43750 30993
53218 -10648 -46696
53133 -95386 -95100
43723 -96589 69775
-31617 -94860 85254
-20146 15956 -45638
-33706 -33253 11809
-5965 -95522 -54040
6563 -26624 -5118
30766 -94131 50450
-85971 66193 -53986
-79056 56749 28247
-54849 -11380 -67615
-37925 61388 91507
28933 -41384 74210
44030 31385 -94383
-45508 98157 17687
42627 33212 -55351
64782 64410 -90034
80922 -78760 -71130
56389 91512 -22971
25824 82529 -99861
-60715 85799 -19879
80034 -52982 -20009
59954 -63862 20814
72031 -67337 45382
-46503 -64318 -53784
-49853 -67834 19336
-42773 -34145 -97170
-73505 -18813 -52111
38770 -43914 -55341
82707 -76160 54628
-47529 -20630 97273
65221 -61367 64909
27249 -4405 14270
-78541 -76113 -341
-85788 12773 -59277
-88512 75750 -89060
39747 -61894 -5614
-9364 26510 87607
-37571 74391 -10616
5412 27771 2247
-15189 -67413 -94081
-87421 -94392 25723
60411 -44535 -52614
-72712 16884 42406
50856 -87320 50350
32449 -84696 4149
94280 58361 16280
-20836 -42623 -4107
-3048 44608 15389
398 25601 55443
85057 -16776 7637
-42623 89773 -34106
-74007 -9529 44655
-70007 -3326 16865
46047 72450 36439
-41593 23343 93239
-15049 -50322 -96150
-77110 -4982 90646
37286 33316 -43165
67888 -75957 -24770
79545 -2247 -41049
-64249 -77046 -46391
15454 -32622 -64515
65992 51681 51735
-59282 94510 -63469
-7133 -25747 -74968
38465 60160 76870
15082 -28511 77679
-28430 27449 -78910
77813 -9362 43347
-74697 -70896 -87374
-94925 -22688 -78941
10004 -89554 -3225
3368 60604 77541
-40687 82886 -9669
30888 -11009 -66709
5865 31900 21244
-12116 -32630 16876
-84923 12555 92681
-35815 -24231 -46591
-20443 -41051 72378
-36136 95312 -59063
-47389 -84429 57785
39282 -82751 -98870
24477 -43447 79693
-16232 -80862 -6929
34573 39383 -39068
91244 23321 -71399
90860 56181 86644
-95816 25441 41311
-72145 -8058 -15787
37248 -78670 -72997
26551 -98048 -23002
51658 -29589 -74369
87993 71048 25176
82844 52594 -22752
70018 33499 -82267
91401 -30164 81617
-82877 57289 56007
76651 79576 25625
-66861 -32580 -68197
-93859 32771 -91178
-55381 -44042 43121
68247 88325 -51209
70288 -35527 54586
-14230 43010 -50008
55205 -63979 9576
-69090 16911 -7986
-53151 68739 -79244
-70969 38194 -15982
-22976 -65528 91154
98458 24424 -50152
-37756 42264 -62730
39492 -31959 -26230
35068 26635 36314
-60332 29057 53723
-78439 23163 -17416
-44683 42079 84604
-5298 92439 -51908
-62453 -26035 -29372
-88791 18314 68418
-70280 83156 7615
-21622 -69786 82419
2001 -68447 10155
-72152 88991 3500
-18645 -77200 39160
52711 29739 -46589
7574 34587 27947
58603 68071 57205
18994 10322 -48683
5475 -6853 -6734
65058 63998 7922
97796 29445 50555
82625 -39245 -50953
8601 29589 51156
-34211 29355 4961
-68361 36717 -2518
-99522 -80349 67155
65788 -17009 -36375
41301 -27341 -39245
-57375 11085 32943
42446 -69786 61466
-28748 -35046 -66661
-36807 60140 -32291
78093 -47218 -1224
30916 78626 -75441
9138 35233 -38733
-73396 99486 -60797
6879 93247 -97773
-32255 -98157 91552
-99819 -45086 50756
-15524 55002 52787
36495 45856 29812
-58998 -10033 74022
74113 24531 -9703
-64827 760 -11219
-59710 96849 66090
-58819 -76709 69611
-98433 43142 30769
-33 71986 28299
-29731 51331 32446
25379 84342 -32946
-38866 -8271 -62865
3 -89299 38660
-21088 19789 14288
-31336 59587 30481
41972 -45598 -74005
51383 -23512 39084
-23460 -33403 55717
64521 -93416 46435
13565 78828 49333
82589 24955 77080
99003 -74244 17771
-48785 22262 2712
-31089 -56838 -15132
-97884 94018 -97759
-88969 14526 -33234
42189 -90564 64165
-6501 53673 -59519
96661 -23403 -8539
84830 71983 -95584
15691 -86006 66215
18533 -40383 -43914
-3713 -78310 55533
-11476 -15147 2074
18452 75654 34762
-94011 94214 -36197
57754 -96917 -64644
33003 -27864 -71661
73117 -92617 -68479
44445 -51239 75724
99653 85224 -24228
45564 -21881 54374
-76745 18017 43071
6507 -65025 25063
-65762 -89323 21052
20062 23964 79952
77976 -10675 -22084
-70726 -6945 31171
58184 70983 -70911
76083 -97382 40826
65442 -60401 63932
-22506 9752 -94371
-8369 15046 -53818
-62986 -78902 -66171
21197 99631 -62440
-18700 -86205 84004
80885 -52118 -86179
70350 34312 30733
-70539 -31798 52499
-48758 -45190 46997
-57633 -10914 84890
77488 15879 -12114
-5168 52679 89206
33583 44795 -77747
44881 62337 28378
-25004 60718 -31180
-60133 -63620 -36169
32842 34642 -75985
22086 60610 -38954
63392 23379 -44411
-93667 -6586 -77222
88654 2643 68410
-75729 57720 -42178
32239 56483 7521
10672 -48665 42547
-40482 50581 79535
7417 -82249 -75567
-60614 49815 -69985
-23381 -45048 -85853
76588 98732 22838
-46485 -53860 -33941
-17336 -78243 55863
-44380 -25335 -57268
29613 47722 -39794
-23002 84938 71550
-1730 45076 4758
-40159 17224 -46177
-78285 -25249 29624
57669 -69768 -7644
-51018 83187 41960
69793 -21862 -40912
-25685 87323 37807
42837 12168 51584
40703 95309 58447
93075 -72170 -15702
95800 52348 78410
-93761 -81648 -13622
49821 -31587 85354
33847 35382 -60924
-50225 17574 97474
-64308 -68692 -74789
38649 -37610 -13426
50053 -45439 89440
-9474 4957 -80390
-57233 -37046 74193
-81372 -1932 -79018
-76325 -48325 -23559
-19427 21198 15954
-64526 -81188 70619
-28974 -62065 77092
1723 -11263 98637
11259 -26650 -26699
-30112 19610 -93824
20764 94463 -53036
-51578 15353 85
57869 -86503 69514
25094 -74124 -18431
-77800 49102 65773
58240 24579 7922
-66937 -85602 83318
-29742 537 37072
33551 -97197 13877
93803 82329 35712
41503 70671 -53476
-4642 -54205 1703
27486 -43443 71107
85396 -9719 34023
47900 43125 74688
-40075 -83712 22379
-11524 -44064 93774
-72092 46544 83873
62242 91150 -2879
7052 -47822 98165
-59591 31810 57282
-4843 46738 38604
29402 41593 94610
-77568 81554 88063
-1723 44879 -73114
43415 59491 40451
-12623 81469 -70752
2975 98354 -75955
-85557 66601 78820
37190 -45901 5509
39464 -55951 -18153
47246 -19229 36387
-33197 -73766 76965
56201 -78923 -21626
23957 30762 6651
-88671 16208 84562
44838 -17671 56837
55180 -43451 44599
-71282 -59863 20576
34183 67789 -53850
55221 32997 55111
4589 -50238 99277
45255 15508 -15683
71448 22224 71786
47419 80705 -21845
36236 -15109 -92251
36581 -88429 23592
36303 -96487 91244
-3695 56933 -75117
-98207 63721 -61475
-65638 69515 81685
69868 30724 23369
-37050 -9058 -59350
26921 -98978 73782
82575 -36074 37916
53181 -99651 1993
-45684 -19462 44704
54394 -76679 64228
20117 -26044 -42275
72079 -83708 39327
9600 35584 13291
390 80158 -56192
-24941 61957 13410
98247 -26649 -90527
-29288 66131 -68483
59578 -42261 -69802
-65258 -89075 24874
-17836 19199 -20729
-69753 48817 56431
33396 -29247 44263
15270 48163 94083
-67680 -26108 63632
-14625 86343 61323
-67417 79999 87794
41531 -98948 46235
11283 -84700 94265
-18390 -78981 -49097
93369 98124 -24483
-61850 28024 48432
54273 -89619 -52027
20357 -16659 -10258
-25373 6045 -69999
59892 54975 -12781
-55486 86012 -9572
13577 -29933 -89745
50608 80133 -75060
64686 79096 -41001
93765 46352 15701
52180 -69578 -69858
-2713 13237 -73700
-30472 -61686 54277
51862 92010 -27040
-5791 53081 36839
17126 65252 76670
-64732 6579 -45990
84372 -74763 6064
-57079 28461 83174
-9314 860 -48460
-38720 -61988 -18944
53360 97934 53131
-44594 34307 -94242
90072 -95875 -43736
83650 -30094 20797
47523 -94075 93832
-24514 27389 -42663
24835 8548 47750
8381 39223 -73306
-79709 -67857 7355
-58725 13959 -20965
41442 97715 63815
48594 99943 -48023
-59032 -83742 13146
2343 92238 -36905
-88743 -8633 27835
-63315 -41896 86259
11105 -44850 -73320
-6897 -33574 49151
65298 -39864 -65557
27496 53402 64577
30056 -41294 99916
1397 92039 -53298
73019 -1972 -41427
80655 -16045 -59661
18734 15636 -55469
-73419 -69901 -207
14027 -14346 -11810
-40968 32459 90177
-93022 -88707 -65161
-32063 23545 -63284
-84229 5284 74094
86882 -22520 65005
-76986 98299 -44527
14273 51764 76728
-61024 59834 28510
97573 47349 -10830
-60709 -99824 21903
-16283 -25459 92718
-13276 -46352 4620
-54179 22843 -57138
55559 -28211 22142
-2801 16518 -49016
70995 44952 98842
18151 -94921 -9522
7593 22080 88494
80531 99421 49878
46803 6888 -43592
33316 29487 -58941
95314 -48637 86363
-79983 65977 11671
-78355 84981 -53585
-47627 -85829 68805
15816 -34005 22062
-76050 -71397 -27607
-91714 -37138 95335
-19378 -45749 -74336
-21205 -66781 -98153
38259 -85987 19117
22369 13580 42158
-95810 45660 88825
63930 -51222 -82694
-51804 59038 21076
92922 -77517 96438
70147 90705 -63487
24449 25022 76841
-30106 -60908 -23630
26947 -32043 -72462
13763 -71641 43542
-68829 -96942 60277
-20439 59435 -83988
-68295 9769 69684
93868 77097 -46716
-52121 88431 -50929
-62178 74521 -14372
64641 -67970 79231
-33230 -76098 -57216
-33837 -30108 61485
27277 -60709 91883
80398 89365 -10674
23974 -82462 44978
-99553 -62977 -87247
54143 -4456 -60118
-53857 -54114 -37745
25285 -17383 -11892
-70686 15012 91619
24152 32612 -13207
11878 -13276 89367
-64658 44300 48419
88105 -24726 34128
-47752 -83712 96215
33650 99187 -86165
18872 15148 52972
-15403 88695 38839
-71406 -89420 -23587
-18275 90100 -18892
37492 -92290 -95953
-40016 -38533 33915
11174 21697 46888
-53309 -43771 70072
-67951 -70030 -11322
-91836 85022 69254
25368 -80559 -89026
-66802 45268 -82482
95376 -28547 -63101
-29169 -15103 29699
70407 75300 -76395
-15656 12798 22876
-76641 49169 68833
69933 -35012 -78188
85218 58954 52181
4671 26330 38531
-33757 -73135 53881
92323 -28387 60914
26954 17193 -2119
38949 74709 -38825
-61761 -58623 -50493
-88556 94830 -58314
-44358 16454 30426
-72084 77376 53294
79534 -77059 33007
-26142 649 58412
38337 -50543 -95546
33640 83586 -16899
-86050 66064 -8450
61863 24302 99954
78627 -92765 -88084
-71268 -33986 98412
90515 97401 4823
-86563 -9687 -44166
-71019 32449 -36726
26489 59558 -40001
-59869 -32482 -62507
73126 18354 -18538
658 72961 -42079
67362 45636 15850
53718 -11172 28445
24423 36127 46054
71219 10830 -7245
17218 -80330 36291
31316 -48068 10432
-77161 -27933 -10016
-90834 35037 -60122
7695 96090 91724
36383 -57651 76818
-24007 62429 50137
-3470 -28791 -79067
2670 -29199 -16437
-95011 -55338 23383
70441 80489 -36771
-27191 31674 -86604
-79280 17968 -49921
29221 19322 -61635
14911 -74209 8628
-71313 98154 5786
-30130 65578 91583
27343 -48381 27680
19816 -91827 -82491
14502 63204 54702
24122 -7754 92804
98829 6475 99511
10194 -97668 55079
-84612 74641 80217
87776 -95714 3061
82570 83268 99052
-82475 43631 -33582
86842 91431 72774
-54527 17637 -86949
83531 25707 -68246
10711 -90738 -89947
13773 7448 67848
-89696 -97530 57434
-20469 -41674 62119
-41459 9547 -33565
40287 45320 -72328
-24936 -3972 -9892
27259 -51132 76070
34644 -63206 -69944
-87965 55927 -85270
-55965 5900 55039
39420 -65356 -39353
38782 3672 -74358
-13669 53012 -65881
91466 -43654 83027
84275 15146 33385
-65032 -19195 97257
33472 15159 -22103
7701 -96669 80122
26105 -60417 37787
42660 -73460 29643
-68643 -91251 -13571
85727 33174 -88822
-63104 87321 60869
-17125 -20046 -27575
79603 -24107 -48843
35949 7467 -83507
-32549 68167 21883
98748 90712 83252
9466 -38399 90268
99972 5245 17411
-55681 54950 77374
75555 -53636 -53571
52253 97772 -81903
-5416 20059 -64089
65538 -31348 -11250
43308 78798 55452
-35316 -36621 95049
36001 36194 -7616
87278 -32477 -31907
-57637 -51185 -81758
67488 -62127 26145
53299 -61327 99758
-13785 -85809 55938
-31428 -51628 -47420
-22544 17481 -65531
-74778 81628 -34257
-64862 17704 50229
-2164 79767 15822
-63025 -27070 74240
57700 50040 22233
-62233 19252 74128
71213 -21186 68213
97462 51259 -5257
81983 20376 -16585
-61814 25018 94628
78668 89862 99013
-53958 87128 7612
-29502 -30219 -377
82641 -5518 88011
-75441 -88876 51
88357 611 68439
-39793 -92324 -52101
-12643 11679 81536
-57927 28883 57059
-34118 -26453 -37467
-93611 -62703 -1167
58045 63255 58024
-57587 98192 45849
32370 -90178 -60414
-77561 28828 24598
14426 22310 59761
-90140 -47445 11525
-32588 -82559 -8754
65578 -56116 -42951
70213 -82653 30936
49682 -23238 51023
-23387 45739 87702
29070 4073 -15068
-51160 -3240 66119
60670 -7972 21023
-55656 -33255 24069
68661 90662 57402
-15867 -31716 -74862
-287 -72023 -41133
-26677 35174 -98713
-78386 5695 87114
-26427 84374 -77298
57579 5611 49390
-1015 33281 -34257
54180 696 -49260
43429 -45109 67936
30528 20427 70970
-85787 28095 3402
89254 -83339 -39423
44283 -22459 -6612
50290 -75615 93482
-32087 -73827 74774
72486 -14240 44626
-41903 93595 -1084
-49046 719 -77492
17052 53048 8813
-82132 113 36029
25999 -41631 -69866
-31771 -8734 49777
-33262 -54293 32395
34964 75942 27801
-37053 -95887 -44136
-85697 56666 1924
34492 86319 13522
-91520 24719 97867
29959 41113 -45272
77479 -40709 -63191
58008 13480 57127
47914 -94939 -75951
37167 4107 -18658
