No
13990 -14038534 -21284 21360669
No
7800439 8317494 7800439 8317494
No
19531318 16983022 19531318 16983022
7806326 7653008 7806326 7653008
2406607 5181934 2406607 5181934
No
1466707 334188 1466707 334188
38519068 -39666462 -7995200 8233361
11933649 -9455522 -56901275 45085233
No
No
13794461 -2424680 -17552390 3085215
19065938 -5055664 -11631637 3084330
5351937 10026178 5351937 10026178
4358810 1775939 4358810 1775939
12284106 31081644 12284106 31081644
18427555 -62150871 -6131016 20678167
817587 7326239 817587 7326239
41166225 68887287 41166225 68887287
12205705 12695479 12205705 12695479
No
20967893 -26086645 -58872872 73245113
4878931 13945470 4878931 13945470
4027003 -4419942 -14232904 15621714
12474336 -10068479 -23995987 19368006
23712872 1732552 23712872 1732552
5972848 -5512621 -23096755 21317082
9941474 -11608691 -23472134 27408494
13418247 16517166 13418247 16517166
1519953 2118381 1519953 2118381
13414805 4574443 13414805 4574443
5820621 -62098 -13353262 142462
4641284 17875153 4641284 17875153
No
12625218 28438086 12625218 28438086
3633113 3038233 3633113 3038233
No
7863515 17725925 7863515 17725925
16056090 -33376830 -1704169 3542564
34694697 -67152193 -6442323 12469228
No
33823949 4404546 33823949 4404546
No
6372096 -13888814 -20268161 44177115
2274247 744611 2274247 744611
1184794 84146968 1184794 84146968
55370049 44616437 55370049 44616437
2775525 11747484 2775525 11747484
12162354 17234935 12162354 17234935
19431356 -1337681 -65952945 4540293
13716762 -22258525 -39528947 64144588
No
No
34625040 15501607 34625040 15501607
No
No
30084428 19690604 30084428 19690604
No
788219 -4434964 -14034532 78966174
13820119 -15850365 -18310485 21000386
2119505 -10576605 -1052613 5252688
5515968 9122369 5515968 9122369
1237817 -1219559 -22554240 22221586
20368865 -27944638 -15607950 21413001
21100978 24001421 21100978 24001421
No
86164100 76103955 86164100 76103955
7275480 1664844 7275480 1664844
23735607 1039198 23735607 1039198
23963034 -21537587 -10975900 9864962
26373676 -27252808 -7722196 7979609
39488620 27188443 39488620 27188443
No
No
38897855 -707228 -38231280 695110
46996483 26326603 46996483 26326603
539774 -13049 -46498384 1123944
4423468 -5134086 -33673180 39082683
200584 -23585101 -55202 6490642
1383055 1854583 1383055 1854583
No
3290414 -14985015 -1681260 7656712
53664448 54048616 53664448 54048616
3468985 -6444683 -30752523 57132078
No
4494723 -5196195 -43405200 50179253
70072964 47909021 70072964 47909021
No
No
2601820 10741337 2601820 10741337
378851 1075975 378851 1075975
No
43333681 24156309 43333681 24156309
28209265 14805156 28209265 14805156
56255894 67689136 56255894 67689136
46933680 22887818 46933680 22887818
21389333 2672747 21389333 2672747
24954708 -51233247 -14748927 30280276
28340739 8037929 28340739 8037929
2041537 -23467028 -2159417 24822015
No
No
34793366 11917663 34793366 11917663
No
No
No
8230471 -15525519 -33370617 62948540
3271554 -15500190 -9671364 45821627
44660924 -60995277 -23148245 31614518
15010271 -34086756 -28938762 65716899
No
3882855 12979969 3882855 12979969
No
7187208 -19641646 -26006302 71071617
2395825 313929 2395825 313929
No
No
5800680 -653743 -84809917 9558167
189455 -58949988 -48738 15165444
No
69212574 40892929 69212574 40892929
No
8314812 11397728 8314812 11397728
No
18005069 -9415589 -8126384 4249617
9425026 -2877012 -40601837 12393806
26020445 -22355310 -48927564 42035828
No
No
15727542 23489027 15727542 23489027
2933095 -52140529 -73143 1300210
No
61874587 56072752 61874587 56072752
28829826 25051028 28829826 25051028
6901505 -19452021 -20063760 56550070
28571118 15437091 28571118 15437091
No
9937974 12141819 9937974 12141819
No
10314625 -16741750 -25432126 41279085
No
No
48359551 44233877 48359551 44233877
26450223 -51595570 -22845036 44563048
18312618 13474739 18312618 13474739
12081934 -70095546 -4696867 27249731
No
3447580 -22758174 -7685007 50730295
4514269 -2138981 -53807112 25495242
No
3482193 19582021 3482193 19582021
No
11018020 -6286015 -75934588 43322300
5835635 65112877 5835635 65112877
No
44416295 56220145 44416295 56220145
3615360 -2319506 -21536404 13817103
433105 8301010 433105 8301010
45806389 21239362 45806389 21239362
45115913 -60110062 -942446 1255666
No
No
17547427 16414280 17547427 16414280
43417431 -78115101 -7145235 12855454
No
16723325 13031559 16723325 13031559
58306742 27437312 58306742 27437312
6311890 -1138290 -20833848 3757177
1104606 8353736 1104606 8353736
13914718 13282305 13914718 13282305
26930164 -3124940 -9866409 1144885
No
17251561 42760286 17251561 42760286
50819306 -56834040 -14356344 16055493
2996833 -17354468 -8412000 48713342
21523792 -22609134 -8794507 9237971
235350 -14658773 -1268710 79021376
10399216 -42233473 -8442320 34286100
No
No
22920045 -16991548 -48334379 35832209
2514058 4998986 2514058 4998986
No
No
No
21989804 -19356516 -55262290 48644609
4164039 -11476724 -9212261 25390399
19190466 -7338239 -19867505 7597133
6247713 8010581 6247713 8010581
65628935 40612469 65628935 40612469
No
1721891 -10607907 -3006710 18523193
No
43594823 -47121876 -1472956 1592126
9307522 47333599 9307522 47333599
No
11548468 27132987 11548468 27132987
No
3616470 31530534 3616470 31530534
No
6995687 16509230 6995687 16509230
21109424 -8709264 -41534041 17135992
3408288 13378391 3408288 13378391
25657432 -17083226 -21663181 14423771
53360850 63536419 53360850 63536419
47864679 60002806 47864679 60002806
64580413 -36691482 -11586634 6582968
24952267 -14383601 -70724335 40768666
44079078 63880438 44079078 63880438
5996437 7406321 5996437 7406321
No
8377136 5060864 8377136 5060864
30283208 -10008000 -8790431 2905060
27671572 12576287 27671572 12576287
No
4400904 22556267 4400904 22556267
48297682 66240357 48297682 66240357
79544442 44895693 79544442 44895693
58970850 72976705 58970850 72976705
16040261 -43470798 -20668002 56012459
No
9074699 43395357 9074699 43395357
33060687 34752437 33060687 34752437
No
16054391 -54366866 -4536841 15363641
No
973266 -39626336 -590634 24047633
34187426 -1692133 -13119722 649368
17433660 -7924620 -56948553 25886453
6106190 13287565 6106190 13287565
No
6922272 -3423021 -48497595 23981771
60297142 -49393672 -90857 74428
67607329 -73243192 -15476617 16766773
13621145 -15654363 -72013208 82762572
46652464 11750885 46652464 11750885
No
4270314 -8606587 -44539232 89766396
No
1878148 11824911 1878148 11824911
4710964 -32077581 -505408 3441372
10972752 -23195762 -1423697 3009610
No
4391347 31635215 4391347 31635215
38402475 -63238858 -15454887 25450167
No
No
No
No
15818300 1628324 15818300 1628324
2529317 -2906142 -23713931 27246883
12378085 -13183736 -80649825 85899067
3259175 -5967756 -9182966 16814585
No
8452545 -20001546 -8497286 20107416
23914402 3073572 23914402 3073572
18515123 -69482850 -5883623 22079841
No
10353867 14730688 10353867 14730688
No
30489840 -5552054 -12626337 2299193
No
No
16929289 -25938418 -39296148 60208077
10400014 -20851884 -9897506 19844359
36986503 29367484 36986503 29367484
No
12413487 -27219028 -12712428 27874510
No
33657167 5329226 33657167 5329226
1402902 -28790202 -1487066 30517401
No
596901 -32338686 -984496 53337696
No
4519924 33655319 4519924 33655319
420702 1213857 420702 1213857
46070550 35273216 46070550 35273216
33401696 -70303620 -287943 606063
36550142 6964810 36550142 6964810
No
No
No
37831904 34441124 37831904 34441124
32480199 -6375776 -47645384 9352662
No
No
3396502 2079651 3396502 2079651
93462243 90144468 93462243 90144468
9706382 51782568 9706382 51782568
52214753 60652311 52214753 60652311
15441488 4295274 15441488 4295274
No
28331844 28148420 28331844 28148420
11316243 19937886 11316243 19937886
30219166 29508199 30219166 29508199
7519380 7900540 7519380 7900540
58757695 40738698 58757695 40738698
707420 -4188973 -8874165 52548134
77101773 -9648523 -13458496 1684197
21780069 -9336909 -6918925 2966078
27037173 -170105 -44871433 282310
25122890 24169767 25122890 24169767
5631364 -10356142 -1025043 1885051
20192100 28426440 20192100 28426440
25381033 -59900386 -8408650 19844795
No
No
No
51122133 -83948145 -1321482 2170018
9948978 3515911 9948978 3515911
7666749 -59209068 -303800 2346200
No
11337124 5519578 11337124 5519578
6830401 -12486689 -10774727 19697330
No
No
No
23367621 -23882383 -71285715 72856060
26681584 22488529 26681584 22488529
No
15352271 -4551582 -16228596 4811394
33481755 -7246356 -3339115 722673
No
2632408 3445844 2632408 3445844
12691314 -10737148 -43494581 36797436
31972952 8223540 31972952 8223540
No
No
No
23096641 11279097 23096641 11279097
No
11329638 -50845203 -10355179 46472023
11562704 -68037188 -4103977 24148599
6076611 7818006 6076611 7818006
3287373 -55246019 -362182 6086632
26630938 14193006 26630938 14193006
No
No
16822755 -6538220 -73133219 28423471
1461960 19315913 1461960 19315913
2624395 9512917 2624395 9512917
2640716 -24826600 -1276373 11999809
71033479 -54273964 -15619968 11934621
45550437 17576031 45550437 17576031
21653947 6588878 21653947 6588878
19928039 8863752 19928039 8863752
No
6891841 10244575 6891841 10244575
No
No
570319 -7376327 -4367988 56494031
No
6647359 37462886 6647359 37462886
35339199 -45568596 -11791510 15204717
55104537 -70498643 -16528500 21145934
21838270 23500109 21838270 23500109
40422556 27477547 40422556 27477547
No
161573 -16718450 -29729 3076237
No
27348853 -30743627 -43256638 48626022
No
No
4073520 -12573689 -19874357 61345949
No
10184173 -1556549 -47464062 7254404
698699 -3376397 -1168711 5647632
2671733 29040247 2671733 29040247
30247810 -21393899 -21204814 14997898
39227163 1865395 39227163 1865395
No
15836033 10353557 15836033 10353557
2319694 -10314594 -8320385 36996842
No
22446108 23542847 22446108 23542847
No
19781400 10422244 19781400 10422244
6595622 12437721 6595622 12437721
No
37022338 67530379 37022338 67530379
15811198 -9854845 -10450905 6513868
13168123 3272551 13168123 3272551
19249669 -16188758 -55929685 47036247
No
No
38578753 -26768981 -14931991 10360994
70822206 67071137 70822206 67071137
42090807 54996540 42090807 54996540
17239 2019647 17239 2019647
19783928 17015883 19783928 17015883
20983857 39667135 20983857 39667135
21097560 -31217289 -40585239 60052496
14797122 48994526 14797122 48994526
No
7804092 -4499569 -8728352 5032458
No
97972804 -68820396 -495469 348039
68181764 -6019211 -3780855 333780
15404497 -17869210 -6117634 7096451
No
29779812 -32560906 -45000914 49203483
29834289 -24835582 -61509296 51203469
No
52353719 9683056 52353719 9683056
61914855 -59409509 -28748761 27585460
7311474 10042581 7311474 10042581
55651891 -47434864 -14373158 12250953
6294757 -24711276 -15494941 60828359
5806249 9120979 5806249 9120979
3689105 8578650 3689105 8578650
32741646 -4686423 -22956388 3285824
12313297 -17700729 -49578050 71269921
41838638 -54076699 -33533301 43342001
No
8730887 25892941 8730887 25892941
No
12829182 -19100103 -34012196 50637402
16211163 61080896 16211163 61080896
12173257 -7181340 -79700560 47017550
62136810 -19942576 -25985738 8340025
30967708 -2929651 -281301 26613
9518643 -6642233 -65911288 45993746
No
No
No
11065882 94772468 11065882 94772468
No
16866879 22668555 16866879 22668555
2415504 3943711 2415504 3943711
8633049 -2980279 -78801445 27203622
No
22832933 27794157 22832933 27794157
13766842 6170438 13766842 6170438
78778932 -66778947 -3942091 3341612
No
38214505 -18364389 -23713040 11395555
20493278 36496182 20493278 36496182
No
21896295 -19912533 -30022459 27302482
19565502 19576057 19565502 19576057
30466620 -32351235 -48597330 51603484
No
14243751 5365376 14243751 5365376
No
5781611 31289445 5781611 31289445
No
33083957 31406618 33083957 31406618
No
153192 -198328 -50494109 65371786
38652722 27220102 38652722 27220102
69524319 24444212 69524319 24444212
11242092 1029033 11242092 1029033
No
23136586 571146 23136586 571146
4203678 -3933952 -14343840 13423477
9142805 54781045 9142805 54781045
28680303 21660050 28680303 21660050
10022647 11559667 10022647 11559667
41241207 -60262705 -21588549 31545738
No
28335928 -39810314 -36531579 51324725
No
No
3681880 552580 3681880 552580
No
80078152 -43577402 -3112453 1693752
39397369 -33868608 -50594506 43494414
No
1286845 19693201 1286845 19693201
4382507 2921303 4382507 2921303
32486161 -16854794 -65802820 34140477
11150520 -2501669 -75324499 16899396
20393152 -36907585 -16490883 29845243
5116145 -6718014 -1962622 2577121
31023967 -21675806 -49863687 34838729
No
25302002 18550877 25302002 18550877
No
3146341 2666802 3146341 2666802
30008707 -35341697 -16283950 19177846
51586620 64593193 51586620 64593193
8715824 1298083 8715824 1298083
3782371 -6156396 -28091598 45723438
4470504 364869 4470504 364869
573251 -556100 -1556088 1509529
No
No
No
57186527 -64735182 -21431068 24259982
8652587 -10019033 -16205910 18765204
26826869 -28658578 -47288052 50516828
33791724 -24652891 -43507883 31741353
No
12140291 10593115 12140291 10593115
No
No
13195199 -17349669 -16895510 22215011
45899177 -22826544 -3241012 1611817
61895651 -5255488 -29203026 2479594
2089247 -16992943 -3113955 25327454
4239892 29151144 4239892 29151144
45278306 15003461 45278306 15003461
1346773 31015026 1346773 31015026
72905385 14697531 72905385 14697531
No
29270382 71597611 29270382 71597611
17728226 15801148 17728226 15801148
56143377 -13109529 -37887019 8846652
33131357 -31119114 -64793766 60858496
56000092 -4069548 -38457779 2794742
No
No
9130406 5127994 9130406 5127994
No
No
22586889 -11130779 -50900981 25083910
53309152 -53567968 -973434 978159
22258065 -26243618 -40607436 47878644
93407767 -46936991 -2020382 1015232
5106579 -202128 -5862034 232033
7373578 4490261 7373578 4490261
No
901441 5306326 901441 5306326
No
No
2166170 -23039106 -2097755 22311408
22137844 22543996 22137844 22543996
36788622 4888300 36788622 4888300
No
813422 -380235 -93632927 43768897
17371726 -3874859 -2678794 597520
5615331 1943146 5615331 1943146
25001568 1401494 25001568 1401494
No
24529837 -20752742 -64060450 54196444
8234378 -39868885 -47530 230128
No
13219523 12642380 13219523 12642380
38451767 58322275 38451767 58322275
11316828 -11777330 -34153079 35542826
34625764 -21443618 -31494387 19504368
1286412 11071949 1286412 11071949
74078857 20799261 74078857 20799261
9822689 -10151319 -49735727 51399704
3942667 -14780571 -4620492 17321658
22209969 4123658 22209969 4123658
35126202 52977690 35126202 52977690
36618739 24011685 36618739 24011685
46261119 72607019 46261119 72607019
65975353 -69246548 -27405226 28764035
37386291 -94234231 -1805678 4551313
No
No
41862869 26848700 41862869 26848700
20162416 -32387432 -34350948 55178849
13761650 -4473460 -42142835 13699248
11253938 28341641 11253938 28341641
No
78917648 -5542936 -6795245 477278
33654680 30949549 33654680 30949549
10127090 -72149316 -2339290 16666001
161406 -1812060 -3641885 40886461
9794294 -16649078 -77030 130949
81513383 80967152 81513383 80967152
62887547 70283777 62887547 70283777
38299537 27123704 38299537 27123704
12972214 -42371874 -2335122 7627345
1132720 1056941 1132720 1056941
No
57516907 68915725 57516907 68915725
83276485 33501411 83276485 33501411
15543149 -42693213 -20445129 56157742
No
12776663 -40854323 -1169631 3739984
11519125 -7764725 -21079614 14209187
45241698 -22691957 -6121158 3070202
460708 73792 460708 73792
14947402 39807347 14947402 39807347
10105070 -71277024 -2929456 20663173
49028770 50564160 49028770 50564160
69497739 32470817 69497739 32470817
52680220 29926438 52680220 29926438
No
64971787 59330362 64971787 59330362
No
7159450 -8086169 -15356045 17343734
No
10159025 -2274641 -22071116 4941794
No
621263 253489 621263 253489
9945773 -49380776 -3057764 15181798
35183019 -50174090 -14578347 20790009
No
No
49739994 47651867 49739994 47651867
14009708 -11382710 -64218576 52176775
2473581 -44335323 -1367365 24508056
4614800 -5062246 -41555609 45584809
1694933 5260222 1694933 5260222
49410758 -53297548 -11261167 12147001
22605 118283 22605 118283
No
13784051 4873139 13784051 4873139
60009071 31948892 60009071 31948892
8757107 7500268 8757107 7500268
4922298 -5745599 -71565171 83535122
12151846 15276101 12151846 15276101
14217143 34181669 14217143 34181669
No
1155103 -4820677 -15540586 64856733
No
No
47550071 -19821374 -30188368 12584102
No
10158554 -14945112 -16301393 23982360
No
No
33835455 81335651 33835455 81335651
No
1525599 -19947450 -5162811 67504603
No
4053000 -11341132 -2619269 7329255
No
No
33562842 -13485881 -28914309 11618057
11457807 21566740 11457807 21566740
11409618 5597533 11409618 5597533
45524964 28424602 45524964 28424602
76260972 14312753 76260972 14312753
21066315 -2807980 -21664264 2887685
53298876 35379733 53298876 35379733
19614977 -36006529 -5506886 10108796
13856278 7779787 13856278 7779787
12602182 -8158720 -75114105 48629274
5325414 -6174360 -72523223 84084462
21385 3814578 21385 3814578
31235323 -8813018 -47910852 13518001
11499256 26661426 11499256 26661426
27461160 44621484 27461160 44621484
18841656 -38986316 -2770063 5731690
1906607 4685519 1906607 4685519
20629269 -7662092 -13322276 4948140
No
8504678 5368483 8504678 5368483
53648761 55902689 53648761 55902689
No
12148171 8842553 12148171 8842553
18699074 -17179283 -55789455 51255100
No
35707660 5555698 35707660 5555698
4130460 -14899156 -2585931 9327814
No
No
36096932 -21533303 -38804221 23148314
29899686 -598536 -52830305 1057565
71949613 6330842 71949613 6330842
35788055 -24802108 -60157242 41690628
No
59860068 -4261529 -29235007 2081284
24720456 -46887719 -18797519 35653579
No
9038953 16082917 9038953 16082917
30237336 46013385 30237336 46013385
21615431 -39786458 -9861444 18151471
62330356 -62072018 -29436681 29314675
No
2611996 7759591 2611996 7759591
No
33071414 26649254 33071414 26649254
20319336 8226667 20319336 8226667
1803133 1919912 1803133 1919912
589070 14978393 589070 14978393
No
23733359 -66071634 -6480488 18041119
24720705 -21331623 -11415795 9850750
18988625 -21320742 -3967838 4455153
59190853 -54608128 -3190543 2943523
20543559 -24254202 -37050720 43742941
31475795 33434436 31475795 33434436
No
No
41863642 78204203 41863642 78204203
18697298 26185354 18697298 26185354
1919040 -2181303 -34772158 39524296
2908946 -8685126 -1650773 4928662
75534281 -53071101 -6546432 4599586
4540417 -7865816 -8714478 15096957
No
28582705 -28510878 -32414974 32333518
4886949 -23052838 -9690770 45713544
16540916 -3034755 -3475221 637598
10425031 20107230 10425031 20107230
21283273 2587890 21283273 2587890
6053868 954921 6053868 954921
20602590 -2360536 -45799555 5247475
73564603 -86320254 -9769170 11463084
25799918 -46298409 -17929436 32174688
11743838 4159858 11743838 4159858
55186897 40374798 55186897 40374798
55646842 -46735135 -38245860 32120878
33357434 -29087085 -5326605 4644703
4438345 -6497345 -18652402 27305479
No
8644262 -24733474 -17677910 50581077
No
20362289 -17491749 -35214219 30249954
53906199 -11849265 -23539386 5174254
19567183 33808502 19567183 33808502
42312038 -59018945 -16163130 22545140
12378425 -5806062 -26461206 12411553
2390160 7602857 2390160 7602857
5793196 19932414 5793196 19932414
No
68884143 -21065057 -8637498 2641382
231597 549155 231597 549155
19046218 -6332898 -64856232 21564801
No
30897035 -12415581 -41666033 16742966
No
18421101 22480387 18421101 22480387
No
No
2428306 1655856 2428306 1655856
No
20464427 -22301813 -29915694 32601656
No
65234747 640885 65234747 640885
55015124 72164172 55015124 72164172
23109015 -29141393 -16365592 20637666
19913856 -3221600 -12862525 2080863
23813032 -25359873 -62023802 66052730
No
No
836389 919833 836389 919833
36549422 4216862 36549422 4216862
75768273 61043201 75768273 61043201
No
No
No
No
56378144 -20885688 -32424158 12011761
33393365 -33725720 -55068099 55616177
1299787 -1547460 -1181808 1406999
51246138 -41937682 -4333243 3546144
No
39897203 -19563105 -18802734 9219688
2013235 -2725712 -6357967 8608025
5091806 16784341 5091806 16784341
78588926 31696931 78588926 31696931
20287917 35405672 20287917 35405672
50680719 -17730225 -3492553 1221842
35655344 -4410252 -21399057 2646874
94486733 -38818292 -3885806 1596419
6043937 90919464 6043937 90919464
47641777 -5156739 -16464045 1782066
No
18268299 -26151242 -15763403 22565465
12018316 9752753 12018316 9752753
13869745 -11603683 -79289063 66334680
57092949 -63991799 -27581356 30914162
No
16999307 10820015 16999307 10820015
56942625 33198559 56942625 33198559
No
28314092 63246067 28314092 63246067
2648689 1736703 2648689 1736703
No
9599714 -41430134 -12966962 55962391
39198771 -31314452 -5951546 4754470
No
13908960 18242562 13908960 18242562
15636469 -20043285 -33320318 42710968
No
44362658 15755939 44362658 15755939
59765395 -47800509 -15015844 12009710
23410045 50556689 23410045 50556689
No
16761134 6227425 16761134 6227425
No
7050228 2077451 7050228 2077451
No
No
No
48016 -4595063 -963916 92244798
23406170 -5897347 -8332089 2099326
No
No
8043202 -18469930 -5953764 13671877
No
25267286 -12831044 -19413019 9858177
No
4506567 4466217 4506567 4466217
38147244 61028121 38147244 61028121
20377586 -7976642 -73511793 28775604
No
3293100 5180090 3293100 5180090
No
35715660 21719800 35715660 21719800
62400617 -22091093 -22543472 7980850
11146494 4571034 11146494 4571034
16589005 -49980406 -15823604 47674357
No
20693344 -34367258 -29121491 48364619
1657083 -4069989 -14185324 34840773
4311415 -33507267 -4162507 32349970
1718290 -564090 -69147582 22700103
No
No
No
25810368 9729379 25810368 9729379
48618304 -16926939 -32561812 11336714
No
1519998 988178 1519998 988178
8457482 -8667124 -78668379 80618388
13707 2765500 13707 2765500
No
5252414 -6628655 -21516932 27154816
68708921 -65259497 -24739450 23497445
926252 1224796 926252 1224796
24509784 38510634 24509784 38510634
4312282 3703332 4312282 3703332
No
11655399 10973627 11655399 10973627
2646149 -2153017 -12709205 10340736
31510068 -26186096 -18817372 15637971
4332796 -3211426 -14605320 10825311
5819858 -789510 -1711225 232141
5234573 25529232 5234573 25529232
8580069 -1829020 -41585364 8864788
27529188 -2125337 -56294536 4346110
2787174 -3442312 -1612140 1991079
30870517 -2993041 -28749906 2787437
20953 97573 20953 97573
74408510 67828137 74408510 67828137
70972308 65535331 70972308 65535331
14031875 15636487 14031875 15636487
74284323 9221368 74284323 9221368
19663562 264651 19663562 264651
7879734 16578265 7879734 16578265
No
1415693 -2635674 -17892889 33312151
56266656 -42967770 -27909575 21313016
No
10671865 -10539544 -10924698 10789235
No
53913499 -40996536 -17675054 13440344
11527926 13903986 11527926 13903986
12859226 -39673516 -16932672 52240985
14922910 19274932 14922910 19274932
No
2754944 12362172 2754944 12362172
12889341 -13847024 -10899418 11709253
19815237 13689397 19815237 13689397
No
No
No
64303957 -31223448 -11795481 5727417
3799917 -3851076 -11542772 11698165
33900056 -12322471 -27463517 9982826
13510925 14017551 13510925 14017551
9065780 9928703 9065780 9928703
40176078 -60319828 -3236297 4858933
974475 783582 974475 783582
5122454 1922073 5122454 1922073
8126402 -41086702 -8866346 44827833
9134159 6042365 9134159 6042365
40448840 -36471964 -41442353 37367796
No
21569811 -17813386 -27434806 22656979
No
12301543 -13134300 -59106337 63107567
No
25879728 -13499982 -10019518 5226613
1375640 -42271886 -420332 12916291
No
12521463 -597831 -36752383 1754730
3419478 -4642449 -57107573 77531998
No
6084970 -11081058 -9355792 17037403
16395408 23674619 16395408 23674619
29921732 -76479270 -1479704 3782093
68322364 -58399738 -1249855 1068335
No
8169718 775582 8169718 775582
7668833 -11930742 -11590859 18032409
23489764 -32990994 -23162405 32531225
936771 -182310 -4261723 829447
32841613 -9501882 -10717574 3100858
10757679 13835296 10757679 13835296
9955557 -5989137 -5753442 3461201
No
268519 944968 268519 944968
14061913 -42817979 -11401014 34715642
15490793 -15260011 -72964833 71877808
1345659 58494382 1345659 58494382
No
4210897 -3804637 -38380522 34677633
No
46840027 75746625 46840027 75746625
36979312 -74058744 -22738 45537
18843783 2515632 18843783 2515632
397790 27786501 397790 27786501
7901217 -8280615 -45885297 48088600
No
36569123 53243081 36569123 53243081
No
1763058 43449 1763058 43449
No
No
22498250 -35796371 -1307269 2079962
4452370 3123022 4452370 3123022
46948530 -24997437 -17365087 9245927
1228600 -1560930 -56289503 71515481
No
7404209 -27739046 -1018965 3817429
37721691 29482759 37721691 29482759
16666805 4046261 16666805 4046261
22225396 20623990 22225396 20623990
No
No
36030769 -42661054 -6568878 7777665
10521293 14615886 10521293 14615886
32774515 -33903230 -54980518 56873980
No
62459731 -42740729 -7119016 4871490
646494 4564025 646494 4564025
No
76515427 11817532 76515427 11817532
15617199 -8302422 -50929195 27075003
51778426 26905767 51778426 26905767
291276 485485 291276 485485
No
No
15312125 6134254 15312125 6134254
4237910 29902124 4237910 29902124
858938 906226 858938 906226
No
34943867 -83055504 -4451805 10581167
43140787 -5681212 -29988010 3949123
No
No
26582682 -4844970 -19669768 3585019
4154726 5426200 4154726 5426200
21982451 -33864736 -6793403 10465475
8129708 -34572969 -12786317 54375994
No
2060238 7585673 2060238 7585673
2422785 -27211228 -4243304 47658211
8929522 4959519 8929522 4959519
24344889 19835717 24344889 19835717
2860870 -6046271 -7634290 16134588
No
29373885 -1132624 -848666 32724
4494920 49139320 4494920 49139320
17007418 -28808563 -10386205 17593010
No
41663291 -61257615 -19917980 29285442
46024403 -15686882 -22641730 7717170
No
24133424 -9640770 -48396934 19333505
46357358 -20963975 -20601612 9316572
No
No
No
6241038 -1099100 -35283751 6213756
No
7952746 -11709990 -44217200 65107457
75485447 40826319 75485447 40826319
39271433 42286354 39271433 42286354
36505259 -59990894 -18925395 31101035
No
77153150 50229165 77153150 50229165
3339811 -37217296 -4776452 53226534
27738681 614095 27738681 614095
12640966 -20682493 -886962 1451202
259444 859 259444 859
10133700 11959114 10133700 11959114
No
694152 -472743 -86010265 58576260
58057384 47922191 58057384 47922191
19967496 -15537250 -20254356 15760465
51897452 6188703 51897452 6188703
6105896 -8787257 -1761883 2535591
353064 1593458 353064 1593458
26254963 22841503 26254963 22841503
33758768 13246125 33758768 13246125
14093476 -7962778 -29159341 16474953
7092375 -1332720 -72610870 13644221
No
4623349 62560006 4623349 62560006
5696343 -4318300 -35353657 26800991
10097985 -930511 -37681213 3472260
1004422 692983 1004422 692983
39178275 -16110535 -39769847 16353794
54361376 -6749438 -24745699 3072393
24692284 197114 24692284 197114
No
