38 -20 -59 29
6 -25 -1 7
No
No
4 -4 -51 57
No
5 -3 -22 10
58 -18 -28 9
14 -42 -3 2
10 -2 -38 5
8 -6 -39 32
13 66 13 66
No
31 -85 -3 8
21 -29 -20 27
49 -12 -16 5
No
13 -6 -30 17
No
3 10 3 10
2 3 2 3
61 29 61 29
18 36 18 36
No
91 -8 -7 1
9 7 9 7
13 -13 -25 24
12 49 12 49
84 90 84 90
7 -2 -30 6
30 11 30 11
0 1 0 1
No
37 4 37 4
6 0 6 0
64 -81 -7 9
6 -73 -1 23
54 82 54 82
No
No
59 -27 -38 17
39 41 39 41
67 -68 -26 26
27 36 27 36
34 -22 -7 4
10 4 10 4
No
7 -23 -22 60
57 47 57 47
58 67 58 67
19 -34 -27 49
16 -18 -29 34
No
77 32 77 32
5 18 5 18
77 28 77 28
No
0 -94 -2 88
No
6 -13 -39 75
3 -8 -9 27
No
10 9 10 9
1 1 1 1
43 -57 -16 23
6 7 6 7
24 4 -1 1
No
No
36 -7 -3 1
No
26 -40 -5 11
0 -1 -60 16
9 4 9 4
1 0 1 0
76 -26 -15 6
No
No
4 -3 -7 11
No
23 -4 -33 9
10 -24 -24 63
12 -8 -20 13
2 8 -1 1
23 -27 -8 9
No
No
19 14 19 14
5 9 -2 3
0 2 0 2
23 45 23 45
3 -8 -30 51
No
No
8 -1 -9 6
15 -16 -68 76
No
7 -25 -16 60
2 10 2 10
2 3 2 3
2 4 2 4
31 68 31 68
3 1 3 1
No
57 -82 -1 3
5 -12 -32 73
36 67 36 67
No
No
1 10 1 10
No
4 23 4 23
10 -7 -33 15
No
No
50 -11 -11 4
81 33 81 33
0 -9 -7 79
5 -22 -3 5
7 4 7 4
33 -31 -46 41
34 15 34 15
70 -23 -1 1
36 12 36 12
59 14 59 14
19 -18 -58 57
5 -7 -66 74
27 19 27 19
10 -26 -1 2
No
23 -57 -5 16
5 -13 -8 15
39 41 39 41
No
1 -4 3 3
6 15 6 15
No
51 76 51 76
4 -1 -3 2
27 -66 -14 33
65 78 65 78
67 52 67 52
No
68 27 68 27
48 -8 -37 5
24 7 24 7
54 48 54 48
4 7 4 7
2 9 2 9
34 -27 -37 28
No
3 -6 -27 0
No
0 -7 -1 23
36 42 36 42
3 -14 -32 1
No
28 -8 -70 21
10 -18 -27 43
2 2 2 2
12 28 12 28
36 11 36 11
3 -33 -7 44
No
No
18 1 18 1
4 5 4 5
78 -27 -17 6
1 29 1 29
24 -14 -51 29
5 25 5 25
30 -4 -3 1
8 -11 -24 38
15 10 15 10
6 26 6 26
0 17 -2 1
No
42 -46 -25 25
No
26 27 26 27
22 -9 -34 10
0 -9 -8 90
No
No
4 -8 -15 53
No
17 5 -1 0
35 76 35 76
13 -25 -12 22
No
24 68 24 68
9 1 9 1
7 -10 -6 20
No
9 79 9 79
59 17 59 17
5 -10 -25 51
4 0 4 0
No
19 38 19 38
11 -32 -6 21
1 17 1 17
No
9 -10 -82 80
25 25 25 25
No
28 46 28 46
No
59 -7 -27 4
17 34 17 34
No
36 12 36 12
8 7 8 7
No
21 -18 -50 40
5 4 5 4
No
3 -6 -26 32
15 -63 -2 12
40 -47 -14 18
24 -5 -57 1
3 7 3 7
No
7 -1 -66 19
18 -11 -15 9
29 25 29 25
14 22 14 22
8 -10 -4 3
42 13 42 13
68 60 68 60
0 -25 -1 75
49 -32 -28 20
No
1 1 1 1
44 14 44 14
No
12 37 12 37
2 2 2 2
10 83 10 83
24 34 24 34
11 19 11 19
No
No
84 44 84 44
4 -12 -2 5
14 -30 -29 57
6 -6 -83 93
No
13 11 13 11
45 12 45 12
47 16 47 16
No
18 40 18 40
No
39 -34 -56 49
8 -9 -13 25
No
16 -8 -63 30
No
No
2 -3 -10 16
21 -5 -58 13
0 2 0 2
23 9 23 9
14 26 14 26
14 -1 -15 1
No
4 -13 -16 36
7 -28 -13 61
18 20 18 20
38 -14 -40 17
44 -36 -39 31
No
0 1 0 1
No
28 -7 -65 18
66 -30 -28 13
33 -58 -20 35
3 15 3 15
38 29 38 29
4 -19 -1 0
No
36 -32 -62 57
No
0 66 -9 3
11 4 11 4
39 -62 -13 23
6 21 6 21
43 13 43 13
No
No
76 69 76 69
60 96 60 96
11 -11 -36 37
1 10 1 10
53 69 53 69
26 24 26 24
No
2 -2 -47 95
0 -6 -1 3
82 75 82 75
6 -2 -26 1
37 16 37 16
No
26 -9 -65 24
12 16 12 16
No
3 11 3 11
4 1 4 1
No
51 31 51 31
No
3 -2 -20 6
11 -23 -12 29
14 6 14 6
1 -3 5 76
15 25 15 25
4 2 -12 0
No
No
16 2 16 2
11 -19 -20 31
48 9 48 9
No
11 25 11 25
32 -52 -27 42
48 -70 -8 11
No
13 -1 -62 12
28 -46 -30 49
No
4 18 4 18
14 10 14 10
No
10 -6 -66 47
49 48 49 48
No
1 -1 -6 4
1 -1 6 5
3 39 3 39
14 -14 -19 17
1 -1 34 6
No
No
16 -3 -53 8
No
39 -16 -59 23
No
No
59 -13 -30 7
22 -17 -57 40
4 -2 -65 42
4 -3 -22 26
No
17 -2 -16 5
No
0 29 0 29
No
50 -9 -44 8
27 22 27 22
59 24 59 24
30 -29 -8 8
8 -10 -6 19
No
14 -16 -2 7
32 7 32 7
17 -57 -3 12
8 -5 -74 46
14 29 14 29
No
No
9 -7 -23 28
2 2 -3 0
17 -26 -47 71
2 0 2 0
43 -13 -15 4
45 45 45 45
14 -13 -21 21
No
28 32 28 32
44 70 44 70
71 -51 -22 17
1 1 1 1
9 2 -11 0
46 27 46 27
No
4 4 4 4
No
No
25 -15 -21 16
15 14 15 14
11 -7 -32 17
No
18 -33 -19 34
72 -64 -25 22
21 -7 -78 24
66 -53 -13 10
8 -5 -45 40
10 -18 -13 14
25 -86 -2 6
4 -17 -14 42
14 -1 -39 5
14 -11 -23 20
24 -34 -17 20
25 -34 -42 56
1 4 1 4
No
8 14 8 14
18 -5 -5 0
46 39 46 39
3 -6 -22 21
26 17 26 17
1 9 -2 2
No
45 0 45 0
No
11 6 11 6
0 -12 1 4
No
12 -21 -43 71
6 -4 -22 15
No
53 50 53 50
35 -80 -1 3
26 37 26 37
No
21 1 21 1
45 27 45 27
9 0 9 0
41 -6 -36 6
54 53 54 53
No
17 7 17 7
No
7 1 7 1
25 0 25 0
No
78 24 78 24
31 8 31 8
10 -25 -2 6
13 18 13 18
9 -9 -14 17
No
No
5 40 5 40
No
No
0 -3 22 1
11 5 11 5
21 -34 -9 15
4 34 4 34
1 4 1 4
13 -25 -28 51
31 -1 95 0
54 -10 -17 3
No
No
No
29 -29 -16 15
18 -18 -76 71
16 17 16 17
27 5 27 5
No
50 -19 -17 5
No
No
74 22 74 22
8 28 8 28
83 59 83 59
No
3 -19 -7 70
66 25 66 25
No
0 4 0 4
No
No
83 -30 -14 6
No
No
19 45 19 45
26 89 26 89
40 -16 -3 3
No
24 36 24 36
15 -41 -12 33
6 17 6 17
38 52 38 52
21 23 21 23
10 -9 -45 43
46 -46 -29 27
71 28 71 28
0 20 -4 0
3 -3 -70 77
No
25 25 25 25
47 -2 -53 1
2 5 2 5
53 26 53 26
4 -14 -3 9
No
No
0 29 0 29
0 30 0 30
68 16 68 16
2 12 2 12
36 10 36 10
No
37 28 37 28
4 8 4 8
1 -1 -38 19
1 -10 -17 6
No
32 46 32 46
14 -17 -51 64
4 -1 -1 1
40 56 40 56
12 17 12 17
35 62 35 62
2 19 2 19
No
No
20 18 20 18
1 32 1 32
0 36 -3 0
No
41 48 41 48
3 -2 -6 3
No
10 5 10 5
15 -25 -8 10
No
74 55 74 55
No
59 57 59 57
14 9 14 9
No
12 23 12 23
0 -12 2 19
79 -81 -1 0
4 -20 -9 37
No
8 3 8 3
No
22 6 22 6
1 -6 -10 75
No
56 91 56 91
14 4 14 4
71 22 71 22
20 9 20 9
No
12 2 12 2
62 22 62 22
9 26 9 26
3 1 3 1
8 9 8 9
No
29 -13 -18 11
No
24 46 24 46
1 1 1 1
45 57 45 57
8 -6 -57 32
55 52 55 52
No
2 -11 -15 38
13 -20 -6 11
44 30 44 30
78 -42 -15 7
No
8 -69 -3 27
6 -2 -5 0
67 73 67 73
26 28 26 28
58 -57 -39 38
53 60 53 60
20 8 20 8
3 -24 -2 5
No
45 -45 -4 2
25 -7 -25 6
30 26 30 26
65 -14 -20 4
37 22 37 22
34 -11 -49 14
8 0 8 0
70 -53 -15 11
32 29 32 29
9 16 9 16
23 -16 -66 42
52 -46 -45 41
0 -2 -22 47
No
No
16 15 16 15
9 -15 -34 61
No
87 -66 -4 2
18 -36 -9 14
45 -41 -28 24
2 15 2 15
24 -3 -43 8
16 -19 -11 15
0 -5 7 36
31 1 97 0
9 2 35 0
No
23 -10 -30 16
15 89 15 89
25 67 25 67
12 24 12 24
No
26 68 26 68
26 15 26 15
42 -71 -7 11
No
8 -7 -63 45
No
7 6 7 6
0 -3 25 73
2 4 2 4
21 19 21 19
No
No
31 72 31 72
43 8 43 8
25 1 25 1
24 2 24 2
4 -7 -15 30
0 -3 -29 5
37 59 37 59
5 92 -1 1
No
0 -1 17 15
84 -19 -2 0
1 -13 -1 54
49 -46 -8 7
19 -7 -63 20
No
26 -5 -21 5
4 8 4 8
67 0 67 0
1 0 1 0
22 2 22 2
28 17 28 17
28 4 28 4
36 -30 -28 25
No
0 10 0 10
21 -33 -20 27
26 -4 -56 11
5 1 5 1
81 47 81 47
10 1 10 1
34 -39 -28 34
2 0 2 0
3 1 3 1
4 -6 -53 83
84 20 84 20
1 0 1 0
No
35 -14 -12 4
15 -44 -20 52
62 -42 -26 17
No
38 40 38 40
4 2 4 2
No
21 25 21 25
9 -11 -53 68
16 -8 -16 11
11 1 -6 0
No
No
1 -8 -18 61
9 -5 -2 2
17 18 17 18
No
11 -19 -30 44
0 -16 2 79
No
20 -18 -2 3
No
4 14 4 14
10 16 10 16
4 39 -1 5
No
22 31 22 31
66 34 66 34
3 2 3 2
6 5 6 5
36 20 36 20
0 -4 8 15
32 -5 -37 5
0 41 10 6
71 -8 -15 3
2 -4 -5 7
4 -18 -6 5
9 -75 -2 16
12 4 12 4
45 23 45 23
No
1 0 1 0
1 14 1 14
No
38 24 38 24
11 10 11 10
57 -65 -30 35
14 -12 -1 1
12 -18 -36 49
17 -5 -10 5
1 0 1 0
97 -46 -1 1
50 -47 -47 44
No
No
21 27 21 27
21 6 21 6
17 42 17 42
No
No
No
No
4 -13 -11 33
40 5 -3 0
4 16 4 16
24 15 24 15
34 -16 -18 7
1 -3 -28 40
No
18 21 18 21
28 46 28 46
7 5 7 5
9 -3 -10 4
1 2 1 2
8 10 8 10
47 25 47 25
No
76 -72 -2 1
13 -13 -21 16
3 -7 -2 6
No
No
25 46 25 46
58 40 58 40
8 0 8 0
8 61 8 61
91 -23 -4 1
No
7 -24 -18 68
34 45 34 45
No
No
0 -8 -8 7
1 1 1 1
2 4 5 0
33 31 33 31
73 0 73 0
9 57 9 57
15 -20 -49 67
39 55 39 55
No
40 -23 -52 32
62 34 62 34
31 -7 -38 10
37 36 37 36
32 -18 -47 25
30 -33 -30 34
2 21 2 21
1 -1 -53 60
1 2 1 2
1 3 1 3
14 -17 -51 64
15 11 15 11
No
27 7 27 7
0 -95 -3 46
1 -3 -4 44
6 1 6 1
No
3 8 3 8
16 -11 -2 0
No
No
No
No
51 57 51 57
10 -3 -43 14
12 -8 -4 3
No
8 11 8 11
9 -1 -38 13
No
7 -29 -6 17
5 2 5 2
22 -1 -12 0
43 -11 -24 5
No
0 -24 -2 9
No
13 -13 -4 10
22 -7 -32 6
25 -8 -12 6
88 42 88 42
0 -12 1 2
17 -38 -6 17
1 16 1 16
74 -18 -26 5
6 8 6 8
2 4 2 4
17 -19 -8 9
1 -11 -2 35
No
9 1 52 0
No
43 51 43 51
No
11 -8 -50 45
8 18 8 18
1 -1 -78 47
50 -65 -17 21
25 32 25 32
22 33 22 33
6 42 6 42
54 -80 -14 19
15 -34 -14 37
No
26 11 26 11
37 -7 -18 2
No
51 21 51 21
51 -29 -45 26
33 -41 -40 49
7 7 7 7
28 -44 -25 39
20 3 20 3
23 16 23 16
2 0 2 0
No
No
No
13 -9 -33 22
6 30 6 30
23 1 23 1
No
38 -44 -27 30
37 -17 -22 12
1 -9 -3 2
83 14 83 14
No
No
6 -15 -13 26
15 21 15 21
8 8 8 8
30 -56 -17 32
39 40 39 40
17 1 17 1
29 19 29 19
No
No
34 51 34 51
25 -17 -14 8
No
15 14 15 14
6 8 6 8
No
47 -76 -10 15
51 51 51 51
18 3 18 3
48 -25 -47 23
No
No
No
No
0 15 0 15
7 -9 -43 48
3 11 3 11
11 -8 -44 34
11 4 11 4
38 -63 -23 37
No
8 -56 -1 0
No
83 -78 -14 13
4 -9 -30 70
66 -23 -22 8
7 5 7 5
77 -59 -19 14
56 -73 -5 8
11 15 11 15
24 -5 -1 4
No
37 -55 -15 24
23 8 23 8
2 3 2 3
No
2 -20 -7 54
6 1 6 1
2 -27 -2 18
34 -5 -55 6
19 -11 -8 3
6 37 6 37
38 13 38 13
53 27 53 27
0 -24 4 5
10 -21 -21 35
41 35 41 35
9 -47 -2 10
51 -90 -2 2
No
5 9 5 9
21 -35 -29 52
27 -22 -44 36
42 -89 -5 9
70 -2 -72 0
5 -3 -80 34
5 2 5 2
No
46 -27 -29 17
2 7 2 7
12 3 12 3
No
18 21 18 21
19 -16 -10 8
58 -59 -22 24
53 -53 -29 28
8 -4 -6 13
0 -31 1 58
16 -76 -4 23
30 -16 -40 21
2 -9 -17 77
0 -1 1 9
52 54 52 54
2 1 2 1
9 0 9 0
No
4 -29 -6 48
3 3 3 3
3 -3 -21 16
7 -3 -39 18
No
1 -1 20 29
No
52 -74 -17 26
30 29 -1 1
No
No
39 -61 -18 30
No
2 0 2 0
1 -6 5 11
77 75 77 75
No
10 -10 -9 4
No
No
2 11 2 11
4 4 4 4
13 47 13 47
No
44 -64 -9 14
36 35 36 35
No
6 -9 -11 19
46 -28 -52 33
No
93 -25 -4 1
No
No
No
No
4 53 4 53
15 -38 -1 3
58 21 58 21
1 2 1 2
12 32 12 32
No
14 -12 -2 3
2 18 -70 0
18 -5 -16 4
No
68 68 68 68
17 -32 -12 19
1 -3 -26 1
62 -75 -6 8
0 90 -1 29
2 -14 -11 29
1 0 1 0
16 -7 -17 7
15 -5 -4 3
6 -1 -83 26
1 -20 -2 0
13 35 13 35
34 36 34 36
10 -32 -4 13
No
37 84 37 84
10 -7 -9 14
41 47 41 47
No
