1000
-792992864 441011073 872664308
-386645705 -839111934 -176617443
160575222 -928575091 562482075
-269246769 -838951579 -602789352
-783328042 -42568436 328416043
-752194749 -569063765 244160707
773223518 147882021 -880609803
190873305 600150345 -688225303
-77604136 583701152 10866033
873522559 -10666988 541734323
-45145429 196906035 -165671793
-897746699 -917994966 746851077
-910682404 -257753276 -153808274
-642784111 588542764 194603678
268965928 -608878343 132460279
-126289181 -52205261 740263960
446339141 -637233127 -601312493
78751003 440045947 -945589753
975170420 -735488095 799731551
-591905065 -326856110 -71904100
544024401 -196301025 -273089805
376188383 48168353 -612425681
709078391 722304146 345915428
-49204218 -853234161 31450284
-131779499 601054130 -233502449
-534376962 22342790 444111994
-898577261 444409411 -944436884
10798911 -208959010 -856687326
-841288571 216139869 -109876703
-683430706 115933475 -277199464
-164671892 -34116447 410590744
-193687050 -638006258 -890425510
656535799 -35696553 -622804051
830333009 -42919843 119253192
-403181544 508395008 -800328391
-65440159 -679329834 -460650114
-909537421 -281499210 923511957
962699732 992920159 199170163
-15255395 -953806237 451262889
-951647649 -231472468 -802810346
884651370 111035487 14792929
-998155889 395595937 556216943
509695293 133197008 70730748
-38475423 901816339 -152180442
-974494386 -850408846 736580827
160615036 -2508840 -857444074
-361869170 445299749 221408780
-34466500 -361302571 694604347
-379540352 129591352 835115936
2579670 301418641 -460150331
822372187 96190349 -605480541
-432372458 784049859 -705176168
-215556882 716966524 -424047019
837780155 -964551041 -218110077
108349249 -231276839 -266963860
382779071 26359076 -417026889
260371028 -711989183 778726198
588699910 754877770 -969471596
139234342 996391852 -318581717
-108320349 -887663672 -328704785
-677880922 312810364 -852292535
9593718 -706368749 -394143963
-731182026 311358758 -949082184
766379948 -781607724 364726997
-970152427 -767552130 104279979
574888553 494569817 -724026536
-266687955 -99644960 159676814
-157187083 -810218471 -982797333
-850231330 -693492539 242189861
-528291359 448398910 64844414
459364704 273841535 215842081
-284989056 418307721 749779691
-723576158 426832388 -15319540
-299489967 -290214130 246002049
756850364 -109429727 -680666122
189621689 -854953748 -564431392
849720347 -838267000 -667568820
-798789776 716292239 -701313390
-848198746 205542426 -798017794
-804523409 621598738 910139005
-672002708 -304151306 904496559
921818462 662345576 249668554
337224356 -571439366 840619466
320588424 -968865972 329717869
912419758 790919875 780372219
362559908 228758928 -76197470
941360525 -550428061 -365940511
-967999888 -741494664 227458787
-343789771 -185906808 101125395
183066947 638866293 434837001
158585781 370857722 481581249
-879624306 -349362072 -550926870
738955654 410990127 776743116
-479916375 667058647 -838388915
-418204126 -119804283 865303555
370306314 577986354 -226020686
81849284 -715286663 305368081
629634969 206805800 -400004973
223040555 511668929 -897113342
-229924246 -747170214 -577955656
138281056 320498924 71987491
552735323 461388965 -888088975
-187281955 -581861489 551972046
-210198022 -492339809 -670511770
853495163 -401456493 971299285
464003607 429369525 235789421
-977586274 776920959 487398548
-417115026 -925325660 -309720159
991650813 -404727166 -152747417
-393990412 733693757 292034369
870973045 361293099 -703656582
869601537 -488081951 874755976
-837306147 520315948 161178796
692311969 509838613 -132741002
-600093352 659882462 -705423061
694601212 -995078350 458935855
-640840047 -91469816 572219828
759936555 458656472 256938298
-561742828 -804011783 -476230680
235125686 -524542918 652862643
-866576376 -753385775 -269209793
-152935337 -227244011 -52746992
-923578881 -301328163 427095704
-988389344 -586293390 883571253
-397251121 473795080 563855757
473501833 -144145664 -700924912
-434185355 220613617 560791338
856472783 483195745 44304620
725976029 106220796 -798224839
-725697954 -928396640 254893756
-702138693 474571934 -308324959
308834956 -385352345 -279009645
-677800839 -249640317 -762935848
-596650095 -701489182 -702033272
-342704596 306018693 -232975466
721023375 -24093839 -776266402
-109553142 523933336 729334718
16409 -734913474 -588602527
-496624234 -906992886 -73502532
63754732 -108769948 376694118
-569912280 -691340889 -600784120
461393600 -810400765 -387598531
-794063648 -276318703 903156583
568080372 -202564525 -148169614
189954369 990795577 -441745882
786128363 923813319 880687639
114593443 -296898078 -41246979
-315880068 828721103 -466321362
-284159328 -282625498 -729125209
304946472 325736225 408860045
-993588943 58232243 679449184
-358968231 -84054849 -619862303
-645208022 927060994 -18210206
-297918059 531562267 -783750033
-129145069 407302075 -813401438
-113644130 -462892836 62688911
-104055167 978551797 670305640
-469500835 -629285449 151352750
-759663439 532010929 758913075
-195219813 960899353 521112667
811520712 -112830264 -159333032
717420772 -762377225 70496305
974967201 460482481 -456495217
401097701 -45838244 938067058
285274825 181942492 263692384
190120158 607712201 -659705792
927892436 -671068377 -544438604
-683674617 -685690088 808984424
-384362671 203488457 175906507
47789869 495433815 750590493
-700054856 -503461198 748642078
-675998413 -587031302 747251643
668474436 211407313 588793904
-750242514 -899843714 -194947630
652967914 551016905 989720763
-66177063 -663650169 790325403
-748609326 290441610 425867161
-917011756 82791700 394331966
-375016005 277235349 -381269003
472102590 -465137323 245086125
147299225 -949069337 -202282526
666554212 621587837 114612727
734049360 870733757 -731446361
889847048 -571750141 721424966
549828929 -246986020 224484150
-64382262 710717647 -695851529
-695003384 974400067 148488229
659607724 -992438868 825668735
-35371511 -756061632 -654621937
736186048 -598091576 -947204966
-122766758 -156699695 809526598
-195475042 -367104524 798687171
458771340 401842138 -298436286
-889889426 -703292233 202507792
-785130054 -855550785 330051360
-479783813 -913331201 -842642440
633079123 338130462 -164723455
-91357508 -806538900 565844814
-515874922 -746223882 975535205
-932237145 -637200081 -517528431
809298093 478257111 -608486792
-920244240 -476572085 -171147012
369641491 -309965295 406395997
585542919 -795031769 -457650821
962181283 339902156 954897359
186558297 -487074635 -7032521
-524967300 -795658412 -829305969
-158084637 -402863962 -514533598
879477 948219566 -125612491
-456270136 -446581118 -325160090
-285655102 -3508937 84491100
326955695 361632464 -421792573
40285127 292810631 24947765
443419795 -170880086 833365516
89246212 -488321368 -969636947
541634995 992049028 -54112930
-877121137 -105671388 -319666860
547322612 326404773 735378908
662857987 -28353944 -433672398
247044614 785465573 -875787589
132880779 142918797 199792362
-249295525 348173132 663452731
-23018482 -190461126 -238673686
-449105434 280841059 -261652272
184669731 -644923805 786821767
785113512 -213698721 -625261626
-464309050 -927734204 -51582068
-542884067 35202580 365231733
650643569 -262510099 470152462
830875502 -85092588 -115276527
-930164811 -911020390 872772488
-283155943 387069058 -959725630
831933312 169143407 -220895685
-962292091 -823062800 -158759765
-456610450 532480436 839410974
607796078 -626330030 -944625911
336256749 -622529690 355314792
-628270852 673492906 177465339
-14579029 -814368400 362277243
300922222 254330645 403715905
-794767800 751216823 -406809353
505979971 612956442 151501225
500393445 875444466 852513037
-575408208 983155706 -259714955
525634324 319898968 -425957436
483023819 -701318516 538844583
314061107 -378749666 714683078
-754022462 896478098 -234604090
-453189864 180626217 -13645046
731827072 424711037 -650169940
-633211664 -713896425 -274923692
-727021045 887083671 963221064
920143255 -288890740 269516678
-2637207 528122393 -646991564
436919474 6178320 790970231
-929147530 -612633579 -913101723
80052078 -399991240 662163049
953919308 -958242824 986356953
454143817 760474650 43821619
870168757 -255952469 970792765
947271168 943502829 863198606
-443995826 780756846 420256192
-108304622 430715626 715591731
773870119 721079818 39223417
166742789 864305906 -865710472
-677377157 520187426 336144987
929340793 733647350 -87428299
-734787474 -547794502 510363411
331621715 476792039 611850217
716940252 -67404898 -275540235
946140373 533356607 609423108
769644003 56389619 110766953
-187802568 -566467425 -426310693
-727441812 -184809654 343931556
-765964656 -209511276 -292398229
362244204 446811116 143130680
-616779274 963823359 -483931803
-595121679 -132463537 -663347249
-938875801 77400735 -496529260
703799957 918070443 -914717817
-570304875 891554634 -6153813
-244590222 -254467449 752230929
97783608 -57540031 676975117
786298029 347091043 -907878862
750250928 75671608 613060372
-907866810 630884401 366939494
37247970 403675226 920469969
494793529 631178333 382744424
525477226 -411426031 -80354697
-74643366 -174577865 -785351657
662523046 -740476442 -282293739
-162885631 -509420646 -554835221
258547619 815000925 517133566
-533538012 -920582782 -144935587
-177343512 -222211623 -390874390
-796854162 58118392 139845412
852489062 -936459111 -447354903
723463776 -494258454 -592714280
-803269408 454752232 630896249
761772185 -410223917 -131614157
72855639 -590365661 509554127
877038024 764312230 -265405970
429145300 66721748 534970097
269239705 -490726624 783716670
985660194 -854965174 405062180
108945356 -319162462 -999886757
650479489 129426153 -410680331
-271642130 750008143 470222562
-759650130 -358869317 -654495387
-981333835 -373780537 -684573563
-217177054 8709849 -792704498
427197750 359026384 -400576140
581849225 937490919 -852028119
-296285657 924264344 -561293701
-645636255 -562203102 -709275397
893724645 -802707684 175236617
402313173 860860590 870151755
979121142 441298698 -940282613
315539846 -792737859 602426309
37727165 -172393347 565507174
562237753 225856440 -895955039
-402750186 640494626 -376249624
-91603189 -633763719 -95340083
-68404132 -623801142 238368220
516495568 -759900660 -393192670
-954049939 -441704992 538526797
-952984732 -952380276 -587542977
887750455 -606405240 -248698488
-915546987 -670054288 -643990020
-850816380 -928784871 -894570091
331918653 -378450334 611586087
-986712981 -811798438 -777901505
223063153 -354282753 -774164261
-243260969 753244582 -167292096
-572097089 -711768018 -865771133
935828407 -999877383 -71686527
-309950324 -320306821 -376792242
376481086 88814372 540300131
635708386 -762126085 -324453148
372353878 189208862 -211303777
284794317 255531628 62664296
903928957 -394308090 -461825710
-965160756 343228983 -612209220
308027587 -917294717 -311633801
374002618 -369503074 -691032067
141736747 -432611393 465386293
-442083135 246424892 820050032
196104456 -286635780 -148522771
-289879985 531582390 -596194451
-921462923 -626542401 -617378988
-991786890 -238546655 -881532505
-537107433 158033253 -697424475
-204633656 -511793161 -66365656
61341839 -977621269 273796818
124182820 564761068 242394959
-126427441 235211638 750425553
-881314640 675666892 607183328
882653864 177286749 861214290
-137268804 261124550 -340226893
614121341 -45006454 -717904171
653048086 61430249 -992714135
808421687 316794269 -605978506
-352031702 225680129 713750925
-834791759 784882356 -705307912
849094719 -430130287 204507338
277566446 -990625450 609303841
-727919724 -504582689 544612608
-4886434 652739218 989737296
624222958 764796142 -586576015
509498697 -997459032 614661122
-480887320 405014987 229923991
803514961 -215894982 240633132
-466787696 176778245 -167917799
115083475 398836537 -892525572
-768489632 -562182860 -196888360
687647705 454075422 -795386910
-70320805 105838422 -461342110
-556239588 288741406 -415089293
-879309721 -736826497 791378321
-237113303 -21590394 44338420
583138440 -305514436 -248689299
769595903 259702534 521254886
-399626409 995205974 -107996364
-803757415 99374527 -82646591
17282318 -897345724 -691199039
840914144 835273503 63912317
-28835662 -685538425 -923923116
-626830079 937771266 -307589204
-521024167 174258569 226487540
536819749 -156989360 997793959
-37353664 758547465 136207505
382433536 743442315 -409859963
694895138 -729502641 -420528517
302503277 -83738136 928028563
-441281817 -12501170 -930251533
-539008841 305487078 322547409
-11449214 -238878675 -908407461
980694057 828984042 -359193702
-688284224 -489708606 353854152
173416026 760027520 -772958102
-374837378 666731023 896280339
-203074227 369462324 -478847484
-27594277 781119028 -110997223
289743380 -262391739 -80554724
-610582626 828296364 201495237
-483317533 -998144266 613325560
-628141636 938520397 194497956
246391740 -275249414 173676125
-374508366 -844417698 -763128054
-674697199 489440833 -913656242
-894757446 -233183595 -963127672
-555774351 -83008320 -361897798
-296623713 -644694843 -455277659
-500197453 -817737675 287954062
-149096878 483254257 963377681
-864391694 -207390472 -966096204
-921004676 -782028596 387152087
-613004489 96466860 -955044600
-894730508 -396220192 213419557
-800069535 -154478611 573496905
-112023740 726682077 683331164
-620520491 -191045768 -514896447
-210111314 964443876 706233746
-104830416 -820159113 -20241419
3334384 332590907 365606468
641536275 855063203 -797340066
-313173766 -179549636 -566699097
-460750978 622617927 234282582
827038287 -107520894 -677488325
277995731 -738828269 -570412261
-29160969 -292957710 -959358441
-609952407 -130433815 -179205257
266650368 -316832671 -283116147
89669360 244940894 454206420
621328933 514913531 -836121023
-24846869 767579534 -829921826
-592249832 518554085 618060297
-559921002 -560723378 706076627
23201057 -640466284 378372592
-853133053 -398191855 -820067675
-241728818 129200202 -550993510
-587254158 -611954042 545180950
-264502147 678347404 843390057
90629465 911169608 -8147083
888773081 692301289 814680639
216305805 -723101966 569774115
-404171692 558153896 873302334
751171057 152356410 95411241
-663519648 244133839 -893137543
590366728 -383449447 235419612
153899704 -506113651 614902151
-674957810 -635189883 -141186306
111361085 -108314657 -341924314
-838780909 312549637 118286173
-819460499 28476073 -525358051
-841044486 -130552102 -982598350
-217689924 -455405662 -18039561
844128378 -314043595 78059714
951913606 -224765609 29139703
680366584 148084999 64962186
371353133 884204547 -178696679
-611773068 -646254377 -956864169
178977248 122037586 140712039
-936046773 516029386 -387690638
223058870 383303331 -92937610
-191260699 387619244 306093889
839736411 909992881 -766257528
-744776579 -557485244 -531866799
-668028128 -603628388 -619696134
-744201686 -439202209 300131893
-316987987 -295027169 65269126
530618006 422570390 -669644537
565808149 -165429831 -727628252
-455058154 -388743905 522695812
-886112983 -790930970 -581056478
596310362 -561341888 841400863
870722714 813123119 -965765530
-792438607 -146666028 227113339
879378013 -564158074 511508925
-359188468 258917549 -798227402
-926584369 412556140 551309740
-155092439 -436553279 75040506
424686649 -639736742 937454745
745846971 765098628 323563719
-842773612 -457473648 -592099482
532250871 -702198607 637519732
954735915 -800571687 -89247783
430236883 -987908329 787318133
-428616755 -228636387 -43369517
555200706 583776788 -836333072
-958827826 111533771 -878248412
43862587 -201323557 -542742041
-807059333 -143603547 -694358483
338797316 874048368 -96077925
-837011564 889425593 -754215128
-630987777 -526833002 209239366
319038028 -297129900 406577198
-294906328 -528602510 -363951141
-473400455 -72706321 763088621
-725137949 639837280 119879585
-272783701 -377941289 204892244
-863470773 -298321212 -573477396
251995474 -394916494 314419285
-863428258 -235591904 666073366
-311865075 -991691426 -232652549
-257463349 -309509742 556449190
-807165800 131079507 83534684
-506900296 -317032950 589262987
-203354214 -164962539 -853280415
560754719 -459699357 -104827475
-826165937 284043404 -738508298
732278163 -676306235 16968628
364594792 606801416 -976240034
173867762 -969868027 -93879494
-775714679 -19896782 622250451
438447033 987180406 -558882953
259877914 -592602203 -829402864
885855582 -498192266 712646058
929032096 435154277 -777088081
772391558 16322797 -438452891
366880621 -501644747 784007591
764377006 -127914699 -427388238
841498374 837659415 -211754864
-118765846 -271428655 -547968880
-582055434 379406925 -207060687
555104339 221551654 998709710
961883902 543058220 667166875
410008523 803243024 -637190901
651912709 448709061 860926863
-775307444 627289407 -647735078
241228603 846320094 650318230
-685333642 -46368648 155885075
695685766 242912514 154988312
839484351 -13820782 153166739
680944186 -138893856 -275093148
-429938855 836630117 -904847108
-470184764 -119039819 -691787107
728985949 -710287317 30758047
208300592 -364029317 -552395791
-501611850 297756694 -444905660
-928596655 635717565 -567179721
456177672 608788282 202165758
-4295995 638748093 -871090282
890139168 -763388577 28413825
700354954 -314695037 835600356
-481055329 460863572 538106462
-363046859 -764694432 756838671
-604711723 -852653051 996663570
173085170 -801199512 389013333
-16865910 -167441147 989678340
-589084091 -215771058 296366733
677514853 -80375585 -3790673
398584526 -887423745 133307520
-868761463 283147357 -900414129
-941167973 324525098 -754944347
553530839 62043216 515457409
-878216365 690953338 -562233359
531002857 -267508458 881047499
-181108509 334098139 -485298184
-403709497 75640216 -982271309
66727773 -697201502 -855950604
93209250 -641251055 343220118
-732251568 563998084 392482457
390975886 -700359597 -977112864
-988028736 34135311 998338109
-68100765 -120731512 -434805869
730633593 -85443886 -23587143
-915954151 615276659 25601144
-632423726 225297554 998808063
-182327582 489141409 118734772
-679954668 693428873 -557283242
-135781927 449217902 266045222
434130925 -451908871 907900686
-993656300 20159787 76723171
767471721 -453459128 -923127864
851496466 -53976523 -785476065
-149881537 -671418843 501350044
952437370 505858424 -374943685
-189489024 476910603 -887528215
334440030 504359547 911021512
872197427 391744609 -580969750
313013360 -24421243 496879071
428350250 -660902340 12827346
595114426 -973321705 253289745
599930067 -963881818 502924760
-186974938 -205157447 -152223473
564644077 502097419 -576766454
302350165 -965415769 227658979
478229004 -433406404 847484385
37276044 -178116338 277809511
-154965377 639279746 -565642370
-435182308 -484817240 -155521784
-705533554 -198518539 -504691818
-260274913 318688008 73807958
-505974347 -710143026 -828622830
382416055 -484390130 525691643
-932987131 -724561687 -145010791
-214307370 -634929823 -670445012
-849622413 271662506 -563967552
730558705 -313372849 -205994356
134105121 -304214367 -125773133
409398114 222662840 565467444
-846951622 925843262 -318576735
648370966 -764231970 273520809
272361749 639431897 958952182
192193754 870750026 806461697
-457152166 1774668 -222848185
925354010 632341879 799876972
546101521 -563644771 -415111357
556517221 860585208 538486759
-551023340 782373589 -868703110
-858549412 -13121289 587522222
-775209383 -224787753 -715481458
190973671 -649211634 -312880074
483276770 911863459 735710250
287059387 672191997 980004379
-197524405 546987591 -350816138
435449647 -182788493 636020612
-196687636 -871036979 -394954977
654585752 876538477 -793329513
-536748843 835625138 777020577
469891032 -246607111 779234823
-342838132 567914837 465098996
911937339 -274277081 -437656308
219964655 192544485 -488863715
77468872 583148599 644508434
76370195 -423284775 245452655
750382016 -655230226 -468340833
943161554 656535081 947158938
-612702708 -232674946 159335191
549367380 294919624 304663511
563096859 670273617 -945183707
331495174 -909095951 945474355
-202923136 961829564 549074387
112382631 -502480742 -47250674
989207702 -106691913 458590272
493883421 360195119 680961153
-464349844 -771828564 641063596
-580160037 467638783 767032837
-3343687 614809723 -562048951
-988747320 -726832570 752550393
520069524 -672808570 323521272
-926867844 -824979286 -547555987
-943396474 -933386531 -635467987
482778997 -31683655 95340891
130653369 621410811 471717992
-958507441 943309257 788161780
-855140515 569123436 -423621084
-604057096 -26669293 -53521251
-701576694 -319189961 434899856
997212018 -953215523 2147861
506452585 -502994489 371423638
665314288 -131997808 -17532505
-913780144 83197474 -120785039
-261627019 597856710 -209378733
-557297590 828489733 738075640
195496315 -563098060 -611358497
-878979117 333090491 590003222
528716958 662187109 -610454295
636143392 93074574 -324894527
896151483 -727333024 759399973
-148160447 -329077854 549702407
-273304887 -809641258 -757831718
147972703 408464899 -17277235
618468032 -328187196 661781642
-255305634 671927816 539189769
-445000528 -968987888 -166627337
-763016913 -879233958 -916022612
850433772 -398543012 -90140211
758235455 247296136 -24614393
-960265643 889671099 617507246
-386481665 -585774350 -709830907
-948143979 746756060 -837322612
639571353 920424297 -843578745
-975878134 187131965 260688973
-391456994 807375900 -569029793
728940575 980595487 532674894
-288011447 -353746018 581550154
-850696173 6257148 -913637355
216398691 -648418594 300648977
-823059550 -186785258 411522540
-565635815 -55010769 683963139
-491140443 -534159322 -220548222
850738193 -661207092 -607693153
-94469390 -709241254 786822595
217361098 227415994 940928474
509659960 -868294497 446754514
194188699 -111143075 599645248
-272447091 -280170377 523194749
-497357407 -238378526 436187585
-198429508 943140760 957777879
550162749 985716681 314797618
-900539255 -753759703 -45935997
944606606 -271969012 -349437906
161197894 -315528742 -497394961
311496821 765207548 -802605648
130167064 -595306129 310453914
-668734163 116200342 182403231
-947564943 -406978921 -857719291
172957367 -648157341 223361877
-519644336 -980109626 -193615027
33187062 -704639172 -932538379
-408561846 990568711 515145363
-869914670 402400054 700648700
853466122 452303706 718119737
-795080740 10855303 -758082900
-289937782 849351161 171413998
-337146270 -886534965 -551157032
446114715 -182499947 329217509
-720428964 522136081 -966153693
-365473127 939335025 -191259633
634088414 -269311188 -241079498
387818311 429523850 -47223599
242322934 -480107679 992133700
-797626305 833000585 -322117083
-421227522 -545835664 -384571720
-148024456 14603951 76006923
-695811480 87622178 -385266318
65978882 346934916 -116044536
789733728 -2610126 -753430741
34167991 549210673 -341347204
454269698 -965977516 -559508791
391581866 -724707441 -281660042
-189764936 -312096130 459147145
686576970 -200051347 -926406609
-691679954 443293964 -877998789
-666714205 459399410 366656973
785892977 -303733383 -214987354
-692495064 -859314691 -204488842
-176158854 -206569127 -450257545
-569641472 316538040 197298155
162597964 -739000192 -288845464
842118048 -43671281 150758541
733218289 -257650945 -646285307
742820573 -466962695 -740760154
-412251767 791408159 760416640
45157062 -711503810 -466676477
-712391438 -391753189 142260028
40574260 465580170 -290413547
-492307756 -177689344 4813281
421434261 47150883 866546725
-934063041 -224627424 -328141770
-894613489 71058321 64176765
644836612 -799346235 -810414861
-461254556 -525497719 117736223
-271976851 346695341 -114557159
865098715 994392345 -954855575
-839815026 834665335 -970695827
527442633 -341029895 -461452020
-933885509 909478329 691866785
710811316 637745006 -569962798
652538189 -790199927 -187444012
-273290978 -49053407 -234238959
751873784 -110058241 -620150798
173489888 -828250548 373481740
950900543 -408353069 586548652
95153058 445271904 251411886
713354935 283961135 -567145876
556190373 818285698 577146859
963976675 -748467454 -493146477
42867473 -815097225 120054661
-173581234 275083859 723277999
549060592 -842880495 -667861093
-900214272 606026499 410331288
998463525 -711925572 390205444
-805629076 585486859 519644084
851761762 217045910 306467517
560433012 -779662970 -963689390
-890270249 909588024 -748605843
291376043 386411586 -975627947
-40477124 18452621 -815188376
-394525087 -559816264 -760267582
-108974444 120410128 390590361
732827448 692597614 772083424
-182669198 424051519 50678988
36440189 801358916 -178278619
-833995972 -143749895 908831927
554935900 -333857410 -523734800
953290402 -202837680 -823136911
-226964113 77480934 139882477
-157150844 -862316936 414979524
-590330236 352112549 207901327
69576083 780052769 466577564
-630034975 -872635927 -788631285
-968921880 -699052887 -777153740
-442580670 -343990948 -832221654
-717431945 353715178 -364796825
272878804 955325891 24563434
-325063286 834555179 896134341
-854378742 579939594 -498451606
-753605540 -825472958 -487902374
634903437 -491261166 295701460
-69842311 582918493 -963910710
-121776556 -327094273 963587153
538674636 -470287878 389031025
333257578 279371433 -587567967
-635611207 650968940 -353561899
-962769214 893339424 470349084
-1801132 864868477 -132052099
411701649 696425445 472666817
264593139 218538784 693927935
-515351530 14414348 -966037702
538837261 528081697 -465486146
-63595329 476258780 38330037
-836499719 302283900 612551223
34147562 336128439 319198023
-597792861 -695820836 -521586921
-619228427 -444294345 526357071
-595996566 -294915249 -865567175
-134969416 -206898665 787508070
228545235 -880286144 964495845
317553113 -999863292 -541952446
-117956583 -957215450 734857442
129334305 853356411 225391875
-863217922 -197397627 -369025262
884834825 179257767 -740106884
756396239 884182537 -983016422
274460819 918915362 -404084757
154594987 647401290 80424345
-455776688 166226058 -194209089
-392010208 -34332766 255774573
-71595071 33912797 366533373
-601878160 859231220 -836697352
593519842 -228978987 858822864
769431600 -738529336 -519080605
-524144530 -965723083 -445265944
959190330 -502581067 -824706175
-154417655 -978989486 645101228
435999486 -198887870 224810627
446958510 981854352 -487008872
59244235 -415648785 -566170034
239904588 -399733777 825444398
-105679760 263520554 88764236
-394664887 -312412727 -167518492
581544534 857313947 208573184
119501273 886181054 -785207387
-880344472 -553812968 35366880
-142143963 -368429057 -764664480
702910348 963169819 -858783798
-625379788 40320696 200964330
-185205789 700197331 448389213
-962290365 612655658 -317105054
104518324 -553195581 -938806187
431474460 824264653 435021235
193950305 -422410784 -491218945
405649635 -238670042 -339038187
-926463369 -211757361 -152316885
-834665775 169809121 -387368888
319444344 688443069 -154902114
-925281296 225264007 -194456182
-374135793 -468423561 -656545906
-770791283 67289640 949695883
-311046290 445659827 243073093
-634957567 -565169416 221772703
407865219 945407701 761729762
337188229 989713146 937841020
270610991 -524151959 568686036
-390996089 -674089194 -793210418
329784836 -821980387 107089141
859850740 -201877879 689884309
76011742 -462467574 -524359436
509979256 -405078958 -421427668
283637731 -595531378 142079800
333397200 951609153 176973119
-764336665 218627271 -946484299
141746922 11328045 523833239
167262244 34797018 452670379
-857779107 78545203 -746218700
-753865940 -59488154 360793056
-509381910 -933594123 155054502
973608502 -843776368 50173840
220854128 -830832524 957139071
401788658 529566797 805171488
-218243578 345054997 253800825
51327497 -485054541 873403869
-339416796 -878283428 300429366
-759861625 -946843863 -826026087
860722191 537674819 607973381
730502782 952776945 -518437369
248552503 -576260935 205876550
-331791693 -251132304 -193219851
713007889 46967847 953424465
81391778 91066878 -783928956
410703701 -559630522 294622111
-460168388 7426589 -128537175
-735546239 -827019163 188392601
230276083 -129755219 -723772051
-469825417 -624180555 695613790
176063822 641884620 -86866600
-45314705 -790763605 759048980
475780411 284499977 159714166
-665348508 633447228 359295370
-329770412 -439900487 140932816
-527459782 -167645918 -238580252
631221954 556899597 874568371
-668301582 644646809 -160969646
887258377 -418712868 890743726
649174648 -680273701 -339285481
-558399288 185141092 -817083402
560924127 -596135974 676902776
-701227458 -465234872 249995311
-795718856 -746062195 -654208430
205123066 964292606 -155300701
-801598925 376931374 -148029719
902748595 682564209 -23077334
-74247372 -817288894 402364016
-85948167 339761928 526785099
706335269 511053507 75247775
893166187 96815760 724400048
42926570 -706398787 -495162018
-342185388 -128957654 -808007700
-762418012 92794729 -543407449
-835309383 432923156 655955092
277987335 40299888 895485809
-252660781 -750980020 856272739
965409890 669513431 614399207
473420919 54475153 514402026
-158227646 -584615712 -7149888
651789200 -32639977 883561434
-124514423 25256240 -458975655
-305167502 317733581 328629049
847400466 505404063 617105633
-749453460 772389875 -805574077
-345400365 401454382 658286581
-609567578 6018978 266403381
-33227148 -17680729 278606946
-950298647 430716340 -320252929
802468397 -767103417 -528531701
-618214742 341821800 -735890034
-889453135 -786923729 74700493
381220134 438840360 43636212
-120017863 -650447301 115390652
-142062346 -250990859 335371464
457374206 -562242751 -457192660
-624405576 482382518 -33200656
-252947864 -935315959 346748841
596028163 -632876927 176834213
-87635806 -483477860 -318401031
436599492 -224259621 167290321
100239600 -86509869 55917958
663584017 -25228486 -249948672
650871923 333192341 257667197
-133248186 -303996666 -914332878
-397717152 -14703409 -586025972
968288622 82387835 -253308185
-137624839 324067785 478391189
369056747 195315494 826553871
759581027 209903485 -876776071
951619902 -135225211 15965287
-989060724 255702558 580330202
579530023 287580067 409328535
-933041606 912529002 795864506
-667244140 -534087329 -364074689
-993008981 636041423 -186825005
528097996 530768241 -91734938
341505590 -176101539 397221375
-49182777 224744765 467530126
-972130310 -668466626 -605904305
45547947 921461310 749485008
-498999944 168925223 -190218672
-125756794 885712096 -544504502
383785854 120822604 784123684
-631471229 430532794 -304905152
725321793 705822076 308587773
869950691 -849006335 -80313351
657244454 -419770115 -430401087
-955617190 -40082312 -921978213
-843103145 -942885230 483421627
375389783 946361328 -174754087
362608832 810894274 -333851655
-251573969 -37721981 -324294118
885203072 32074612 477216914
-300759071 102904952 488893295
-233397615 370180920 147015311
-700855275 903786904 -670486646
-6865678 956543026 354319929
612726862 556297218 619529683
772136601 -835611958 -124694232
473047654 -701536517 130188564
232128960 32428648 -814372460
689242632 -110730830 275206265
-835179298 -134092280 853472304
-343432370 -279305399 753382041
-302644845 746081287 -234679628
328552807 -933543568 -370466529
-225942671 947067553 435799004
495333557 75548856 -535168365
-114308331 273568534 -955015517
527556077 428167857 858053459
-846034991 834102761 65181455
435302003 -343989710 -108491741
-965578752 -530583695 295158935
477488868 558045351 -822912231
-586166341 -926763510 -218935787
264816216 -192763505 19848197
959796072 49349176 35154749
-596763681 -237272260 840899510
979054453 -802032946 754951591
-402994202 -985341321 915889579
247810287 -49155046 827246883
