1000
-852265 -101525 101908
-160627 -563023 -520953
-648022 9152 -906545
692516 -431395 -14100
-630444 -201781 13983
-107347 687570 -542877
435061 295941 469259
363835 143072 949477
672988 -407307 -298618
925127 155751 733816
508621 -28405 -929790
-813719 644064 -238916
-92463 620075 -872457
-385600 346350 481746
441667 -595043 -701450
634198 -253958 130640
-346798 -417383 -13032
557664 -719266 843092
861924 897615 132145
-963437 -161177 -667667
-564694 -944236 845204
-951250 571969 72514
739008 -946870 883695
-938749 197064 -501255
-293266 -146397 262021
583958 393086 -318466
684504 -449857 -494612
368178 198962 349150
762154 584413 -789341
-190021 4381 966239
441291 -530083 754329
15662 653472 726423
76876 631293 -516765
976668 635606 140212
-962418 -982101 339644
-437307 -547087 -876515
621561 148504 -619289
53637 -891213 126147
-627945 -998524 442414
-468329 616382 -686805
-490104 -586827 356158
-3526 -550141 432000
-889862 975794 800345
259592 -547780 -524529
965572 -175346 -954402
947812 -309578 -414334
159131 777777 7116
-365367 74948 811116
-883636 -855347 761570
-595672 -652505 -517414
-907459 -241730 441047
-37287 653449 401944
-889234 306840 284304
154276 -985205 -305940
-653641 507810 884395
467866 -35145 523149
-233495 898478 749991
-602492 255153 -147429
206108 620822 542606
386442 175525 61412
-735699 26158 863937
430585 -601146 974995
-468263 248512 910438
76695 818587 917903
-575113 -69648 961736
-356789 -289703 -147378
-804455 247059 -479371
348055 -332119 -234989
939354 -411807 233960
24092 284379 291154
-291893 -945443 -601733
-943975 602643 -694550
-376950 -656222 76076
-175509 -396811 -336986
-497133 654227 -621045
531176 -266656 532293
945963 -842949 -136728
919447 -114646 144773
-637770 -876841 917989
-197466 988131 -650081
-490018 -433955 57565
-338879 -696675 -421819
268519 869175 -242492
228429 862183 603458
93693 916545 -958154
525583 193235 731115
-538081 -366377 150586
-617810 -779010 -553140
-473447 348647 362356
-85142 793751 339174
-990939 -645492 662663
895258 -929655 -509592
-932587 527105 -949057
18551 534116 374717
220794 -842694 958046
278416 555717 -431834
111384 371688 180689
352222 -567949 -393493
-76860 -907759 521034
-149815 875950 -636077
518994 -677766 -305294
-498989 633156 552863
-141403 543184 -401587
-779072 559717 -780622
857161 -30475 411310
341631 -902363 -436406
-725591 -100188 -105003
471537 424506 941145
-974509 737099 673693
-3309 844087 187960
401779 -748987 268760
171498 -238139 -672410
-827623 -257469 -686816
123803 -902029 287418
-12567 -999421 459690
452996 -160162 -994054
203674 19631 -925721
25339 579021 -221572
-421965 -47230 -503461
-941103 211078 979425
-497410 861355 803271
-335501 772053 -985526
988321 -870874 -249057
-584388 -949596 -139243
-211954 926506 33124
468530 -967419 -105739
-726975 -379765 386855
831434 193242 979443
-641211 -851336 423549
55776 -474771 412622
-737201 360617 139372
734846 653339 802571
459806 -458364 351489
-248766 904386 581621
-927800 -633214 -26626
-125095 -252292 923643
-210293 83843 -822637
819483 831611 525144
455363 -201061 926862
271405 -616563 358957
-634580 -889190 -810268
-806266 814668 -647299
-41621 927500 467743
-565796 100404 921315
-890046 -440043 820312
-867789 147488 -812738
-832083 -939856 27718
-16008 -426692 -105259
-677378 -116934 -283515
691218 -499557 985949
408914 507329 -927559
-803756 697584 204775
-285848 403889 545695
610784 -644986 853361
179536 -797459 797012
-986457 415703 803159
-692593 56064 -459025
628011 113804 -382622
-258524 197729 404263
904901 -900108 616423
-60799 -444704 334970
593439 -842261 47580
427474 -13022 492099
632384 -393627 954025
-286177 -851769 501270
270587 -746945 -546667
-4424 515900 891704
-334140 641874 -341414
-939129 -141872 -707121
585839 3979 43157
448088 371402 -931390
680642 -4761 892890
-456809 896901 -535440
-858282 880549 639853
-818092 130872 -819775
-958298 -277277 575249
256013 -685436 910788
-883422 -408613 -461080
-427203 499052 -421780
-941804 674466 292805
922801 -597080 -514528
-888199 -339883 -457385
-441200 821608 775139
573527 -590975 864397
485759 -46489 87236
-886519 -548220 -719104
-635803 308685 119102
-887625 -233490 -829618
-303930 985949 -55979
397598 458552 -798404
470289 -824665 -418863
-316086 809672 531518
-561405 608124 -88159
722401 -365778 -505597
61709 -612662 521907
-82871 -356196 459109
-535441 217247 870275
554217 -705928 5656
709410 -803052 -622265
-867674 -932466 -180535
968254 193471 -612281
89573 61484 231692
-612205 405719 -422476
775325 537570 607586
30477 -980152 521409
-667970 253449 -16764
-919655 116098 909081
15538 910652 -485655
639533 364614 476615
-845071 -556971 192432
91631 -628514 -346951
-307370 262387 38728
402153 -558993 -724173
-168060 549983 -545710
-163680 -456388 -814037
-576773 281122 706667
-838780 -260172 -476825
221502 302142 -64719
-489764 459280 258080
564600 -437375 704806
213447 206019 -984477
900694 -700949 -79605
-818450 -928910 -723285
407496 331073 -918338
469315 -911520 668841
-35229 672922 -813721
-573298 169691 887586
-15496 -769611 -231350
799997 718464 607393
590785 334787 -814101
-235389 248802 430054
464058 -214188 -727046
-336152 309757 -781731
437529 969538 -292300
-556137 -345387 288167
796103 583088 792652
-105631 -231291 -989361
913293 -961699 -256057
-213398 297595 -597043
847486 -41131 168152
-305508 -883078 -60014
26954 705460 -37900
347597 -970751 290393
-104108 -513878 939758
-470222 -536143 -395392
-26158 793201 -746280
306262 257286 551772
-238306 374359 -71541
993267 224287 -909529
38630 698440 -220587
-716989 -629302 375034
335628 685763 -775236
326438 321749 -298835
-478369 -711982 -900749
761156 -411386 -190612
-130999 -643583 272542
261880 -418466 -280673
652887 230449 5049
811777 907838 -975330
916640 828612 -635002
-451602 126405 -924510
-972537 105738 -443919
605001 -838229 46261
-543252 -818339 -794745
681600 887064 -467739
503316 -197069 314848
997544 833854 -737894
-124677 -714396 912876
701139 -760603 438210
101822 540251 -474315
-616144 -291608 787087
-35473 -981380 345872
-60217 -503083 -837175
-262646 -640597 -364375
-433337 610418 964098
-202242 61563 862405
995473 -345803 -338141
-1132 -466915 -781347
83312 -648919 679013
-347256 652855 -49609
401578 -640229 486540
323189 -147627 -768545
603281 746755 -297716
19788 -558751 -368609
507913 311099 590124
413949 -281880 -824096
756454 864273 132071
250588 146062 226795
-161732 -444455 -264628
563683 290836 -698087
442658 -347566 537732
-341552 719281 76845
-204212 -891552 983327
88557 -853212 890679
145897 459800 272971
-133622 192168 88755
966151 -505011 912665
143031 -989144 -868728
117405 -748489 -115536
-431541 -724467 844490
39670 -80413 24558
829876 149595 -708403
497411 -215080 -952852
-611508 849041 55389
176114 196853 94931
763957 591924 568262
45189 -320013 497304
478912 -120489 709316
-355196 787788 549165
-354884 -577946 -26713
-346716 893887 -93541
-435592 -509803 -269576
775102 -419718 -671395
-798722 241213 -878487
998459 -36365 -988778
-362422 -635249 -945319
-222987 -694491 -397928
60054 -598437 -658453
-546416 832095 285243
828272 -802255 791123
121993 987184 837558
-452067 809423 945716
736202 411339 -680975
752871 758394 506426
-578883 -736281 48598
446664 -480510 854022
-635034 -419489 -892906
-643666 286101 -251253
-422748 -777962 250126
-443263 139467 971092
438068 -425122 -654337
-927478 -64959 -780286
51555 75386 -659221
-592579 -947063 -19499
-349156 -130593 1437
-990860 -115367 486758
-918432 702036 809237
419891 -435460 -898078
-42108 -328452 -793857
-909890 585075 -79857
202631 -467179 622954
882540 133555 -706755
716159 198344 957123
358886 484704 980809
859329 -565708 420865
-714383 -920558 702057
99031 948307 840402
-287210 -164996 457717
-197794 98435 90167
568897 76288 -394283
-286360 -629276 402184
-864405 944018 -545132
-319766 849990 -163173
-885712 257920 -831664
-771157 761383 416333
89344 521666 96680
-35903 641649 971152
989137 895696 41976
255932 730510 -774323
389603 372975 803423
246377 165260 -604465
-385728 58792 584101
826035 -708575 248260
-847426 916798 464226
-124310 973584 -483135
972841 -482731 -429519
-353054 -541810 506277
903788 -519381 -939860
232501 43028 -111237
206256 621370 595833
-334382 -433943 291242
-765808 -975618 484996
335004 141037 44859
205071 936200 837415
264394 -60724 -816768
512396 874541 941639
-790780 -475943 -84726
900505 866390 713548
-380048 440349 626001
171940 -423633 545410
-527992 -2205 970116
970370 -500878 -82186
830712 -184731 -100568
794527 -282651 -334134
-64385 164962 -296840
84293 806085 -925430
439401 -338521 822011
330736 -118794 -266607
329657 332180 -329455
-638413 914194 827033
-377485 -522483 -667061
180602 -134385 109428
939708 727140 -413423
836460 -973950 944888
-621089 -21433 -136381
871175 242394 131656
374742 -780972 -749048
29116 -639781 54758
-190327 -577951 623422
668691 904685 -426294
243533 88193 -993717
85869 -946637 -432745
-886931 178929 -3301
-62985 -768509 600404
488933 -723126 216419
540966 -820726 732656
118798 -758830 -722543
-644379 -657298 -840209
-237447 -149906 465632
-9369 257563 703079
378029 -858848 228396
-672502 -480458 -40003
-812234 -656479 -392456
184175 -264383 -708825
746597 449912 -716127
-647904 -787225 444334
682612 103364 -673724
-248457 65187 587348
-810924 -154197 323200
-251055 932155 -850241
-768638 -330886 554372
903385 115258 541785
-873457 814527 -286236
453263 -498505 123551
-833682 -615648 -780999
99945 843632 -395720
571947 851655 -749860
887058 514340 -883952
-764608 -952883 -796520
-454445 292331 659843
-353133 -338566 -423626
635122 76954 -486294
-449389 102631 125314
643089 710948 467052
65495 -331101 124722
-503489 425054 -794234
-200037 763279 574545
411501 -958268 304614
445094 -520704 -996527
-329431 -788968 -428072
655568 -409439 507273
836596 44278 296236
84923 787682 -915951
563305 615778 159019
777044 336588 52313
21309 9447 216283
-462741 -134821 119531
22278 -672827 436958
485383 382203 498613
-241332 208521 592431
426828 420487 25929
-55954 -762567 -632620
-351599 -164495 -806294
-204628 -776101 333328
627361 -176116 482807
39847 67639 961169
-631495 932563 750415
-20376 -635766 332976
-306855 -607209 -472506
661480 -595471 349839
915850 826316 -288533
892551 -901937 589468
460184 168020 -870060
585736 571439 127465
-889800 -68194 -601847
258773 -237412 -949831
600794 183741 765405
662161 534047 611698
-790290 -119994 258540
53927 935649 924171
-620846 715513 924605
134265 598925 685226
135515 233817 -87772
-332765 547876 -849058
207697 974847 783461
-307832 900262 -539326
-619160 817155 662472
-916989 619637 -928369
661462 756717 720648
102108 222540 196315
-200578 -811887 333515
107079 -66007 546165
-984681 -228032 -792586
998490 -561718 354374
-807599 -425446 851285
445720 488602 -32637
492189 -828401 -951012
-610591 298900 -40897
-720460 -149192 225911
291054 852748 -206629
-992782 -156288 542480
929852 149793 978541
903541 409291 326449
256019 756927 -58806
-260374 -196981 -8736
8720 668056 -477048
-783975 -877248 628949
718424 164449 -258143
831927 -632831 583594
-93703 726193 -710436
-325045 -678068 -738530
447039 -988088 936732
-713453 -985643 -83568
744725 -716013 -242394
-675071 -547556 -463479
6925 -204450 4731
607429 76460 837427
-351847 885260 145462
-134772 691804 241644
26905 -515379 -56373
357569 -787030 76475
653504 53647 -182860
529887 -440436 -125337
396181 -278845 -479492
130435 705942 49924
-881516 -624777 -374317
482287 799528 366851
-704755 712098 21465
351095 1002 643329
-344748 -818551 -515949
-906279 847811 63844
180483 -136860 -334763
386206 8622 -660742
-989754 879599 786292
-464573 46020 -229986
397264 684470 235355
-418317 -878565 606454
-192167 -8002 -267026
-628233 804298 266650
427775 -492871 -624387
703183 -100124 -267429
-453655 638322 175319
-267810 428032 -518084
602485 -478558 -756027
-253406 842757 558095
-232439 -588232 509793
-71161 -932322 -148354
-948888 399401 -411322
660086 500750 -979490
-21328 751515 -118267
-212504 -849299 -684295
-577654 -872382 982170
-289840 -685115 -66577
-566246 116625 -278994
-319173 589389 -255259
-50027 -89121 686101
826822 -988792 -607036
113219 -316860 -297597
-687760 -327019 331371
-226252 495674 -198141
679225 -948568 -537598
670537 -451127 -295807
-118673 -570464 -864729
648133 529635 660679
-508732 441733 868392
65386 798148 -165570
-301828 -702788 -363649
672257 -531262 567210
444904 -825467 266029
974056 194573 -708120
943549 -995756 379884
-579290 -433796 430554
-65608 -567269 -369712
344491 423843 363631
-127015 302369 -365579
534691 233440 250870
-567341 933539 889319
340763 713862 33305
-740581 -916737 -984374
-659416 983252 -958798
-733531 522006 999902
677163 25738 644254
-318041 -140749 -42579
643369 37717 -34468
219763 -136234 -777826
-817368 -199554 193619
253800 -703209 -593199
-568162 548181 160567
46218 -137915 397087
-778343 526110 539780
895100 704367 743290
290641 747426 88229
374203 -685753 529487
-722940 -421024 564760
-872879 75860 207605
-852589 -219573 -464727
662168 -425390 -419612
770412 145034 664316
382655 -250140 80777
420402 -95099 -824736
210420 -750276 -427455
159560 -219902 927269
855568 -651626 -921404
548251 -660230 -630149
-655671 -408471 -223863
-981486 246721 715993
-823062 -287420 976845
892604 -719193 -914155
75158 -878733 -87322
-376984 210621 -213049
12466 374315 -10129
555447 -287765 -819285
-477942 791968 -75234
-526269 266852 265953
-693964 -184206 755224
-196998 -563653 -867123
445065 -118329 -219077
-631111 -97751 284357
-45934 -768899 531230
488157 -798774 -44133
349525 -698605 994303
986925 -636267 -416211
50759 641796 -264467
-230020 -195288 281232
-872581 94775 626625
-132318 -823317 -161058
-710668 320768 -492298
590170 -313941 583069
-762059 313483 -732272
145885 -139652 -7517
-311703 -785221 640984
-962890 430809 775913
-813899 -512814 705570
-23376 708041 -846015
660618 -41835 -479859
-727053 713029 875846
-67752 773399 -209327
-976766 790506 421386
597479 848095 468625
569204 626005 -268545
-865238 812929 584023
910575 977504 783560
680346 369735 -693845
804970 599184 335341
126007 -467382 -457198
-801027 -735420 -428078
-915874 -501801 -187609
833551 193358 142293
-496992 -884679 461817
549810 -763072 492169
451827 60516 -402508
-306514 -498672 490780
-448421 899079 438819
33035 489573 -294837
-384574 531169 -807552
987507 863612 84905
-332454 -820240 -686228
-526770 195296 -251372
733487 875324 -726297
-707776 -420813 308403
-135596 623157 -734497
-681730 962109 -274397
268723 588433 516777
360046 -69431 885270
-911206 481554 -629088
683683 775115 -435750
384605 -226325 887330
492212 -725213 -149347
551349 95912 776928
654130 943207 726239
-226884 771069 -297030
-310437 830675 -970408
615643 -792319 112635
-891605 -896007 444532
244616 -323499 -366952
485797 -912129 663299
-806669 -342322 -295365
-379964 -222839 -293848
-937760 658447 438411
-414805 59865 44849
-928730 973236 -834573
-522591 399879 112953
-118868 -748158 655059
-745064 -355422 9451
-725073 640141 586788
880554 -636902 635502
-351646 818539 386617
-135046 876330 -172792
-732393 -295359 879811
504508 -7673 561196
-442079 224243 -494865
695278 229556 782252
354680 -887772 -14261
-805700 -463796 -678891
42778 -878923 752150
-587104 66554 414798
-38943 242495 127649
-547691 571568 -811933
287991 20255 420192
404872 372770 502314
-754827 555396 823097
470245 660981 -343100
328078 825744 780104
-210117 -690913 321035
-910184 -926495 -184307
-852103 -571922 56991
834314 418780 -576768
-967810 -520249 908049
671066 779241 -697056
489928 951228 425848
499786 797497 -564315
-784300 -811000 -875392
-276401 841494 -151939
-191392 511255 930695
133621 999093 -851248
765709 -877330 -551401
204866 616769 803475
15669 26513 -854660
211225 505880 647361
818788 -209597 552337
682190 285509 -911898
190140 229713 351784
244018 859214 687700
-799530 -678172 -786987
-168161 -830970 137680
833722 327043 65660
845309 -290356 545079
483475 207499 274793
-433303 85915 -108340
-157152 -527298 -364885
-11154 -511509 346235
734060 -276254 208613
-45741 825637 369619
441199 85617 96766
764549 -331813 -72251
-889732 102147 -704478
727085 691926 627727
-964674 601345 514402
111527 579044 429219
32212 -39131 978422
142253 127509 977488
-690373 -833005 819815
933175 -497128 787160
886224 797363 269561
187339 -820568 -290780
-969598 -879452 320900
786312 699561 -955663
-103109 819578 -658440
178360 744743 -391536
-381360 15839 891089
-892252 -261207 502982
848857 555730 161122
-456211 100066 363891
149920 -948374 853664
584466 -774655 -635043
-328760 637394 -688036
688381 790565 684323
-223497 598577 625641
435119 80016 -638970
-150845 -583185 -528642
-723974 666508 -656124
-833060 680483 -406890
831569 -83841 -475198
471570 -596704 151356
643097 809989 -869528
626416 108103 769623
-74637 -789818 -526539
-71699 265669 -111014
-194227 689533 353024
963081 -304947 536446
-766586 188251 -754966
-782221 -897129 -191572
-314827 -361461 -681473
956815 22918 -886948
-301040 786047 -46754
799273 36858 -492698
20695 795123 -617243
749908 -953982 985033
-279773 -98750 -833685
585414 -195712 -61910
-50312 985663 -929118
200139 148411 -646889
509222 -924470 -618696
-579093 -260655 -678492
-965622 225603 -807146
383041 -364145 76731
413932 483704 712826
-543710 -457244 -10057
-582194 -299097 -456014
-144433 526543 680133
-62346 267776 682169
461485 494433 743097
649428 485401 -164186
-159410 -923521 72847
-510095 -824393 -152419
-648383 56016 -263050
-303930 606214 -88129
-58385 -467915 764088
34149 -97974 638243
484375 -149904 492155
-653075 689733 -820896
724864 347279 895897
-22698 -179554 -899614
768152 -461836 50825
589921 -337752 -929461
690584 -373658 -590465
-930226 903512 27559
-520518 897752 -42038
-383836 -724812 613760
982036 -419923 -998948
-263526 386408 -649246
481588 -620280 -38361
-357962 -92557 823896
697781 133012 969263
-634097 -83518 -293473
399791 -992988 694514
-307310 -224508 -320114
-855727 164690 638751
62582 -704452 -497045
-373516 458780 169924
242611 160536 -699571
67961 -265440 43922
536268 -412283 -215403
-688309 254246 346954
511638 -984195 80025
56748 -306784 -579099
686583 -26039 -508439
435287 -529129 77991
-369739 676940 984797
214647 -632467 -413320
-748774 462687 193206
555334 930432 -81860
809055 23688 -236770
-555351 201060 453161
305748 476121 -912017
-204651 -219700 -268476
-260527 -828841 -263600
-252407 -85585 -111705
-906092 321648 209570
839244 652927 -192419
-367749 563652 -242879
486674 263227 -855847
-23076 793442 -118906
-324316 348088 547866
344540 -779827 503984
945607 257315 -50956
74193 -289635 -147215
865599 -853305 -51090
735162 -716271 -14009
3961 90910 -355949
810588 604933 -213331
-939943 -113653 -127540
-587512 -258804 167744
-296313 766081 -200727
-246967 -268223 -855730
669431 646305 648660
848431 78903 -506231
-492807 781453 -681902
696244 -522098 -904309
-836752 -360780 265489
111058 -390792 -214659
140913 516766 -992911
-403021 -947992 -565246
-208655 348568 673232
-994510 191084 579812
101156 -965853 550271
22502 492342 -130865
322582 -69368 -22593
-614906 819595 413610
606230 -781456 -306628
678679 958928 774064
-145168 60116 79642
508173 -441083 628824
-975009 -321907 72305
139658 534973 714998
-822969 -510359 488851
-96640 765525 405675
475559 -470874 795714
619139 -273236 463188
519109 -89082 555040
744354 189198 111691
200116 -618919 306285
-109985 32273 269475
896022 555998 366440
878443 118080 -955285
869282 5197 -137911
-97480 731585 430519
-51434 -111138 -205292
-969388 462231 321981
-501484 320269 -50472
788391 -95916 -134534
-457875 848777 732637
211724 -186137 -225724
-806378 724947 -798130
97313 423440 -662785
-506182 -778374 -862471
895482 -607682 -786824
670123 619907 -827019
-752236 -509150 302995
602815 -926625 709153
800037 -210326 -945074
183685 283431 -586140
676318 204315 -881420
-775160 -272270 624157
138600 -93912 173114
-139615 -985567 -394561
-251025 863722 96075
901413 -18924 -250701
-434743 110540 -745221
-532281 -178509 108152
-912840 -302314 445004
-599923 841124 135553
-439580 314740 -712075
895339 588815 336974
-620145 94732 -93844
-899447 119140 -229525
-817063 974850 158776
-661709 178792 -953157
807051 960614 997988
497363 693091 870993
-693709 -562401 363679
-134173 -212609 -224595
-504764 659849 707611
511861 -454582 894526
712270 779847 285801
-352326 923702 239222
-542785 -596502 -166558
399629 -879366 370057
-390192 866408 453484
-818410 212466 529228
662243 946658 -675619
-212347 251104 -646081
-792573 -274451 967307
727216 -629501 725599
-177567 777461 354731
-167793 753170 -398660
-517801 809661 -718117
132903 195396 -389581
-74480 237427 121041
204625 -610062 -52860
140836 -858787 629162
173740 592624 180173
706112 897376 -398196
718480 721064 -748989
865079 437614 -422068
386147 -336471 -809821
-44785 441371 534961
175263 812053 894118
-294857 -874316 96008
-229985 140297 -134873
935602 -189628 233595
-688920 806385 -435836
-320917 538358 111920
-970235 -738536 325494
805427 52969 208447
-761618 -499871 134142
-281027 -418207 -470984
-967601 -938056 897364
444987 -375603 -617526
-844747 -98161 -257451
303016 792498 164320
149018 7379 -585278
175521 179904 33180
-269479 249339 -491250
556782 55983 617044
695230 -172846 -693285
-370669 785555 -128019
19336 -849295 8427
365181 49631 -100057
211549 95830 397710
290250 -592939 -184252
765183 503567 -396116
-651630 -93475 461883
554482 -864464 623427
-990544 616824 104730
953093 -967382 461467
113668 -540000 107247
374232 952040 -913031
367508 -558530 -10832
-893850 -593141 -936610
-795576 -813723 -952224
934951 949971 325619
-780387 -418406 -486398
208541 370160 -906478
-737823 -881727 364173
701879 -455695 -34377
-512845 893665 482029
505107 -579430 836093
542759 -670193 -579261
794507 -293032 76780
293010 -722949 798477
-912699 960330 -125558
592329 638132 368980
-814817 -37980 -803266
908536 880939 184586
15572 -117752 999843
58134 -180700 561866
936143 127455 -886467
-755399 251440 561636
-61688 334428 613673
188931 -763622 64964
-107247 -986438 -144153
94920 -130735 -944048
365505 -604228 -151460
595666 625830 -106355
-811158 765896 -970154
-738922 -605411 92807
697015 -745242 679677
-697409 -614186 -320471
555151 -12083 -129459
