1000
-4258 -2092 5729
-3529 -6543 -4745
-7155 -5319 -620
-2522 -9500 168
-8465 -1156 8495
1928 -2050 -7521
-8731 -5172 -9135
-7629 7120 -9605
-5496 -7590 -3510
4439 2916 6791
5114 -9851 9215
8377 -1874 9617
3453 -8571 2030
1227 8937 -2243
-4076 8373 2821
-2008 -3847 8220
-8700 -391 -8243
-3800 -8542 -4741
-7643 -5145 -5924
4062 3900 -5303
-4095 -952 -3595
6925 4707 9443
213 1946 4579
182 -4702 5078
-755 5999 2937
6174 6997 5596
-3412 8315 -7791
-8761 -295 6303
-9553 -7012 -1620
-474 2365 3714
3382 2338 2121
-9722 3711 -5966
3209 -9184 2464
-4020 -7606 7199
2889 581 2014
3676 -6474 -3177
-5225 6836 -6445
-4535 -4589 -6682
4609 5115 1197
-6481 1155 5744
438 3632 1353
-666 -4579 -9789
8801 -5263 1530
8080 -6883 -1950
862 3097 -8311
-1397 -2957 1775
-8023 -1377 2139
2565 1806 -7560
2255 5314 8169
-4157 9973 4088
-4562 7875 -5814
-7511 461 52
3875 -4067 -6998
-1251 -7379 -2550
8815 -3532 3935
532 -7377 -5024
4160 -107 3753
-1988 3589 -5389
-7964 6805 3680
-7098 5490 -1668
1973 7226 1856
7513 -1794 -4331
4734 5318 205
-7504 6946 -2117
-375 -4495 -8335
-2644 -6959 9887
3171 1764 75
8189 -1739 4872
3799 2608 -5498
9095 6184 -2332
-3387 9640 -5808
-1465 -178 4112
-8749 6206 189
3029 7019 -844
9338 8318 6341
-7469 -2804 -7806
-1989 5343 -2191
-1106 -6556 -9185
-1316 5272 6214
2112 585 -8619
7251 4564 -3808
8430 7595 5259
9814 991 -6394
-2323 -3483 -8094
2701 4202 -6977
1058 -7672 -744
-2667 6959 -48
278 8879 95
7466 -4697 701
3902 -114 1029
-7994 -4955 -7813
1752 3592 8151
2261 1112 -6790
2099 -9194 7202
2783 4513 -6539
4806 -4239 -303
5580 6173 9222
-2903 -6023 2383
8560 -9711 -3747
-8010 8279 6394
8938 4650 5417
1148 9514 8264
8712 7273 9809
-5407 -1449 -9519
-575 -3987 5135
-7100 8329 -4660
-4053 1636 -2297
-53 6632 -1952
-6361 4039 -9657
3329 -194 -8117
941 6901 1168
-1468 2528 8045
8710 -7613 -6448
-1841 -3047 -8210
-2397 4148 1510
3181 -8885 248
4681 9958 6546
-8363 1908 -6457
3830 5242 661
-5619 6539 -530
-4309 6356 -9702
877 -4818 1737
4747 -1421 -9389
5457 -6309 -8312
-33 -586 3937
8072 -7674 1918
6052 8354 -9288
-9444 -3150 -8324
-9969 2937 9890
3575 6016 -5284
7665 7267 -1950
1015 6690 8424
5860 6857 1703
-8395 -3572 -8047
-8268 -599 -7927
-7919 -3096 -7522
6618 -6542 -9017
-8536 4004 8830
-8827 -3754 4979
-6118 7339 906
8952 -3405 1608
-9932 -3491 5555
-7731 9694 9736
1385 -762 -7481
-5787 9597 2883
-7925 2257 9833
3227 8159 7631
1432 -5769 4038
3145 929 -2619
7792 9261 -638
-9449 -3997 3039
-6560 -6394 -5307
7520 -1796 -2450
335 7874 8663
-8036 -2968 2275
-3436 5765 3623
-6856 -5694 -4281
-8145 -9837 5839
4946 7314 -1957
-8513 -2565 -9053
-3961 -3749 -709
9975 2007 -1338
5151 -8918 -3032
-3139 85 6317
-2698 6471 -9254
-9339 9568 8011
4921 6250 2242
4266 3428 -2194
-1029 -6309 713
-4068 -4258 9025
-9819 -5477 -1703
-1957 -7332 4810
-6884 -9486 -1025
356 1372 5863
-9989 7131 -8768
-5345 -4367 9240
3383 5158 -3192
-28 4701 5961
65 1071 5253
2303 90 4958
9020 6461 6534
4407 6656 -5580
-3579 -2527 6661
516 -6201 601
-3803 -5082 8935
538 6950 -2644
4821 -3225 -1432
-3090 -2998 -5827
-2558 8113 1132
-5815 -3376 6672
9543 7825 8678
-9565 6306 5870
138 9184 -1875
-2532 6224 -42
5834 4643 8396
6845 8933 2141
-4527 3436 -9014
-9107 813 1859
-3673 -7326 -1850
5166 2052 700
-4449 -3360 4459
-362 7929 -4775
4880 -3058 7997
781 -4058 4110
2997 -5844 -5036
6620 5311 1689
-4352 7713 4463
6553 -269 -755
7117 2415 -4662
-3333 2089 6135
493 -9707 -5443
3344 8740 4424
-747 6226 4207
2128 -6002 -2061
-3255 -5826 5070
-4224 2610 -8674
615 823 6966
5999 -1057 -1433
-2404 7725 969
-4064 7445 -7105
-1134 -4011 -2324
-5721 3069 5480
1206 8310 2531
-8914 4743 5981
5767 -1763 8851
4521 -9957 6729
-286 2927 -4464
1436 -7613 -6716
-472 -167 6788
1310 263 -6327
-5693 2032 -3911
-6407 9641 -8559
369 5136 -6909
-893 -4799 2330
-2868 9175 402
-903 9854 -9388
-3870 -2899 69
-8374 5285 -4315
-4057 3450 5032
-174 -9706 5941
-1580 -5037 -6577
1598 9619 8311
5929 -5870 -3659
-4537 2298 -8986
-9845 -7000 9873
8367 -7314 -6419
-6273 -5718 8418
-3159 -931 4384
-7320 8817 -3695
-6375 -2728 2350
-6450 395 9026
1557 -4313 5186
-498 694 3425
-4698 4512 4757
1537 -110 -3049
6572 8946 6210
-6212 -7135 1706
-1793 -6380 8523
373 9098 -4728
1467 -5370 -6840
255 -7532 -9794
7656 7629 4729
1072 769 -5626
-9956 -6228 9013
1162 9569 -3100
-893 2248 1058
6967 7955 -2415
3621 1854 5967
7259 9052 2543
5529 -8486 9974
-4830 -6274 -2885
-8289 -9806 -8388
837 8751 -2914
-6954 -8302 -7946
1489 -3231 7991
-7282 -6420 3834
7946 -4858 -7039
6439 5396 -2199
7071 9538 7215
-7780 -9178 8582
-7196 6601 -4431
-5009 2490 2225
3190 8152 -8109
7474 -3385 1237
-6227 -9131 -7369
5001 -2056 1802
6672 -3146 -4124
-9836 -4657 5045
-6796 8721 502
-7390 -5124 -143
9951 -3784 -703
4065 5708 8707
-8920 4459 -6831
3180 3000 1073
-415 -7109 2677
4491 -1282 -3497
1439 -5046 7992
-4243 8828 -2991
-9781 -8700 -1594
-9349 -5230 3288
-5077 4581 7585
3425 3220 -6050
2284 -6219 7356
9680 5052 2780
-7556 7088 -922
-1318 2611 8769
-5570 -6907 3652
3736 5244 -2816
3601 -8727 3651
-2238 3878 5186
5120 -845 8649
4465 9791 -7227
7680 4458 8725
5205 -7868 4599
-5314 8707 -2127
4304 5145 2514
6056 -5707 -9970
-4562 3893 -7378
-7959 8825 9534
-414 4056 8357
4947 6051 -7421
-2076 7365 388
2249 7674 2080
65 4046 119
-470 -5407 8774
-1325 -6359 -2281
7722 -5787 -6481
3308 5312 -9911
-7171 4403 541
1999 -9886 1627
4368 -5862 -5130
-2853 -5103 -7104
-1218 -8832 -7341
3374 7538 -9891
1600 6381 -8270
-5899 5361 -7777
7085 -1613 2748
466 -5953 2053
5466 -857 -4206
-9424 -307 375
8197 7194 7419
-7412 6262 7620
-63 4190 854
-8208 -5952 -5104
460 6662 8601
-1077 2559 -7018
-5568 1424 4017
585 -387 -7408
2866 7021 -4742
658 -1861 -9171
-9687 4168 -9767
-9139 6214 1574
1611 -9047 -1988
-9174 -7625 9526
-2276 -2726 -9600
-6602 -9031 6576
3934 -7074 7712
285 -2857 -3137
-1877 3758 -8404
3844 6906 1496
-5208 -6746 -3136
9362 3078 -5617
5101 -4659 5644
9018 -1824 -6244
-5672 -9618 -5855
-6787 -8294 -4547
-4668 -3879 -4907
-9917 7714 6886
1445 5087 -3546
-8170 9469 1452
-7399 -7643 2272
3719 -3796 -3914
6424 8901 3195
-4509 -8408 2025
5044 8037 4582
-5539 -3039 3398
-350 -7398 5120
9383 8241 1169
9475 6007 -8053
-1858 -1882 -7866
-1849 1042 3302
3697 -2047 5432
5421 -3405 869
-2149 -9291 6343
-1470 -813 7412
-1581 7098 6402
-5282 418 6260
8736 8593 6118
7636 -8174 -8648
-6028 8470 -9879
8599 -8420 -7893
-2949 -7185 -9570
-5842 -6698 570
-2876 -388 -2417
9433 7621 3996
-2630 9008 -6330
5148 7549 169
5685 -3345 -1214
-6438 -9864 7086
-8046 3757 -1289
-9963 -1640 -6304
-5828 4038 3068
-1798 6851 8275
9221 8556 -2926
7538 -806 -972
5601 -8054 9577
6640 7483 -4420
-5795 -6459 4399
5923 -555 -230
4343 7283 798
8621 -9840 -2004
7393 -9002 -1382
-3907 1637 4352
6106 -9426 5327
-819 -6323 -8446
-1042 -1234 8320
-3877 -1585 -7359
-6402 6719 8777
-1368 -7422 9799
4087 1338 5156
-5260 9175 75
6423 7458 -4554
-7619 4444 1768
3750 -5979 -9879
3729 -3339 -7132
-3134 9554 799
-8916 9867 -5619
-1215 9216 -1372
-3721 -2828 -9731
2082 -1195 -6249
4560 -9277 -110
6061 -1622 -7589
-8363 -1645 -3225
9181 -2035 5245
-9949 -956 9098
-8614 840 -2112
-7858 -2162 6562
-1754 -1151 9676
8392 836 319
-3790 -6750 -9344
-9497 -7796 -7174
1467 6052 -8225
4272 2541 -5344
3649 3364 7774
6056 2104 -2204
-3945 8389 4196
-329 9083 8156
-2502 -1474 -6029
6239 5752 2740
4928 2223 -1822
-6813 440 -2812
1732 -4749 -8430
-6128 -7303 -2565
9912 1175 6598
-2050 -7192 -3615
5789 3447 -420
1956 -4495 -3723
4145 -8065 3771
-5482 1586 3917
-2386 -6757 -4586
6931 1037 5056
8758 8000 2833
4258 2642 2999
5607 479 7029
-2113 1022 -4572
8134 9750 7206
-6110 2864 3871
8278 -4222 -708
-3269 -1628 -7256
2536 1866 6083
5213 -3288 -8536
5529 3649 -664
5389 -1726 -3524
6947 3157 -3443
-2930 7249 -2489
7265 855 -807
-1657 -1347 1687
3147 -4082 4302
1595 2541 -7047
-3892 2959 8276
9040 -4640 -5581
6080 6551 -1834
-9980 -8319 1446
-5546 -3052 3074
-3084 -3235 1596
2712 4002 4879
9329 3418 -1752
1039 -7013 1444
-1527 709 3677
-9913 -9740 9485
-3371 -2681 1463
-473 -613 513
2696 8106 4921
3057 6490 2571
-5778 -2076 -7182
6672 -9542 -3955
-9164 -6793 -4318
-5683 -8216 -2987
-6780 -239 4978
-5362 7703 6348
-6868 470 -7959
1733 8590 6681
1856 -1180 6581
2097 7105 3042
3134 4864 629
1987 -3902 8502
4250 -7003 -1936
477 4199 -1814
-1356 -3391 6060
-8978 -3398 4944
-8038 8415 9634
-2613 8617 8583
-5220 6767 6231
7935 -3826 -3371
523 -1381 -7517
-7436 7585 9310
-2544 3563 -1125
-9171 7084 -2656
-5301 -2873 2769
-7793 -1002 -1280
1890 -2779 2398
-2603 6649 4524
1292 -2422 -8351
-2267 9389 737
950 -251 -5019
-7859 -2114 -4107
-8690 -2873 -1023
-4885 9745 7025
-2016 -3485 5394
-3200 7190 -8084
-5430 -9141 -1047
1593 -432 4750
-9321 4896 -1894
1837 5800 -645
-8163 -3628 3092
-4218 2365 1663
3941 -6313 5229
-4531 6490 -6527
-1842 9062 6657
-5529 7333 3536
640 1027 6131
8378 -5973 8218
1677 8062 4594
3966 2118 -856
7507 -998 8200
-6084 -8679 -5440
-2821 9842 200
8697 -784 8939
7319 -5472 -2637
-7069 7909 2505
1327 -1870 9987
1001 -1374 -3976
5754 -3474 6508
-9088 -8281 798
6898 2801 6140
9496 4198 5011
-5932 -8725 3680
6778 -2442 4905
5782 9877 6582
-5750 -7828 -2154
-1388 5162 5923
9648 6511 -2246
5565 -3401 3884
-2895 6328 -6456
-8599 -4394 580
-2740 9535 -2342
4342 1916 7919
-5706 -8374 9544
-1230 -2194 5421
7302 -8243 3333
9522 7759 -8195
-7345 -8479 -4226
8919 4079 -6828
1942 7667 334
9483 -6928 2190
1668 -5086 -1871
-116 4030 -796
6025 -1269 1591
6873 -7795 8592
3059 -4253 -9756
-3743 2908 3920
-9717 9199 6677
-9893 5128 -9072
4864 2497 1804
-9353 9351 8081
-2976 9598 -3461
708 -7075 2335
2119 4883 -5069
9985 -2269 7071
9190 260 -8073
-831 951 2767
7680 -5918 9467
2289 -7852 1315
-2781 6423 64
-1489 -1457 -2739
-2607 4231 -1467
7612 -8034 -8512
3511 5387 -6451
2311 5181 7519
2324 9328 7943
7552 4711 -1714
3838 -7664 9480
2335 2570 -9436
7575 4191 966
-2451 -2354 3016
3990 -7946 259
7100 -7785 -8290
2297 -3828 -7044
6156 6919 6192
-7152 1859 -8587
-3378 990 -9216
8759 -7142 -7064
8194 -3263 -1658
-7890 -9957 -34
-8710 -4592 -2264
2328 5656 4098
4299 5283 -7630
4859 -4867 -7849
8626 6870 1497
-6342 -2351 -6868
-3426 -2384 -4547
-1617 -3574 -4450
6020 6248 9798
5674 -8005 7233
-4114 7839 9453
-7167 -2541 -7286
-6402 -18 8791
-3290 5902 -6579
-3522 -8053 2709
4639 -221 -3487
-7419 -9041 7601
7652 271 2496
2442 -6410 -8798
-2673 -4219 5668
6332 3352 282
8813 4950 -1196
8756 2467 7413
4176 -5633 702
-1996 -4345 -429
9439 4747 1004
-9196 2069 9251
6156 -2200 -3488
-7770 -6804 7021
7238 4758 7460
-1374 6878 -840
-8583 4435 1489
-2660 4205 4997
-4673 -4352 4516
-6142 -2304 693
-4418 9520 3885
-9061 5500 4530
-5286 8385 2595
7491 -3646 8255
217 -9091 4459
-1199 790 -55
-7093 2212 -7324
-3970 5526 8765
-3580 -7068 -6908
6612 -2062 9297
7198 1287 8861
-6881 -6967 -9959
-8117 -5109 9343
-5278 5041 4390
1414 -7810 -4294
-9574 5729 5909
-7459 4510 8631
-2811 -2943 -3385
1934 8501 9229
-1328 9430 2834
409 -5414 -4011
829 214 -6622
7710 -6248 -8097
1019 -8039 -9562
-6518 -1761 -6499
-3766 -9687 2376
-5616 -6020 -8306
-4425 98 3888
1529 5819 -4083
-8472 -4482 9579
3650 4479 3422
820 6147 -7976
-4774 -1826 2748
-4402 -5467 -6886
-2057 -4220 2241
9631 -7686 -8363
1314 -4629 -4125
7394 -8972 3564
-9733 8657 7715
-6586 -6127 -2489
-4616 4350 -9849
-6415 -9209 783
1887 4276 -3697
-4134 9326 2192
-8604 4672 -1429
3220 9649 -758
-2140 -5790 -8793
5957 2368 1922
-6638 1482 3543
-7249 2893 -1686
-4478 -9813 -609
-7188 743 -2936
-6973 -1559 9214
4263 -5011 -4358
5251 -8737 -9741
-4608 637 7338
6048 5067 2763
3820 5210 5243
4976 -9332 -2016
1693 6428 -4339
-6847 -5812 -3918
3830 1941 -9655
3128 7897 -411
5050 -3631 -7794
8506 6548 -540
-5078 -1873 -1701
-9562 -6069 1022
2108 -8788 -9218
6652 7096 614
-9581 -1004 5125
-6838 2901 9823
7477 5941 -8711
-6415 -2546 2164
653 5578 9193
5131 -1458 -685
2009 7673 7106
-1579 -7808 -1631
-7437 2021 4032
-6878 560 8965
7734 -441 5497
-8423 705 -2444
-310 6448 2941
7972 9809 613
6824 -1087 4457
-1568 -6286 401
-350 -4380 402
13 -873 -4494
8049 7249 5804
1555 4874 9200
5225 -1265 -7510
-5875 4641 8061
450 4920 -551
8444 8984 -3148
-662 877 5856
3044 -2416 -2250
-4305 -822 9465
1169 689 9964
-5440 4737 757
-1247 -9488 -8492
-858 3911 -1596
2217 -7154 8259
-6762 2645 -7328
866 4100 -1909
-8757 7722 -6238
-732 7646 6986
-6238 9921 -4401
-7920 -5151 -5807
-9709 5839 8214
-3872 1478 5924
1233 -4942 -3974
6653 -3468 9374
1686 582 9563
-9340 -5818 4831
8621 -3081 -8993
-8443 -2040 -1722
-2076 -7656 2720
3768 2158 -6917
-1638 3297 -8587
-3924 6772 6747
-5045 -8609 7801
2599 -9307 971
-9700 7604 5431
9780 -2448 -1658
6116 -5156 9945
4396 -1929 -1974
5581 -8529 476
41 -9896 7270
8603 5242 880
6976 3325 -7889
-7212 2073 -2827
375 -8069 2123
-9084 -5430 -3368
-554 -3912 4726
-1405 9835 -6910
271 1037 5588
3825 2596 5734
2366 5600 -1998
-7467 3859 -1923
-2259 -5573 3142
3197 -2400 -2610
-4131 205 -9368
1699 -5597 -5825
1375 -7572 -1912
-6957 -1358 -3395
6279 9822 -1027
4940 -8612 -6944
-4988 5516 -3458
1075 7521 6079
-8179 5690 9584
23 9313 -6880
5448 7558 7833
3694 -5523 -616
4699 -6596 -9889
-8893 -5717 -5776
-8582 -6344 5551
2962 -1721 6585
7541 -3500 -9162
3344 -9319 9928
-168 -9305 -3657
-991 671 -9270
8626 4829 2931
-8708 3016 -4936
6643 6551 -10
-8140 -6567 -6937
4973 1852 -918
-2492 5201 -1433
601 4178 752
8043 8379 9612
-3163 877 625
7641 -8854 -1609
2734 -9626 3759
-8326 -6952 -8953
-549 2181 -7728
68 5724 -9399
-1020 4023 -507
9738 7187 -3322
6405 8248 7886
-441 -5285 5563
-6188 -1281 -9506
-2280 2869 119
-7905 5714 4199
-2868 8053 7020
648 -7392 2648
7580 -4471 -3536
9542 -4169 -8855
7017 2874 -6714
-5455 -5041 -2809
8786 1506 -6815
-8595 -7805 -3164
-6337 4214 -9714
4766 6142 3973
5095 4031 -5365
6671 -617 -4505
5725 5120 -2244
3355 4450 -8393
1492 -4222 8373
9054 -122 5485
6076 5213 -9809
4958 -4604 -8606
-151 6585 -7566
-9204 -7425 -7425
3445 7465 -26
-7045 1654 8386
713 4337 -9757
8144 -6792 -5057
-8387 1469 -1871
-2642 549 -4526
2694 -5769 -3667
-7140 5720 5600
-4010 7314 -9295
-3247 9016 -7323
5014 -6091 -8937
5342 -2262 2530
-626 -3189 -5582
-5413 558 6990
9643 -6081 -5501
-1591 -1863 -2529
-4217 2989 -5813
5308 -9742 3057
6361 3318 116
9059 5473 -6167
6619 -7174 7783
-1629 225 8725
7774 -2031 5302
-3831 30 -5040
4376 9048 5112
8097 -2756 -3825
908 -3425 -9134
-3229 9379 4805
-3727 -5161 621
-9099 -4475 2146
6308 -8812 -7564
-6703 9444 4373
421 -5521 -1053
5590 -7665 1607
-7829 762 -3777
773 105 -8903
9597 845 -8753
3949 -7873 -3113
6375 5031 4156
5337 -5779 1081
1922 -7075 2886
-5118 535 -1858
-4769 -8712 -5070
5922 -1907 4623
-7305 -405 7801
7655 2167 1407
6875 3533 7723
-5936 -2407 7652
-4786 8161 -432
-9417 -5486 1071
6839 9724 -1943
-1820 -2441 4281
3106 -9450 -7090
-5244 8965 8299
-6818 -2663 9449
3820 5556 5831
2842 7130 7791
-4302 -9052 -6085
-8085 1243 -434
-292 -5857 -7443
-6841 3804 -7321
-9541 2657 -5601
6459 8933 -5165
6926 -6946 -981
3344 -822 -9576
6357 -4150 -5954
5611 4810 216
-8169 -9119 9215
-819 -9687 4507
1235 -6537 8255
-1951 -5927 -813
-6085 -6802 -939
2621 1835 -9930
6786 -3585 -6822
6959 -4425 -3229
7482 3735 3262
-2547 5238 -985
-7810 -1355 -2814
-9156 6155 8
5582 -5073 5026
-5805 -1975 5167
9917 8115 -1313
-2844 -5826 6198
-2364 -2644 3534
203 -2125 -9220
9031 1332 -5008
9348 4029 2799
8148 -5213 -7587
-3379 -1690 -5348
-9933 3182 5444
1196 7829 739
-6216 1590 7426
-5645 3412 -1177
-8772 4426 -1866
-1130 -8560 -7973
-3037 -7744 -1375
6193 -5620 7139
-9453 7794 -6433
3494 -2490 -6263
-1862 5568 3858
-3613 8510 -4392
3527 -1408 -3794
154 -5531 -6518
-8176 6118 3735
5975 5654 9768
-2441 -3571 -1740
8701 -5566 516
1708 -4790 9827
9780 -4198 6577
7759 702 -1872
-6853 -7068 926
-9230 9911 -1699
10 3971 3466
-3139 7646 -534
-2358 -9855 2559
6698 4743 -6084
-1863 -2554 4045
6519 -6966 -2048
-4182 8097 -6227
-1621 -6471 7759
8552 -8490 -5991
-7729 8549 -2373
9157 -7542 616
4813 -8596 9327
-1357 -5530 1364
-4873 -2587 6765
-89 2021 -8906
-4825 -4951 -2045
-901 810 -323
-2957 9894 1408
6615 6005 4752
-4511 4217 -4171
8824 5492 -2901
-8258 6662 -8679
-9210 -8919 5341
3052 2258 6830
-1109 -6873 8829
-1784 -8896 6336
-6177 -7550 -6611
4370 -5109 2551
-6393 8368 2192
-5036 3358 9916
-8378 4738 7828
5076 6268 9791
5100 9206 5026
6536 -3294 5250
-7219 623 -4366
-3025 4671 7163
6334 3993 -9251
4404 6014 22
