No
170070 -48519 -392953 112108
No
16615 26672 16615 26672
149014 -465579 -52767 164865
223281 34859 223281 34859
90881 -133602 -205060 301459
44703 -113674 -98369 250161
105152 173742 105152 173742
133304 -791792 -22447 133335
18760 335950 18760 335950
426844 539280 426844 539280
34714 5175 34714 5175
No
333661 247659 333661 247659
68312 170592 68312 170592
248496 -206472 -168887 140326
245873 190630 245873 190630
No
127468 -761937 -33709 201500
257010 -153704 -215108 128643
524802 872806 524802 872806
No
No
32012 -64129 -114385 229137
121115 -179926 -75428 112053
4902 7460 4902 7460
82995 -153580 -16486 30509
316844 -413209 -267569 348945
No
110716 92169 110716 92169
No
214626 -26137 -416667 50739
233190 -358318 -84613 130016
No
450823 -360358 -96264 76949
26023 -108923 -122481 512638
148164 8917 148164 8917
472942 -297421 -525582 330524
24213 18396 24213 18396
No
372151 -2386 -177990 1140
No
No
68182 375461 68182 375461
138589 424309 138589 424309
No
30352 147975 30352 147975
529799 -547322 -325548 336314
No
73757 -276887 -167973 630572
177919 10153 177919 10153
58884 170649 58884 170649
744630 116604 744630 116604
249245 320824 249245 320824
16764 223155 16764 223155
200733 52167 200733 52167
10284 24283 10284 24283
72664 -24123 -237747 78931
No
20415 574209 20415 574209
51121 36615 51121 36615
168022 316602 168022 316602
693252 -64951 -125335 11744
6088 -50285 -63560 524828
40785 -50229 -248918 306560
14684 47811 14684 47811
219293 229816 219293 229816
No
177566 -15042 -106813 9050
288212 -88981 -657231 202912
81398 127500 81398 127500
7543 -4333 -39330 22592
177685 -78589 -219126 96920
No
No
39751 44609 39751 44609
52029 417265 52029 417265
No
No
255915 -288977 -178040 201041
633986 -308385 -62689 30494
426907 -131887 -442268 136632
594271 -157447 -267912 70982
No
169575 -461226 -23660 64357
156093 -229247 -210284 308834
37275 -29561 -40626 32220
No
756158 81110 756158 81110
No
509721 490862 509721 490862
396321 701194 396321 701194
102087 -3545 -432029 15006
No
549460 -275282 -6257 3134
No
559742 347133 559742 347133
255172 -21606 -652587 55254
No
No
219785 173213 219785 173213
390361 101619 390361 101619
467259 650378 467259 650378
8410 236532 8410 236532
679549 257275 679549 257275
71793 -519945 -28395 205646
131485 -146050 -10017 11129
400656 529703 400656 529703
245083 961 245083 961
2398 1286 2398 1286
174688 125806 174688 125806
84020 -270076 -173449 557547
634125 87033 634125 87033
19050 -240 -980371 12327
25048 70851 25048 70851
9042 -93859 -10589 109815
520628 -22784 -58393 2555
No
58419 260469 58419 260469
No
25942 11272 25942 11272
68891 78182 68891 78182
No
170597 39027 170597 39027
807172 390921 807172 390921
25279 -48392 -50674 97003
No
806633 -607542 -44703 33669
No
268890 549686 268890 549686
174753 -196553 -478586 538293
No
No
50737 -74341 -265870 389559
137587 -68224 -114705 56871
20953 52544 20953 52544
320862 -316182 -510749 503301
38571 87351 38571 87351
356554 156951 356554 156951
No
No
193217 8671 193217 8671
No
No
22602 132980 22602 132980
161246 -142756 -778610 689327
No
No
No
31192 -25143 -476137 383771
No
172354 121983 172354 121983
No
759886 171076 759886 171076
37436 88837 37436 88837
12961 160107 12961 160107
74070 -408748 -39734 219263
No
621359 624667 621359 624667
68698 -9393 -376006 51406
No
No
128030 205685 128030 205685
629346 -211448 -222423 74729
729599 264304 729599 264304
No
No
128041 -847569 -13831 91560
197 -28994 -3782 556845
89252 -107683 -96449 116361
1827 261004 1827 261004
870300 443260 870300 443260
507510 494677 507510 494677
No
No
70964 26504 70964 26504
158030 -341660 -250583 541762
179572 153718 179572 153718
No
No
69796 -182393 -270087 705806
No
78361 76046 78361 76046
41775 436501 41775 436501
465856 -753328 -82364 133191
276961 570461 276961 570461
No
737196 227249 737196 227249
39862 -34565 -189414 164234
417558 238125 417558 238125
286639 111901 286639 111901
No
138935 274394 138935 274394
349433 35195 349433 35195
83401 -19405 -272795 63466
183584 452477 183584 452477
437960 343838 437960 343838
No
No
1471 -7365 -4770 23869
49276 -71784 -12208 17789
141528 213556 141528 213556
No
903949 28107 903949 28107
163677 431374 163677 431374
3457 27392 3457 27392
No
208633 -365941 -155981 273592
No
513125 74809 513125 74809
192314 225284 192314 225284
119826 86207 119826 86207
31256 9550 31256 9550
No
67731 138965 67731 138965
No
No
72400 77206 72400 77206
No
45104 -46735 -23569 24414
33267 42747 33267 42747
No
262423 -323002 -68650 84494
No
345605 18092 345605 18092
146614 495338 146614 495338
171161 -3446 -598450 12050
579701 -645486 -138763 154511
50962 -89933 -283825 500852
No
No
188759 204841 188759 204841
791604 -357232 -177934 80297
No
No
156501 -71470 -74790 34161
125110 118813 125110 118813
260161 186553 260161 186553
29430 606388 29430 606388
No
179910 -6874 -172820 6603
945039 338390 945039 338390
235947 -47803 -20992 4251
128546 -112740 -407597 357482
619840 20440 619840 20440
46440 -55278 -82203 97853
359921 229115 359921 229115
27126 -120133 -197161 873134
No
351438 -400408 -277864 316581
659918 -322980 -25845 12648
98197 -99629 -223552 226809
653505 -439078 -58477 39291
113866 210678 113866 210678
339493 -69103 -304090 61896
No
68074 -192861 -162375 460026
423276 -378489 -484562 433288
No
No
22019 202518 22019 202518
761622 549709 761622 549709
18453 -12249 -799886 531003
No
127712 326176 127712 326176
416138 -497829 -789 943
93036 -16238 -145096 25321
499634 460572 499634 460572
155016 -29217 -385235 72605
No
781376 -28244 -200004 7229
84645 -10130 -418438 50087
353529 -144947 -287068 117699
226884 161067 226884 161067
No
47711 137348 47711 137348
290656 -703 -176259 429
198636 25501 198636 25501
90274 48017 90274 48017
609502 382304 609502 382304
10304 22563 10304 22563
661419 -534341 -85336 68940
114143 4043 114143 4043
45988 -75080 -265111 432833
No
781523 -684027 -82750 72427
No
416514 -151564 -27941 10168
28639 -55509 -262197 508174
141902 180724 141902 180724
531696 252477 531696 252477
No
51719 5367 51719 5367
218643 -69376 -241157 76521
No
347516 664841 347516 664841
671816 97146 671816 97146
98650 15474 98650 15474
No
59908 29554 59908 29554
133427 -740189 -16168 89687
166588 385269 166588 385269
316443 227913 316443 227913
116841 -104531 -80012 71583
100790 -130082 -491134 633875
28196 3980 28196 3980
119306 474204 119306 474204
No
No
122032 47333 122032 47333
465236 -397512 -44567 38080
No
14295 47331 14295 47331
4658 127920 4658 127920
544501 -310647 -90748 51775
No
No
745557 489589 745557 489589
440859 455155 440859 455155
769302 -95067 -217882 26926
318883 178099 318883 178099
231920 -415085 -179419 321117
No
No
41728 38787 41728 38787
103173 -156184 -316316 478850
39105 87977 39105 87977
120372 -65411 -268609 145963
53735 170791 53735 170791
No
39259 -560524 -25700 366954
68875 -47111 -6511 4444
No
55371 -148041 -75222 201115
99615 -855574 -15752 135286
No
283922 273773 283922 273773
No
No
206116 89398 206116 89398
18912 -124977 -7799 51531
110445 -398778 -87899 317381
No
407993 619754 407993 619754
3111 -2415 -917447 711968
16862 -1760 -931445 97271
No
40917 82219 40917 82219
3733 -27843 -72555 541054
66262 -30154 -91057 41436
301662 276221 301662 276221
No
2567 8812 2567 8812
650023 658368 650023 658368
146743 -25132 -114090 19540
8605 483 8605 483
789928 -872335 -105768 116802
No
221191 -231050 -151784 158553
59655 -88940 -105605 157437
No
No
253153 233998 253153 233998
No
290143 584722 290143 584722
No
149048 259364 149048 259364
4083 -22065 -38945 210436
No
383574 -295570 -50369 38812
480269 -376986 -7540 5918
80826 -191985 -60211 143019
200665 -43954 -735535 161117
15876 69138 15876 69138
266430 -156101 -608111 356295
275593 -457898 -200350 332882
No
97017 83733 97017 83733
153673 62370 153673 62370
2037 -488204 -168 39788
171574 332397 171574 332397
No
99087 278533 99087 278533
4104 1600 4104 1600
675005 -70587 -131080 13706
185339 240568 185339 240568
No
160625 -159406 -171555 170251
267153 186563 267153 186563
3833 -2768 -518650 374717
23514 31600 23514 31600
No
No
17890 -518413 -3543 102676
189404 -680726 -52990 190449
No
89522 4074 89522 4074
4746 -1564 -573205 188763
230411 -170307 -674274 498384
8072 -22301 -80121 221232
508409 46118 508409 46118
115814 574077 115814 574077
587503 -48151 -181006 14834
52963 35810 52963 35810
169963 112027 169963 112027
No
298235 -292372 -359063 352007
75178 -119083 -74728 118364
127813 4652 127813 4652
589500 259473 589500 259473
No
148558 -183804 -507921 628430
141644 98675 141644 98675
352357 -584713 -97555 161884
420379 -345982 -366846 301922
2948 -19475 -22893 151178
No
No
No
116139 -269789 -49304 114530
56659 -444085 -58599 459300
527616 565788 527616 565788
54242 49319 54242 49319
No
718744 -85150 -124888 14795
No
155076 -267454 -102094 176075
256038 -205448 -696845 559160
228429 355108 228429 355108
172810 -180244 -165756 172889
35396 -292139 -3081 25422
41440 181454 41440 181454
512164 -463278 -198784 179811
239616 47398 239616 47398
33414 39578 33414 39578
49872 13071 49872 13071
47758 20508 47758 20508
No
254768 -106377 -534200 223054
25888 41449 25888 41449
18145 -342828 -3994 75470
138951 -14982 -648731 69941
165615 -151502 -450163 411803
No
No
67538 -231809 -67283 230932
342564 11342 342564 11342
193177 -245326 -189026 240057
15584 18039 15584 18039
113332 -115041 -307155 311787
614764 -45108 -147803 10846
87096 -186158 -77399 165441
331135 -87308 -444966 117320
79871 284514 79871 284514
51656 -30417 -15983 9430
23937 16210 23937 16210
6224 -200 -99737 3196
24897 -12581 -177506 89704
28151 31271 28151 31271
No
363172 359392 363172 359392
17505 -47949 -24500 67097
261647 -268193 -309792 317543
No
150365 163898 150365 163898
181551 -593629 -2190 7165
480853 -596205 -53194 65956
12022 -79180 -7977 52535
328701 -18944 -606948 34983
395614 343273 395614 343273
No
169711 -98361 -64106 37154
426342 258947 426342 258947
963680 -205317 -11167 2380
119916 41003 119916 41003
No
447437 662152 447437 662152
98571 -86162 -658146 575300
No
548746 -135569 -263141 65009
32022 51939 32022 51939
21754 -93934 -206278 890747
148674 264277 148674 264277
115685 -219600 -309761 587999
No
548502 325890 548502 325890
45267 92471 45267 92471
No
No
29704 -188691 -48440 307700
No
19139 -42250 -390152 861291
111789 -37811 -645138 218208
100369 -132670 -96612 127704
50739 -663 -32768 427
No
84241 -368023 -80208 350401
357860 470446 357860 470446
218804 28232 218804 28232
331250 -158790 -346818 166255
102436 46344 102436 46344
320168 -231752 -665475 481701
197349 205263 197349 205263
408909 -504135 -138647 170936
No
65723 -522119 -10737 85310
326634 129821 326634 129821
54235 10566 54235 10566
372132 19427 372132 19427
588475 267360 588475 267360
45807 -558004 -7840 95500
21481 25844 21481 25844
104703 148763 104703 148763
333436 -61608 -372506 68827
514886 -726467 -109891 155049
648861 -391402 -150667 90885
242541 240040 242541 240040
165 -57173 -837 293922
23130 -9741 -795421 335007
613541 655853 613541 655853
No
3014 -135083 -1297 58020
43336 48764 43336 48764
8682 87640 8682 87640
No
No
6682 -160434 -1320 31733
143100 111775 143100 111775
101732 88297 101732 88297
7929 55689 7929 55689
155863 110772 155863 110772
188866 118168 188866 118168
68217 85884 68217 85884
388751 116893 388751 116893
401705 -158734 -186527 73705
915934 -69910 -16388 1251
209302 497254 209302 497254
3410 -4497 -246965 325546
620689 17615 620689 17615
680177 -170187 -169122 42317
17103 -11326 -45210 29935
No
104814 508898 104814 508898
No
65788 -36937 -23333 13090
277570 232103 277570 232103
246477 88071 246477 88071
261425 -549809 -65594 137951
No
621442 444986 621442 444986
137142 203843 137142 203843
144617 -30083 -425847 88590
278053 -340262 -251582 307871
125329 144340 125329 144340
216691 -17752 -182383 14941
No
310370 392740 310370 392740
125738 67769 125738 67769
173884 -870488 -20689 103568
214948 203678 214948 203678
116447 -155504 -100451 134141
3395 -392 -563874 65216
No
294954 123899 294954 123899
82290 -188483 -151150 346208
543760 330461 543760 330461
16489 -7871 -697373 332892
594128 -479962 -322609 260619
No
129166 181508 129166 181508
1830 -48122 -23908 629041
17784 -40185 -122965 277856
7666 -130766 -30051 512603
35882 57888 35882 57888
No
30229 10911 30229 10911
417719 432945 417719 432945
119 37 119 37
102530 151687 102530 151687
419135 -532630 -285232 362470
317951 -123637 -429475 167004
389657 212628 389657 212628
10846 -18625 -94410 162110
31145 358371 31145 358371
204366 -793539 -15207 59050
71926 111962 71926 111962
8013 -42560 -64504 342646
No
37419 165426 37419 165426
No
No
185701 243822 185701 243822
277991 230843 277991 230843
8671 -13918 -127486 204639
114809 456727 114809 456727
No
616168 764739 616168 764739
483385 41344 483385 41344
178165 318891 178165 318891
147281 -4905 -227034 7561
266155 513738 266155 513738
335779 202638 335779 202638
21427 42258 21427 42258
860 -3244 -91243 343738
374620 -130929 -189033 66069
No
7460 -48167 -90291 582944
88338 -5278 -680561 40656
250911 153340 250911 153340
No
66070 102483 66070 102483
152987 -12100 -488809 38659
26160 -30814 -22662 26691
20875 192200 20875 192200
147195 -23656 -127244 20450
No
7252 13631 7252 13631
84388 205140 84388 205140
120091 125451 120091 125451
593974 -235786 -191247 75917
125506 280517 125506 280517
107820 -171125 -404994 642774
494629 16329 494629 16329
9602 151637 9602 151637
115759 118037 115759 118037
695859 60959 695859 60959
92778 114639 92778 114639
161400 -113705 -686695 483774
546460 -496877 -79545 72327
426369 453805 426369 453805
452600 -421610 -524904 488965
No
No
277502 74816 277502 74816
No
16111 -29405 -485690 886469
173857 -749483 -19501 84068
263732 -148159 -31161 17505
No
No
29618 -18206 -219718 135051
453750 226311 453750 226311
99195 -6694 -390378 26341
11419 8266 11419 8266
248395 -284030 -615217 703477
314702 -127552 -95418 38675
71414 192623 71414 192623
364509 -305445 -510815 428042
8865 -14911 -411948 692865
49910 10859 49910 10859
14744 10447 14744 10447
534944 -244295 -53489 24428
36198 187698 36198 187698
178323 337425 178323 337425
No
20376 34622 20376 34622
483283 328011 483283 328011
53512 -307605 -42400 243744
780419 -541233 -162788 112897
198631 58446 198631 58446
2109 787 2109 787
678217 526984 678217 526984
739378 -735746 -156629 155859
65149 49264 65149 49264
350486 186667 350486 186667
5557 -13094 -336765 793575
137170 -233888 -85669 146076
484070 689413 484070 689413
No
No
29350 38357 29350 38357
No
No
81846 92706 81846 92706
199290 275529 199290 275529
784951 337217 784951 337217
401347 61849 401347 61849
No
2687 176600 2687 176600
197461 389278 197461 389278
67596 -204731 -47182 142908
No
No
288280 14030 288280 14030
1340 11827 1340 11827
39382 6325 39382 6325
438295 419984 438295 419984
15347 -218187 -4908 69804
40832 -44347 -145553 158089
No
105919 -75355 -555062 394890
253964 -100902 -158908 63137
602343 -183182 -88570 26935
383458 -376707 -543037 533477
231005 -344173 -340917 507930
48558 -96741 -160832 320416
464542 -864181 -55707 103629
154947 -133438 -624294 537628
119116 -61350 -118691 61132
423024 -265107 -374473 234679
No
707267 232312 707267 232312
365125 136689 365125 136689
835466 -111738 -163627 21883
809111 706170 809111 706170
616511 -204779 -258 87
19922 -11806 -6591 3863
No
162741 635743 162741 635743
179050 -427822 -106459 254368
No
No
No
No
164931 -420454 -162112 413268
84519 246057 84519 246057
127733 -297618 -79766 185857
57275 288859 57275 288859
No
No
No
572113 31696 572113 31696
60946 -314064 -24671 127135
75352 173623 75352 173623
57441 500322 57441 500322
82949 -87163 -608977 639922
22877 36700 22877 36700
438517 -84460 -140527 27067
38950 32038 38950 32038
No
404600 -335323 -428405 355050
481456 903755 481456 903755
34101 -37901 -763262 848323
183092 41801 183092 41801
No
No
3472 436 3472 436
435219 -104232 -309524 74128
14891 358591 14891 358591
25570 -87346 -235637 804906
133026 -203192 -422704 645665
49117 223933 49117 223933
434112 68624 434112 68624
238417 179883 238417 179883
261284 134766 261284 134766
779843 -679044 -10722 9337
185197 69150 185197 69150
16602 -90288 -63414 344831
No
64324 69869 64324 69869
397503 486630 397503 486630
78040 774038 78040 774038
71374 56406 71374 56406
416211 -330455 -393778 312642
No
133945 -12657 -655873 61980
137766 37180 137766 37180
437276 123172 437276 123172
No
12419 50568 12419 50568
398299 -347283 -498830 434938
219626 -191289 -141835 123538
22322 -931971 -596 24844
434535 166418 434535 166418
18670 -404876 -18188 394397
19027 -496 -776096 20199
No
5595 -15843 -93155 263930
23335 69800 23335 69800
No
61440 -82859 -86971 117280
393497 216749 393497 216749
51919 -115345 -34966 77686
No
63926 67243 63926 67243
No
No
150679 -293296 -148418 288898
103694 28445 103694 28445
No
87150 -81341 -407283 380144
377638 -505250 -107763 144178
91865 -15857 -831656 143553
584058 -361387 -240335 148708
9014 104332 9014 104332
No
No
No
144893 468180 144893 468180
390810 370038 390810 370038
79865 -166697 -267414 558167
29815 -3764 -59962 7585
No
140411 245246 140411 245246
No
No
328409 190412 328409 190412
79792 -42256 -101411 53703
22987 53760 22987 53760
93133 63514 93133 63514
No
17332 -67040 -75225 290922
36119 -189473 -96893 508308
67447 -512077 -16071 122020
603910 243142 603910 243142
98785 -135217 -13469 18438
147817 768059 147817 768059
No
78006 63509 78006 63509
136295 -205981 -24241 36630
116002 29700 116002 29700
292043 379869 292043 379869
103754 280890 103754 280890
179260 93189 179260 93189
No
25926 683623 25926 683623
153158 125995 153158 125995
49577 27080 49577 27080
389272 132112 389272 132112
49419 79976 49419 79976
225034 -134313 -240182 143354
No
No
No
13676 -12738 -206024 191913
242357 -76179 -586484 184348
73690 -217325 -11895 35082
No
648160 -833117 -4767 6127
No
67509 -124819 -195718 361855
277311 8065 277311 8065
No
81592 36048 81592 36048
127257 -467657 -130058 477950
No
144365 146445 144365 146445
No
84761 -3697 -6149 264
275314 -368911 -329619 441677
58416 -483116 -55237 456827
57220 -129896 -7481 16982
531575 205608 531575 205608
944 -866 -267279 246101
587700 -608728 -58605 60703
74701 -803254 -4202 45177
394490 248776 394490 248776
No
No
No
No
792886 -337080 -155106 65941
145032 86819 145032 86819
73520 382643 73520 382643
688666 72125 688666 72125
No
No
150420 112854 150420 112854
106330 82488 106330 82488
564304 -399384 -394624 279295
No
36248 41760 36248 41760
115162 -348809 -206745 626200
174458 -45542 -360515 94116
152969 -246668 -357390 576301
151065 19071 151065 19071
465918 470552 465918 470552
30640 69427 30640 69427
34420 200570 34420 200570
No
No
5360 18275 5360 18275
43549 -70181 -234450 377830
70145 -521844 -47935 356599
4357 -728805 -840 140477
No
48034 -22228 -7535 3489
No
74568 116760 74568 116760
No
264954 142931 264954 142931
86778 98708 86778 98708
85172 94738 85172 94738
179855 -41335 -243585 55978
No
109228 160960 109228 160960
208080 -224937 -411827 445186
No
No
73492 279553 73492 279553
44436 -28800 -238995 154885
23905 -79134 -180410 597184
No
No
688322 -97507 -297245 42108
834561 242550 834561 242550
1367 65128 1367 65128
7247 28495 7247 28495
No
127042 -383606 -24115 72814
244065 174077 244065 174077
No
101861 -154887 -486954 740452
60592 396653 60592 396653
68155 514534 68155 514534
865298 725243 865298 725243
83721 309846 83721 309846
55680 -46778 -904934 760273
472048 -338741 -221043 158622
350108 -431851 -212293 261858
123392 -77869 -89217 56304
310755 237719 310755 237719
338974 381684 338974 381684
258333 -235947 -521514 476323
No
371188 -337761 -225314 205024
7115 3233 7115 3233
No
70733 272463 70733 272463
83453 -58381 -863205 603862
74355 62876 74355 62876
35011 -101110 -239440 691463
57414 66325 57414 66325
No
26930 5999 26930 5999
650359 415922 650359 415922
No
200329 62843 200329 62843
13878 4655 13878 4655
784801 128702 784801 128702
No
No
No
No
66247 76030 66247 76030
356958 36221 356958 36221
No
793208 -267504 -81108 27353
11488 18831 11488 18831
No
No
204382 121833 204382 121833
227862 -299349 -510674 670886
No
326641 -497680 -173230 263938
113624 -76352 -304583 204675
676532 -697841 -261524 269760
94195 111597 94195 111597
No
No
2990 -60462 -4389 88556
25564 -24941 -34404 33566
60564 65454 60564 65454
No
No
398821 188186 398821 188186
350462 7979 350462 7979
36033 -265130 -13598 100051
22420 -49489 -73410 162060
580003 283918 580003 283918
326350 -495898 -177217 269285
No
No
No
833843 821526 833843 821526
No
No
No
103347 -155740 -489794 738110
89853 -87848 -181388 177344
552062 -543333 -397909 391618
205268 -382853 -213138 397534
273562 -154122 -96598 54419
66746 -55853 -227163 190088
307477 473588 307477 473588
No
376299 328030 376299 328030
592620 479937 592620 479937
99636 270146 99636 270146
106016 42967 106016 42967
No
492840 -457465 -145292 134864
9638 -206751 -28342 608066
721721 -744330 -159218 164206
No
1999 640 1999 640
74331 -545960 -53124 390183
125316 376488 125316 376488
No
227178 56207 227178 56207
171467 -18642 -814971 88605
No
405984 245585 405984 245585
No
86219 91313 86219 91313
264363 -322663 -341048 416259
No
163589 -185755 -450597 511654
7712 354337 7712 354337
