78
2 1
5 1
5 2
10 1
10 2
10 5
20 1
20 2
20 5
20 10
50 1
50 2
50 5
50 10
50 20
100 1
100 2
100 5
100 10
100 20
100 50
200 1
200 2
200 5
200 10
200 20
200 50
200 100
500 1
500 2
500 5
500 10
500 20
500 50
500 100
500 200
1000 1
1000 2
1000 5
1000 10
1000 20
1000 50
1000 100
1000 200
1000 500
2000 1
2000 2
2000 5
2000 10
2000 20
2000 50
2000 100
2000 200
2000 500
2000 1000
5000 1
5000 2
5000 5
5000 10
5000 20
5000 50
5000 100
5000 200
5000 500
5000 1000
5000 2000
10000 1
10000 2
10000 5
10000 10
10000 20
10000 50
10000 100
10000 200
10000 500
10000 1000
10000 2000
10000 5000
