194721
27654231
192385
187911
97187381
47167
69604111
186896
3067
100383
51441
61767110
3972
78657420
87926530
81248
22257498
71875
89522290
98504576
137439
159709
186365
163758
43259864
3610614
113838
17854040
90625214
43782
15304961
87603
27048392
53204960
70584292
163297
139438
174622
92266443
10227
88197811
69685
1890996
67943
53716023
180051
123602
173881
59762
145793
2376250
939
168524
70657315
22270049
46150
55415
97338233
72128
19461115
1143268
58791698
95227
53950093
102787
63977307
24336
13152
107052
64321377
56773
37232009
99913
96589620
42814
111636
34912
134476
189970
69554
64958805
9906836
76194269
42520975
110221
37332
72210488
86024907
28671246
89920
37275146
192455
65884919
138190
182750
89883
117315
133435
16007408
76445
