1000
587 172 7689691
566 101 7689691
677 200 5083607
692 535 5083607
199 238 7689691
360 595 5083607
241 854 5083607
412 718 7689691
18 526 5083607
341 476 7689691
301 845 7689691
176 495 7689691
341 902 5083607
587 253 7689691
789 924 5083607
687 537 5083607
881 146 5083607
528 833 7689691
501 925 7689691
554 173 7689691
655 7 7689691
558 645 5083607
440 359 7689691
497 123 7689691
486 446 5083607
35 299 7689691
127 491 5083607
489 110 5083607
911 431 7689691
636 547 5083607
852 753 7689691
411 639 5083607
862 63 5083607
945 914 7689691
685 13 7689691
537 325 5083607
52 256 7689691
594 945 7689691
316 171 7689691
567 853 5083607
43 978 7689691
213 597 7689691
40 789 7689691
701 296 7689691
493 155 5083607
248 308 7689691
214 586 7689691
547 322 5083607
406 560 7689691
91 243 7689691
724 48 5083607
718 436 5083607
882 652 7689691
809 486 7689691
417 311 5083607
545 154 5083607
530 140 7689691
993 248 5083607
855 919 7689691
889 679 5083607
509 108 5083607
51 129 7689691
831 811 5083607
208 866 7689691
563 423 5083607
850 292 5083607
24 393 5083607
374 195 7689691
661 893 7689691
391 116 5083607
880 678 7689691
850 389 5083607
365 158 5083607
230 788 7689691
107 64 5083607
628 478 7689691
248 8 5083607
579 761 5083607
761 14 5083607
264 258 7689691
949 552 5083607
227 704 5083607
586 365 5083607
905 593 7689691
425 263 5083607
769 658 5083607
441 419 5083607
951 825 7689691
85 792 5083607
741 934 5083607
342 531 7689691
167 596 5083607
793 325 5083607
229 864 7689691
108 595 7689691
654 573 5083607
217 199 7689691
971 869 7689691
711 206 5083607
462 357 5083607
838 18 7689691
355 786 7689691
837 766 5083607
4 582 5083607
264 147 7689691
526 338 5083607
798 367 5083607
185 25 7689691
902 968 7689691
78 399 7689691
463 170 7689691
24 665 7689691
922 91 7689691
490 21 7689691
801 403 7689691
789 488 7689691
625 322 7689691
850 210 7689691
182 759 7689691
561 676 5083607
968 901 5083607
638 635 7689691
775 398 5083607
960 52 7689691
60 507 5083607
270 182 7689691
987 119 7689691
872 720 5083607
347 322 7689691
615 778 7689691
183 477 5083607
140 264 5083607
278 146 7689691
653 163 7689691
366 188 7689691
541 923 7689691
533 428 7689691
887 254 7689691
773 232 7689691
111 93 5083607
435 887 7689691
341 220 5083607
913 120 7689691
662 958 5083607
542 450 7689691
481 385 7689691
263 327 5083607
862 752 5083607
600 373 7689691
8 896 7689691
593 717 7689691
890 17 5083607
338 366 7689691
493 654 5083607
960 492 5083607
658 823 5083607
703 260 7689691
524 945 5083607
939 609 5083607
359 400 7689691
708 759 5083607
826 629 7689691
57 860 5083607
872 97 5083607
782 14 5083607
448 142 7689691
529 444 7689691
500 126 7689691
141 695 7689691
763 769 7689691
872 684 5083607
814 1 5083607
521 531 7689691
730 576 7689691
592 734 5083607
311 198 5083607
82 806 7689691
771 537 5083607
868 711 5083607
125 234 7689691
534 279 5083607
166 776 7689691
351 389 7689691
260 512 5083607
673 924 5083607
858 486 5083607
194 294 5083607
600 787 5083607
253 818 7689691
523 104 5083607
60 585 5083607
237 18 5083607
96 384 5083607
31 72 7689691
810 485 7689691
80 772 5083607
842 338 7689691
902 848 5083607
486 91 7689691
509 517 5083607
350 34 7689691
976 536 7689691
320 828 5083607
328 148 7689691
59 141 7689691
589 694 7689691
229 523 5083607
538 308 5083607
339 619 5083607
34 747 5083607
643 965 5083607
260 22 5083607
309 125 5083607
900 23 7689691
333 27 7689691
556 109 5083607
937 114 5083607
520 85 7689691
118 151 7689691
862 73 7689691
389 441 5083607
633 542 7689691
446 89 7689691
260 755 5083607
333 624 7689691
478 277 5083607
486 453 7689691
600 493 5083607
184 628 5083607
605 376 7689691
558 220 7689691
47 558 7689691
853 196 7689691
226 69 7689691
298 215 5083607
116 824 7689691
715 201 7689691
368 175 5083607
652 577 5083607
652 501 7689691
303 796 7689691
400 585 5083607
205 779 5083607
556 148 7689691
710 227 5083607
624 662 5083607
692 550 7689691
898 313 7689691
241 645 5083607
997 315 7689691
406 527 7689691
170 36 5083607
53 328 7689691
472 350 7689691
835 256 7689691
309 472 7689691
62 335 7689691
648 370 5083607
888 675 5083607
372 252 5083607
456 266 5083607
65 168 7689691
778 118 7689691
765 59 7689691
296 321 7689691
6 547 7689691
896 817 5083607
256 848 7689691
494 483 5083607
280 45 5083607
162 537 7689691
522 207 7689691
100 904 5083607
339 218 7689691
647 102 5083607
302 93 7689691
949 604 5083607
467 147 7689691
5 581 7689691
403 899 5083607
251 205 5083607
428 15 7689691
822 509 7689691
135 512 5083607
511 390 7689691
140 62 5083607
594 507 7689691
390 807 7689691
558 603 7689691
491 577 7689691
391 223 5083607
406 340 5083607
665 874 5083607
270 662 7689691
810 373 5083607
277 814 5083607
179 939 7689691
558 524 7689691
60 16 5083607
502 397 5083607
456 778 7689691
23 615 7689691
723 449 7689691
595 500 5083607
618 441 7689691
501 845 5083607
239 290 5083607
16 9 7689691
207 714 5083607
458 318 7689691
728 219 5083607
27 232 7689691
408 118 5083607
850 230 7689691
673 856 7689691
214 536 5083607
42 684 5083607
509 955 5083607
542 156 7689691
325 684 7689691
738 545 5083607
879 940 7689691
982 473 5083607
810 821 7689691
569 991 5083607
536 172 7689691
195 995 5083607
770 445 5083607
159 98 7689691
963 149 7689691
586 622 5083607
551 27 7689691
335 509 7689691
717 486 7689691
266 407 7689691
83 695 7689691
765 710 5083607
317 188 5083607
4 831 7689691
857 731 5083607
598 118 5083607
709 128 5083607
9 232 7689691
354 461 7689691
820 353 7689691
961 322 5083607
413 205 7689691
249 201 5083607
69 674 5083607
718 233 7689691
636 536 5083607
66 583 5083607
121 216 7689691
954 885 5083607
333 445 7689691
727 587 5083607
900 260 7689691
231 908 5083607
515 769 5083607
780 724 5083607
195 302 7689691
903 290 7689691
748 5 5083607
183 402 5083607
704 646 7689691
18 327 5083607
40 596 7689691
551 825 7689691
448 625 5083607
657 36 7689691
548 209 5083607
221 337 5083607
275 59 7689691
209 338 5083607
635 880 7689691
65 371 5083607
253 400 7689691
352 252 5083607
753 785 5083607
751 347 7689691
709 53 7689691
324 55 7689691
494 488 7689691
340 789 7689691
832 948 5083607
321 414 5083607
89 399 5083607
987 751 7689691
505 219 5083607
987 42 5083607
845 602 5083607
969 99 5083607
485 207 5083607
286 378 7689691
404 290 5083607
303 330 7689691
931 378 5083607
162 642 7689691
62 381 5083607
128 560 7689691
620 379 7689691
853 216 5083607
472 957 5083607
294 89 5083607
500 741 5083607
616 423 7689691
821 307 7689691
922 132 5083607
371 764 5083607
874 614 5083607
672 372 7689691
593 592 7689691
724 160 5083607
362 399 5083607
456 744 7689691
776 201 7689691
618 47 7689691
484 827 5083607
483 544 5083607
413 878 5083607
570 862 7689691
541 961 7689691
542 494 7689691
466 708 5083607
925 666 5083607
537 892 5083607
669 208 5083607
240 155 7689691
148 506 7689691
469 514 5083607
811 185 5083607
525 792 7689691
531 653 7689691
954 384 7689691
937 639 5083607
842 558 7689691
674 617 7689691
780 42 7689691
531 812 5083607
181 171 5083607
165 198 5083607
692 453 5083607
270 916 7689691
643 314 5083607
124 394 7689691
286 931 7689691
840 488 7689691
971 560 7689691
699 659 5083607
832 159 7689691
545 541 7689691
766 968 7689691
410 326 5083607
380 506 7689691
563 275 5083607
967 794 5083607
740 108 5083607
322 934 5083607
965 400 7689691
252 427 7689691
711 484 7689691
999 203 7689691
376 581 5083607
132 353 7689691
954 1 7689691
942 996 5083607
726 192 5083607
16 491 7689691
797 293 7689691
244 743 5083607
684 355 7689691
871 34 7689691
463 954 7689691
94 30 7689691
137 280 7689691
234 496 5083607
142 440 5083607
861 346 7689691
191 550 7689691
16 875 5083607
599 771 5083607
743 445 7689691
818 730 5083607
697 632 7689691
241 61 5083607
301 466 5083607
122 495 7689691
480 496 5083607
619 641 5083607
857 372 7689691
967 4 5083607
97 162 7689691
88 18 7689691
984 971 7689691
552 709 7689691
764 250 7689691
309 275 5083607
578 378 7689691
188 143 7689691
372 596 7689691
942 137 7689691
897 206 7689691
985 524 5083607
9 65 5083607
273 892 5083607
359 509 5083607
497 530 5083607
653 588 5083607
431 786 7689691
611 661 5083607
971 738 7689691
255 639 5083607
640 327 7689691
691 134 5083607
723 329 7689691
680 597 7689691
483 709 7689691
184 62 5083607
572 339 7689691
1000 369 5083607
365 68 7689691
248 917 7689691
574 391 7689691
608 791 7689691
258 473 5083607
884 912 5083607
761 326 7689691
364 464 7689691
364 427 5083607
547 688 5083607
159 637 7689691
321 684 7689691
376 486 7689691
466 339 5083607
407 18 7689691
774 332 7689691
195 792 5083607
834 244 5083607
528 952 7689691
55 631 5083607
156 909 5083607
624 808 5083607
928 744 7689691
702 866 5083607
997 243 5083607
779 438 7689691
835 454 5083607
624 59 5083607
417 479 7689691
178 736 5083607
203 925 5083607
300 649 7689691
48 811 7689691
667 886 7689691
879 155 7689691
814 218 5083607
491 651 5083607
484 136 5083607
391 576 7689691
983 276 7689691
60 383 7689691
603 805 7689691
299 286 5083607
610 791 5083607
744 484 7689691
773 83 5083607
221 711 7689691
908 471 7689691
616 938 5083607
355 288 7689691
647 439 7689691
960 763 7689691
926 772 5083607
884 656 7689691
96 113 7689691
789 316 5083607
660 949 7689691
302 874 7689691
412 56 7689691
903 708 5083607
199 158 5083607
622 814 7689691
916 242 7689691
768 179 7689691
712 188 7689691
755 78 7689691
107 88 7689691
500 413 5083607
427 931 5083607
590 428 7689691
745 373 7689691
976 447 7689691
940 242 5083607
245 947 7689691
888 545 7689691
925 150 7689691
248 335 7689691
672 196 5083607
375 331 7689691
408 829 7689691
766 711 7689691
7 569 5083607
495 186 7689691
663 447 5083607
493 430 7689691
797 704 7689691
199 286 5083607
670 144 5083607
779 393 7689691
945 821 5083607
787 596 5083607
890 390 5083607
963 114 5083607
300 171 5083607
250 962 7689691
839 256 7689691
137 328 7689691
849 975 5083607
249 245 5083607
26 713 5083607
986 872 7689691
815 785 5083607
904 760 7689691
264 999 7689691
611 38 5083607
400 97 7689691
210 490 5083607
987 719 7689691
792 931 7689691
290 903 5083607
216 353 5083607
621 271 5083607
823 893 7689691
536 843 5083607
760 653 5083607
423 725 7689691
423 514 5083607
230 529 5083607
357 125 7689691
631 731 7689691
39 621 5083607
264 568 5083607
803 415 7689691
922 850 7689691
340 895 5083607
963 582 5083607
538 794 7689691
322 437 5083607
710 416 7689691
912 567 7689691
27 753 5083607
865 70 7689691
323 753 5083607
968 739 5083607
340 17 7689691
727 317 7689691
145 540 5083607
425 391 5083607
854 287 5083607
116 487 5083607
661 355 7689691
855 796 7689691
147 199 5083607
561 702 7689691
346 372 7689691
520 781 7689691
171 565 7689691
381 918 7689691
16 74 5083607
849 295 5083607
512 819 7689691
448 194 5083607
666 275 7689691
814 393 7689691
7 329 5083607
700 591 5083607
236 397 5083607
529 335 5083607
978 294 5083607
756 291 7689691
708 118 7689691
610 695 5083607
860 402 5083607
478 90 7689691
294 826 7689691
288 38 7689691
426 594 7689691
569 942 5083607
812 249 5083607
17 926 7689691
754 79 7689691
795 853 7689691
708 558 7689691
908 261 7689691
907 602 7689691
321 693 7689691
114 725 7689691
737 499 7689691
992 660 5083607
118 563 7689691
221 199 7689691
735 91 5083607
767 775 7689691
897 981 7689691
505 218 5083607
111 866 5083607
376 869 7689691
701 682 5083607
486 871 5083607
139 748 7689691
565 769 7689691
856 199 7689691
720 878 5083607
140 383 7689691
777 180 7689691
642 898 5083607
172 118 5083607
208 36 5083607
945 180 5083607
207 15 7689691
608 162 7689691
345 129 5083607
514 421 7689691
885 27 5083607
869 589 7689691
612 78 5083607
906 495 7689691
14 154 7689691
546 718 5083607
161 618 5083607
347 988 5083607
197 700 7689691
951 315 7689691
110 898 5083607
743 71 5083607
792 444 7689691
794 446 7689691
959 660 5083607
171 762 7689691
920 531 7689691
80 518 7689691
51 241 7689691
53 537 5083607
946 954 7689691
418 38 7689691
33 583 5083607
621 660 5083607
811 634 7689691
486 378 7689691
635 951 5083607
257 315 5083607
56 230 7689691
163 361 5083607
207 673 7689691
727 912 5083607
526 324 7689691
61 876 7689691
369 171 5083607
921 568 7689691
989 426 7689691
448 211 7689691
367 724 7689691
179 14 5083607
243 231 5083607
565 254 5083607
146 119 7689691
553 426 7689691
664 567 7689691
54 492 5083607
813 576 7689691
638 869 7689691
330 537 7689691
623 103 7689691
475 408 5083607
300 587 5083607
477 720 5083607
538 548 7689691
555 930 7689691
972 631 7689691
543 67 7689691
289 822 5083607
66 536 7689691
346 232 7689691
433 652 7689691
967 98 5083607
940 864 7689691
575 511 5083607
258 881 5083607
751 357 5083607
532 932 7689691
34 730 7689691
345 969 7689691
33 105 7689691
422 336 7689691
141 231 7689691
509 64 5083607
852 144 7689691
125 882 7689691
847 274 7689691
248 794 7689691
177 235 7689691
261 773 5083607
999 1000 7689691
774 86 5083607
493 406 5083607
619 606 5083607
788 486 5083607
465 845 5083607
288 25 5083607
361 666 5083607
281 460 7689691
344 521 7689691
159 508 7689691
453 651 7689691
287 709 7689691
684 428 5083607
708 864 7689691
76 744 5083607
847 807 7689691
982 975 5083607
287 662 7689691
24 241 7689691
234 376 5083607
636 325 5083607
602 268 5083607
182 401 5083607
288 607 7689691
732 527 5083607
643 229 5083607
677 38 7689691
444 941 5083607
561 629 5083607
187 561 7689691
6 372 7689691
61 615 5083607
997 198 5083607
275 745 7689691
267 198 5083607
609 381 5083607
356 454 7689691
301 575 5083607
166 569 7689691
117 720 5083607
571 874 5083607
621 673 5083607
599 618 7689691
599 156 7689691
132 946 7689691
454 748 5083607
954 457 7689691
250 681 5083607
532 32 5083607
691 445 5083607
110 165 7689691
230 784 7689691
38 602 5083607
917 2 7689691
345 154 5083607
364 246 5083607
151 969 5083607
207 322 5083607
19 659 7689691
213 199 5083607
238 206 7689691
639 282 5083607
821 647 5083607
499 418 5083607
421 355 7689691
671 618 7689691
836 525 5083607
196 304 7689691
584 376 5083607
406 216 7689691
232 178 5083607
128 460 7689691
145 528 7689691
524 403 7689691
152 618 5083607
129 802 5083607
872 249 7689691
558 575 7689691
925 319 7689691
174 386 7689691
532 699 7689691
793 58 5083607
182 707 7689691
288 957 5083607
54 112 7689691
463 72 5083607
144 883 7689691
221 526 5083607
509 53 5083607
788 328 5083607
787 264 7689691
24 400 7689691
894 978 5083607
80 223 5083607
663 906 7689691
877 75 5083607
990 114 7689691
788 559 7689691
682 970 5083607
57 500 7689691
793 18 7689691
132 427 5083607
371 834 5083607
911 970 7689691
914 911 5083607
217 335 7689691
742 562 5083607
919 346 7689691
359 7 5083607
558 257 7689691
590 599 7689691
523 271 7689691
307 453 7689691
568 903 5083607
997 650 7689691
830 880 7689691
641 794 7689691
903 84 5083607
62 93 7689691
469 264 7689691
934 944 7689691
723 675 7689691
752 984 7689691
459 269 5083607
409 899 5083607
81 27 7689691
63 431 7689691
259 770 7689691
566 314 5083607
764 39 7689691
331 435 5083607
743 390 7689691
375 750 5083607
18 711 5083607
943 172 5083607
528 614 7689691
711 277 7689691
967 12 5083607
852 46 5083607
338 162 7689691
20 543 5083607
584 524 7689691
288 614 5083607
604 687 7689691
969 361 7689691
148 926 7689691
212 52 7689691
232 342 5083607
608 917 5083607
70 156 5083607
786 89 5083607
992 629 7689691
980 790 5083607
509 434 5083607
602 7 7689691
472 9 7689691
561 290 7689691
805 960 7689691
314 536 5083607
286 907 5083607
313 744 7689691
944 897 5083607
606 928 7689691
413 809 7689691
791 677 5083607
840 683 7689691
748 523 5083607
761 228 7689691
228 922 7689691
448 453 5083607
935 867 5083607
909 842 7689691
134 308 5083607
177 372 7689691
757 982 7689691
173 725 7689691
684 880 7689691
629 170 5083607
896 141 5083607
112 133 5083607
828 243 5083607
148 298 7689691
996 874 7689691
606 15 5083607
276 198 7689691
651 954 7689691
606 239 5083607
295 105 7689691
217 714 5083607
931 175 7689691
674 689 5083607
720 342 5083607
204 537 5083607
872 254 5083607
314 608 7689691
490 105 5083607
251 381 5083607
