693997
4883995
2798630
4627609
1385702
523586
4465096
4634714
3758722
5676460
329257
1174862
3382900
238464
7444368
1801557
268069
1312178
1892681
284933
857389
7291478
2396061
1179431
1646616
4341499
3687278
5072366
4252114
3586050
6915652
4033452
5422300
6225798
7430835
1470407
813946
352368
4371617
4222749
2794950
2745674
818341
2433672
4235424
2541269
1063789
6128606
2740067
4973710
1568935
197090
2677009
6543692
5611767
5537873
3673908
4858029
148214
5046868
5560973
4199319
1898685
2604401
4680629
4842591
198275
47853
395265
5875627
191734
1171224
301552
555323
2854970
2233961
2933520
3939134
4429169
161207
3220675
3805224
1037927
3183135
4305572
491903
3711586
3807523
4334152
2437361
4861807
2176012
2347490
2512074
5756061
282227
2874374
3311065
3632835
3366422
2373037
771774
1516966
1806988
221524
5725052
3698201
6335665
3884235
1733001
1609191
2816533
4718172
1105456
3785649
5381680
881368
4507437
719918
6190583
2308366
1621591
7628452
3007519
1713362
3489501
1574508
2930470
4233662
5009999
1986677
3250994
1085661
1759278
2037444
2807619
6998024
2630605
1530956
2473086
4055609
4359358
4798181
5035947
4502253
7183103
138588
1458555
5151361
2054684
2183458
58144
3146917
2973783
3789471
4895791
4229415
2317606
1014313
1615234
153822
807048
238
359976
1746909
4734721
5293686
3470565
1274630
3093198
4092191
403363
7583788
2249567
6589361
3974891
3549412
2372608
2514572
1769872
5014808
3787187
309583
4598085
222576
7488550
1737685
6856538
720985
1503335
2292328
2941673
351946
564901
3047591
3436143
3575071
4748444
6837006
3036518
1010266
3877022
2446898
3064076
3889661
766730
4175392
5371391
68635
4480072
4122859
4675701
3983670
608204
5748564
5518721
482098
4182753
2951214
4316344
3875458
1491082
1948856
2514172
1420117
4029425
3591818
5853313
730362
3627909
3309378
4273570
2597993
2072544
937997
529194
4904946
633655
3292066
478765
2483047
4183135
922639
1669592
2719685
80527
395161
7680668
3624585
1662078
1751745
1307877
1350962
3950175
4601156
5978419
3200451
4380287
4544457
746773
2300902
4313444
4705883
4749650
7484265
6357816
7351048
3568536
1094158
4185823
2772748
1871628
2487995
5067381
3291527
1913125
4832405
3633506
2579081
4278350
3741713
1690035
5730388
6114852
148988
4969723
5447912
5154436
139672
1643488
926050
342522
3661379
915665
7293228
2651000
1260676
2440866
4429225
7499760
537541
4957580
2857770
874546
1439519
1050477
1854271
1642759
1343637
6714250
6426585
1879737
2850394
3592780
4612038
3827046
6313155
1829868
7532526
1109377
1698244
3362
2451706
670830
1994388
6441936
6749692
6433985
5994022
2935763
7478167
5369282
1412422
4356845
4471944
3423062
4381066
257853
2437099
440656
3895378
5864408
4289705
1374931
183886
1223586
635865
287184
1108030
3340509
2339315
2381149
1511449
4685644
110586
1963210
7350105
2957599
6854381
2618223
1292829
1114294
2398284
3609704
3169505
2251456
4665976
2735239
1886865
1829272
1331274
4910122
1906257
2568683
2632467
6408757
778344
4890520
2005324
2387042
690148
791217
1968083
4143775
2317118
4733877
2399459
4367303
1555290
2475768
2162740
3134201
3255275
2419992
1459815
2158769
3510415
2482487
5909020
3306085
4350306
3493323
1884851
4094792
4565807
2149764
1840451
3225512
4723388
4571663
4916703
3278082
3345388
810184
1984357
4979294
2084888
6859794
4489464
510744
3087454
3956210
2002757
1247522
3906839
1061672
1756360
2227907
4849360
4390627
945919
4357588
4681191
4860270
2298942
1502173
2950835
126001
1572287
1147566
1239039
3649115
3094048
6369289
1052596
7481889
5353552
645078
6294361
1923588
2264965
5962783
3072231
3397296
2786028
7227476
23352
5727090
4192577
176453
1127055
1725430
3433276
757392
3717258
1705128
5163694
6637575
2779417
5154833
933450
4879948
1071931
657959
3753073
4894683
5691022
3173317
2730658
3077096
1537443
6016573
474307
3371774
1666380
4640854
3799670
813791
3896277
4650813
614293
5490193
237430
4691506
1605479
3325283
849177
3786127
852161
2726525
2352028
371214
139247
570641
992763
1616947
14706
6428808
3442458
2217150
4911200
6032625
5023774
3189838
795217
2479793
4917670
4569119
970733
2483814
3298063
4356617
2288460
3134767
2381245
1859699
3435818
3796174
912490
4492838
4422763
211768
6973924
4250282
2863512
6670633
1584842
913488
414333
3277072
891954
7488085
5663324
1586889
2452780
2377922
3027540
4877427
3609650
4224941
6525969
2618017
3780639
3604390
4426895
3815439
7114746
561904
282106
1848670
4212347
3969462
2317769
2904117
4577778
2729470
5854272
4857730
2150474
3140085
6503110
4815203
3679019
2225758
2840005
3439879
770719
5914127
5510282
3248778
1889664
4583856
828325
3591801
7675
7466197
247473
1021293
3499070
57155
213587
358911
1748810
2331509
3420106
1762234
4973869
3906363
2206486
2840761
2772441
1632280
39448
2442742
4716155
7679815
1986873
1281901
4871113
4740691
2651487
599597
2073230
2266320
2369856
3702532
7619389
1112317
2141096
5750720
4769575
5131504
1861636
4340800
2375904
2390846
4697836
5851182
5661563
2840998
3740537
6382764
3488854
1553264
7318481
3770977
4571151
360359
2068654
5569418
2363061
6778088
4062803
7514710
1416454
5645384
3627365
338701
3598604
4968240
6206265
1
3037757
2867699
4750640
556080
4833556
531743
4936068
80915
3825175
2689011
1506092
4528888
3384676
1436579
3410990
1366796
5580416
896434
1593144
545141
1538221
3652088
7079251
568202
6352921
2359961
5525033
7406846
3800513
4823519
3939193
6104671
1354318
6823186
444153
5747751
7434376
3871511
3830478
3790390
4499527
4504102
1015750
3568178
895160
4230672
175073
3082136
4290591
2285326
4430534
3267964
7434534
5069049
771097
697323
1770372
2328739
1573004
4155352
1424668
7607799
1761027
3559390
2189285
256136
2076279
587525
972765
2331572
449959
1924778
7039927
508050
575668
2375318
2332266
108228
2987597
1149059
6104210
1471507
466158
3787344
2155946
807342
3888668
5108441
538502
6692484
1994172
2387305
3695003
184420
1122024
20593
181100
4940749
501932
723359
861427
2054294
1931641
4868723
4725218
1757129
3923536
6023832
849433
1714200
546760
2284787
2200181
1829736
4931412
1828050
2915005
7336156
7079351
5226097
5202339
6891102
2271143
4187195
6824095
1388524
2945058
7272389
6068058
492728
4157329
4260242
4770749
1795901
1804059
234504
4158154
4587322
4272806
2716686
611906
4815875
5616473
2560506
2751191
102925
4625497
7020097
289366
2256804
3324931
1409642
970477
3764219
661530
288619
1262118
4685861
506182
1394254
4331102
3649710
4712403
1962126
1305312
5313013
972583
6553030
1474393
1111283
6909461
826520
4643235
112511
2808546
208200
1799441
2573358
1388045
6500677
2337007
2278147
6780911
3684813
4189420
2750566
712475
5339335
94143
1537190
5576861
3013143
1756012
4724760
6280720
2216453
5168122
7200131
2763508
4573151
2697168
546193
5507111
2643367
3283520
91871
7467123
544812
722299
41374
1008137
496809
3584988
2353182
3419085
6072192
3072593
1637001
7178722
4882831
300707
2023224
1179930
1818237
3487782
6954605
5383497
3131791
3756576
2663380
6736873
1699349
5822908
3984457
1447696
7585926
3092071
7676391
6687683
855471
939443
2859870
2036261
4562434
2887737
2180885
585557
4612189
14550
582495
2939003
1463310
1264961
5096229
5944799
464930
4721218
1810789
3460256
775649
4430220
1912527
3329879
3303049
1413576
1117107
2892078
3490381
3824057
1091139
4908329
2017399
1931680
6019202
6263972
1228583
6186054
74829
3589906
3913759
7092354
5055310
4957835
6570565
6734735
2710847
1809900
86235
1180414
2062788
30055
1404066
3848317
2516777
2155997
233460
1143976
732607
472944
1817660
734204
2966534
4074276
234569
4330965
4417170
76782
4926406
3199776
955058
3602688
7014156
2234545
1486352
1318808
634439
539218
529455
6959382
6279750
4453893
1236755
5723002
4391481
3953910
1510876
6919837
3333626
4624623
6356740
2867662
3339803
2515430
2163645
3572920
5016835
5057689
4639675
436554
2532539
2867587
1574224
2698354
6268088
667439
2889533
3207084
483697
