1000
752 873 5083607
519 253 7689691
945 456 5083607
429 104 5083607
190 519 5083607
241 290 7689691
799 897 5083607
324 516 7689691
553 687 5083607
235 268 7689691
106 215 7689691
611 598 5083607
452 808 5083607
777 921 7689691
245 902 7689691
211 98 5083607
519 849 7689691
730 394 5083607
675 522 7689691
331 283 5083607
863 316 7689691
745 384 7689691
539 249 5083607
161 11 7689691
659 618 7689691
785 410 5083607
625 361 7689691
997 131 5083607
433 169 7689691
622 54 7689691
63 616 7689691
628 494 5083607
379 59 7689691
534 969 7689691
988 754 7689691
507 263 7689691
386 226 7689691
387 976 5083607
889 53 5083607
366 493 5083607
648 675 5083607
28 395 7689691
141 445 5083607
82 296 7689691
918 196 5083607
50 767 5083607
259 211 5083607
226 145 7689691
958 509 7689691
690 252 5083607
789 482 5083607
154 698 5083607
375 706 7689691
569 33 7689691
859 159 7689691
455 184 7689691
686 135 7689691
115 19 5083607
637 964 5083607
624 183 7689691
691 102 7689691
843 992 5083607
477 386 5083607
890 113 5083607
125 985 7689691
25 566 5083607
297 955 5083607
584 858 5083607
320 738 5083607
23 679 7689691
348 789 7689691
267 760 5083607
974 485 7689691
682 612 5083607
558 907 7689691
333 671 5083607
654 685 5083607
142 519 5083607
954 593 5083607
499 887 7689691
742 189 5083607
260 150 5083607
448 967 5083607
995 669 5083607
795 761 5083607
164 817 5083607
151 770 5083607
954 85 5083607
285 324 5083607
643 543 5083607
987 374 5083607
495 32 7689691
837 21 7689691
465 454 5083607
708 286 7689691
32 619 5083607
961 551 5083607
692 150 5083607
671 656 7689691
289 724 7689691
278 914 5083607
968 357 7689691
168 55 5083607
63 958 5083607
819 723 5083607
994 324 7689691
335 241 5083607
360 435 7689691
893 398 5083607
125 875 5083607
482 698 5083607
948 803 5083607
781 4 5083607
773 784 5083607
845 748 7689691
163 745 7689691
656 523 5083607
757 122 7689691
503 510 5083607
642 983 7689691
815 908 7689691
545 109 7689691
884 625 7689691
588 922 7689691
998 918 5083607
559 126 7689691
462 9 5083607
796 571 7689691
812 532 7689691
712 389 5083607
913 829 7689691
485 414 7689691
909 634 7689691
737 167 5083607
318 489 7689691
694 842 7689691
577 765 7689691
486 650 7689691
616 168 5083607
556 912 5083607
909 192 5083607
343 721 5083607
520 610 5083607
858 940 5083607
84 522 5083607
458 8 7689691
19 886 5083607
172 437 5083607
668 910 7689691
541 126 7689691
857 363 7689691
783 733 5083607
394 338 5083607
641 810 5083607
536 712 7689691
575 550 7689691
542 144 5083607
771 831 7689691
42 50 7689691
15 805 7689691
986 703 5083607
869 814 7689691
2 237 5083607
848 2 5083607
847 27 5083607
727 514 5083607
82 91 7689691
494 303 5083607
922 287 7689691
819 877 5083607
715 882 5083607
722 926 5083607
350 771 7689691
782 981 5083607
807 330 7689691
82 980 5083607
338 85 5083607
117 858 5083607
847 759 5083607
492 195 5083607
399 986 7689691
42 785 5083607
832 606 5083607
413 996 7689691
631 265 5083607
770 321 7689691
401 415 5083607
545 856 7689691
657 867 7689691
441 478 5083607
520 244 7689691
975 164 5083607
245 364 7689691
920 399 5083607
837 913 7689691
699 360 5083607
719 101 7689691
165 870 5083607
136 421 7689691
883 194 5083607
911 620 5083607
7 355 7689691
24 609 7689691
321 72 7689691
319 142 5083607
472 312 5083607
542 618 5083607
148 705 7689691
3 369 7689691
224 892 5083607
138 149 5083607
724 730 5083607
444 657 5083607
878 187 5083607
947 581 7689691
80 840 7689691
576 189 5083607
185 14 7689691
251 139 7689691
538 585 5083607
93 614 7689691
844 379 7689691
154 917 5083607
213 92 7689691
411 66 5083607
23 467 7689691
50 319 5083607
590 589 7689691
139 456 7689691
962 638 5083607
394 845 7689691
134 195 5083607
249 246 7689691
487 447 5083607
289 234 7689691
797 414 5083607
810 349 5083607
707 606 5083607
126 547 5083607
428 71 5083607
50 27 5083607
742 850 7689691
467 828 5083607
697 828 5083607
868 811 7689691
269 264 7689691
702 912 5083607
208 542 7689691
293 450 7689691
974 54 7689691
917 74 5083607
311 130 5083607
454 543 5083607
170 214 5083607
674 578 5083607
840 612 7689691
938 835 5083607
180 8 5083607
887 121 5083607
625 360 5083607
975 346 5083607
964 458 5083607
131 904 5083607
201 342 7689691
718 681 7689691
128 405 7689691
723 293 7689691
958 983 7689691
390 968 7689691
967 523 7689691
901 697 5083607
429 856 5083607
73 670 5083607
187 799 5083607
90 452 7689691
259 750 7689691
811 67 5083607
149 707 5083607
691 679 5083607
761 896 5083607
935 201 7689691
716 128 5083607
720 251 7689691
624 768 7689691
185 413 5083607
227 602 5083607
30 272 7689691
580 300 7689691
794 969 5083607
176 479 7689691
787 206 7689691
20 956 5083607
618 55 5083607
959 133 5083607
977 677 7689691
918 334 5083607
281 391 5083607
568 864 5083607
503 232 7689691
210 525 7689691
598 869 5083607
154 258 5083607
594 616 5083607
811 114 7689691
105 377 7689691
353 258 7689691
173 896 5083607
795 361 5083607
550 221 7689691
60 989 7689691
872 594 7689691
291 810 5083607
631 76 7689691
480 555 5083607
571 317 5083607
743 157 7689691
628 639 7689691
151 120 5083607
432 841 7689691
266 591 7689691
656 47 7689691
648 354 5083607
232 955 7689691
672 743 7689691
501 676 5083607
273 11 7689691
766 788 7689691
73 472 7689691
217 817 7689691
400 252 5083607
700 151 7689691
602 12 7689691
701 858 5083607
477 343 5083607
310 945 5083607
467 235 7689691
480 143 5083607
965 81 5083607
880 266 5083607
735 367 7689691
903 201 5083607
688 132 7689691
893 428 5083607
600 90 7689691
841 928 5083607
799 617 5083607
95 708 7689691
949 528 5083607
479 193 5083607
870 1000 5083607
142 431 7689691
366 480 5083607
822 439 7689691
338 67 5083607
984 110 7689691
936 58 5083607
386 473 7689691
209 822 7689691
953 590 7689691
14 478 5083607
383 956 7689691
26 746 7689691
867 484 5083607
891 418 5083607
216 391 7689691
389 838 5083607
869 766 7689691
334 131 5083607
81 432 5083607
777 861 7689691
986 632 5083607
835 368 5083607
438 906 7689691
986 123 5083607
71 621 5083607
248 501 7689691
964 892 5083607
575 759 5083607
820 492 7689691
635 171 5083607
963 717 7689691
891 11 5083607
350 16 5083607
9 577 7689691
411 378 5083607
310 539 5083607
741 931 7689691
971 338 7689691
943 314 7689691
963 315 5083607
581 216 7689691
815 732 5083607
589 780 7689691
517 606 5083607
761 725 7689691
55 446 7689691
858 337 5083607
888 130 5083607
122 51 7689691
925 980 7689691
705 535 7689691
58 383 5083607
35 425 5083607
563 867 7689691
663 571 5083607
885 260 5083607
487 831 5083607
245 351 7689691
519 787 5083607
816 732 7689691
836 546 5083607
847 242 7689691
303 384 5083607
196 972 7689691
90 165 5083607
915 767 5083607
525 712 7689691
761 728 7689691
475 580 5083607
687 932 5083607
256 376 7689691
592 359 5083607
431 508 5083607
253 454 7689691
623 570 7689691
343 460 7689691
880 252 7689691
549 30 7689691
808 461 5083607
675 523 7689691
38 210 7689691
311 281 7689691
541 739 7689691
827 320 5083607
386 972 5083607
797 131 5083607
810 118 5083607
102 789 5083607
107 216 5083607
294 330 5083607
980 56 5083607
941 52 7689691
208 336 5083607
871 300 7689691
674 890 5083607
77 448 7689691
143 485 7689691
1000 651 5083607
690 721 7689691
963 277 5083607
939 470 5083607
435 224 7689691
208 28 7689691
674 306 7689691
614 501 5083607
504 233 7689691
398 969 5083607
76 51 7689691
467 431 5083607
161 401 5083607
350 943 5083607
597 734 5083607
78 916 5083607
339 123 7689691
935 182 5083607
257 86 5083607
608 229 7689691
160 864 7689691
31 926 5083607
103 197 7689691
838 140 5083607
981 512 7689691
765 250 5083607
538 574 7689691
492 740 5083607
482 775 7689691
857 120 7689691
932 301 7689691
695 381 5083607
360 644 7689691
921 833 5083607
93 604 7689691
680 773 7689691
229 736 5083607
192 676 7689691
382 950 5083607
384 274 5083607
492 490 7689691
951 414 7689691
426 799 5083607
428 436 5083607
693 112 7689691
472 128 7689691
468 890 7689691
724 840 5083607
729 904 5083607
165 901 5083607
598 262 5083607
545 414 7689691
877 945 7689691
612 428 7689691
437 664 7689691
723 520 5083607
669 942 7689691
525 224 5083607
508 332 5083607
3 170 5083607
145 181 7689691
903 144 7689691
451 530 5083607
728 591 5083607
649 291 7689691
960 988 5083607
342 976 7689691
501 322 5083607
548 200 7689691
259 25 5083607
700 832 7689691
547 34 5083607
256 392 5083607
58 630 7689691
184 149 5083607
708 498 5083607
748 984 7689691
385 247 7689691
757 935 5083607
669 307 7689691
35 640 5083607
792 93 5083607
13 776 5083607
509 708 7689691
24 156 5083607
882 599 7689691
760 22 5083607
218 435 5083607
361 788 7689691
599 585 7689691
242 992 5083607
507 453 7689691
927 899 7689691
121 161 5083607
798 737 7689691
677 961 7689691
834 441 7689691
645 988 5083607
537 250 5083607
477 57 5083607
412 398 5083607
142 879 7689691
632 86 5083607
758 555 7689691
898 531 7689691
178 790 5083607
131 205 5083607
444 861 5083607
788 46 5083607
986 824 7689691
174 695 7689691
856 110 5083607
37 9 7689691
406 666 7689691
65 60 5083607
956 233 5083607
254 540 5083607
920 925 5083607
548 98 5083607
405 753 7689691
531 145 5083607
67 339 7689691
711 462 5083607
38 591 7689691
571 559 5083607
675 637 5083607
79 421 7689691
407 326 5083607
684 561 5083607
24 641 5083607
982 121 7689691
672 775 7689691
486 187 5083607
339 890 7689691
862 129 7689691
380 760 5083607
821 289 5083607
848 994 5083607
118 535 7689691
50 872 5083607
973 782 7689691
49 18 5083607
4 68 5083607
68 461 7689691
105 333 5083607
308 842 5083607
732 896 5083607
459 524 7689691
327 230 5083607
613 968 7689691
587 795 5083607
932 609 7689691
894 513 7689691
512 292 5083607
648 146 5083607
382 177 5083607
852 420 7689691
347 175 5083607
772 281 7689691
213 705 5083607
818 799 7689691
447 213 7689691
581 288 5083607
533 520 7689691
239 475 5083607
329 58 7689691
734 559 7689691
245 671 5083607
91 51 5083607
682 244 7689691
646 870 5083607
761 34 5083607
244 356 7689691
906 779 7689691
497 361 7689691
795 467 5083607
943 244 7689691
872 34 7689691
956 516 7689691
54 959 7689691
675 831 7689691
144 162 7689691
491 330 7689691
613 543 5083607
421 872 7689691
102 652 5083607
393 427 7689691
254 585 7689691
957 267 5083607
708 92 5083607
233 392 5083607
496 472 5083607
634 630 7689691
567 214 7689691
994 540 7689691
932 387 7689691
304 325 7689691
690 759 5083607
989 405 7689691
915 400 5083607
542 610 7689691
890 560 7689691
555 856 5083607
819 49 7689691
1 742 5083607
849 593 5083607
803 213 5083607
355 422 5083607
180 617 7689691
661 670 5083607
845 182 5083607
204 442 7689691
296 535 5083607
293 537 5083607
999 366 7689691
175 397 7689691
169 117 5083607
798 808 7689691
970 543 7689691
881 407 7689691
146 622 7689691
968 792 7689691
342 778 5083607
542 837 7689691
416 305 7689691
324 971 5083607
554 924 5083607
676 311 7689691
147 175 5083607
369 878 7689691
231 185 5083607
936 279 7689691
38 963 7689691
541 172 7689691
620 57 5083607
664 330 7689691
704 985 7689691
377 363 5083607
804 458 7689691
942 2 7689691
815 857 7689691
728 240 7689691
306 684 5083607
940 523 7689691
656 939 7689691
700 444 5083607
437 791 5083607
567 848 7689691
782 579 5083607
915 294 5083607
976 597 5083607
624 510 5083607
943 461 5083607
352 637 5083607
162 230 5083607
398 247 5083607
74 741 7689691
224 633 7689691
808 397 7689691
589 306 5083607
538 623 7689691
515 16 7689691
955 676 5083607
902 310 7689691
701 959 5083607
505 640 5083607
197 656 7689691
471 243 5083607
868 100 7689691
711 447 5083607
325 222 5083607
950 699 7689691
51 335 7689691
117 287 5083607
824 83 7689691
103 270 5083607
381 237 7689691
701 455 7689691
396 59 7689691
378 9 5083607
763 224 5083607
938 216 5083607
425 151 5083607
714 789 5083607
750 402 5083607
966 320 7689691
287 61 7689691
641 399 7689691
481 285 5083607
829 838 5083607
962 619 5083607
706 789 5083607
177 964 7689691
224 441 7689691
103 721 7689691
209 84 5083607
698 909 7689691
613 60 5083607
882 135 7689691
878 391 7689691
451 576 5083607
352 9 7689691
337 333 5083607
116 611 7689691
115 266 5083607
632 270 5083607
951 185 5083607
680 627 5083607
543 576 5083607
306 288 5083607
459 653 5083607
928 334 5083607
484 689 7689691
125 92 5083607
19 499 5083607
486 77 5083607
50 218 5083607
544 349 7689691
158 305 7689691
589 702 5083607
394 58 5083607
485 520 5083607
265 219 7689691
657 487 7689691
608 525 7689691
383 434 7689691
785 332 7689691
705 45 5083607
937 131 7689691
105 229 7689691
796 739 5083607
765 381 7689691
272 21 7689691
105 36 7689691
801 661 7689691
774 457 7689691
80 373 5083607
560 709 7689691
156 125 5083607
972 323 7689691
685 673 5083607
979 445 5083607
68 401 5083607
663 995 7689691
559 162 7689691
319 34 5083607
813 571 5083607
466 290 7689691
785 836 5083607
352 336 5083607
513 488 5083607
42 893 5083607
998 957 7689691
166 908 5083607
397 693 7689691
478 988 7689691
137 111 5083607
433 418 7689691
743 756 7689691
592 468 5083607
852 896 5083607
617 260 5083607
178 444 5083607
828 281 7689691
534 863 5083607
673 279 7689691
715 825 7689691
285 99 5083607
872 753 7689691
539 982 7689691
796 593 7689691
628 915 5083607
82 822 7689691
937 294 7689691
394 857 7689691
500 324 7689691
618 27 5083607
971 380 5083607
485 450 7689691
375 662 5083607
563 673 5083607
233 501 5083607
222 112 5083607
682 171 5083607
137 523 7689691
618 955 5083607
601 918 5083607
242 443 7689691
559 541 5083607
28 211 5083607
783 79 5083607
106 233 5083607
98 771 7689691
469 572 5083607
497 391 5083607
620 257 7689691
144 366 5083607
867 92 5083607
514 182 5083607
372 171 7689691
592 174 5083607
642 57 7689691
422 684 7689691
541 807 7689691
623 551 5083607
223 699 5083607
7 771 5083607
980 654 7689691
979 944 5083607
846 390 5083607
60 708 5083607
29 157 7689691
118 446 7689691
41 385 5083607
697 547 5083607
372 395 7689691
711 41 5083607
839 932 5083607
876 928 7689691
869 36 5083607
573 292 7689691
447 427 7689691
763 819 7689691
254 354 7689691
458 962 5083607
139 773 5083607
534 655 5083607
33 151 7689691
544 152 7689691
665 786 5083607
700 602 7689691
319 322 7689691
48 856 7689691
276 367 5083607
515 701 5083607
682 958 7689691
608 708 5083607
418 716 7689691
970 870 7689691
773 248 5083607
27 985 7689691
275 340 7689691
777 501 7689691
537 689 7689691
243 671 5083607
804 468 5083607
657 53 7689691
651 134 5083607
288 401 5083607
40 667 5083607
321 850 5083607
838 772 5083607
637 924 7689691
622 374 5083607
560 504 5083607
89 139 5083607
199 795 7689691
374 315 7689691
579 672 7689691
661 18 7689691
803 235 7689691
659 114 5083607
196 318 5083607
274 132 5083607
716 80 7689691
938 76 5083607
458 132 5083607
760 565 5083607
422 495 5083607
821 925 7689691
487 167 7689691
872 278 5083607
45 583 7689691
623 285 5083607
243 167 7689691
891 125 5083607
36 767 5083607
575 129 7689691
268 829 7689691
814 708 7689691
794 817 7689691
746 285 7689691
531 627 5083607
181 110 7689691
364 926 7689691
46 602 7689691
799 999 5083607
614 783 5083607
778 793 7689691
610 426 7689691
46 796 5083607
302 337 5083607
914 776 5083607
687 35 5083607
56 112 5083607
230 367 5083607
701 652 5083607
996 360 5083607
422 49 7689691
83 201 5083607
583 58 5083607
881 237 7689691
391 827 5083607
236 153 7689691
373 803 5083607
847 742 5083607
94 274 5083607
110 525 7689691
179 296 5083607
846 722 7689691
333 672 7689691
658 240 5083607
43 997 5083607
546 436 5083607
617 49 7689691
865 238 7689691
749 110 7689691
128 907 7689691
702 660 5083607
867 303 7689691
624 855 5083607
14 378 5083607
197 691 5083607
390 362 7689691
179 577 7689691
577 202 7689691
293 609 5083607
98 115 7689691
204 365 5083607
208 692 5083607
785 950 5083607
270 995 7689691
13 67 7689691
777 136 5083607
99 227 7689691
33 849 7689691
554 721 5083607
250 553 5083607
201 554 5083607
467 226 5083607
774 119 7689691
735 672 7689691
868 414 7689691
293 956 5083607
440 825 5083607
747 20 5083607
80 812 7689691
45 784 5083607
982 662 7689691
259 864 5083607
911 758 5083607
478 41 5083607
98 218 5083607
