112138
59959
175591
355
13276651
175722
151090
96856145
82272034
168217
152627
103947
55810269
123004
126555
69583678
46192194
72635
193717
166576
99664859
67893
32660
6187476
189543
38282
19403
101720
44511
140863
65949
134008
99788765
138432
162653
7251194
75806
115947
29041
90515124
83304
66090506
64440765
88274
60258
31051269
32776312
8066
43494618
28468
84943617
32263
88009336
97360647
94818
92616458
8384831
20303577
132447
47779688
76231059
73645
62990936
55345
62445317
70298
34143750
42676733
30471942
51179181
165218
166988
77386
96303
59697
68767
94292528
88898
37880006
46310395
138956
153588
12121
80501
72693136
71328337
90404004
49148665
137889
26527377
90622397
95724350
96188
49822
115229
81496
49129468
12340350
13281006
59625200
