100
886 676 100000007
890 238 198469
361 130 100000007
249 381 198469
216 994 100000007
418 10 198469
220 914 100000007
656 418 198469
95 518 100000007
452 157 198469
734 894 100000007
936 504 100000007
952 4 100000007
762 647 100000007
308 613 198469
602 640 100000007
346 134 198469
430 456 198469
693 758 100000007
718 40 198469
607 289 198469
35 111 100000007
878 202 100000007
638 365 198469
792 474 100000007
474 743 198469
239 215 198469
857 849 100000007
275 231 100000007
216 680 100000007
63 32 100000007
48 841 198469
416 438 198469
399 332 100000007
920 604 100000007
471 776 198469
993 343 100000007
378 882 100000007
801 529 198469
726 126 100000007
366 724 100000007
153 600 198469
264 371 198469
291 772 100000007
672 369 100000007
174 531 100000007
774 376 100000007
703 56 198469
614 608 100000007
772 400 100000007
129 16 100000007
996 304 198469
991 990 100000007
827 776 198469
665 283 100000007
658 57 198469
350 228 198469
375 920 100000007
399 472 100000007
867 908 100000007
60 733 198469
711 333 198469
913 390 198469
861 322 100000007
892 435 100000007
126 862 100000007
325 711 100000007
258 173 198469
105 314 198469
164 981 198469
837 727 198469
816 416 100000007
693 734 100000007
860 726 198469
400 647 198469
169 921 100000007
763 573 198469
88 838 100000007
286 243 100000007
990 650 198469
318 3 100000007
902 493 198469
163 955 100000007
244 716 100000007
706 204 100000007
87 586 198469
84 105 198469
545 47 198469
143 822 198469
678 411 198469
768 69 100000007
58 967 198469
52 229 198469
741 788 198469
214 292 198469
924 433 198469
352 242 198469
176 292 100000007
676 609 100000007
380 273 100000007
