3363078
6332768
1732241
585406
3772998
1101471
2871048
5620818
556768
4069678
1535135
4290556
1725051
7368172
3665732
355686
3070859
1405043
6696494
2860280
4881607
302754
4883877
2306305
4326685
1097124
875336
1313694
2225011
794410
6063449
424029
4020614
767310
7399607
299284
1322637
3345017
6724331
2846483
1550064
5202179
5850928
5573495
3308134
662048
3139226
3783227
7427045
193138
3101798
1693694
5571527
6647420
1030831
3608884
4890719
1814704
3833521
228252
2028979
436384
3774996
5881821
3584963
3064071
2215182
2387000
944983
3231620
7622005
3894368
502827
2551177
4701164
2181914
1142761
1387216
2989302
6705380
2005460
1774915
1975395
6888460
905429
1567234
3123455
5269602
3854773
2813989
4508999
791464
4727061
4928521
2182759
2615760
4085150
6823970
62664
284824
1089930
6195503
4390443
2694378
2160459
2266322
2157107
1386103
3161519
5553979
5294864
3781667
2768153
254413
6275933
1759080
6427569
1322981
4161166
134560
3382042
5064913
1221813
4592380
1729647
7485727
5569059
2545771
6428018
2466285
177381
1279457
1780839
5308029
6353300
3649032
4632808
388756
1484353
2553362
1090975
1383230
5488983
480025
6092207
6706396
1922626
1089958
2679241
3125172
5662984
153018
913462
3165152
4564352
166140
6723195
1782130
1521892
3415345
3504046
4858355
4191853
349045
3447917
4115091
5049045
6791802
2141504
7466113
4919824
814
1574773
6454203
2526224
566931
1912241
2506403
1644748
5245578
3010133
5096085
4173416
4108040
616870
1986213
4540453
4804844
2149471
603300
2795152
3981942
4589342
5778475
5989470
4555564
6646263
4833234
5401565
877062
7229226
4205356
4250986
1445535
4901460
908785
1443564
2291216
1367696
1630619
1647305
4400027
1848780
2272140
2386177
209415
1173160
6409088
3559265
5729005
1183317
5406608
4321414
1800272
1985877
2077549
4437272
3516383
4498476
6037527
4670893
2910204
5799402
7660451
2227314
6331231
5809090
4376719
3635776
528951
4645663
2833208
2042426
4103700
4760863
1039261
4997599
126024
1036684
7477668
1006885
805222
415029
5885634
2769212
3199717
2901761
2978147
584591
3543612
2601457
1732225
3993266
7007619
1500845
966420
265532
155253
1880621
2006237
4259101
64901
1774675
4554216
930285
3208575
2135116
5040179
894962
258362
2459659
1584730
192711
2436103
3268625
4582170
7210180
3766566
811963
5399657
4896685
1287771
953354
388129
1933573
1422080
4884767
812253
209518
2339444
3736339
2171047
6247407
2159547
2488707
2015546
3819307
1307504
2420696
5492615
3436095
11651
1680444
6568146
2713335
988231
819517
1358180
6270785
1628812
3431614
5755261
3947768
1937314
3741801
5008481
1379229
156924
5034730
192721
4533712
3318683
6900229
6199821
7598153
7091709
4449704
4392034
4058492
2607300
4433615
816246
7103177
7023352
682167
4408242
6486733
805128
4201371
1359197
140152
2599186
6867862
3189838
6774445
4596750
1506699
2238610
1802701
2119569
6008545
745977
3445007
2323615
1426731
3635744
2813780
3687145
3487323
3967931
680948
2430075
6917861
4487364
6233957
3862400
2608233
4968248
2210778
7632892
3827294
2787015
2441861
1604080
1377639
4813651
3051545
888585
585321
2574173
2932799
4715594
3798399
1156813
3276677
4825711
4772953
6745487
3704666
1697524
1240735
517512
2952289
669942
4403740
1481079
383050
439606
4103040
3343019
101833
7365749
4769998
3145
4889987
6160584
7644920
3246101
4826136
2240484
5040330
3418119
5533036
3534043
30497
805359
3640175
3014398
5112023
4993291
612497
135729
5936379
7001738
2704767
2099555
2467739
646633
4908614
1702539
3737608
2721746
5857909
2469060
7558146
3058108
1280623
3499033
937144
6251931
3122532
2876889
3058584
6852303
1628322
4740896
3488244
3424794
4056
2224726
7230839
7373920
4476731
5631152
954
1777566
1878863
6590415
3124450
2454440
917619
6501104
6626911
3664545
1864822
2158914
1089439
1790958
4591303
3270281
703025
5994333
3208990
903258
458099
1795847
5821233
4793761
5080188
3780226
1573093
4154179
802869
4833488
1202484
3681371
505462
5114486
866973
356257
5208475
4413838
749710
1069141
1659818
1742186
839299
1882216
7045796
3751922
2000024
3576567
4154376
2720762
2226419
5810342
4305693
277678
3944322
3056386
3955807
7410297
5679798
2883252
3469043
2113465
4790320
6670708
4058064
3336595
5339513
6869453
2092413
3380956
7034298
2712581
1570397
4237521
3846308
3564178
4136422
2041686
3778665
3918741
1702717
7517410
2986669
1074319
622174
2851532
1123870
5251968
6195062
7131860
5997642
2095677
799476
2809633
633942
5493522
4280884
3007872
1234295
2346991
4671319
3666055
1555210
1698090
3267786
1798330
1729386
1634565
561485
1390780
7285554
4572928
2503273
5281113
5029147
2034052
3119196
6048408
534808
3906619
6459004
1302499
5894997
3429652
419016
855009
145593
5479082
1125215
7246645
1600803
2414688
5019072
3041244
3491596
4071451
2643759
964947
5373029
488610
926206
4997531
581423
3988242
6341464
2247445
2672296
403232
4717364
668241
3183294
1656841
3999064
241422
4731229
3668506
6465980
3478338
3231333
3923299
3534789
4805922
3906983
5759529
3861590
1927153
3133350
1138928
821160
269069
3135452
4833752
4211315
32429
5487055
4048093
1724166
1295110
7495512
4760679
2666871
3527123
7684631
34626
251188
2719104
999875
2178260
3763391
4909543
7412307
1914597
4973003
3384753
2075818
2700289
4109159
3630232
372988
1916259
3605720
4970458
6174724
4779904
1648199
1780382
7688261
1440799
6890461
6762375
4872993
4591602
486064
890760
224416
1821137
4172432
1578483
519474
3220353
7541119
4600898
3084309
2048003
904999
3438959
653565
2226929
5423832
65349
330763
6594414
1235454
5527194
3955187
6648157
5861567
727540
2573672
1470408
2708553
371633
983366
511436
1845627
1574679
2730116
2132768
847908
5384005
6324225
1792120
3885834
1274514
2867681
3205253
2534728
2594562
401168
3875538
340653
93009
5735764
6155127
2651154
1873298
1709573
1904560
5694673
3221962
2772770
664442
916980
390661
6963413
4555892
3964733
5586864
3082095
7463742
1808299
3996491
4178727
5010987
5789938
2891715
1256933
5564084
4647169
3334455
1713565
262398
1677473
2834558
1442570
4381972
365164
3269162
5046247
4362491
1797778
392799
2920647
6633017
959017
7212437
3307252
2783672
1613297
1425676
2600604
5035818
5412992
2991641
7264038
776036
3771925
4093156
4636960
47266
4129209
2990853
1578840
2448342
3602817
7654936
146126
5565882
3438847
968608
4217586
2664486
6751248
1383394
4771669
2710026
6165385
1679203
4138394
1588209
4516499
2219856
2217282
4952424
103570
4608245
832608
572319
2939614
2124016
2231070
1821675
1231609
4796154
5095121
266093
1803986
1559008
3969396
141543
4007737
4583324
3869975
2479899
3182713
3252024
1520442
239849
1622120
1541574
2678194
2932284
1841085
77572
2709834
6638878
1894166
1418139
524373
2446744
2234861
4369683
540544
1009088
4836144
2679305
512770
4380869
4740082
3587162
205746
4908340
420903
348559
2827417
5046549
3522522
70742
4935086
1983365
4369415
3117622
2929548
3151065
43994
4471104
6848749
2375469
4913037
4023768
3677679
7589251
6019396
3506393
689955
4868130
1161932
4757810
6749529
1081559
3453910
4622976
4530385
5993432
1393190
2610542
4718904
3791224
1434490
4402741
1826199
4935737
1986616
4256856
2741710
6128292
4907643
2524399
3029722
2357993
4307312
3395065
7067933
4959247
3284559
4104319
3181259
622525
4145875
7276274
6963868
4153966
696364
3324202
3307760
6508451
1670523
5137715
6241733
4970227
7598384
7485209
297402
2472832
1360396
6166993
1845800
4696235
2722159
259374
6907016
1144900
499196
372346
2659543
7390956
4040027
1342905
5500444
1928156
7497522
3635059
6125713
6901836
1897958
4410003
3453424
289498
4332490
2623960
3012660
4178532
256799
7191676
7221894
468417
30862
4278214
3702130
7338744
4232655
6127263
6135186
1159915
3221938
524881
1186591
4036000
906555
545222
1166176
4752671
1602754
2744466
432806
4530180
1802826
3853534
1604849
201898
5784857
5648839
2483741
4972366
2785261
3401390
5785102
4793353
2993099
1958975
2851255
1414539
4184900
7602623
4323772
4164657
