25575
8244
79174668
40745140
82868
173380
133871
93906715
55217
54751360
45140772
177356
4812
26681
109894
54837
57956
26735556
57431
138581
30073
54100244
94314827
69765071
141319
62025897
64313982
149638
88301
46497650
31269327
197253
100926
17237476
159850
62704172
26056245
124988
76197954
68548
99347
69641973
18564109
158414
81038224
35435
68119184
22913
46884
39483756
155334
184506
83496407
79109
82204777
3168200
95890
90461355
7611
28485162
163464
27870085
875
65754
110314
72772
157887
35697085
11335862
30272607
36075
23501435
1206877
29489343
51076836
148325
72124
63671282
88312
102218
99984535
88618
90590759
80976623
62107189
196948
36383
71148
191171
9142483
102117
55004603
3562829
26478196
37782007
137727
3817690
134703
74820762
25255
