1000
98 291 5083607
736 599 5083607
949 537 7689691
202 768 7689691
978 40 7689691
142 978 7689691
647 603 5083607
496 599 5083607
235 183 5083607
482 896 7689691
930 885 7689691
226 645 5083607
81 207 5083607
185 944 7689691
329 865 5083607
448 715 7689691
629 851 7689691
90 39 5083607
280 110 5083607
489 118 5083607
998 804 7689691
46 451 5083607
787 347 7689691
23 403 5083607
388 139 7689691
964 948 5083607
661 485 7689691
58 493 7689691
597 558 5083607
507 525 5083607
490 573 7689691
213 457 5083607
115 836 5083607
906 505 7689691
783 769 7689691
103 864 5083607
254 669 5083607
4 450 5083607
606 696 7689691
241 41 7689691
182 107 5083607
100 875 7689691
356 386 5083607
344 560 7689691
494 548 5083607
966 523 7689691
214 251 5083607
786 217 7689691
993 747 5083607
910 876 5083607
645 588 5083607
770 534 7689691
339 579 7689691
751 765 5083607
950 117 5083607
199 499 7689691
600 333 7689691
379 785 7689691
667 23 5083607
12 977 5083607
821 71 7689691
350 956 7689691
995 885 7689691
192 264 7689691
420 710 7689691
909 75 5083607
261 959 5083607
697 608 7689691
89 498 7689691
560 511 5083607
858 568 5083607
446 565 5083607
213 245 7689691
579 276 7689691
295 355 7689691
433 90 5083607
60 502 7689691
349 741 7689691
832 847 7689691
429 680 5083607
871 703 5083607
642 368 7689691
171 868 5083607
285 466 7689691
318 426 7689691
300 281 7689691
355 358 7689691
48 483 5083607
579 166 5083607
522 475 5083607
156 635 7689691
229 881 7689691
633 857 7689691
189 321 7689691
38 838 5083607
82 62 7689691
274 307 7689691
761 933 7689691
668 216 5083607
967 81 5083607
517 846 5083607
329 67 7689691
139 961 5083607
643 312 7689691
58 839 7689691
38 292 7689691
491 77 7689691
511 197 7689691
430 975 7689691
461 945 7689691
400 629 5083607
413 143 5083607
99 298 5083607
74 533 5083607
970 452 5083607
98 743 5083607
757 454 7689691
847 968 7689691
590 327 7689691
417 205 5083607
480 406 7689691
683 11 5083607
636 193 7689691
979 501 5083607
560 252 5083607
234 323 7689691
236 386 7689691
650 609 7689691
905 168 5083607
906 220 5083607
129 964 5083607
106 55 7689691
986 877 7689691
35 89 5083607
586 866 7689691
409 910 7689691
488 144 7689691
339 613 5083607
834 956 7689691
6 338 5083607
975 135 5083607
17 272 7689691
528 441 5083607
851 306 7689691
329 970 7689691
139 966 7689691
344 116 5083607
790 448 5083607
41 249 7689691
241 706 7689691
215 468 5083607
114 936 7689691
510 51 7689691
457 922 5083607
943 890 7689691
976 771 7689691
512 956 7689691
971 738 7689691
466 765 7689691
213 381 5083607
78 311 5083607
765 401 7689691
740 596 5083607
285 53 5083607
249 599 7689691
375 661 7689691
866 299 5083607
101 349 7689691
435 752 7689691
286 992 5083607
107 623 5083607
106 55 5083607
603 259 5083607
531 361 7689691
803 296 7689691
62 564 7689691
254 530 7689691
362 642 7689691
864 965 7689691
324 869 5083607
75 932 5083607
436 221 5083607
448 715 7689691
940 456 5083607
464 910 5083607
917 987 5083607
619 923 7689691
442 572 7689691
904 260 5083607
40 952 5083607
658 943 5083607
439 508 5083607
175 315 7689691
820 964 7689691
500 518 7689691
514 977 5083607
489 643 5083607
681 686 7689691
532 637 7689691
522 53 7689691
224 399 5083607
459 440 7689691
408 392 5083607
77 30 7689691
114 868 7689691
519 713 5083607
240 445 5083607
392 99 7689691
201 171 7689691
73 3 5083607
225 666 7689691
236 569 7689691
739 82 7689691
47 897 7689691
802 694 5083607
359 994 7689691
986 334 5083607
148 75 5083607
73 847 5083607
427 376 5083607
345 993 7689691
753 146 5083607
271 227 7689691
837 714 7689691
821 873 5083607
591 529 7689691
576 857 7689691
211 403 5083607
278 875 5083607
696 875 7689691
832 361 7689691
272 543 7689691
180 643 5083607
194 898 5083607
255 666 7689691
677 639 5083607
689 754 5083607
380 821 5083607
232 460 5083607
671 429 7689691
722 540 5083607
24 598 5083607
556 625 7689691
284 244 5083607
19 147 7689691
431 210 5083607
345 196 7689691
267 760 7689691
467 969 5083607
47 71 5083607
186 884 5083607
412 714 5083607
525 147 7689691
932 886 7689691
113 271 5083607
619 753 7689691
195 393 7689691
628 27 7689691
429 383 7689691
667 527 5083607
510 62 5083607
640 967 5083607
431 75 7689691
188 805 7689691
14 186 7689691
248 681 7689691
748 672 5083607
961 217 7689691
900 779 7689691
585 119 5083607
502 494 7689691
661 210 5083607
500 603 7689691
894 11 7689691
573 690 5083607
570 716 5083607
578 408 5083607
961 1 5083607
237 871 7689691
122 800 5083607
591 243 7689691
760 219 7689691
97 490 7689691
142 945 7689691
1000 900 7689691
767 454 5083607
259 627 7689691
745 775 5083607
141 860 5083607
143 796 7689691
847 320 7689691
444 937 7689691
651 804 5083607
119 623 7689691
784 233 7689691
976 865 7689691
419 856 5083607
40 850 5083607
897 699 7689691
165 135 7689691
431 132 7689691
61 692 7689691
619 628 5083607
520 515 7689691
56 404 7689691
397 213 5083607
974 105 5083607
880 870 7689691
369 494 7689691
168 515 7689691
520 87 7689691
482 495 7689691
387 935 7689691
571 762 7689691
795 875 5083607
632 625 5083607
240 433 5083607
688 694 5083607
351 30 7689691
530 955 5083607
195 862 5083607
31 701 7689691
933 372 7689691
491 387 7689691
579 645 7689691
964 175 7689691
569 304 7689691
894 286 7689691
737 75 5083607
974 154 7689691
667 512 5083607
309 67 5083607
386 625 7689691
230 197 5083607
453 666 7689691
574 340 5083607
917 124 7689691
956 863 7689691
429 850 7689691
629 826 7689691
955 17 7689691
736 62 7689691
196 932 5083607
318 549 5083607
162 160 5083607
930 51 5083607
740 199 5083607
134 861 5083607
154 911 5083607
47 619 7689691
146 571 7689691
266 908 7689691
713 501 5083607
745 574 5083607
843 883 7689691
10 971 5083607
602 87 7689691
627 281 7689691
5 95 5083607
922 965 7689691
556 875 7689691
780 381 7689691
87 801 5083607
670 335 5083607
978 291 5083607
512 968 7689691
20 956 7689691
93 221 5083607
367 791 5083607
761 297 7689691
520 396 7689691
856 941 5083607
454 266 5083607
958 779 5083607
599 714 7689691
354 431 7689691
821 19 7689691
871 80 5083607
283 204 5083607
661 651 5083607
165 192 5083607
980 15 7689691
71 572 7689691
615 757 7689691
257 974 7689691
952 386 5083607
757 651 7689691
636 505 7689691
75 795 5083607
242 342 7689691
131 868 7689691
496 210 5083607
803 702 5083607
304 75 5083607
429 613 7689691
863 247 5083607
571 896 5083607
506 502 7689691
333 266 5083607
558 294 5083607
894 471 7689691
769 176 5083607
886 377 5083607
250 468 7689691
940 763 7689691
1 244 5083607
319 921 7689691
50 472 5083607
943 207 5083607
158 214 5083607
623 391 5083607
697 835 5083607
360 333 7689691
864 705 5083607
144 332 7689691
72 573 7689691
984 88 5083607
944 852 5083607
986 696 5083607
772 439 5083607
367 138 7689691
931 808 7689691
854 893 7689691
357 85 5083607
224 397 7689691
95 627 7689691
405 221 7689691
278 270 7689691
616 426 5083607
856 459 5083607
156 454 7689691
517 943 7689691
88 97 5083607
627 756 7689691
21 675 7689691
987 377 7689691
38 506 7689691
496 442 7689691
764 309 5083607
909 640 5083607
317 735 7689691
94 753 7689691
844 484 5083607
463 790 7689691
74 352 5083607
417 667 5083607
587 481 7689691
816 50 5083607
783 629 7689691
552 210 7689691
127 367 7689691
839 250 5083607
84 761 7689691
897 946 7689691
326 602 7689691
929 148 7689691
157 452 5083607
900 274 7689691
471 763 7689691
859 318 7689691
368 379 7689691
361 94 7689691
27 829 7689691
922 110 7689691
564 991 5083607
264 835 5083607
38 411 7689691
81 885 7689691
258 629 5083607
831 840 5083607
481 524 5083607
825 443 5083607
269 669 5083607
910 283 5083607
181 21 7689691
348 920 7689691
207 72 7689691
189 8 7689691
467 297 7689691
376 583 5083607
495 644 7689691
467 770 7689691
954 124 5083607
819 178 7689691
526 6 5083607
244 687 5083607
925 121 7689691
552 326 7689691
55 350 7689691
851 318 5083607
84 873 5083607
317 685 7689691
870 116 7689691
190 341 5083607
649 725 5083607
540 543 7689691
822 991 5083607
568 130 7689691
896 89 5083607
569 150 5083607
341 274 5083607
506 266 5083607
789 433 7689691
669 870 5083607
723 451 5083607
139 879 7689691
691 380 5083607
896 951 5083607
835 9 5083607
323 550 7689691
294 65 5083607
417 806 5083607
434 171 7689691
130 781 7689691
804 724 5083607
627 32 7689691
83 839 5083607
95 444 5083607
432 934 5083607
557 911 5083607
719 505 7689691
463 116 5083607
941 458 5083607
24 889 7689691
73 89 5083607
533 273 5083607
767 909 5083607
119 614 7689691
573 908 5083607
361 162 7689691
107 718 7689691
473 762 7689691
660 150 7689691
380 460 7689691
659 503 5083607
704 111 7689691
550 993 7689691
886 973 5083607
437 385 5083607
842 114 7689691
74 907 5083607
618 275 5083607
799 733 5083607
167 886 7689691
81 946 5083607
411 202 7689691
19 487 5083607
978 871 7689691
65 876 5083607
801 319 5083607
173 89 5083607
511 219 5083607
453 154 5083607
404 407 5083607
716 790 5083607
912 360 7689691
653 547 7689691
260 184 7689691
147 614 7689691
174 227 5083607
764 185 5083607
406 837 7689691
880 572 7689691
927 46 5083607
658 533 5083607
906 362 5083607
692 784 7689691
399 9 7689691
132 968 7689691
281 14 7689691
346 836 5083607
902 501 7689691
468 81 5083607
869 918 7689691
326 465 5083607
801 595 7689691
510 597 7689691
341 469 7689691
909 949 7689691
156 53 5083607
199 665 7689691
927 810 7689691
82 908 7689691
175 346 5083607
710 12 7689691
129 258 5083607
966 597 7689691
458 238 7689691
843 569 5083607
586 593 7689691
517 175 7689691
235 857 5083607
714 879 7689691
993 805 7689691
380 500 7689691
870 938 7689691
284 188 7689691
965 745 7689691
686 786 7689691
639 950 5083607
458 14 7689691
626 186 5083607
468 58 5083607
94 944 5083607
846 661 7689691
47 327 5083607
161 123 5083607
453 203 5083607
428 587 7689691
832 115 7689691
988 935 7689691
546 697 7689691
847 221 7689691
72 606 7689691
291 896 5083607
320 875 5083607
871 487 5083607
247 379 5083607
108 614 7689691
712 931 5083607
225 240 5083607
192 950 5083607
38 757 5083607
582 8 5083607
371 482 5083607
570 272 5083607
756 414 5083607
178 210 7689691
454 656 7689691
807 388 7689691
738 283 5083607
572 673 7689691
153 869 5083607
515 118 5083607
756 180 7689691
808 385 7689691
484 820 7689691
14 634 7689691
657 632 7689691
177 506 5083607
794 820 5083607
330 540 5083607
758 794 7689691
661 933 5083607
701 687 7689691
210 866 7689691
285 597 5083607
351 203 5083607
73 938 7689691
63 361 5083607
509 133 7689691
431 473 7689691
174 474 5083607
16 823 5083607
11 393 7689691
903 309 7689691
390 697 5083607
764 735 5083607
959 953 7689691
218 154 5083607
826 207 5083607
104 631 5083607
772 804 5083607
73 895 5083607
686 361 7689691
680 618 7689691
966 922 7689691
944 525 7689691
778 382 5083607
465 869 5083607
333 858 7689691
66 255 5083607
308 220 5083607
487 72 5083607
744 910 7689691
459 747 5083607
676 863 7689691
480 708 7689691
977 410 5083607
787 917 5083607
284 653 5083607
503 253 5083607
224 508 5083607
804 403 7689691
851 310 7689691
565 681 5083607
408 832 5083607
643 498 7689691
264 4 5083607
991 745 5083607
921 162 7689691
460 421 7689691
827 553 5083607
981 207 7689691
995 158 7689691
649 23 5083607
113 885 5083607
211 131 5083607
501 669 7689691
46 878 7689691
943 367 5083607
729 605 7689691
391 399 7689691
273 112 7689691
450 307 5083607
316 462 7689691
99 249 5083607
70 160 7689691
92 661 5083607
896 402 7689691
62 373 7689691
56 196 5083607
631 784 7689691
268 229 5083607
354 585 7689691
197 852 7689691
280 832 5083607
335 19 5083607
246 997 7689691
632 284 5083607
727 721 7689691
763 668 5083607
586 730 7689691
671 456 5083607
804 60 7689691
533 382 7689691
852 903 7689691
683 285 5083607
759 622 5083607
348 916 7689691
246 912 5083607
847 486 5083607
786 25 5083607
931 448 5083607
609 419 5083607
828 14 5083607
995 235 7689691
28 689 5083607
738 29 5083607
537 207 7689691
112 373 7689691
659 550 5083607
363 433 7689691
851 181 7689691
873 603 7689691
673 698 5083607
498 810 5083607
307 812 5083607
482 488 7689691
913 932 5083607
881 589 7689691
534 131 7689691
663 255 7689691
559 904 7689691
115 434 7689691
506 967 5083607
805 364 7689691
863 603 7689691
765 404 7689691
907 585 5083607
146 269 5083607
721 496 7689691
371 238 7689691
81 622 7689691
559 482 5083607
815 938 7689691
20 388 7689691
991 743 7689691
109 130 5083607
542 210 7689691
259 582 7689691
285 73 7689691
239 537 7689691
617 880 5083607
440 595 7689691
566 326 5083607
108 246 7689691
478 545 5083607
487 456 7689691
808 98 7689691
361 227 5083607
408 30 7689691
57 351 7689691
426 845 7689691
540 560 7689691
778 417 5083607
763 738 5083607
332 39 7689691
914 745 7689691
443 401 5083607
30 532 5083607
820 875 7689691
404 443 5083607
446 288 7689691
913 240 7689691
290 1000 5083607
62 663 7689691
450 233 5083607
768 640 5083607
524 795 7689691
313 545 7689691
163 221 7689691
404 301 5083607
872 378 7689691
258 174 7689691
426 539 7689691
978 677 5083607
625 325 7689691
880 50 5083607
943 65 5083607
580 690 5083607
743 675 5083607
424 320 7689691
180 757 5083607
570 2 5083607
338 970 7689691
923 702 5083607
667 58 7689691
3 294 5083607
758 503 7689691
166 911 7689691
30 954 7689691
1 769 7689691
487 268 5083607
879 223 5083607
998 345 5083607
406 407 5083607
491 621 7689691
17 158 7689691
409 235 7689691
913 391 5083607
575 180 7689691
203 655 7689691
485 383 7689691
197 861 7689691
644 489 7689691
849 182 7689691
918 380 5083607
647 672 7689691
221 739 7689691
368 983 7689691
573 958 7689691
809 243 7689691
968 534 5083607
145 539 7689691
718 144 7689691
433 204 7689691
381 781 7689691
357 456 5083607
246 628 5083607
924 277 7689691
671 42 7689691
153 523 7689691
776 652 5083607
544 532 7689691
875 27 5083607
283 930 7689691
16 787 7689691
247 412 7689691
102 327 5083607
538 954 5083607
895 32 5083607
933 655 5083607
354 199 5083607
579 283 5083607
23 710 5083607
721 788 7689691
639 598 7689691
63 902 5083607
357 843 5083607
593 213 7689691
201 460 7689691
222 221 5083607
317 359 7689691
87 351 7689691
23 304 7689691
153 730 5083607
827 235 7689691
126 368 5083607
700 257 5083607
947 90 7689691
100 987 7689691
554 242 7689691
36 468 7689691
398 55 5083607
284 258 7689691
312 94 7689691
627 859 5083607
209 708 7689691
544 150 7689691
987 818 5083607
276 565 7689691
106 647 7689691
682 673 7689691
772 833 7689691
228 298 5083607
273 995 7689691
286 653 7689691
872 176 5083607
916 695 7689691
599 968 7689691
146 671 7689691
248 1 5083607
994 379 5083607
823 426 7689691
901 535 7689691
755 808 5083607
753 706 7689691
782 165 5083607
21 21 5083607
27 721 7689691
866 375 5083607
867 476 7689691
267 952 7689691
365 645 7689691
69 513 7689691
784 635 7689691
551 633 7689691
356 513 5083607
217 477 7689691
751 133 5083607
156 25 5083607
961 387 7689691
707 223 5083607
671 272 7689691
990 756 5083607
955 756 7689691
539 909 7689691
581 376 5083607
473 804 7689691
248 72 5083607
508 62 7689691
629 836 5083607
776 296 5083607
114 885 5083607
168 530 5083607
78 172 5083607
87 71 7689691
333 21 7689691
686 674 7689691
398 417 7689691
79 792 7689691
660 488 7689691
341 567 7689691
763 119 7689691
523 751 7689691
802 261 5083607
219 236 5083607
569 591 7689691
453 759 7689691
539 41 7689691
554 112 5083607
963 69 5083607
465 896 5083607
344 8 7689691
25 271 5083607
139 167 7689691
341 513 7689691
939 888 7689691
870 952 7689691
633 478 5083607
85 458 5083607
910 479 7689691
635 55 7689691
966 572 7689691
984 563 7689691
511 17 7689691
644 780 7689691
426 934 7689691
160 479 7689691
999 991 7689691
597 882 5083607
99 578 5083607
720 633 5083607
14 273 5083607
427 177 7689691
990 530 7689691
895 613 5083607
306 175 7689691
341 505 7689691
456 783 5083607
688 530 7689691
121 909 7689691
444 443 5083607
230 974 7689691
185 706 7689691
743 23 7689691
891 505 7689691
835 528 5083607
682 721 5083607
532 183 5083607
582 500 7689691
749 779 5083607
30 48 7689691
536 719 7689691
141 227 7689691
632 149 7689691
735 207 5083607
780 837 5083607
929 724 7689691
