444819236
86394049
62120425
808940
262107886
974855643
667917442
66497059
121653108
627426752
495009983
496138261
736883443
668207245
890430890
3999707
387891567
915680166
437351235
203862678
941023826
312392137
416986063
903827643
437351235
623381839
972945126
519619776
665866883
816951882
715984850
470924553
716007315
32641566
361883720
505457390
445577717
495009983
343657374
287104561
859340919
483925528
94423022
123698038
336576069
374705591
746876735
12188336
773958686
438299150
597515604
335357868
574866461
551800382
520635904
234226966
421563192
556498322
430687846
875086492
950048935
300752384
457760108
460500541
938686283
630979738
625750
830414866
443696771
520635904
92312295
567619197
579837219
668880232
645301597
754368126
437333569
592046711
450323508
796512836
342137815
408796580
159436578
824160730
963158585
450002733
390053936
777317112
204417011
791673806
413002847
361481497
646069187
173507257
880496027
639662916
668207245
925051288
176976241
308091759
782866819
988010247
900865781
824160730
808940
974855643
66497059
556574565
809113101
159436578
918995489
159975067
650004241
808940
228419160
976434799
10545572
840835647
736137517
427839102
156476831
359134258
553717112
800488403
365366050
238673185
736137517
668207245
901056606
610861596
218334619
823179648
994717308
14127259
219704373
456651923
450323508
337372536
899328198
915680166
390053936
67897536
240143410
521412572
984122961
798331538
681219222
240143410
225382398
337037061
912084872
444819236
574866461
280575414
967008022
885433654
194396989
892360650
19899884
418451488
407795993
71186994
438420468
390600847
246463737
797391987
805128764
107789363
323792483
716211229
80948011
900865781
619908049
290005600
968278916
391347121
838633909
412680238
318330447
379631202
694482922
553762378
635129029
900991250
420767024
233501647
159436578
556498322
405913888
34486260
749151069
805128764
25859157
312392137
204417011
422380816
815118837
816951882
431456789
919550831
68346273
25859157
32641566
680785134
204417011
538919059
811217858
941588398
627426752
749151069
708645782
628132896
358577253
619908049
444819236
280002370
759054755
463294679
301074358
597081801
122656165
29071623
99427410
592046711
625750
421706101
900865781
605464894
754954874
531159433
568733704
234782537
241653224
166080797
217294400
953790117
523492825
218334619
520635904
86394049
849381385
529521811
925051288
789875562
529521811
367994437
964585677
790607395
241390703
942194374
793404441
79610670
374705591
646047333
901612226
427150656
66497059
12188336
262107886
231892636
916679215
146198557
54962064
657777572
597515604
559942439
529023069
35701876
412514597
496138261
800488403
526577613
811217858
568659613
92312295
584934479
34513380
434662104
309301219
707849086
391552773
325581536
361730366
910190105
47632254
677877053
784975326
413113312
849343581
900023871
965127011
66497059
257791022
416639941
243801593
262751054
531387931
391858622
55194737
768874865
542188148
807858527
680590318
391347121
950747476
34486260
928161532
965062545
427839102
758278047
782866819
799536607
172017443
551800382
551612036
738493491
349178814
824160730
556498322
391552773
