93
1
69
1
37
0
1
33
2
42 7
0
2
60 50
1
54
0
3
40 45 27
2
52 57
2
65 8
1
25
2
61 47
3
43 13 12
0
2
16 68
2
31 19
0
0
1
30
2
58 18
3
63 22 9
1
41
0
0
1
38
0
0
0
0
1
46
0
1
44
0
1
24
0
1
64
1
36
1
11
1
14
2
39 28
2
17 56
1
20
0
1
62
2
71 93
2
10 55
0
1
3
1
35
0
0
0
0
0
0
1
49
0
1
6
0
2
29 4
4
15 53 51 70
2
59 5
0
4
34 21 48 2
0
0
5
23 66 26 67 32
0
3
72 76 77
1
73
2
74 75
0
0
0
1
78
1
79
2
80 81
0
2
82 88
2
83 87
1
84
1
85
1
86
0
0
2
89 91
1
90
0
1
92
0
0
