1000
878413266 -656624530 244442871
-701416733 -637994677 -880232317
382557371 686760870 -71366020
939504704 -48257000 -598070324
412932746 -921669154 -142379246
574013163 481168842 154531494
-493385088 -513026442 -179897594
79573887 -105785083 665056998
470433145 320697873 34272116
-209959456 -28546232 778617963
187597071 678245016 113806918
379050062 69195573 -756639889
978026389 -611729443 14861756
64184151 693478170 770827867
-147734344 -689597173 -236995560
860290946 -300713938 -308628473
524936916 -530092524 -975086361
-333600721 611357514 -726060689
528898829 -932040451 -20246183
-880946918 866452621 525690085
336258839 -742581952 313768135
360503162 322248240 -527434711
477468397 367469372 -855429930
372182196 3432685 598785901
401464114 587520910 34238899
819635720 250154548 681464844
281919331 826234553 -611437786
-866177944 -960394949 380623793
-848032814 -782946962 33029351
-168686182 -477988951 213288154
-414059768 784445126 701123452
608735197 -45406138 -643988536
157411542 -189416025 968328872
64519985 245113959 813473054
659746057 -384486929 740119295
-675731902 950255057 -897141472
908679398 -566125443 195605421
955328683 -698194395 666255734
9294773 730863320 407619267
-741188305 -30992593 268314516
779820852 581630777 -944785722
-931415330 48674890 632276277
-985952508 -58427896 562784815
-724866758 37070867 -605049196
752341558 -296226705 699046285
607048366 -738666738 563688427
780724927 -962086435 863219133
549317155 -490310386 -15164632
350556355 761889871 891228954
-827271271 -399368703 -85497672
-733261085 168600000 -452386120
-971531458 561016458 -632191482
-386548660 389718554 880611773
96156853 896035097 -603966202
914438020 -886021693 -767572417
364017006 936083111 -541481569
-972934944 -183552195 -728867599
850681622 321622586 682805668
-261644858 -132512572 187362523
222229526 891536242 795863945
-409980355 -426539705 -564488659
78392828 -867670645 579635639
954713199 -486628710 53850986
-47834440 15230202 101826106
-519910334 712381616 -707736195
-852919377 995868368 15667697
918365682 -976426640 524287021
-512093014 677963613 -449973945
292263950 516506194 177736361
457528199 211872686 -824605703
-393273466 807353586 267296408
-865643409 -378143020 -729569039
-871718193 -668760563 895117210
-416311395 -565034917 -506551165
933152507 449079007 934025899
-379424218 398185186 954195813
535218314 -42042114 -123488427
490459205 -737804008 396204401
-516725282 -142519901 -106204911
-582063601 -953062960 106500701
885981618 -783410018 971970719
-358371942 737293341 30503904
-57602772 379046396 -431610891
-683817822 539086379 -223795809
-706944960 -668692192 597987909
495288753 -519946534 100972320
-291389589 243257427 -427294344
870795874 -243154631 -125538985
450172609 50890099 295852762
198656572 991282376 841658625
-470122666 200285346 694704836
967410708 -479883074 613282617
957220607 -839812432 208374756
99425838 -178424661 -285407828
-896888727 892938149 -514940320
-23743500 -658045295 -636140359
560824697 638516851 -261077197
633285790 -49510611 -550780093
202274415 873428880 393973091
-86523027 452340480 432461105
-963477492 -623858515 -177692142
861476468 -456349793 823449636
665486158 -683322998 -945943519
-11554849 249944927 177002250
766651091 359487251 82262887
672118370 -853044906 -280967440
437676883 637000766 -968293432
889179491 985300253 -678766854
756609314 576694514 660045410
-32393256 213030796 -807411008
31313487 382443449 11251809
-91727701 919296575 68540363
735550758 921674889 -432574409
382273131 -418565261 867159164
-872057439 805748360 171251001
-865363652 -153030533 -80806826
833318505 673477461 -996392033
-16363573 421690040 -349214097
-154803183 -902560631 -521984121
-449315726 816539956 66218078
-296183506 -734766379 -392211643
181004770 -323436280 673503386
131383351 -826046542 800388697
-324678331 738092205 -315111613
957248953 44368122 777357676
592525495 217406419 902214047
-218371270 195579227 480968089
-901153911 791487351 350084348
-926189236 348154123 204305707
703994165 -320165851 110724443
-424579756 -435699655 -24150496
672911374 -794239613 -783879533
175814410 502111905 -311549697
795900614 108764002 644460018
392416720 310975848 856713360
574676505 -502315930 -141927652
-235171967 934733589 256223492
-901779287 86133080 -546500311
-901421038 -732204734 -404267994
959835716 633391668 -998528274
-217024300 -328884607 -222332125
478063864 -126664662 771130542
197534506 -926281240 -163827586
-428353160 614289741 914576691
-723070602 468258446 -950403370
299193464 565173253 542169028
187067719 -732424705 -905748087
829205797 985402773 -689685513
-105477390 -108628506 -574645737
474562353 -550529213 943833562
249560831 -214614261 -875516672
-316623161 -158379107 -401793233
-45371008 782612610 996067418
495078181 852069470 505818314
-74295038 -977823085 437033888
190224446 350804111 781206112
13061779 637638883 723004646
573942071 -185605424 -459048794
-110447455 -442210601 793697220
211847626 -450489553 398530643
-978678411 -427622062 -404586766
679114106 61102094 -919025594
-644715942 -270746550 43194695
939883943 -48399891 186306897
-251996218 -159015469 -470483162
-836531178 -100591284 68672112
74617767 -933146914 -381709972
-246339218 -444046178 -558110440
321093448 652985855 226102420
-421761858 -35575249 -740956704
-392413289 356217761 -544442145
557790764 -8691053 193344851
-784604535 115054151 -611733073
209153435 135621915 512619327
-191880312 907956249 798196528
-400164225 507609725 -541795176
-324372036 313438247 -387803061
96479141 211674519 411900305
-62752034 823664457 -726551529
157195540 245747885 94666372
367929270 -464221137 442951898
-395144886 312534909 -479488426
531359629 247336516 -565636774
-768495614 460569904 -158467110
-217624178 -613952452 471738638
504743931 -856919604 729280998
-238757272 221119938 -300947022
-21320241 -962382545 282268420
-717602191 819723536 -82612017
-219780329 324414047 401351232
126024068 -985532832 584371654
29106988 469722612 507816935
619556068 583968718 851867470
565396029 371602671 171929114
-721332938 793272558 902534678
-448109883 860983832 -364262525
752361834 -646264428 983784102
544562992 566596803 -474561973
-310027930 -813160778 261294414
-138723964 326919631 -20260793
898268101 -683387946 -117187755
-764179056 600741680 116959006
675656593 -920620118 -508285560
-67674483 62125046 -2857152
-155788202 -828248634 523216858
-997288827 9006148 392350720
-288253996 959097453 -652104525
492192357 -461476555 -177657655
-290484749 -911753338 161596416
-818023482 -137936702 19376815
11463526 303494778 988778735
-258113743 -712513733 -430475826
195589125 -282897854 -104171958
-949789461 -511037527 -172781509
936446664 538597587 -231406133
447552231 103592483 -522454807
410549363 177470322 -869436866
-147500826 -218488340 -666723482
649826593 -822949376 269186700
517708826 -815444768 -827008593
-899315085 866619539 -656763151
-954400715 -315484019 623481430
28718163 196113233 -934888282
24605917 102649469 -821538356
-767814180 -723667302 757148850
586713886 168284769 689985785
251580287 404440983 60283582
536801800 970339099 812683611
-142587659 259987308 175156879
778626113 -212124167 -116020201
-664841374 -429378071 6214870
939891529 130855600 800344343
162655447 396873154 -393074062
333945385 201956822 -849407859
566850143 -287947525 779867764
-686630008 -558947451 269152275
-225295092 -544103006 659610527
286554240 -22549457 134297792
-116296967 -486162440 593330875
-242934135 -474692918 884769005
269619324 689357499 423943590
824683433 -212424057 -248912576
-17513332 -428194254 14049383
399271136 -738008239 -91777632
8691634 -35331144 -87504522
-663804724 -961394315 220062035
946171406 863389920 -570565667
62465218 -468920487 -222599169
17772807 358042877 -697000628
7533905 30164044 -960291369
-355814443 771951559 687930338
629955244 255032114 -932506544
-665129046 -563632821 565187300
793586761 -954143419 855442133
428985473 -693862272 -30412237
-65027159 -369439987 -435819502
842807047 -967263299 84318721
515676719 341216187 -618511701
922547928 505748709 580345246
-819241899 -93708191 177239811
857394026 558565520 368150578
-370180749 -203684932 -378872233
-523763085 -100625680 -214860225
124651465 -258194517 937955246
-387456774 -659964579 -938231623
341414998 591604407 -75268355
-447129041 -7225012 146435849
-95167995 110429017 -63340233
-964508162 -409552629 215919404
931837145 -877825986 612144600
-720049838 74215382 296652664
337013403 531790665 -26595726
-341720858 378531802 -510354023
253273820 -612356776 -170484278
740639697 212966877 177328094
-282351933 315346826 -888881711
618879309 6009631 239246359
-950523881 -277016288 -422712704
-282806957 246178882 624082744
781195151 889445682 283778206
-386550687 -263446254 -402760053
188609403 -145263105 919698673
-794435056 834667737 -822424382
-926914949 536209918 -683482760
-967233717 706200401 -620118787
-974540149 627068364 821484608
-945873735 -238906166 -554850369
-260050988 273333682 279054334
65596116 264286916 334215043
707323735 -718240918 -371419182
936272356 823284953 874384811
945742260 -478583737 818330813
279153222 520533714 475895736
-611384412 -627128329 878841953
428433666 942999092 529777742
963261064 88847613 -760592244
-105638900 658675957 209448906
-666352265 -932505854 -247773710
535577020 865155189 -145520741
-77167968 336343277 184939549
-348384103 294662775 890490663
35757738 -387598723 -621215460
-695601814 -542121730 34664510
-55286872 153235926 118103876
839958369 300680623 -733882061
-513228074 -217308827 -417361457
138848754 -403368276 840707905
-677110957 -470081430 656659976
64994559 422092023 16437081
-188402661 -698333417 -459269470
95555134 526315429 -796649737
684669532 -725410474 -588770688
-800475119 340961218 -39080205
-429820111 977753825 -514104612
-753558091 -200865587 794591774
394876445 -665094791 497864468
854190154 544560979 919310676
366702614 -528688006 858181743
488470173 841231192 -364387602
-171781698 560763014 315142878
-209494779 703386388 109686037
-261080180 855304342 542198131
136288063 -26123762 905484851
814642191 -226123299 357736949
64908792 -195688390 883647430
-357520445 -380354180 571089296
993071901 98473101 13785639
-548714483 18420132 742815932
-379534702 -261029060 634659174
-527152478 -172095384 -691453182
-92505588 66413678 -839516713
-705736521 785891171 735407448
775354995 148187821 -978429620
810152141 495369889 111362875
-21195523 229747435 176129279
275261947 380439175 -192040015
-701662404 19031080 182803601
-915735582 -317218319 416188382
-898784078 -816469781 543375232
268507611 -109410690 235939269
-710430263 -879936876 991774921
-676680094 952042535 -641043940
65949072 -6173666 -681463918
-109720713 -316027332 310420191
-311078064 -173659126 329857106
-501728866 -384573596 720122894
-255567087 557012711 608956977
321983792 -354907214 909745584
-794529505 -860982853 356868113
260965481 -990559779 638182157
391292419 999244053 318010272
611716672 370703672 -466275322
462563025 -124617586 228964913
550503176 584204893 -412818644
939535348 14397607 -53508928
156862092 -793211017 810312382
189624002 -645928931 -119977714
-744698966 -440800129 -807290414
186381126 255793891 -660095129
678248861 -993568584 -7777343
-693669919 516373957 775355461
-852485596 186146560 -463444506
-302682750 977267412 -585230577
800788808 703136910 -316977398
402347243 710892912 24743019
-209554549 326492010 -275642932
-604642156 982412713 -899197586
-64934097 -72595704 595586598
-727183902 -433370104 873411153
-840472616 -112142315 540080331
553577401 384840324 971403087
-807188919 764630480 127107716
798052726 -344218075 -641127709
586836802 -603426987 599060421
-180850881 26872312 -760717362
-675572756 -570291950 944878483
-320150836 -174447087 -336133569
150676833 -118811559 -520950869
443011421 916190122 514385060
500033655 137070925 -83873290
-17312909 513755988 532047659
931722226 488909171 -451198126
582897689 171441624 651914521
925521701 -590814217 -866984545
-343451587 465610387 910195787
276484771 -22357227 -755678314
287904775 669596875 -84386538
677940164 -932620912 -808624659
501369106 7354725 173892512
-303041812 411494600 998694593
148155976 61268222 490103149
599451790 -344935457 569725413
100176012 -534578922 273267929
-631569202 849141094 355998039
665279184 -482544229 -987786762
-232150482 -205562961 912516207
154077088 -282153055 -173729013
909430848 -918649646 433412793
742058356 -79329487 -306650204
168424426 480103801 373710939
115283933 -664171906 754699440
179973752 -254596479 195810226
-899171347 855759118 -929077382
847561705 486489717 815533425
-116811016 -701590508 846765188
30852328 661350883 -393366664
470430842 156296760 872409039
10131383 729476483 87717103
-310974231 597897806 495809232
-549131595 243426324 -574651850
-408323319 -699492647 -892479900
336742752 -132625820 -706524042
-734436354 -443845463 778957931
483719828 -452411762 515949607
708540180 408353594 -783736424
-403815208 -841406097 -186167534
458416538 -143531834 -673818416
-652323534 484923612 754309203
-783199816 201384547 -451987554
211141201 -440040771 -445323267
246352922 -546061240 -786608490
-633758024 656127897 713930578
245792610 918120982 530031382
-380907983 -737607028 -796393696
949711569 577756239 -321405912
518579625 -191426312 -469334599
56666781 -491179339 -870775080
176889839 -286900453 -229680765
735517789 155058909 86124502
915123932 864869379 -679420329
786790519 -570656425 -507454306
-842775374 376258311 410263400
-165445988 -234160408 -191898683
16831298 790943553 585110136
21321867 -58098930 179245802
23613069 988570779 463183671
-209322870 -974137535 -167598378
363431705 941126175 732982526
203124157 -573138786 130200176
555312551 644135594 96284898
-422416500 75710054 -397603231
-391573218 -155632508 621837668
-706461939 -181639910 -885535843
732023687 575552565 -329639909
775982482 981943689 -686760138
-251374674 -484554824 550433548
-249880456 -144046909 681317742
-870551083 59613628 680398648
932324621 -131544244 -983077080
-993499890 -992190191 261226704
-500107787 360781035 -615064552
-957444863 162757285 343131520
-169858393 13182706 721006376
-530401121 -755098238 485180115
-57597241 -196873066 356296901
859545883 -262105380 523317980
-275579694 943768967 356857416
628340371 821796543 -605121701
-306064917 -156587293 21528866
120818028 -306467194 -398941255
-720314105 131024398 363901807
341092663 -814827556 624835795
336572534 -90862946 -22206989
539460506 -432021579 -198684330
582012098 -510476633 814038715
209231587 -606573240 -683648850
-754697307 32166725 -288450228
731488626 74678505 149778312
458399920 512305678 -737235718
864966327 -512258447 -275694676
-425950900 -787739344 -429727006
-103499898 508926784 -73053587
573800847 -90541955 281839788
904919854 704791197 -477111644
-426177133 932000428 611583491
-177013815 -940077679 -295560152
855325043 361137373 -546742811
216459261 -142288148 -78662310
265759060 -683567292 -155559364
922769759 -211374989 -526183065
89914929 -232849434 -852389657
752297684 -85103164 838583659
-731885221 -306824748 216767516
502108612 578694201 -655867240
-690202320 193691187 -883083126
106422254 861653352 -951049080
672752459 803231599 820386065
858989184 -982437234 -362732118
-22178832 -875983521 -412881295
-48198743 643234173 -628170968
-396896523 682375340 -773797316
-411245195 -213696365 -177034706
-391211233 194385688 -742150238
597387351 281772489 -899253913
-496299929 -446904282 542369203
168824832 -699779154 618463042
269848347 -435975092 -751780835
88285917 197315486 955423353
-378845382 367779637 393040874
44979299 530020316 719160009
-73454649 -703788478 757094009
979363036 904820963 -296637429
915914343 930842667 477315614
-427918857 -978295522 -668821333
624232635 920442203 393411768
569655656 425814726 -484904770
432987054 -109089284 192049539
522807477 -159575652 452983099
-917756252 730114083 -299300133
472401294 -495804559 641261225
678279976 997622651 -537906257
-632238112 311171955 113855165
151571406 -601672282 -364314444
-478241617 544714867 -245547838
-418771420 -453094993 946539202
-121175492 27733430 -480307455
425277719 152609982 69350225
-522397328 596613358 322335512
-432119059 -619283189 737229114
-65273946 274636378 172081197
863912597 893466409 298418625
-394320799 -457834408 -613780946
144721935 919774955 -230943467
-77460966 -358493434 964120857
663833774 -850602195 -972724017
480155940 591369767 -947549658
895774192 469231753 920012384
-987716670 196950345 1214807
369008138 -157326179 226750092
807443542 734416524 235876230
254186278 -417816616 -65558353
-251481046 970121341 -815102025
294941898 23555369 407521173
-359033451 340895043 -724505581
-519075076 -488703478 -577636408
-284978005 873233084 854447352
-633488673 -569013711 990897956
-270288182 824245929 -785239693
207326855 312776096 487736298
286113227 -216006040 379437539
694324569 128110798 -113412095
-227951352 203472972 -800412013
-357681054 -789153118 132445946
-100259819 -325831848 66020493
-688881932 -302919765 904926461
-772189437 231928141 -312057295
316657321 -551478562 540755130
67579551 441924285 -80281952
-437113028 -741763440 537267696
-970903397 -953077816 -54867335
-462795201 -334324090 347355489
-961400205 141684800 -960468823
-779649992 560621855 -710337075
955174490 -334418790 -753776636
-423561737 -505820572 998260485
93506642 -303344140 -977432895
774573001 -285878018 580286774
-694083759 531655021 802173395
234958651 -306066366 106827061
-355429597 -663273684 -21192251
-65426336 -399410974 -708936318
35320811 485022623 680181549
-252308296 653114112 -279575302
-323597724 837388857 611604963
421607264 -230508292 -960361979
643896746 603212111 -860368793
934024358 -503064020 -132994443
954289730 267860552 -762566713
138655052 877803513 -530376774
939625254 518294169 993284818
974681513 -882102912 -319980598
-181619213 563280299 876950160
65626515 -835697378 -63667011
538071937 868945657 -135789341
-234668837 -251062656 -701717403
-558665874 192387039 822846042
951139640 -142738804 -10596594
847089110 133080452 -522369286
-311380443 90975705 -789156022
-187575867 322376845 629878825
709756373 183915495 -91914719
941043283 903430436 -189561092
-93201502 361838535 -59596123
-306381100 -473803790 287705184
-524824793 -214586892 804723885
-412428251 -101728771 172427325
-576812518 -306389399 -356348356
250449645 235496627 4671722
-810447359 74035500 940959087
150574652 290765481 429822253
468724315 -702868020 668450345
368842238 603968573 319274522
933514301 655276467 769482535
-364132549 -279699233 959030959
158138996 902076523 420777543
-324482174 386311419 -468546514
630619996 491972915 -237610143
610620247 889752747 100195346
828525746 -272438122 577441007
693317395 -235561826 -110751293
-705949919 748379638 -598057260
-293770678 269442996 -143207900
-634016597 61145513 -268552968
-211946428 838999334 -959050472
-368996486 -571328870 737304650
265638080 -259667612 97377699
-523088486 256057720 -622954015
592609541 930149998 688967692
808755532 333720532 13628296
-354010156 857142111 951765443
399184304 398504321 540136754
336752817 581013352 -697279181
-558595001 -846532127 -299902562
-898850415 661755679 421200481
405596170 920772242 436749026
454191748 411709978 -690822567
746613654 -907346851 -240576184
266748025 -535094928 -618063005
391232800 780660732 -232774567
159876523 542079466 269711190
-367283390 -265603734 908590904
-13206545 172287950 54285234
-591291443 730846061 381524205
620895281 714109511 -508057492
-973281779 -256958612 822594307
-145562673 -594917520 259090684
-278709037 3914605 174241976
-857171021 -248994587 -434032403
-699740592 -645696351 -697294521
-389578982 444457999 710664833
972479445 875559920 -481847707
-340811129 -687540451 -603875107
-321007321 -212613433 -687265002
-288093416 -483854158 673367082
769942823 183128398 -766639719
102470600 -547548761 -924961162
821955136 -262079779 574624884
-118064230 -37293739 -875813834
-96208984 21954195 569336931
-807471126 -721769479 276211521
-191865638 -668616104 -994753237
-905175057 432366402 441828345
-399026105 -667093189 51967918
889495669 -314151421 -131342353
-422559002 -704562355 -733616092
-849981663 928677737 -390729919
673160434 -485114748 541338831
295556717 534414240 824204944
134751052 -99176005 930929220
537849755 -672052955 -897792700
-45796072 343516813 774551718
-117190426 -530070667 -40613189
-3050964 -785094691 -279767746
-304927920 423864631 -122953612
-220893205 -120632150 505726709
-256672557 -378566689 226045057
-854153937 23858254 -140534311
767950514 422596977 269693359
723266903 -946989251 663616456
25308210 272928890 138300581
-764141093 -641246265 -691689401
-717242115 580127058 722389998
765317016 192661403 -728046736
351324927 374776588 878181969
-4892846 -933328978 959195376
325853994 -893117637 79114233
722869017 -968954953 -961004248
-492350884 483214749 538647825
-544136932 -420142414 724496329
90974155 -132054626 -773309099
-769668333 401882286 601232343
163539619 263477802 641211128
-241571691 170172979 827569065
-60676772 991537848 -865727481
927735251 317675243 -547292941
604759127 -192725264 542974356
-313115306 -302925479 -145372896
391109716 -107964507 28834016
-646353144 131236186 -967693697
-327122358 -28226855 344889007
-418432396 169764855 -653294973
129758924 836382340 43249551
328171847 -48070414 802284242
-259256104 -697979328 556942636
974518253 759854880 926443478
-636691167 299272879 -440983885
834869287 -273389315 -309869560
-664001951 470093052 -493950431
-136007964 -39166566 380993836
-86338196 -816966158 272246839
808680215 981017045 197013479
-226865666 477132202 199297131
641735328 -659972919 -214524802
-598448129 413296103 -201894196
454833269 428634765 -508288196
-654143318 -825938861 508428271
-194296655 -805721641 478015713
-957217371 56042623 628162028
-621655955 281299502 607309928
-502355065 625675761 -66832328
240976274 -286519364 -661748695
438681537 -415176982 -904571840
-360340831 527367595 -39266168
-582356852 -124540456 735640426
661427412 -402718918 528701248
118813872 -63246586 711693776
-490745565 -659266438 -495430084
864682589 -849263082 886824746
435396156 -339488179 -682390888
-920325290 -988970343 43039140
343378821 472914663 740689359
24713129 -523232837 498730096
-434452498 -714149615 84914414
-68348372 -938718368 251652299
407747467 -800605462 424960682
-618413810 -628696323 -875435451
-148050423 -592530412 -697957260
-735161047 -407221410 -223110572
56453196 -122247383 848375945
483319818 -828691258 -396268633
373354016 916912413 654653334
-151462685 4409687 -962457032
-549172638 -699217783 -34402010
911235230 -24122219 -238851378
-23403545 -222576784 1146421
28232864 -425467771 -935052459
-709773442 19851479 759822102
124524009 -677947791 -737300511
769710405 540233889 442903577
-464656742 -981169979 -780588550
-85241179 682994081 -995880844
-832609995 260354152 -190568967
29812159 575392782 -429473770
760029319 -947573968 903868577
558489463 -787437593 756717602
-581918577 793533308 -499014191
-171598965 -861186389 984422005
-559768090 294685048 512931038
193899073 -533628979 -558454033
-514766663 715582243 -239210644
-190405872 89947626 -959821735
-341335246 153882848 424615711
548560597 -366424096 11321761
514880776 17745678 734124581
905794732 -947751665 -86090842
76363913 953864361 934450214
-242731189 -378584545 -810722841
-910035646 144289026 -633886220
-211492814 -554938646 94501042
-268442274 -74797852 831022683
-703608979 -498930696 -920376106
-889662682 145127805 -103019449
580071378 -317874892 -202223084
-587302439 66794784 886260649
-70426269 -592115289 -377525097
673292003 363372310 -665835896
402664195 407018712 -139872869
-774439691 271490323 661422800
249981950 -6289082 -43696595
813689213 -590783037 -192798972
-115155899 -479904575 -789237629
-215463250 -430055902 89538600
-470994644 -877180267 -133714357
183574694 -162832687 321301452
-573279019 -933745150 264273120
606501722 -926771653 -188766443
556491353 -188384027 -549922517
-694615117 521861750 -244792627
600082622 551068549 824727699
593942658 805414332 121561455
-749090025 881353213 -294100466
-868889490 -155043754 -179559279
-795707370 -260590997 97705193
720571543 149567091 -481375084
-770829644 -473823715 -701155362
928480897 -490001602 945760411
352333382 694703028 -903122277
542443629 -788020303 -147231915
-910394593 354028689 -430980787
19855623 -678029395 -307706740
-354585202 -663360826 542189767
-179146950 807274338 436993736
-889174756 -333623869 -997266206
711566694 121986586 -506115246
-208552266 -717361992 -946610473
-812529000 758428697 -134810013
-138877785 -135815795 302141229
-319183503 513349241 -398427729
-385939658 98948414 -98621988
-745447258 588090845 -762033125
350748264 -137042929 -509443326
-962117738 -916201292 -507787073
592099168 -431718123 971190642
964515637 922038817 862947412
423648478 696612626 30971500
-685798453 -61669382 605555558
779166984 -690939427 98334621
-72495450 -939876493 -130961818
-662758121 -52796720 -653394291
772205410 -612582253 299232325
285777054 -1647171 -442760522
-681372486 453032595 794802390
-360680803 42520448 26768770
-580300749 201644909 -623117151
-599765598 -523988459 218029260
-159510577 302433009 76334475
-691819457 211128136 -969734051
136664362 737824575 581840757
63713258 -503000685 -506189161
-512404598 450162610 -246620445
-502894964 841253963 -56686710
-206889367 995174989 457181843
-345867444 -998303181 407647330
436869454 -330848786 989690356
375278835 890583291 -273526402
643450237 -808911345 7535049
-174335839 -862885852 817911350
478187160 -196837249 -81706073
865092095 -416188289 -536981111
522782234 218443183 -849071958
-571474146 771672819 799825388
-672988158 387072832 820319619
309654837 -88907285 521324955
759026436 -357509030 188472514
-629635556 -947993357 -494028809
948157081 -951756835 -101653812
-322867077 304562263 267601332
-350418444 -330226608 65146010
-815963009 810974875 -261388092
180922968 -984090175 743118308
-206333402 26112516 135565893
-697144766 -594176358 -277388271
249771039 -776143474 724341805
-178167619 937824377 -243705289
-516034454 142236736 -81492624
-94790382 -835298749 -154166270
877667193 -53611168 699830746
668096512 536026696 -313648629
778264064 -988123285 177153927
329186953 971850837 646538443
545077480 -140491764 -745589972
-429089780 34941285 375689927
-262977793 -165403519 930329855
246311127 -508094742 -201656926
-884879696 -894771560 625818822
113132666 -17657293 -52569313
-87096113 573787812 -706238767
730468520 -88134970 590455824
-828210847 -76209224 -215591809
980584274 -481812349 -42484260
867289643 72684506 428038668
290173971 -277759019 373470244
-994345695 747059412 -407446696
-74979234 661431856 -248493987
-174147433 -209068462 937543063
-386223082 -253901786 -830190221
595373968 388619306 122832033
-402664079 -676764919 -380464477
744947394 626341011 349631252
5309200 -315631613 127008327
826973596 -157875758 480306303
-500097101 928579100 -53806371
-610555265 -637861693 976851731
-147735225 15722328 -798316079
-78347827 -878463462 67625084
-953199307 971555768 258086311
-847349801 -80706018 122770432
-277732535 415828114 -927501899
-962680484 -839120936 -852503203
775109820 -719072131 74424487
594995239 -900570179 287693721
-636859461 -962984224 520283658
-537547425 -614631536 119891115
-156011844 992685882 677872792
-260752675 62584934 156008259
-652050378 689031598 -195418285
-683137926 330328589 46283312
910216152 -331358342 498157557
-229769003 255492974 588308444
528613174 759715655 316169572
479084806 903280970 640269960
-672516568 914778310 712273271
-890572968 -702479664 -977530611
98230595 824936452 309636061
611309864 518921922 721415215
785423720 469476867 64091934
-701012682 -566931697 -773192559
107275773 924441650 -519462033
-57566235 -945280751 -802980189
491415802 -21004099 185267917
193343473 340691727 -179477494
840644928 -569403400 -552528490
-607765579 -603021273 149770620
100518429 -881818916 -487760973
774188692 -307535333 -66265392
854147806 -890744857 -891918469
826162637 -961898425 328694797
-832066624 -97658381 305397442
857763856 -459630860 -864833039
963665852 617433762 633773606
-877507715 560246366 926757253
-206369723 965336287 -391884713
-760258075 -119611911 945607928
439231361 208074068 -643726345
-328758968 -846513168 787830508
510564331 -246304000 271611372
-867791571 693108190 850153384
579852390 -731421408 547663796
708187698 -339576485 287585035
204397957 642299172 615573143
748458529 -868926329 -217318575
328446513 671288392 -564636801
-837427667 780074828 425824047
-625212042 -361982131 552482252
-659403623 376655434 79259079
-318773001 -339217041 678133710
189301340 -734432826 831440263
-670083769 638425130 -276593304
300649159 -70114090 -536529288
261471355 942423648 -574559032
253263270 212337672 564872805
410444289 -820923490 -362157667
734914292 961814315 104342763
17253585 -463640045 -104631619
594716830 992620170 -78266893
889842270 31949714 691532609
908476760 -190096267 501871942
593535803 -73123903 770519078
742964187 -554300091 -178817004
503732111 429707816 -284802382
781375382 73742392 -900880344
-54206015 -423704502 -711872227
722219666 -976762599 723991879
-556804635 981262330 -648888631
-700894244 199819088 956470871
-117192920 251096410 110511368
-122621690 -482227766 437658769
575791505 -69786288 373908381
-991092038 286074649 946791481
-361021351 703579115 -426521369
625147093 724264959 -869394509
442875180 -55178683 -507000043
-286186880 -521585342 -400109495
231204724 -467395991 -809223736
-475528661 -976154853 65195124
239410684 -6188952 200194301
-439891235 -776341357 771261534
527740807 926037535 683845263
-798277687 583775392 -926419289
-744682741 -102679933 787395103
-641519255 -851244859 138205215
579237044 -478192569 -862618488
261970042 -63286055 282737045
-194417103 -339804650 597991966
697936484 -862153884 293093098
458287021 639114514 -145225931
214934171 -620865394 200572010
206065020 -137750094 313739899
257414802 -11758580 -276359042
525883333 -437087807 94389831
209588306 470697344 -698154351
453266060 341572772 752347130
-276770063 432559461 790884742
-455986884 255890296 -109090059
12779763 -599374589 -75494253
167896686 -236449253 -174363073
696705462 -220024684 417353068
-107644137 -96851617 -648213507
267510084 -483322426 -939649725
20888505 859667007 513739921
397095257 -249786223 76062709
-956893431 337448620 762228086
83315984 927280324 -535658654
781948263 492479996 -410117719
306019554 -401652455 -728666375
409953234 183103703 -810238696
-701407475 -826892104 104580453
-63088050 615798046 551049559
889888788 547958554 -932721952
-580183036 310558752 -253363693
-199065866 -60907663 222030638
-306780092 481115596 983373887
44699964 488042818 -697343064
-647881550 152233269 154035728
736531068 -874269636 221144324
584849488 656473790 -278501297
931248877 -11378168 -657373864
34861341 893516940 328359640
-677156744 270089844 -180982043
-936891245 -256833984 126259948
781932618 153057863 789228469
841202447 315223313 -310818270
630969347 408799774 28924012
586018100 -126643689 404155713
320633467 -144431502 803534840
-302237345 -88149980 -860378535
742211787 521594878 -479908374
-910927589 -889418308 -634664994
894646239 347837759 528335166
25285481 253912756 -705366424
