1000
86561190 75001923 -71406729
-70798406 -70548 -79203308
33559496 -53102994 8004108
-48888248 45849114 -65740556
84917072 34438740 87954573
-72815595 83741544 -57238242
71579555 -73013562 -32829566
-49775466 23116865 83813048
-49722657 -90767259 15697040
22040759 -96734164 -61288219
-47899823 -46514268 -95245148
54540755 68834924 88114667
-91762064 15211584 -71312808
16477395 15764670 97343935
5509895 31346851 -50991085
-16279988 -61395150 7780856
-86021809 45918131 52439285
32378040 -79467632 57625952
71392311 -28215715 -92926494
-82829038 -24558571 -75176749
8516479 -950417 -19575490
-86024790 51407393 -25204959
-62539363 60126682 13004763
29335629 -12400503 -59931244
-99331758 -79840765 19837531
46996123 -16441958 9354253
20041656 18259907 78971574
29436485 36470323 -76699757
-6444698 88206427 -77240952
-26829703 -29069603 -33944681
39017185 33413608 79763562
46243362 -37567267 68221092
-18377167 13185744 -552687
-14950868 43844227 -61510179
818240 76695532 25780904
77174593 -20038382 59574966
79292360 -17504022 27123911
75750526 -33629792 -12693444
-40457234 48378679 -3755235
-4798143 42481764 95123158
62906610 -27906417 16573425
73838788 35520518 -65179020
79621421 41137020 -30180423
-90664090 89960156 73447545
-10222492 78501875 71462842
-58499045 79352005 97444389
58065929 26640257 99531986
14242229 -43499582 79323961
90269818 -1271005 -78315348
68991474 -85620043 41515435
55298257 -13065074 -53013891
-46503423 32816551 30671443
-5877974 -85384301 -48206763
-86403113 -53245709 7839119
39364251 77638713 -83172805
71443564 -63081542 -98524435
44708502 -99862790 -54413450
10558206 3508218 624709
59075488 -77267628 -14137570
-21944344 33527825 87981068
-16459095 20041668 -53570093
-83401138 -14822751 5472742
73701502 64261208 -74022182
31658586 6344236 53121150
-76910897 46505247 -23133153
-70323435 -71376171 -91612806
49357639 35976815 13941765
90211358 -79309802 -66720518
58988610 51990202 596551
80993608 -91700115 -86382025
9766396 -42679750 93061080
2532268 -57837726 68882928
-62805098 -69877868 -37322816
35232417 34095872 97446316
-58418168 84846813 -98266001
55653793 4053897 -34734086
-36033118 -1773456 -65905617
-1402338 -77129135 -56297210
27004208 -48206099 -28351233
1136993 47038158 -81664160
88433538 76193296 -8817672
-60151486 -511572 51620948
-86179288 64268237 84615331
-75733294 1608952 26992379
45283454 9943348 92079736
93728844 -93062635 51874952
63576761 34221508 59415621
89597032 6734350 -70934940
-55375448 -47899923 40632081
49653809 -72624937 -61336801
94065345 -29088918 -70145151
26722128 -36257062 25499547
63000480 -15260287 23489881
52097371 -18343558 -68718329
46030292 19277480 -21747
-25606181 45934589 46589740
-28705823 54695141 -73103099
91316155 -75892119 -28151614
45867481 -94055700 -67802520
7682397 -61480327 -11877068
81513523 39703635 25763439
9921425 -34981712 -921373
96578086 8401908 -74331242
72458230 90848346 -81036337
-25214030 -19586514 -49623263
21511069 -62801118 -63578980
2498048 47130920 20683426
-33463215 -11293194 -90451211
-22250456 -71409972 -20933215
78474059 41601088 -15312883
61321817 12942918 -52460802
92609795 67809169 -30144233
99803655 43949033 -55966443
89262415 -25537470 -8629961
-98241406 29388135 -53226315
39640574 19669716 84207729
-90713263 -33193510 83377756
-6074661 46359945 -93516420
-29303565 -92936145 -479404
-40040622 -72038958 38966015
-10211910 -90610597 21415771
74115432 238193 64677876
-75174902 -81585874 41344119
-52933861 89592233 51452243
-4135456 22239834 63731333
50315564 -36705945 78241008
28966030 -78915218 -95826321
13665206 26131453 -44491603
15270818 50026863 -28482088
-64391138 -74948009 -89738620
32351245 -46395995 69317688
-92272254 54737784 13198510
-85756193 57419756 71849806
53440739 3006238 -75262697
31312742 14284534 74929563
-81299515 89711558 29342311
80957970 -93169994 59959388
76002091 26965265 -90003610
-17477459 32347456 78461334
-83638826 23806132 -94483691
45114746 -36926032 -24167604
-61473275 29197125 -15433971
-58020835 -35746751 13342375
-54114867 42394728 46664543
-93136862 -83788998 21038069
65944253 -72094846 -84187539
-96158618 -49295259 96930816
-67482836 91711417 10170515
-97345277 -16778801 5394628
8953539 34753743 88107283
-73488469 -11132587 -23938882
-27634223 -58321381 9624774
-77073582 -68539113 -8038342
-68526423 12185780 -30624259
-59719686 -26938642 32896567
49608315 86952608 8659180
67065249 -6010612 74497391
-93511415 -71063275 39775249
-83671699 66104186 56091765
-32273218 -50303528 33588688
-11603291 605412 87717565
42138051 -90878060 -58389881
61365728 46058359 30521406
81717426 30028892 25391389
27033951 62743135 -15405247
-65422916 69939335 -14933332
-90970555 -50562666 -33324939
90553182 52248882 29565857
-74763135 95943108 67921497
41613506 -88432419 87039724
-4895467 -27145738 72905390
23872762 -3156671 -31084
-49593503 51954811 37042201
4269825 36796573 4670680
61651461 47689818 -37570628
-51441779 20754095 49504151
72889533 65175650 -17401902
66067810 11408833 -33970114
31847105 30318299 -20920906
-93680149 -1504060 51051230
76519573 18841536 65920240
-51957882 -21535263 86450700
48727320 47722235 89903169
-52823757 -71254424 78099287
50000722 -25146031 58225310
-82098378 20335866 -71953080
-82014444 30050049 28771924
53093100 -70019601 -32580073
68001125 77252094 16984996
-36867123 -13376300 -34748597
14935372 39057971 22510283
-26243542 20468199 47494173
53889888 -87084979 -53293871
55568724 -35219091 16073357
-58262200 -9457202 -38523986
40611504 35801890 -68728099
-48714002 -45067779 -1178242
52642188 -10351387 -78413677
91007394 34110681 44016214
-81987446 34895878 7594858
84531956 80773532 33317049
70312504 -8064663 -69579162
-32297725 47335605 -5986374
99544328 -42181306 78858956
25845256 62643465 -7267216
14002864 -3567375 55743207
31506997 47320613 -93285834
78806712 -66185555 -16202345
-92665121 73919647 -32631677
43274450 76167047 19354196
-55152267 -95676602 -23635487
66592324 -45950345 78946162
-78556663 63602435 -30618096
91130628 -87670844 -29794678
-30075413 49783176 58266896
-12913060 -39073639 97215520
29545175 -65008171 21424023
66617409 94800900 41778517
74370774 -14510321 -37952011
-81142700 59163393 -47570099
-52802499 93553412 -54906042
-86772651 70119046 -51399920
99483257 36708263 -78393797
82508896 -97354750 -38797583
43935705 -9187696 -49699677
58424870 -55580743 70564999
-50516091 42396645 5689865
-69730507 -20591232 -73087325
-69545624 -66723540 6849354
-63673969 -1563900 -82242354
-2341501 -47307148 94100258
33811073 74382213 -21866880
-68459171 31459839 -49766455
-49374315 -80374281 86866640
-27404792 -55419867 -55769217
49468100 60387999 34827872
90009965 83083946 -91962147
-98416935 -85634353 -94958436
17170037 -68167160 75084568
20349120 -98244272 -26343442
-98372983 -48809546 77552840
-62536456 -62247908 580651
26466415 -4203649 69099181
-35518953 -5216372 86455440
-78616116 -37189347 97876182
34030480 -89883975 83638002
-99394399 13797137 99514002
88689025 53857362 -2435721
-7530525 73316575 10479752
22939048 -47560470 63362097
90037894 -48297180 -84854289
-15871650 62070129 -99127646
-8413827 81735825 -34126800
-60306050 -52486496 92990582
-99082803 -93027910 48499505
68347023 37326423 -76130763
-9835551 -43336863 37657302
-80217924 -33899662 36460872
9536610 -74201078 -30453396
91562691 24398746 77569893
92384094 -68919120 73110041
29915223 -21026731 26196413
93801500 -38398686 -14919805
-7851247 -43116177 78147078
66242926 71222278 -23435857
-25366518 36551118 66766036
86146495 56225437 23053389
81392486 40595040 -71160556
-76843151 96779127 28715515
-51682374 -67980436 -25750857
55093538 25125915 -66163614
62069547 -3500619 -90385738
-11590771 73202473 7170141
59307603 2889968 -7629630
-22934716 89428668 78095372
85676382 1581397 17067840
13367086 7695991 97069005
34642733 -4652534 4383946
94424400 -32725938 -74994066
-44164065 57682939 2076074
-70909683 -33689639 -96829188
-16259267 85325871 -38066404
-88929906 9835416 -16614621
41182914 26743620 -76688116
23010248 83312072 -99689017
52600704 -57779321 24863612
15728438 80125583 27121754
-53746266 -6076350 43100842
42716702 27606092 -83467789
20103018 -32832446 -88313310
-92832845 96249567 94674021
-97291761 18236851 -20705334
-87970672 75732759 -57967967
16311560 -58639997 -96472898
27194218 37678128 -81664467
90117774 -90705011 -31137364
-47202290 26790833 -9597432
-81679405 83647377 -52132207
-86947899 82753120 41902180
46420229 -66952207 -83994331
-56737107 -9581585 36628265
11332720 90560269 -33420127
36908961 86096982 31189671
-452415 -71908606 -9199165
41663926 -43306921 39808733
12241193 6656407 -82524542
94409804 -67061938 46507680
-79745181 -33789683 -16034335
-73961320 53073855 16869773
29329940 84577400 -26821641
-35142320 -21952858 -42744121
86118163 52443615 -13742496
-27580446 78044430 19441542
-61555268 -7970549 -11645400
94839738 -13062292 90145653
29673279 -60948418 96381992
96552057 52815384 -7738719
-58977428 57150488 84300493
-60874266 36515790 12246029
18074450 -88713146 49791089
96738443 94653336 49574415
-75860264 90004638 -94380674
72367810 19730421 -26436312
18725952 63161734 78273804
7969029 36820870 -55683825
-4336282 83526012 96760229
-61035741 46627472 21732040
-47534584 -56185895 -61275916
14907385 -57959591 90078380
26518803 -9186168 -34672142
6446572 26623880 94580490
52207557 3901671 3127916
12309005 -25205629 -64884808
-34210659 78006303 -42293341
-97317226 -21684817 -19361337
-92185787 -15666681 -47555020
14313067 -11124944 61434273
-61332651 -3649555 83955722
-26601149 49912858 -56676614
-20160852 -54607455 -79920574
2773100 -36639612 -67599621
-34961691 -89955974 -13752425
-40978351 3101520 -19540200
-13572684 3744385 -60305135
36826409 3917089 85701444
-66208585 -86653447 -69263307
-21016813 54467643 -34632348
-21335340 70117303 33569054
42180631 -94833129 -77227399
-10870638 -54749270 22071101
90295805 -60744765 30127130
-30064596 -19564340 -52574914
-4405628 -31096702 -28803711
63870358 4938307 -88554187
5542252 -84694776 -61278762
81878113 -14528332 -34132585
-60773313 -47130709 35618277
91644577 71633037 81677058
33148243 -30804121 79510421
61180121 -90002828 -69293640
-70274071 22645245 57579429
39589374 382604 28081502
-26956615 -15608635 -82940210
-79369649 -70605491 16293260
87862530 93003948 -62360590
-64837737 85569111 20885422
73919638 23947877 -33822493
53905300 -53461462 30420335
-8810953 -57648235 32894146
18048058 3734820 -74966998
74464655 -6850827 -32137154
36391797 51452624 -79926406
-2974407 62548436 -8445121
48653758 -53466494 29717507
-41496580 63470083 -88131909
47311436 10640079 -40792342
58178358 219864 63480043
52961461 -50494261 12342721
-70497136 -69545212 81047023
-14572763 27659085 78678540
-31184192 16536725 28996301
-90398024 49582096 -11759621
-96932661 53141621 68022941
-49106139 -78786309 -23427417
-16915142 68063323 25328507
63225005 75179354 50271013
67360662 -16713087 -91937065
-66883308 -40139748 48714849
37129975 53510744 44989311
-94222885 99492461 -89186153
-94356347 72214268 87830691
-38171400 325841 47033527
-34329041 39913494 68572154
-49049077 25946889 -68956974
-91269785 -61682799 -2512689
-61321202 18519973 -8512846
30768430 56536215 26388962
-9532027 -16532444 56862152
29703716 -21468774 -40821133
69168435 98468273 -16054368
-6352991 -71962619 54817485
-24965661 -21522131 28508993
14236104 -92698092 -38036635
81764389 74780726 -57182888
76039051 91343585 -72621731
-89183841 91203783 63726206
-15788599 85364775 21302719
-86994969 -90663616 19360049
21873186 -15924721 -69808737
59685817 70025049 -93978389
-85539635 -21789698 25040953
16097893 -10247632 -61138371
43136932 -18550321 -39720790
7972247 55698034 -58493820
-88970650 -61891347 -77041087
-97418700 -75371939 -65381239
87897621 40057575 -10189004
92285959 -31118065 58636468
-40434942 50390476 75795313
-69737505 -46841378 591024
-67148147 17821442 89207071
-54198890 -91873817 99890050
-28282601 -88122548 6160838
-5912528 -62498018 -59714106
52635979 75429931 -83819426
29791944 -69419964 -93762580
-72377346 -7200891 47424187
-14062356 -1167194 -85079429
-95419507 11141433 97506470
-79689950 7850380 70118168
37972575 -28254068 -66588315
11401749 -6983518 -6438802
-30183901 -87434494 89999677
-70284168 97412886 51498156
75942277 -62386671 -5872906
-41554707 92712549 -50198832
70120559 82721023 -61439793
33838929 -12125382 -6024836
-29759944 -61927545 -2592715
-82856101 46525228 76890418
-40435195 -38223445 -35397491
47215015 51918754 -5474457
-90267235 90218561 -74332993
83954719 79063950 94501530
-99706440 47235460 74894036
27369314 -72658787 -18302098
-87060534 -14222615 -31675781
-99165707 18323674 47406953
-71626014 51799856 30452885
74278955 -78245982 86516059
11789686 -99157056 -1549047
65570114 50647301 38991160
66698701 -94712592 -67410262
31356043 -89182973 37307441
3382601 -36954611 -2579871
38458896 55997355 2954627
-1298567 52603796 40597954
-34714858 -37095036 6214548
65604085 -10949141 -29473920
43742003 -57919249 70564459
53434399 -46329553 -86104698
-91808443 -62829756 48939279
54911946 84271689 58868938
-91135039 -64867507 -81313994
-92544706 -54523804 -66670375
-77294272 18656692 45617015
-12816177 85395164 33950360
75303891 76554036 52988754
45271154 83190605 -85480802
-77363022 -89991875 12870882
-75566664 31032152 86550477
73764634 -4820124 -20337194
-3549819 5325371 -84337820
50995271 98288981 56719717
-19401065 -86475019 -88997089
-66752828 -36884035 89071619
74361080 56630136 21166696
56514535 80887654 -27038779
-6162527 -42636230 16916262
25437831 -34695295 -99186053
-2712400 -15393872 54150563
63823386 -75299947 86871132
-54519543 -46292657 65358028
-77789465 62125673 15385589
12089397 -81172750 89679878
-51879834 -31873969 -4350690
7930358 -97165538 4475910
-76428273 -78785543 56536777
25488782 -44350031 -14871338
74348430 -764450 -51666474
86207072 -14911582 42292372
88995164 78617595 28228138
57568474 49716994 26195436
79175406 74114921 341476
-56394244 -77299607 57277181
62045628 32722884 2045951
-40995369 46982939 -33447394
40268872 -2925256 -8861337
51093322 84422436 33551141
-39564680 -30090709 15154001
-24438361 -49140189 29247919
7735082 91098677 -67860994
84640794 10406404 94935146
-46798893 6806669 -63860220
16100121 -48587873 -52353427
46014703 -1998107 19047637
18403177 -91286814 -74248089
85754500 32388925 1283163
-90264452 36901719 -68867355
-72718318 81586909 48127664
-21956181 -94030396 55880247
91977610 97925123 -33184252
-6864290 -94457871 -31502372
66570210 -7398176 2561537
-46693770 33692265 -15211341
-25020203 44548547 70132300
44536992 -74063679 -34539079
44905686 28111749 -83030432
36214689 73487870 -79538209
54546127 54282586 -54550944
74122262 62865501 -68079588
-47952223 -95428149 97643618
3039127 76780291 95457285
48067598 -78933081 47901503
95959995 -68466605 -29545193
34574177 -5873477 -3026445
-93622781 -86955687 19953036
50492355 -31463410 -32930024
45350514 4263925 -97139670
-26179971 25708309 -98659760
11444149 -86126976 -25108122
45297654 -2979285 98916458
-44149132 -94446349 -67737689
-13417137 -60151560 -14038422
34603754 -99998377 86278532
-5431954 96901818 -50787780
91399470 27218966 52202691
74949186 88590287 -53954272
-80198026 -16563816 14327332
-14056788 33524910 34480573
92535255 -96759623 9160625
-72361423 47707752 54791359
-47320156 -45469907 33423142
-40947986 -66120151 -39364986
-78219389 9088051 76539131
24203730 -86204249 -20723379
61551023 59558416 76610143
96306687 25689477 57962862
-8468903 45613406 13465141
98348278 -65208609 6446946
26566799 -40515385 16372736
99786321 -63578245 27651544
98010583 93380579 65169507
98785544 39191969 34486465
73323277 35483189 19747013
87781383 -81296799 86000245
53959822 -84134912 -52165082
-87566281 -54513364 84546352
18172708 55904485 -30419900
96203271 -38200529 -31696891
26826708 -43043234 36132685
-6020214 -85712893 -49062824
-54058910 58783901 -92788151
-88815317 -12466380 81358550
-42698521 -3803291 -5991066
-16780027 -9871324 -74526666
98551109 -99215968 -68891389
72864929 -65197074 37070665
57827071 -81653676 -92969777
-49999219 -15307336 -56433202
-26398230 28290968 80923288
-68205548 -99671716 -11645361
-95204118 79457141 77419199
37588757 -93436649 -22132594
98850955 35988278 -95799919
-85642474 3387582 -92955125
44594307 13946294 32528579
43947824 65197478 -9229550
25762159 51362856 97556790
-4634465 28934850 25349980
-70674688 26537891 62924601
91940197 13034526 -96031834
73214361 -70991192 75287250
-45978797 98409055 -17392048
-43257725 76147599 -69377138
88649045 80362040 -79752734
74055680 -81097261 14761678
41600854 15528436 -26368927
76289709 67546485 64034085
26100632 93781384 -3455092
7216435 32230141 -56578506
40966014 -30556474 -81211371
-1925529 4718811 -93241548
64562574 13003537 -42505010
-70964099 -49761366 12772059
36915710 -69309227 -43854403
29388660 29858554 -61345925
68126815 -71112163 35980789
-63559485 -78228284 45089260
68843379 3840946 92734641
-50647055 -46170409 -61135386
-82076188 26446339 -25328146
-65444549 -60671925 61881758
73022784 -13954644 82876068
-62535888 -83725164 -81786886
14178998 -40106379 71907217
36961021 -69423271 -54044241
79169874 -92436576 -35207850
-89280721 -76487469 10982073
47821361 -38040979 -22960473
-94526749 39316402 -68423169
29324890 -1186994 90123551
-69677410 -16695689 -61361777
-1804062 -16781259 -89757928
2156660 -41425880 -19113241
-32405476 -77738439 -10993610
-28548174 -64340194 51514325
38927472 26459947 -45033576
30428450 97230490 96971029
90993980 5552833 -61238775
87062210 -36217691 13453709
-31986172 -76075604 34471666
-87452053 -6688410 -40550247
68877468 -49709151 -69635112
56011161 20016807 -14872524
-22843815 -96202645 65587266
15458815 -46694955 -47493296
25103938 62477151 81066765
42173138 -22405415 -84108734
-16580990 33797514 -62028858
-56238137 90071243 71568218
18540409 -98786699 -10854799
-5695665 -42730579 -61804055
37664219 -56740407 88146513
46115325 25121863 -49421002
-36751199 65456146 43543580
56787994 87716287 10730268
90258822 77848637 83954988
-25686723 143977 -99074649
22331019 79146175 -73522013
-89433611 38573328 -57847688
63633246 -39161465 65811300
-44718006 -21611719 20179268
76145799 -30984853 -4049714
12610232 33951545 6748268
91741430 -93955059 -80164829
19449078 -30810950 84498034
68554529 -65790493 72452892
79480350 -37135100 -95778310
54270023 -74557830 -43762057
68434383 74488529 71916635
-84685695 58248804 -7808656
-14832996 95334851 63081638
-24226970 -6716391 26759796
-48601007 4479335 27888524
69319216 -81275730 82015489
44681617 74901153 67900685
-1656101 -82729991 -21991110
-6946160 78942653 -60632254
66492736 95945297 74782404
-944494 89566858 72963185
-6342813 -89095075 28378391
-82541298 -43517975 57857137
63907216 57947166 -52252243
25001841 -14051582 38687779
-47570687 31260704 -38046792
-57937929 -31476875 58576351
-91386693 -91767037 64117958
32620058 -73204604 -25197489
28354281 -9544482 -8071986
88132708 -51748634 -28699309
73149438 -90777598 81353440
-31462806 77711102 31740218
-2150861 2020079 85465535
-22445298 882725 -49731935
-70533771 -51903137 -34180175
-84112753 -30213847 77288671
62364746 72273000 99186930
-51551790 -45912926 41322342
-57551651 -62381396 -56661615
-67997143 -57594279 -42141579
-61981847 58350852 -83153893
78207285 -28637349 -51353926
-69994814 64312166 -43732147
89077007 -47683983 45098945
60745687 -43374637 -12412772
41705599 36691198 92433966
13613788 4559719 40107854
-57670687 -82080713 -67546034
-91851092 -53019580 1091916
-91725360 53495274 96118460
60844396 60997679 37519018
-68766382 -14577719 -7231996
7344706 40032274 21307826
-62718851 32517958 94676959
-5159687 42434164 -78341591
-14102811 89406883 -46101705
-7608011 -66402145 -77598770
-97783338 -83333773 12153528
78473097 43729354 -48991740
24520162 -69223733 -89248158
-58086189 79395977 3922113
78856013 93892702 -7323824
-67463576 -77368078 77248646
-33802824 -23090747 -45319565
72872091 41379666 -18244933
75314551 26322172 -45529166
32065926 10534940 12509513
-47741703 -55576508 -25605675
17023519 77445585 -56850744
72856594 -42166859 -29280516
81564085 58475168 -60102530
18217615 38839631 75313253
53901327 -16945313 4183079
55597595 -16158997 -53065138
-8625182 21609284 63202459
-23706439 -77521641 52301760
-69841703 29454636 31742889
-27897699 -83902450 947718
56582808 -3956610 -69479853
-29158547 -72563068 1154363
-48112978 17060166 -87333615
90450975 -74118232 6907691
16611710 -37329305 -68425459
-23587212 -85510954 -88341137
-13367871 19603887 -67444254
91448529 -83454552 -55047695
-54903469 -50380121 4062110
31695476 -65977670 -1662403
-690076 70241829 1307893
86378809 -65851805 -94423144
49779059 39474607 -14990666
5302463 32776381 95597728
-91412603 -85836834 -31480214
23431958 35553176 -65695225
-19215123 -72477816 -83958920
16019726 -14566432 37763558
-10155488 88022121 -79323634
-62711123 77838537 -27963642
-62466099 -28014957 72281971
31338438 4858306 88827467
14814492 93471204 -82204825
45615310 13848586 37636063
32897449 88802302 -56299120
89341897 88461464 10659325
79770393 67003065 -43158609
45483826 55579381 17829146
79439918 -26526978 38039163
28782793 58699937 -95796406
-22667474 -16742404 19473258
-44259180 13426753 42595693
-35132237 87106375 -15772337
-44240991 25350674 95217181
18952067 54173272 80549973
7057126 57054401 -30937708
-40414711 -98372539 -63845775
98613327 -6555391 99717975
-6938805 -64105822 -8022027
-53804875 -91560965 36415222
48716707 34031702 95097509
-13462734 16590121 -39082831
-77938363 -93158808 56162429
-94905961 -84674305 -85144294
85368938 93971368 99395213
32895949 -51682764 54385883
-57786962 99116995 99354955
-78452816 12829988 18398730
94925632 -42496447 -56617805
61879817 -94374444 10591781
-25266524 55578556 -31752083
-97392525 -22566676 24876734
-72137844 -90300634 41572844
-11995836 18232365 31646147
72807244 -55511555 60702330
62754253 48956787 97127362
-90157566 -10362093 64542136
-17968115 50591297 48813213
-59810219 -74781239 -75720854
87140746 -40350127 -36655933
42992116 -19743750 -82661689
-6591471 17740955 -61997239
1144640 51960765 -59298019
-11129422 37769790 -74602926
-89715850 83264472 70619983
99339369 -72768633 95525933
-64425999 3615964 -74926193
-96839861 -1011932 28525940
-7996673 -31738259 38826463
-91542006 64970574 40886840
57410624 52922746 -75279421
32141807 13996966 64113634
-45037088 47734876 20356754
-22689221 -44680305 -76735786
-35949818 -64810384 60700005
34051915 -34359578 -94950621
98114067 -61328798 -51447210
-36752246 -93889379 -89672838
-37701494 14510436 -73087715
10910798 -6936231 48053010
49590492 23320844 -82219771
28874550 -47480809 -64865200
-30071943 -84944089 -27689554
37875404 -92359393 37811214
-97654763 -32412609 5658439
-44591967 60505668 -28207308
-82731877 -49814835 96145742
-38910762 -15842407 59996277
-65857237 -8473922 87530819
-23264193 -70865872 99546510
-84862582 69987736 -45798388
80270698 -85273202 73174879
-3127791 -31450848 85731079
16222792 -43036275 1284231
-28263653 -81180116 -2159588
-74268342 1751202 -4660438
-13497981 20762455 97132952
89285512 87125861 -30292980
42001573 -208160 49081111
54027614 -954510 -74397031
-33783471 -26769346 -16839364
-88756942 -93448371 -29150195
66402608 -50217047 -89832196
-91787083 58417153 20184930
75003777 -87336854 71291586
81566455 34720735 21117746
68681035 -72948067 -10971044
-24987506 -30710708 12391642
-41824067 -50327440 -19932316
14036737 18938116 -40186764
-4086604 -30124332 6375088
-79399279 16280213 12613549
10693808 50165433 30247092
-6471447 -83823724 -19000048
27166955 21996570 -26234670
-5780478 -59620423 26109217
77178340 -16574287 -85147431
69880749 -76660258 -71305356
-71586398 77525387 10481513
-95925190 86081367 -99393521
-10413209 83885407 26954269
-1173301 87176063 -44709149
-66525667 31619994 79697832
69333855 60493545 75641869
71895650 38617164 -86673086
64280786 84176231 -59803254
-44763425 72312478 -81600380
-21328779 -21596563 75884437
-4202170 7342216 51784533
54436880 71588553 -14809288
-26265721 21777159 25831128
-91914501 -29791898 937142
19450082 -15058513 9082504
35967210 -61744366 25859225
-37652702 8391011 35777204
-25556277 -23788759 -52140241
42982952 -62217298 88250318
23732800 -13106405 73517882
23783150 -77079205 92507863
-97156070 97195090 -88207078
-36950865 -76099438 11149419
-15549241 -15342689 36170367
-22305297 -61363573 31352251
-16179884 15595109 36525359
-46894822 42819110 86523170
-65178761 -43412375 7192142
14163560 -17614090 -48739380
-37344056 99524468 83748740
-85914535 -16992748 -75815974
-65428818 98907827 -34703207
-73839760 -81891193 5134652
-45088642 30074040 3588103
80940730 98009234 -68504294
85554442 -29260004 -59339507
-76241867 -71407880 -87016781
-22329385 -15254180 -5916752
-37453190 -71798492 -20305176
-55188177 -1795972 59834912
-24216054 -13429484 90436293
-2352561 -49273846 -72888717
-82174447 -60527051 33709233
45993240 -37693665 13592828
-84355383 -46322286 -37034922
90335957 -62560452 6517668
-80261363 -31401436 -91408996
-59468073 -69572219 31794050
-72550378 -23349046 80509005
-7546704 79494455 24888338
89889453 57779076 -45236043
65522219 46652169 33500330
1011757 5198494 47175507
12602740 43559187 54929686
83120929 -64630950 -51647409
28351014 47126997 94453209
98261080 -3137222 60923271
-24011143 6822979 48712455
-77533621 -25462927 40487560
-87137819 -88455626 -90828581
81536327 -1875736 74139341
-39151217 -56541940 -49053505
-38482270 -42591419 13313713
68911208 12649064 46349585
-76433235 47264611 -25909470
74104281 37002050 -20790528
-6807565 50993262 4053189
66530771 -952448 78091642
56369215 53786514 -14791455
-62431544 61457502 -45288791
-83956492 57664119 76114123
1885403 6618820 -56789680
1061517 -43073756 4414542
15820888 -74283246 49320809
-7927916 95341210 -6591329
-37876333 -23805519 -18945701
-26382190 37612044 -30413332
34243364 64313617 12855291
73076411 57518103 -53961190
55929531 -23461980 43911355
-31556475 -8423174 74848729
-45647645 58403841 9309624
-14203158 58503704 -8919446
70626823 -76110834 30089248
-20068008 -47883638 79912097
48053670 98915604 -87361034
50438719 42599647 -8103027
-93167475 67066907 -35460573
-90777210 -87755033 36653440
-98936604 26869760 -4149726
-47612219 -69578747 -21366526
-21844551 3094296 73147206
80611592 -68261190 -30554281
14828707 -96011994 36484081
-35377425 -66546394 -40766307
-30715051 59109152 75989858
7109334 -4265308 35315804
22927504 29366084 12106089
-88753866 76768515 -16154503
25533846 -63736759 -27160036
-73857586 10467547 86084568
-7283731 6903616 -37024462
99858294 45086217 29754898
-93636671 -39395672 15631931
-9630335 -73128797 -31911681
83244496 79186968 -67911355
-74882376 -80912552 -69570919
8429989 46252450 -15826002
-41791213 31998632 -62264238
88660422 57551708 -15514766
-88948963 -20916025 -12164579
-94756435 37837995 -31458594
-37802831 10267106 79838560
-74869439 -6666089 -86120323
-34821469 62695426 82952276
49632614 -60915396 -77389086
44361718 20990320 -54922060
9855657 -997533 8991581
-3496044 -90667653 -34599468
-63481679 5806859 34025200
-46401573 -27393623 -33874765
-907612 69786876 85999605
-90543057 -61581271 58308078
-23404052 -68666133 4686350
24217952 13472305 67786874
28974275 72530358 -35828060
30280547 66958970 -15390924
76486480 -86858136 88873599
55238416 75746308 -7889533
-19229481 7585941 -38263822
7312856 41524789 -83405372
-61226408 59018028 -25855405
76817447 52169946 98398922
-49523750 91566483 38799827
-71011804 65948823 -27733790
91091929 55430654 -27510065
-57459920 -30173858 6257595
-57099714 87706469 -96230715
-90443830 -8116263 64168718
1254480 -56664901 -11838715
-44267390 -27055856 -19569732
123578 -37406300 -70441068
69425073 -58828170 70818720
-26024392 70819800 -6616937
-59049003 -86704417 -77324625
76048019 -92131618 46587258
-62595430 -80443704 -58169280
-9304365 78024893 53405799
11322848 7867779 -63780395
-14625896 3240661 -20149606
42301439 -48623016 -50041291
32630014 -83160100 -7149748
24437731 43252817 -4302670
-14976941 -79703245 26751525
-81978302 4459764 48883443
-83316913 6157339 -1617603
-31119291 -41050000 59547187
-4402771 -47779198 -46206257
-43065572 62419902 -77011718
32464329 78948122 -73412795
9821831 79107075 -50074394
411082 -51496084 -45610288
63575223 71120148 2103719
