13243853 23814100 13243853 23814100
61779699 -28466828 -777332235 358178877
392768751 67920117 392768751 67920117
549993644 -176510796 -288957935 92735973
No
309710967 -409379366 -259352798 342815383
38395281 -200755541 -109486740 572467977
No
No
10078393 825322303 10078393 825322303
187523142 42994175 187523142 42994175
436438821 -426812266 -481556145 470934433
No
222979662 243529940 222979662 243529940
131826299 58232951 131826299 58232951
28960510 -70058070 -23244751 56231111
347987964 243742271 347987964 243742271
412785243 -73872406 -27260704 4878597
No
No
33523145 92905318 33523145 92905318
19859804 -155102421 -28308549 221085962
182076474 -178742561 -540227672 530335830
209717382 -12093960 -74694005 4307446
56128591 12306042 56128591 12306042
7147658 170951981 7147658 170951981
26280143 53137349 26280143 53137349
19028544 983391 19028544 983391
49411363 192325530 49411363 192325530
No
33188095 -160190972 -928352 4480920
316104425 -95963530 -2898704 879995
1963076 36105175 1963076 36105175
35184591 680685789 35184591 680685789
No
388315260 -37406589 -291014574 28033570
38774073 -125280889 -242725137 784256532
262429289 -254442015 -730490870 708257717
271001599 -4334462 -682804638 10920933
47245770 -194240488 -184226698 757407161
No
164632702 415396333 164632702 415396333
61179932 -234112791 -72017076 275582502
593484402 25320636 593484402 25320636
No
No
306274847 248891730 306274847 248891730
178576809 -17035357 -182725762 17431143
2344753 6867196 2344753 6867196
88811800 -760091 -212606841 1819579
95067999 -812776746 -1122350 9595441
27188053 14993134 27188053 14993134
No
758193337 658544032 758193337 658544032
197239553 92403363 197239553 92403363
25823425 -375000514 -535651 7778557
112197346 41030030 112197346 41030030
No
No
264194797 -32239319 -623468875 76081030
No
610522607 8291961 610522607 8291961
60331174 141679230 60331174 141679230
No
515810463 -651961936 -251741667 318190491
61347564 -71310484 -433222253 503578069
No
385161449 -74723554 -425057022 82463529
157262520 -192805999 -536230019 657425331
361419534 425814632 361419534 425814632
212103979 -355800961 -61737556 103563743
No
69929314 118545794 69929314 118545794
264576163 -273032559 -25637967 26457408
61518372 425480390 61518372 425480390
670339404 148675751 670339404 148675751
665448940 674541053 665448940 674541053
362276197 404000638 362276197 404000638
91944271 379420522 91944271 379420522
444129169 574827927 444129169 574827927
No
144541047 -201164785 -186631741 259744446
47631529 28108863 47631529 28108863
No
367655168 -424133783 -423264707 488285975
No
43665382 74678001 43665382 74678001
No
94311711 -174406747 -91595097 169383024
502895490 -144104553 -135970803 38962394
47163893 -20168172 -323693829 138417609
No
279473178 -502489648 -131516949 236466006
19633784 14125555 19633784 14125555
111668000 -389802585 -8136283 28401541
No
259013268 29638537 259013268 29638537
4574083 -13926123 -202231717 615708846
192839247 -84060163 -318829682 138980392
195189745 -60065101 -178395362 54897022
No
342408645 -410199134 -118980320 142536189
186057568 -59885774 -395803921 127396181
368419302 -157291786 -123920507 52906236
90150203 191659028 90150203 191659028
No
370200877 465817394 370200877 465817394
No
268886627 658818248 268886627 658818248
515614071 276882553 515614071 276882553
84961851 -204818423 -276331248 666154622
No
442625708 712284964 442625708 712284964
406471971 -551949977 -103366642 140361992
No
No
49183140 -344578438 -42286676 296261609
446551838 -739880686 -12104634 20055869
378764441 -264633196 -425247342 297109632
No
475706068 -547177361 -277679707 319399015
210791813 -141862999 -16452198 11072338
No
No
107373683 90026930 107373683 90026930
119730064 393299416 119730064 393299416
41687841 82045029 41687841 82045029
391376325 -693721279 -91819420 162751504
33893329 -231647155 -72327467 494328874
No
5589265 8269429 5589265 8269429
325920710 261204349 325920710 261204349
No
636360028 -541254634 -65129154 55395461
No
5869030 175634468 5869030 175634468
12829483 2682614 12829483 2682614
447074935 9983 447074935 9983
198904434 -108910184 -254592009 139401933
No
No
No
126840181 -364503657 -149478522 429559991
54103288 151729510 54103288 151729510
351023995 -67297981 -639771582 122656388
735435428 -625826275 -188377891 160302088
178169523 68767906 178169523 68767906
No
No
236721935 -221613419 -89014290 83333053
24128432 411691920 24128432 411691920
No
73246246 50977299 73246246 50977299
3948145 2212766 3948145 2212766
400815377 127088301 400815377 127088301
No
465266381 49474511 465266381 49474511
616549786 -459998940 -12735663 9501895
327640462 467840917 327640462 467840917
559795945 113730184 559795945 113730184
No
343177165 322940427 343177165 322940427
225333771 -477093148 -235148710 497874053
6577766 57557307 6577766 57557307
39234692 -61517623 -142707800 223757202
137677126 -43071700 -470035075 147048458
561929783 776985496 561929783 776985496
630322472 -628469746 -55367616 55204871
155439880 293605291 155439880 293605291
205843212 -19855769 -289590603 27934100
222384419 -309222029 -29346180 40805399
316027005 -363922254 -271004297 312076159
208976527 -660788236 -2430786 7686200
No
413252837 -489714271 -137764068 163253643
123709278 -12335893 -97507445 9723128
No
No
No
206280764 209369745 206280764 209369745
496331873 77032623 496331873 77032623
451935476 -484629005 -169652361 181925207
344125493 -290106013 -526608264 443943347
24223830 37700914 24223830 37700914
200311450 445924145 200311450 445924145
407902183 36950911 407902183 36950911
No
No
565297751 -26446832 -190763881 8924679
No
80062569 -62725220 -76637126 60041538
No
88501937 -101040057 -112419132 128345613
143141660 -181119944 -560150573 708769482
151731880 -139242768 -133451715 122467250
657521344 -345403832 -255809857 134379981
175935641 -329402979 -162194821 303676144
No
No
7403140 -10830949 -2711147 3966466
No
No
181432477 216362838 181432477 216362838
65704397 48391456 65704397 48391456
98442209 -278666223 -241459947 683515060
309934782 118710565 309934782 118710565
No
196157548 -76972619 -206706414 81112018
542367601 -503048 -405851965 376429
157666382 -161087109 -65624177 67047959
1953754 -159050984 -1555183 126604118
236730797 -214030792 -124901667 112924903
97005898 -13346151 -195804733 26938976
No
No
884441118 -482883655 -107607910 58751340
No
127975195 -214591584 -198429578 332731028
4189558 97943426 4189558 97943426
209579056 -65916801 -575886517 181127813
46480854 -43216232 -1158745 1077361
303861169 217567708 303861169 217567708
86041666 -10398701 -9188897 1110540
200346984 320383776 200346984 320383776
631597957 180853960 631597957 180853960
29840209 109630754 29840209 109630754
124828636 -62473783 -339038466 169680742
29035121 447771298 29035121 447771298
153911051 381475743 153911051 381475743
No
604010512 -616703348 -307009878 313461463
4139170 3027960 4139170 3027960
77659028 -381966603 -91484379 449966709
95189215 -111291421 -727873585 851000670
260505027 223387209 260505027 223387209
No
18659138 10078653 18659138 10078653
No
416951633 -7464374 -397416767 7114655
49851140 -58983515 -204479505 241938707
409320197 433050089 409320197 433050089
No
No
No
77657953 -127601806 -2316789 3806775
61106741 42086456 61106741 42086456
319544816 264968149 319544816 264968149
160203887 134746548 160203887 134746548
No
389655825 -671422820 -35055212 60404252
190297078 -168789652 -523599347 464422012
529321863 433812669 529321863 433812669
No
75060833 374819 75060833 374819
No
131305026 -199143083 -481328553 730004447
No
No
650561107 -388505132 -109913543 65638685
76442917 259885116 76442917 259885116
No
323659453 184056595 323659453 184056595
No
686150387 -736383502 -34929431 37486617
128345466 -24760541 -735960440 141982248
252093475 328270837 252093475 328270837
681648357 -863471564 -51998993 65869229
No
106707803 -74218152 -370084236 257403563
No
189779583 -336656793 -343577024 609483580
8666581 -118287410 -47723038 651356593
No
No
No
81958040 -66446030 -29744739 24115021
818158677 523564105 818158677 523564105
2729944 -12264871 -129733593 582856808
51288355 622130977 51288355 622130977
48149577 -36911842 -169920 130261
110937249 70963743 110937249 70963743
1991405 -1914111 -82831078 79615963
52481968 89187917 52481968 89187917
306837984 -695108986 -40253059 91189043
No
7510150 10807394 7510150 10807394
No
56420484 -44229164 -574757849 450564365
206662241 263950973 206662241 263950973
No
No
430571621 -137673905 -78849025 25211726
765902414 -242971804 -49098511 15575815
No
No
24055174 329817550 24055174 329817550
481974396 438756905 481974396 438756905
No
No
336539325 624942346 336539325 624942346
90019410 11109083 90019410 11109083
19205515 -22038071 -362950600 416480941
No
278251918 152664355 278251918 152664355
1850056 2132866 1850056 2132866
No
113847967 -572185498 -15578186 78293991
309668472 112157454 309668472 112157454
51297102 -108585069 -307572215 651065061
164509109 -431906796 -209271428 549427039
5126861 127836404 5126861 127836404
83754110 -99657210 -95759082 113941665
230081661 -142799076 -707409258 439050149
174841557 56047867 174841557 56047867
No
No
188543985 -88113835 -98409545 45990556
No
635345149 252891555 635345149 252891555
No
127975057 -318575859 -97881383 243661894
107134003 67367059 107134003 67367059
392134064 -56678427 -241629655 34924762
122017340 -13380050 -189883231 20822016
No
3871329 -8361784 -437833663 945688155
No
No
196894460 -269032125 -473159828 646514862
No
21962733 19262343 21962733 19262343
86339425 -104942590 -725459013 881770391
134367490 84600327 134367490 84600327
448185718 144741953 448185718 144741953
387463735 -311431349 -324304283 260665740
230301858 215549451 230301858 215549451
306089135 -296192338 -14217686 13757986
No
108520642 90519776 108520642 90519776
No
158272000 -176396818 -97259628 108397499
No
66391387 186692744 66391387 186692744
632218175 212298878 632218175 212298878
No
265023471 86829808 265023471 86829808
130499900 234115171 130499900 234115171
No
No
481724802 -708478058 -144817599 212984865
33400953 -138868543 -14308378 59488835
30881413 104956618 30881413 104956618
421125932 -168381576 -90667229 36252080
40061672 2513710 40061672 2513710
No
21698825 11663231 21698825 11663231
18543910 24187984 18543910 24187984
167592336 -834388486 -9694413 48265378
No
14904867 203379667 14904867 203379667
41247094 -438486531 -20183155 214561555
94536698 -241246528 -222257571 567175159
64045235 99902255 64045235 99902255
595342604 633199479 595342604 633199479
260433038 514105432 260433038 514105432
No
317506040 -458039712 -187076649 269880012
224870794 1683394 224870794 1683394
No
No
183901270 218351893 183901270 218351893
193941798 721809903 193941798 721809903
99217979 261987733 99217979 261987733
29990000 -8653556 -368846537 106429919
87121235 -119092506 -53424480 73029902
392890206 -594989370 -61185216 92658335
43870930 29148570 43870930 29148570
No
662734994 -790890835 -74091503 88418886
977668 -10737096 -2106674 23136233
No
220368696 -653035003 -39333838 116560900
No
17202732 139138507 17202732 139138507
No
828281263 -833874685 -6992240 7039459
582436368 -24498900 -103102057 4336762
287685118 192296023 287685118 192296023
70846086 211826158 70846086 211826158
36371051 124369559 36371051 124369559
279976690 13787081 279976690 13787081
114468787 -58883793 -628973528 323549743
No
58967255 213018677 58967255 213018677
6945619 -245175007 -5555551 196106810
69510255 122645588 69510255 122645588
No
233806484 -276594745 -42521530 50303274
185994891 -261415356 -58859412 82726756
32914473 -7510120 -21373207 4876739
27211894 15298577 27211894 15298577
73809124 40569036 73809124 40569036
546468323 19304866 546468323 19304866
8494619 9380096 8494619 9380096
No
903385666 -437433893 -94758600 45883640
93356093 62482232 93356093 62482232
No
84335861 -37403864 -56400422 25014197
371895134 512659728 371895134 512659728
No
No
No
247070771 -151129359 -570666904 349068094
433372768 133707105 433372768 133707105
11206958 -46709959 -92488278 385485888
No
36172200 229858420 36172200 229858420
No
139374125 -721840980 -15104486 78228555
382922015 59030432 382922015 59030432
118180413 -383852352 -72865355 236668139
182232329 39700677 182232329 39700677
No
14614470 -146516 -317976437 3187868
329887717 -247507947 -525175486 394028328
No
315899298 233772438 315899298 233772438
No
17625498 6631871 17625498 6631871
64283759 -6398793 -33368811 3321530
104945041 -490758322 -25488774 119194085
102898740 86600877 102898740 86600877
No
346605283 -418237002 -168308248 203091931
414020876 13402027 414020876 13402027
221512019 252992813 221512019 252992813
No
609878196 22092995 609878196 22092995
316750020 -678642487 -81441835 174490566
44829443 83874232 44829443 83874232
228654602 -219425573 -77322419 74201506
No
387737893 -38566341 -523431715 52063124
197632742 -253719967 -494668547 635053114
561162665 167863935 561162665 167863935
No
35376093 -174416666 -116980317 576754391
133069259 361662551 133069259 361662551
No
25880223 7869691 25880223 7869691
387302922 -411551158 -247886961 263406652
No
249497960 669570849 249497960 669570849
15999089 460408320 15999089 460408320
32492200 -209321675 -32783851 211200568
No
134196943 360712492 134196943 360712492
166538499 705313699 166538499 705313699
124869846 -573706122 -23215153 106660462
358633112 -150620725 -525571435 220732408
193459409 -183137259 -452794968 428635809
No
191131436 346701115 191131436 346701115
29768725 -17323560 -353534606 205735310
111218953 54878119 111218953 54878119
669127097 -617466795 -240865784 222269616
416889801 -556947045 -140595443 187829534
No
310724314 -526503633 -128477895 217698053
172079603 -184888623 -122947566 132099364
No
92946481 317898391 92946481 317898391
263932107 -308955218 -124811798 146102936
467149706 -523367316 -323781264 362745667
No
568754453 -609043588 -244368666 261679126
103458047 -558985281 -43207981 233453326
278349063 433874931 278349063 433874931
208543780 289306462 208543780 289306462
362339560 813799967 362339560 813799967
112718921 -40045175 -323834358 115047264
245557681 163012472 245557681 163012472
184456221 -179814874 -70576655 68800783
No
484897637 367541585 484897637 367541585
164039977 195628774 164039977 195628774
797086395 347133388 797086395 347133388
No
231855398 -220505995 -60032996 57094358
50790754 436635352 50790754 436635352
67128603 14625386 67128603 14625386
121948585 -685357326 -21654962 121702007
No
277055650 260728704 277055650 260728704
382881574 -458577182 -143951428 172410595
No
No
51690646 -336564631 -21015675 136835824
179177035 203064235 179177035 203064235
188242356 -135866200 -189698933 136917501
55195396 -159759376 -44245008 128064215
No
59687461 -218750476 -58108491 212963653
830145201 -261062351 -161546225 50802724
114424796 -95183407 -195084946 162279942
96054464 591487412 96054464 591487412
No
No
435195587 530864304 435195587 530864304
161045942 468416689 161045942 468416689
286015461 309686449 286015461 309686449
No
452321110 81087382 452321110 81087382
5245633 -204511219 -14651149 571203460
565326471 -251084516 -421853935 187362517
155511533 68197542 155511533 68197542
190236664 338267415 190236664 338267415
301934030 -644613693 -133220247 284418403
7935259 -375494929 -8387538 396896629
189487045 138582382 189487045 138582382
44080308 263409714 44080308 263409714
No
203187395 -88906318 -68241260 29859528
39704493 60911423 39704493 60911423
194210314 -486599784 -27341340 68504555
No
238322353 -121649605 -564920671 288358918
151649349 -220325698 -297059712 431587011
348434302 430652430 348434302 430652430
170495848 -48596831 -675824246 192631772
No
109142183 -312576169 -12314074 35266714
3123769 189739990 3123769 189739990
29060490 142472623 29060490 142472623
369754382 190014406 369754382 190014406
36097399 -142577891 -82942420 327606873
43842484 44996657 43842484 44996657
64272934 36777507 64272934 36777507
131585367 221673535 131585367 221673535
No
168640576 -126365877 -135753565 101722959
107116420 720426 107116420 720426
No
98830571 219947794 98830571 219947794
304166242 317492640 304166242 317492640
459256659 -218037011 -305437773 145009848
750084532 -531968906 -102568519 72742817
No
108067070 -10885320 -59374077 5980590
96734421 -264098018 -119036637 324986073
36853579 310652136 36853579 310652136
238742820 107230840 238742820 107230840
106588200 327037203 106588200 327037203
51204557 148500343 51204557 148500343
44793719 -399636027 -17249497 153894812
545058559 692781002 545058559 692781002
No
78224652 42404156 78224652 42404156
21693949 115785659 21693949 115785659
11687284 1118568 11687284 1118568
No
No
24129927 13470538 24129927 13470538
No
118432217 -66803803 -2299295 1296962
17158041 146718996 17158041 146718996
474903421 706982385 474903421 706982385
No
51850846 19327416 51850846 19327416
595839955 584262026 595839955 584262026
159067788 48080299 159067788 48080299
98117548 94257634 98117548 94257634
4404139 217075733 4404139 217075733
300359536 508353315 300359536 508353315
25765887 406464909 25765887 406464909
280049060 -62515648 -391369783 87365889
No
No
No
266866066 -594162348 -124878543 278035079
No
No
646600735 395348653 646600735 395348653
925042524 575756086 925042524 575756086
129380772 -117914129 -75776675 69060809
479958250 -539747016 -22139169 24897061
828003970 259315359 828003970 259315359
No
No
No
3630588 -3258893 -117573722 105536684
92529484 -328849162 -105989055 376684392
37964578 31005959 37964578 31005959
292028040 -208068925 -418114986 297905422
No
332412318 -428033141 -392149369 504953990
599915572 -202489036 -35014251 11818334
191795880 599840148 191795880 599840148
214799405 500756769 214799405 500756769
No
93473366 -171864417 -17858054 32834640
No
No
550779968 -234601050 -88651929 37760699
No
No
245870632 -359801212 -386471247 565552798
478904358 463998625 478904358 463998625
No
202077560 142322610 202077560 142322610
12403360 -811574078 -717929 46975334
106899356 -368656130 -117888397 406553253
73664382 21669294 73664382 21669294
897474722 -475650910 -14388737 7625860
101230831 -43230594 -570961166 243828793
No
48219870 114872246 48219870 114872246
539004185 -121711777 -332032794 74975859
102572430 -76599549 -773966047 577986203
604262801 388137390 604262801 388137390
153549871 292577559 153549871 292577559
No
95017223 315920505 95017223 315920505
32689037 -37344270 -5819860 6648661
196161633 -26059258 -386986966 51409614
46261264 8346583 46261264 8346583
No
600497079 -862658788 -56038002 80502766
No
No
No
85556570 31197575 85556570 31197575
No
474504612 106125613 474504612 106125613
67563678 626425268 67563678 626425268
585434 -802719 -359609685 493080702
107845397 -64882276 -85111744 51205185
318132263 394679896 318132263 394679896
326311187 1774666 326311187 1774666
No
144905518 112009488 144905518 112009488
No
No
No
No
932502803 947526879 932502803 947526879
173848032 261216611 173848032 261216611
6812701 -154307065 -19856592 449750031
191441122 -420785884 -127748839 280790810
850029912 889263785 850029912 889263785
86001050 86592308 86001050 86592308
No
No
589645677 258033803 589645677 258033803
346912925 233356830 346912925 233356830
No
35180323 92835943 35180323 92835943
389798672 -311231019 -272388437 217485939
No
292511455 360405158 292511455 360405158
250706279 -112875280 -78371575 35285167
82713184 -27920905 -726928074 245383982
166973453 -60488706 -241491446 87483997
No
No
No
No
No
35815825 -109815013 -211480311 648420442
547795355 591262389 547795355 591262389
No
735639748 934029778 735639748 934029778
269474809 -187248826 -37333290 25941625
18573943 96861619 18573943 96861619
No
753880599 -560408613 -226714888 168531962
93563990 -76177538 -260182028 211833909
1437315 195411305 1437315 195411305
501477043 167359444 501477043 167359444
17352236 -76461730 -76040393 335068045
28293735 -290923956 -26717034 274711859
491604608 -452012901 -42554714 39127542
205058923 263837851 205058923 263837851
No
26140260 -24984499 -87567737 83696050
236573416 138860718 236573416 138860718
2376627 4152427 2376627 4152427
270400105 -262946152 -9770272 9500939
110175767 -229872779 -128202759 267484628
No
No
728268256 -870083861 -25491447 30455394
109374271 379880261 109374271 379880261
No
223528156 -90992713 -541679392 220504108
238577436 52166310 238577436 52166310
73560963 423344100 73560963 423344100
322628905 -751173644 -84350016 196391299
186158454 49675401 186158454 49675401
No
No
No
188006576 406435530 188006576 406435530
No
3827034 280305420 3827034 280305420
736833007 251528152 736833007 251528152
No
38243656 93485273 38243656 93485273
113916155 157178367 113916155 157178367
193759479 75387248 193759479 75387248
59007371 138931809 59007371 138931809
225651541 -203741421 -203872309 184076890
395425219 199581474 395425219 199581474
No
96306468 -74320784 -176611364 136292977
10808982 109558965 10808982 109558965
No
89257548 -16974692 -84209910 16014749
No
47009562 -2924602 -2918681 181579
No
467709632 252717994 467709632 252717994
No
145117707 498044517 145117707 498044517
No
No
168542248 436093550 168542248 436093550
506664679 -408305354 -352650012 284189710
111701839 -95257543 -94867288 80901311
No
137891198 30339408 137891198 30339408
24310441 468780867 24310441 468780867
178806297 508843652 178806297 508843652
85440612 135914594 85440612 135914594
3785255 1971775 3785255 1971775
No
160931830 -292649712 -230821359 419741726
No
No
No
67875114 -282243521 -7000694 29110826
29161110 367133955 29161110 367133955
127236867 102642619 127236867 102642619
69738721 -61213021 -455758998 400041535
52108076 40877937 52108076 40877937
193406611 -168259352 -5471858 4760391
471520717 474429889 471520717 474429889
109556700 169442256 109556700 169442256
789750332 810944437 789750332 810944437
245378015 -273490923 -73494488 81914735
456450649 376931799 456450649 376931799
46839384 -260955999 -2214023 12334979
43635510 298100318 43635510 298100318
77828282 16302337 77828282 16302337
212049575 493783617 212049575 493783617
No
No
501191469 -340660811 -317094229 215529562
235802137 303697588 235802137 303697588
770108282 40501421 770108282 40501421
180251264 113740725 180251264 113740725
508029311 330935259 508029311 330935259
27083814 40231304 27083814 40231304
No
448966768 617777628 448966768 617777628
No
125083820 89912059 125083820 89912059
431274483 422115101 431274483 422115101
135128429 -101894429 -251283157 189481614
16149698 35425456 16149698 35425456
488503650 -344268212 -71312614 50256875
No
110346149 -116755652 -235952658 249658072
155620668 67036908 155620668 67036908
664539637 -30218607 -136819279 6221582
43105834 -250087785 -100644061 583908187
16142612 26832160 16142612 26832160
No
11271221 33016675 11271221 33016675
97945259 -17849795 -117633975 21437916
170802483 286356935 170802483 286356935
349248956 -31150936 -430803813 38425147
586604237 -423522770 -286031690 206512205
No
No
3209421 6509590 3209421 6509590
134697333 -38474878 -820628558 234403926
623507432 242859167 623507432 242859167
No
47694162 -43541807 -365042317 333260963
No
406126722 48660024 406126722 48660024
No
No
251712807 -300264061 -27658626 32993517
355031037 346655104 355031037 346655104
384487998 414370169 384487998 414370169
689993052 1436945 689993052 1436945
No
122065541 -147789346 -96473243 116803793
6739235 240945626 6739235 240945626
415255833 -423713447 -112825864 115123814
216916647 28965105 216916647 28965105
218898783 605750988 218898783 605750988
125118240 -12710863 -211010199 21436699
656499973 -564011562 -39320863 33781299
148740642 -207304989 -295553703 411923438
No
113770020 -74217366 -93128645 60752050
479617511 124521210 479617511 124521210
341575738 108483270 341575738 108483270
26774376 -3299377 -930441074 114657206
52746368 -7994215 -231705769 35117220
No
64240427 -317097377 -115017340 567737448
No
470686093 -140584102 -448229269 133876717
180659985 -43140365 -466741305 111454622
No
No
18605704 39279481 18605704 39279481
No
68577018 177753516 68577018 177753516
No
No
404872566 772710865 404872566 772710865
420066520 -66257798 -558922966 88159857
No
No
No
148453347 89095894 148453347 89095894
568370 227934 568370 227934
217328582 -274546946 -95084145 120117941
350751067 -237926102 -506562880 343618432
405132709 -54632036 -481048345 64869237
56920371 -90480969 -12306250 19562090
323271961 -124721859 -45157096 17422104
662362883 -483384878 -300806936 219525470
No
664167665 175675758 664167665 175675758
502556506 789359042 502556506 789359042
370843501 70065531 370843501 70065531
530141680 -277511105 -294122973 153963355
383986815 176307905 383986815 176307905
165742843 281700726 165742843 281700726
14703562 -64329813 -55882225 244491310
100475352 493868272 100475352 493868272
149794058 -69505914 -79686965 36975534
102345878 420389958 102345878 420389958
No
25833799 295921750 25833799 295921750
109580954 76481539 109580954 76481539
463919727 -521205382 -101249689 113752185
480110453 -207127945 -465297248 200737274
643597810 -219269195 -346115336 117919034
119147937 61514109 119147937 61514109
306907036 -178017169 -367182158 212978920
228911449 91841029 228911449 91841029
No
154256548 25353798 154256548 25353798
182091908 229246902 182091908 229246902
No
No
207083863 723980076 207083863 723980076
No
No
50489881 551391589 50489881 551391589
18332777 -232322834 -11411300 144610136
157723891 -86056344 -153474150 83737626
147201488 169851427 147201488 169851427
No
273879655 -207795766 -255687142 193992892
No
282808212 29926195 282808212 29926195
No
406603128 -326307351 -540240735 433554274
89813896 -143776145 -447860923 716946046
315001553 -241514567 -637775392 488988215
185745355 80115569 185745355 80115569
30887623 -40808197 -52823145 69789034
34361913 -521640136 -12605934 191367753
39512325 -35314477 -6021114 5381412
159182961 116821775 159182961 116821775
2482980 153851085 2482980 153851085
759927434 -675875229 -67091729 59671010
33591860 59615349 33591860 59615349
493460450 -371431408 -130720105 98394009
80480740 -22075224 -240461570 65956687
39989673 -2291609 -118163048 6771332
79071539 -132234419 -205428438 343545992
No
43759373 -32804116 -396141114 296966296
73961979 -232704557 -9860980 31025334
No
643846961 667472384 643846961 667472384
399286882 846094441 399286882 846094441
38283087 36532957 38283087 36532957
No
19480178 18329545 19480178 18329545
No
369164315 -393735278 -376897880 401983578
No
249565391 530736794 249565391 530736794
74551651 -98600831 -608012558 804147764
51801389 -4705946 -356843058 32417740
87152811 22046687 87152811 22046687
270619576 -374027667 -240433931 332307602
32584544 -300606143 -64231216 592560044
323100884 19634254 323100884 19634254
8002523 -21234456 -56476304 149858238
26095831 214407987 26095831 214407987
154616128 298326161 154616128 298326161
No
582108961 -195845564 -168871059 56815217
622864901 -898144693 -46648530 67265197
21856772 -189948114 -32618381 283472805
9252000 -2504076 -283055856 76609747
23725960 473784758 23725960 473784758
13726145 67670507 13726145 67670507
227633972 218631253 227633972 218631253
No
No
158655983 136503268 158655983 136503268
No
4487484 -8433282 -13193245 24793866
15206987 33551499 15206987 33551499
332977349 348328262 332977349 348328262
75313527 136211125 75313527 136211125
760186533 -859232312 -26737196 30220823
71988858 -62536641 -1151202 1000048
No
117263994 -66372132 -133726865 75690214
288851762 234975632 288851762 234975632
137084712 177445192 137084712 177445192
228248272 -61727711 -707067687 191220153
21418076 20171025 21418076 20171025
No
No
No
24036324 632226630 24036324 632226630
No
27966874 -12258471 -22699237 9949560
771516 -20868940 -1328971 35947796
77901340 -915559699 -4486495 52728923
147775774 62757295 147775774 62757295
173526551 -327885629 -21788943 41171118
85072027 -307851480 -124831458 451729547
54387381 382740125 54387381 382740125
No
132575832 -267166203 -155004235 312363820
No
525632514 -656681399 -8454815 10562741
141888068 221520361 141888068 221520361
404581654 -402546242 -126186587 125551754
39403638 76413655 39403638 76413655
27565742 6032444 27565742 6032444
No
92250604 -4559958 -10133986 500925
26000933 76805960 26000933 76805960
167075863 23722070 167075863 23722070
54863706 -174271310 -5547596 17621617
48251090 70770857 48251090 70770857
191070345 -196349037 -514751731 528972756
768732209 787696262 768732209 787696262
13396287 20974899 13396287 20974899
No
No
211727551 -83985215 -734633777 291404568
No
8745113 -58322559 -28976868 193251410
No
45608391 133299103 45608391 133299103
No
733335346 568676026 733335346 568676026
No
No
695674922 642829563 695674922 642829563
573334905 386601018 573334905 386601018
No
No
21317132 -132771463 -45729008 284818186
92749789 -114044629 -186555610 229387741
477322271 193623841 477322271 193623841
No
10620082 2533642 10620082 2533642
7112007 -46629644 -68436849 448703913
177810511 74296636 177810511 74296636
231046318 -284677811 -197121539 242878266
105339089 106846014 105339089 106846014
327881713 414918128 327881713 414918128
354345845 -644853625 -176237850 320725127
85213882 -72912857 -100801235 86250099
757823057 -479313615 -168940453 106852726
122141392 167796395 122141392 167796395
No
79329930 -199522784 -157942330 397240897
No
276521800 -113094499 -708819521 289899703
21465995 108218667 21465995 108218667
