No
576960427 -634315162 -61034250 67101571
231198790 -128788353 -455562080 253769018
No
322574041 144521908 322574041 144521908
83310504 -99385749 -77079110 91951972
No
104387943 78522921 104387943 78522921
180111386 -264206198 -140586487 206226947
No
No
33501775 -183521143 -35693798 195528919
542003215 866548853 542003215 866548853
No
358853335 -76878160 -330743838 70856184
No
No
343434581 187402658 343434581 187402658
871842715 494738818 871842715 494738818
729469316 741672113 729469316 741672113
No
No
107463738 -139632153 -260005634 337836244
811481 -87983075 -2621204 284199121
No
32082299 -105118207 -30456338 99790723
767912493 -262019273 -58322060 19900058
500264994 -451187821 -460129955 414990123
No
391509177 -138166768 -86479774 30519414
190511870 100559362 190511870 100559362
23124618 310019089 23124618 310019089
No
95420650 -25117044 -149693309 39402941
287742206 493740543 287742206 493740543
743336887 528591186 743336887 528591186
299217927 480270175 299217927 480270175
141457313 193553871 141457313 193553871
179202199 -2279008 -551661121 7015765
16419642 -392675982 -14572951 348512323
379910152 -509364138 -201720625 270456714
No
No
5332699 104273138 5332699 104273138
102643150 260687863 102643150 260687863
No
696880189 565512322 696880189 565512322
415371160 465359312 415371160 465359312
671956237 -309176611 -89933634 41379744
288625119 -597871759 -110743584 229399512
20832872 90604590 20832872 90604590
173758518 300903589 173758518 300903589
No
254729136 -27335930 -641305961 68820923
425813650 439470269 425813650 439470269
364605515 -141785069 -571477596 222231937
No
133227799 -352383335 -27583494 72957476
No
No
No
765762853 69185601 765762853 69185601
No
2294840 7207553 2294840 7207553
No
433219759 371034505 433219759 371034505
No
440537331 332755453 440537331 332755453
No
209432529 -452258809 -2440157 5269390
50511082 24604670 50511082 24604670
329200471 -753604330 -48942549 112039079
600691102 -782990792 -68069461 88727401
111194757 -81927050 -453840160 334384345
347079747 -721205690 -101999260 211946817
No
No
404504717 268896698 404504717 268896698
24333018 -88222665 -118186883 428502617
534444419 -326400937 -418618541 255662664
No
204872722 99581308 204872722 99581308
No
207663752 263416365 207663752 263416365
No
473647872 451185744 473647872 451185744
No
100442232 359708063 100442232 359708063
30898672 -273328914 -19991427 176843695
No
56755468 133220094 56755468 133220094
No
246054828 280453995 246054828 280453995
No
325602733 327043279 325602733 327043279
No
200165262 -175809961 -438351589 385014736
7480445 95681713 7480445 95681713
No
No
36781536 -56804838 -587076979 906672654
253310232 478187580 253310232 478187580
No
26299380 1215810 26299380 1215810
255015219 -543851542 -104472032 222799549
No
37354476 -25665890 -599646290 412010993
823758489 -743396901 -161541764 145782590
184576863 -242160398 -103770394 136144259
17096767 2599714 17096767 2599714
234966875 -19238484 -147476574 12075003
630487762 62910267 630487762 62910267
No
319280026 291596522 319280026 291596522
512928641 555140115 512928641 555140115
64916462 -367092406 -88114071 498271246
No
312042069 12108711 312042069 12108711
769152095 -131921544 -133408536 22881639
164743715 90653178 164743715 90653178
491185231 -197996217 -243581148 98187289
No
482530111 76746792 482530111 76746792
30759763 13530868 30759763 13530868
3291346 -71011271 -41076776 886237682
94736763 -258198202 -122669656 334327293
78177556 87288067 78177556 87288067
No
242112114 644087257 242112114 644087257
318215230 699705057 318215230 699705057
303415491 -295671740 -132284164 128908016
419514949 355429743 419514949 355429743
No
16075076 -117632323 -38306925 280317984
33487203 -42257100 -5384778 6794990
No
503445350 126663078 503445350 126663078
70127593 734208161 70127593 734208161
273063921 -336170406 -93038446 114540113
No
285412333 -188337825 -43472274 28686475
28206114 106456867 28206114 106456867
52719219 11242660 52719219 11242660
507114216 353618111 507114216 353618111
3433775 5302330 3433775 5302330
207790495 -110000884 -357382758 189192580
340749547 87030436 340749547 87030436
659828451 -555238520 -325574322 273967277
No
420841376 362769982 420841376 362769982
61837622 71906914 61837622 71906914
108625909 -217159188 -49753198 99463973
49006084 2841069 49006084 2841069
333483834 -193764212 -518585636 301313969
250488909 -19032158 -727334176 55262880
83115941 -45069834 -267688170 145154612
616277235 -12624193 -21361648 437586
50064714 154813612 50064714 154813612
203412588 -50804760 -238798013 59642695
182955990 86037049 182955990 86037049
252940134 -578892134 -174681928 399786277
4642802 -51602049 -25908245 287955004
No
29309697 569168914 29309697 569168914
36002052 -57053446 -123013417 194942772
16526928 -137440244 -238286 1981619
33373326 2668651 33373326 2668651
87733201 -48670901 -134289888 74498708
263604800 -129622676 -389381055 191470772
20582852 -244019688 -14992397 177742170
321655178 354338777 321655178 354338777
1882776 120836321 1882776 120836321
59798774 407793967 59798774 407793967
No
No
No
305664755 316327377 305664755 316327377
42797206 -19506539 -168877313 76972602
180395490 13743683 180395490 13743683
No
No
No
59394 -127600 -247277122 531232029
60869365 101565125 60869365 101565125
161406477 -57212822 -145569749 51599267
259000590 152556873 259000590 152556873
No
368538140 -8164448 -593844405 13155793
255950783 224064376 255950783 224064376
129763554 87910734 129763554 87910734
No
No
102685992 -108943727 -189298367 200834307
No
304250525 276658916 304250525 276658916
194425151 101191019 194425151 101191019
102135225 118902791 102135225 118902791
548575451 -527242455 -18021352 17320537
243862082 -92975533 -162718307 62038432
47663419 20225333 47663419 20225333
339818529 446668904 339818529 446668904
No
723175690 530749235 723175690 530749235
31584522 34405869 31584522 34405869
49373962 -9286923 -364750355 68607178
5650496 625703344 5650496 625703344
373753641 112330587 373753641 112330587
18402760 19627645 18402760 19627645
519951298 -165656561 -391802040 124828188
No
No
99943713 -36205401 -612570020 221908342
223665356 154637127 223665356 154637127
16720915 -31076678 -494316612 918712783
No
51664398 -223206515 -51928085 224345716
51917696 -120103337 -125552626 290446026
79344737 -53565392 -29899433 20185021
520401164 410925052 520401164 410925052
No
292315650 303344041 292315650 303344041
166459611 -503572805 -149024408 450827910
141999360 -20793914 -54113873 7924249
62922497 -15083045 -39726972 9522872
71331594 -75683135 -49279623 52285895
3661991 -12767289 -164622778 573946597
236381417 -147039759 -168059566 104540528
532781102 -294740111 -437557997 242061689
196368679 107696605 196368679 107696605
49824306 182885837 49824306 182885837
342344769 -530080556 -87033302 134760818
19565567 -140532846 -111290033 799358683
57880624 -23721935 -338992530 138933512
25014573 -41362812 -176942249 292582573
147834298 291024874 147834298 291024874
186987465 -229701745 -371959986 456928263
No
No
166907755 -39926709 -319254685 76370258
344401325 -176254660 -130291593 66679475
108398562 -42396502 -121387271 47476606
101004617 392125241 101004617 392125241
No
619067948 334923040 619067948 334923040
14645691 3602914 14645691 3602914
804610210 -555551505 -156784105 108253219
No
390961728 52080279 390961728 52080279
345790660 -17164624 -12252217 608183
1042479 -260406 -29121565 7273499
701381866 323286864 701381866 323286864
35295959 -87184610 -92220098 227793012
No
354399550 294763643 354399550 294763643
234636211 145065570 234636211 145065570
115801090 -20382784 -253638897 44644375
387114929 337305458 387114929 337305458
175197375 -264774098 -166018812 250902621
No
58240397 -509165454 -35467794 310076445
273030213 -419099398 -6252547 9597615
44896465 -81595661 -158788467 288585088
16813109 -87513303 -3312027 17239314
71004140 34279462 71004140 34279462
No
510687349 -294717751 -80917058 46697247
4458259 -275905039 -2766753 171224002
88064850 75894501 88064850 75894501
68554979 -161448938 -340997650 803059224
559217238 593624935 559217238 593624935
13181739 127891403 13181739 127891403
143874293 -91177917 -33389262 21159884
No
No
No
49311211 44151752 49311211 44151752
2892989 -297923582 -3116642 320955727
233655552 -801740516 -43360736 148783365
74287790 85340807 74287790 85340807
213728408 -187716461 -675717274 593478690
74867517 -109851969 -12947901 18998260
No
16075028 15300178 16075028 15300178
104783532 181133206 104783532 181133206
56750136 77726725 56750136 77726725
354762796 551344333 354762796 551344333
175947273 -696607821 -62958893 249265914
9232175 8783537 9232175 8783537
No
608404434 599156754 608404434 599156754
315872027 -359222217 -507412926 577050139
298703263 590275591 298703263 590275591
48735203 -26135845 -38020416 20389692
76985483 -75052781 -550142846 536331631
399785847 -181635080 -71713699 32581753
13270569 -143875820 -75577044 819385244
61586330 9877258 61586330 9877258
826654044 -590712425 -105851810 75639840
32649781 -20211949 -832505408 515365071
18771842 4306865 18771842 4306865
169022979 199838340 169022979 199838340
318026122 29339352 318026122 29339352
111171745 -142645578 -159889120 205155329
26533597 9573210 26533597 9573210
26601545 -74312042 -274079078 765646327
8541623 -20173135 -208767204 493054939
No
253437982 -365055125 -216643448 312055832
65083434 -10021675 -75613907 11643178
465517332 -125591446 -232816085 62811215
261299381 -47440179 -265016048 48114955
119832757 113102638 119832757 113102638
171930815 403642210 171930815 403642210
115690717 50857583 115690717 50857583
No
275143403 163356637 275143403 163356637
210729212 -330546668 -333831767 523643486
No
820570814 -476473497 -20660378 11996676
180357777 55250016 180357777 55250016
634371437 188939545 634371437 188939545
No
9111983 47537319 9111983 47537319
No
77110570 25577159 77110570 25577159
No
22484310 -226747571 -10340057 104276396
3608948 107506438 3608948 107506438
117775283 -171244564 -12739247 18522787
81055017 -248282966 -4992675 15293273
No
144592772 129845460 144592772 129845460
82886943 -433684805 -65300878 341670190
135222305 -221149170 -360147584 589002971
134977512 12452453 134977512 12452453
1027580 -743493 -379411595 274518454
No
25136795 -72564088 -292081524 843171494
178656752 -196668448 -637813029 702115630
24328499 59705198 24328499 59705198
680234449 -549197508 -199702427 161232755
938919495 667352674 938919495 667352674
1414916 15114695 1414916 15114695
77728589 -26986389 -27613855 9587182
50863818 -91113083 -35965745 64425949
158797335 -207172849 -33489463 43691584
417203965 191420412 417203965 191420412
119787076 108674872 119787076 108674872
764052436 -705080481 -96930417 89449024
355040167 93536230 355040167 93536230
926305971 -362730709 -72938082 28561710
No
112502829 417594742 112502829 417594742
246057229 -231862636 -338147664 318640540
1050659 -68562180 -13346948 870973168
371656786 73497290 371656786 73497290
126680122 37189218 126680122 37189218
No
136361857 -99358421 -119432034 87022705
932343701 636454356 932343701 636454356
438130213 588561344 438130213 588561344
No
No
141114614 -160712661 -210453841 239681743
47423409 -26840439 -663469503 375506804
95411698 61238727 95411698 61238727
148861640 91619358 148861640 91619358
3739242 -3344618 -20459326 18300081
No
111727554 -837364113 -414761 3108503
85734651 -123325861 -299105673 430251540
725476996 765856198 725476996 765856198
160909841 373061577 160909841 373061577
286175313 278307415 286175313 278307415
9032978 60791988 9032978 60791988
No
81422280 -149428753 -93024807 170722083
No
836124798 -404296909 -80065324 38714512
4534477 -16541737 -22879708 83464994
288777161 9731416 288777161 9731416
407461441 -776505952 -81447730 155216274
24969545 -84895891 -146472079 498001798
237670097 372314726 237670097 372314726
45107787 33273188 45107787 33273188
4851281 59994295 4851281 59994295
No
No
No
No
No
No
No
No
274363612 378262530 274363612 378262530
No
249540604 136268203 249540604 136268203
No
23739908 222066196 23739908 222066196
293567378 -102985889 -186536423 65438537
270063318 46876359 270063318 46876359
47040836 33253074 47040836 33253074
377354882 396497904 377354882 396497904
473871699 -825578610 -12618018 21983095
51328613 -8545937 -124069014 20656817
597508252 -27874040 -63842631 2978288
No
111850281 -1553440 -617626202 8577943
506021402 263188149 506021402 263188149
No
8149839 -4757403 -691342808 403565916
No
99071973 -163935571 -344773490 570500783
No
86705602 -150444136 -117471195 203825954
364319291 -174847402 -477086806 228967806
19680037 62854733 19680037 62854733
No
No
20896101 10026408 20896101 10026408
141826755 63984465 141826755 63984465
337255264 325756962 337255264 325756962
68411780 -18314699 -390648711 104581606
344979412 -178150975 -392627616 202757008
170433423 -280157241 -22151990 36413282
136312969 369275927 136312969 369275927
490970151 56642649 490970151 56642649
No
76766335 -364139057 -78292574 371378732
465841209 -492909623 -399028170 422214309
373545151 515024051 373545151 515024051
231214283 517893422 231214283 517893422
No
15314397 -325890 -775629156 16505408
No
236318570 -5644721 -93205023 2226302
No
No
131913350 46750959 131913350 46750959
311895302 -268886516 -332240292 286426035
No
57547570 -144790366 -20268684 50996243
16649637 -64756330 -164990273 641705609
338611358 -430667067 -236941207 301356620
485784180 -383891682 -496159509 392090800
11712438 -6076115 -230564974 119611222
27742527 -48125406 -116304382 201755050
15466184 225856140 15466184 225856140
107753000 763703320 107753000 763703320
385506552 -386015424 -606683639 607484466
278470541 386010549 278470541 386010549
71743525 422042367 71743525 422042367
2237238 28826735 2237238 28826735
329405693 -231383336 -425692545 299017785
No
No
425431857 124225722 425431857 124225722
60633718 -46360153 -761162825 581980218
11760058 -22986164 -144827235 283078753
No
57049539 313633099 57049539 313633099
90283473 37793309 90283473 37793309
No
55857858 69749082 55857858 69749082
232032201 264547951 232032201 264547951
510076530 175945979 510076530 175945979
20429129 479309235 20429129 479309235
No
36884696 -33003621 -219268143 196196339
222294964 375352832 222294964 375352832
No
No
43535434 275901582 43535434 275901582
70695160 -90769372 -634096037 814150482
422350785 193128932 422350785 193128932
218934770 -41224762 -721142909 135789053
292865284 -693628051 -68272089 161696992
22853074 34765788 22853074 34765788
65729363 25554432 65729363 25554432
74712784 326162989 74712784 326162989
No
No
176503312 -421022641 -130321436 310862580
156353690 -135661520 -422340511 366447092
40278221 143528062 40278221 143528062
318769848 -39371061 -112056828 13840066
692418975 -579940540 -110812624 92811919
39533464 34565891 39533464 34565891
No
628949998 47128402 628949998 47128402
311469332 181162898 311469332 181162898
No
No
No
365816467 -406249603 -81087815 90050326
No
313733295 194186350 313733295 194186350
182427841 -81624654 -14887645 6661263
72809514 75000206 72809514 75000206
107742111 -9143355 -422278205 35835944
65353369 -6820955 -638435109 66633694
No
No
797406989 -348795920 -180888533 79122937
843566891 -572096739 -76875312 52135896
18438256 -24666731 -194469107 260161097
No
No
348166500 437646649 348166500 437646649
234383029 223319539 234383029 223319539
38172847 -25953579 -959449804 652326397
284528035 578103087 284528035 578103087
103159594 25987644 103159594 25987644
274373186 240890572 274373186 240890572
60275216 -55709154 -392819777 363062266
No
143681083 -400395586 -8928899 24882133
177086974 155058148 177086974 155058148
169409871 -118209627 -449873318 313909432
No
637344857 -616262956 -256121552 247649641
17401438 -14987402 -440432970 379333397
No
No
276396132 215707283 276396132 215707283
347347931 -282025194 -244021836 198130746
253904140 -484708832 -215327613 411065360
No
124667329 292406890 124667329 292406890
95250807 -104722111 -271957455 298999660
No
848648257 219992017 848648257 219992017
16373780 -205019643 -7181589 89922255
No
229080956 -243317716 -15270783 16219822
429116636 140041423 429116636 140041423
No
No
179526598 -119001052 -133249498 88325803
209505457 277502805 209505457 277502805
125684789 -681176282 -2426009 13148287
No
22730393 -10302476 -371846166 168538051
300451041 -92450039 -25380807 7809780
202396757 -460278549 -100523008 228603383
207034172 689306609 207034172 689306609
86032566 49399638 86032566 49399638
No
No
97520131 -99344067 -855557685 871559330
49615051 -68680686 -284709039 394114515
No
262401160 364918099 262401160 364918099
No
269489331 -225663756 -236331241 197897981
No
121446116 329052519 121446116 329052519
103312641 134876234 103312641 134876234
31107391 23880280 31107391 23880280
422194607 -226242142 -241079077 129187455
63806096 -10451887 -135899391 22261281
430553257 -31354186 -54469366 3966625
No
233049769 90058967 233049769 90058967
No
209662555 -223803593 -393549556 420093153
No
No
859495911 -135763242 -18307602 2891810
No
176946874 195517830 176946874 195517830
224776459 72474973 224776459 72474973
366351301 28769217 366351301 28769217
150569929 -93236502 -718375728 444835435
No
No
No
32250001 -205279023 -34290225 218265532
No
22683210 13198291 22683210 13198291
75956807 -293128254 -107958688 416628119
855679688 -891304511 -47750748 49738772
49939999 12863425 49939999 12863425
No
198404847 -485247643 -16182045 39577150
21072151 -85430606 -80656620 326997645
196002525 -368996806 -110386874 207815712
136255038 -144906644 -99241589 105543001
48737607 533517918 48737607 533517918
225667232 -116863131 -65098249 33711521
586955 391424 586955 391424
225485685 -137703596 -378482888 231138642
213248462 -303796181 -442028005 629718120
No
213818749 -37483607 -688257774 120655389
138413234 116260158 138413234 116260158
244988262 -314030493 -246984653 316589503
788132303 -540880085 -101620444 69740162
No
195585771 575657863 195585771 575657863
596311790 562503625 596311790 562503625
122062568 133083449 122062568 133083449
11858909 122964785 11858909 122964785
24667159 6231370 24667159 6231370
249697300 -161268635 -35967135 23229608
No
No
843242138 -537239517 -86907860 55370024
11891007 -28817279 -71539126 173371604
742269148 306566221 742269148 306566221
141181512 -141422414 -257322809 257761890
172998947 -100269440 -408014405 236483377
722339449 -476644881 -124192678 81950120
92382849 125481904 92382849 125481904
247838297 -109171692 -212547824 93626393
No
814549888 670255336 814549888 670255336
452193835 225421335 452193835 225421335
No
462946510 -136537690 -79132956 23338833
108482285 -150011981 -24319582 33629714
No
156477021 126597828 156477021 126597828
12222269 -10626871 -701887242 610268410
88878291 -336644183 -168080321 636637596
No
2833262 201720454 2833262 201720454
92956026 -320003789 -156038561 537167232
46279200 -50152729 -168952917 183094135
131852557 115572193 131852557 115572193
No
186295225 -92345818 -501245226 248465311
186479637 -281550075 -26133796 39457246
163416929 -97300687 -78510150 46746021
146980917 -617964795 -36147481 151978028
254932980 47709242 254932980 47709242
159411812 499959812 159411812 499959812
6390965 -20232444 -30902774 97831786
20035926 87802657 20035926 87802657
367325066 -410940603 -354444413 396530523
No
8256423 17285128 8256423 17285128
27236656 -16291782 -639856533 382734323
87056846 246494787 87056846 246494787
422405526 -253336352 -282156829 169222650
26318678 24088435 26318678 24088435
No
457508912 -253024379 -76905328 42532338
98776420 134208124 98776420 134208124
125374956 100338656 125374956 100338656
253704243 33822678 253704243 33822678
137716052 -30446889 -392354615 86743537
86533421 -336278 -698561270 2714686
27243324 19598828 27243324 19598828
No
171292895 -116138548 -207273794 140534009
No
193074047 -350857487 -229522930 417093027
352694374 269371766 352694374 269371766
No
371014552 -442119479 -270231713 322021614
160347470 198246156 160347470 198246156
53114936 -210990704 -139546467 554326312
180483483 -169189719 -194293105 182135208
172020629 -901795 -294643860 1544628
125465818 45776207 125465818 45776207
353680663 263856223 353680663 263856223
199432563 203203233 199432563 203203233
No
51219451 35285754 51219451 35285754
43443853 83201872 43443853 83201872
230537378 -143093627 -32940424 20445992
129749804 184188351 129749804 184188351
No
118406878 -345794133 -199268365 581941118
25190076 79044789 25190076 79044789
117073365 -121011486 -185852114 192103820
66631448 241377536 66631448 241377536
No
24525556 -284227841 -3701299 42894517
132260748 325993157 132260748 325993157
No
32697706 223223910 32697706 223223910
No
575799406 -738466048 -184055474 236052205
38534365 81980330 38534365 81980330
255825950 781234734 255825950 781234734
56696029 80082599 56696029 80082599
No
No
No
No
No
212366104 307503740 212366104 307503740
216071921 -229278413 -212562844 225554856
207926073 -164677385 -618012788 489465933
759039583 -183039458 -46682058 11257197
30679441 524009993 30679441 524009993
208691756 461196954 208691756 461196954
256144325 205658277 256144325 205658277
No
389022948 411046838 389022948 411046838
486261628 332253860 486261628 332253860
No
167252896 274696928 167252896 274696928
26466783 49720000 26466783 49720000
289832216 -215745662 -369434222 274999903
848275936 863677519 848275936 863677519
22722422 29141680 22722422 29141680
327846276 -305090260 -661124067 615235030
150516963 -109288928 -7121258 5170679
291059147 13747191 291059147 13747191
513377582 -312312950 -200772033 122139548
No
6893036 3510615 6893036 3510615
601708890 -591867763 -26987433 26546047
285405432 -71311773 -307124980 76738650
97094126 -175285035 -310127284 559876012
11465354 5294633 11465354 5294633
No
391978428 -159608178 -524933985 213745838
846992 29092024 846992 29092024
629726381 -494593396 -69491402 54579242
17657003 667006772 17657003 667006772
185624211 -19518049 -36952573 3885496
388513590 25780689 388513590 25780689
12110692 433007954 12110692 433007954
57228678 10511643 57228678 10511643
No
386964486 -183256378 -594205493 281400364
515681278 64359678 515681278 64359678
189377781 605628264 189377781 605628264
267437600 -13856435 -307955182 15955724
297481159 238603433 297481159 238603433
653754062 463674528 653754062 463674528
309927495 227277878 309927495 227277878
754448562 -150330515 -106737827 21268450
No
141518190 51421957 141518190 51421957
175349330 126140622 175349330 126140622
No
No
5836797 8738063 5836797 8738063
No
254355139 243094846 254355139 243094846
740810149 -59307343 -213054212 17056570
254800224 -163366311 -123784321 79364878
15082775 95127555 15082775 95127555
57165933 -21786524 -220303390 83959883
No
56794702 -80093812 -442135994 623515167
37727962 231280007 37727962 231280007
151091584 275718233 151091584 275718233
18354289 161382655 18354289 161382655
167246696 -19892343 -30125067 3583080
279870218 -518571105 -83502092 154720898
325609057 -322125507 -81409655 80538688
126366772 360467524 126366772 360467524
No
296888646 408906610 296888646 408906610
468390746 -112393087 -11513829 2762812
72285017 -36215675 -142742934 71515950
718300101 -385685261 -158880166 85309383
82513289 93024022 82513289 93024022
336506670 -206600499 -597238480 366678520
432793002 283230179 432793002 283230179
73705209 217727122 73705209 217727122
425899031 566885588 425899031 566885588
229418999 -249824371 -321649550 350258251
No
97175037 82592143 97175037 82592143
No
106898922 -326412889 -153692075 469294481
57654170 -277761334 -91912921 442810209
329447753 -535954798 -144375962 234874846
31135355 58996912 31135355 58996912
No
No
45460669 116903370 45460669 116903370
263501805 7716469 263501805 7716469
No
No
44260074 -117962002 -289363795 771212754
34466029 -201045702 -26527264 154737645
No
51773462 55466571 51773462 55466571
No
455750478 283370505 455750478 283370505
18547399 72342511 18547399 72342511
133948985 169789929 133948985 169789929
110719089 283374918 110719089 283374918
No
299008299 410088330 299008299 410088330
260327128 -272319972 -661711689 692195665
31097396 -18912038 -317208917 192912201
382994 -4259120 -61286388 681539333
330413134 372604305 330413134 372604305
531135814 -40968074 -408740679 31527376
10196171 -127992695 -42600549 534765426
528469306 666174795 528469306 666174795
No
No
21758570 184567635 21758570 184567635
116019629 333885330 116019629 333885330
220726306 -252646872 -303262153 347118726
48998979 25843262 48998979 25843262
204941827 671548308 204941827 671548308
600230211 -111178295 -137594364 25486067
276644188 35041509 276644188 35041509
No
No
914688875 190156912 914688875 190156912
No
142774747 188526987 142774747 188526987
No
489523512 389392511 489523512 389392511
4940058 -998081 -857945794 173337758
128697928 312652697 128697928 312652697
327816529 681401894 327816529 681401894
180914482 -432967862 -37528701 89814372
No
No
81142130 282609603 81142130 282609603
107545914 228330433 107545914 228330433
254341944 -168928115 -693651413 460707441
183918983 183223361 183918983 183223361
151274013 160365891 151274013 160365891
No
673536913 677679695 673536913 677679695
295461781 54320044 295461781 54320044
No
No
43081181 13863971 43081181 13863971
No
38023992 137950929 38023992 137950929
716324842 -81289126 -118973907 13501256
No
No
334363213 263350613 334363213 263350613
291037492 -98580709 -680813345 230606244
20157475 78206623 20157475 78206623
No
63848653 -101514036 -101554866 161463757
No
No
1190528 7627877 1190528 7627877
14669591 2226718 14669591 2226718
No
11540567 -125418185 -64668657 702792662
411545645 837577510 411545645 837577510
55733342 -665024123 -16951164 202265520
206019311 215227723 206019311 215227723
No
No
12087881 -10068828 -196980581 164078605
No
No
510717692 -303868689 -166047227 98795390
No
272555460 4584621 272555460 4584621
No
838810571 451751213 838810571 451751213
57858389 -55381512 -580003304 555173753
No
30766078 -2743945 -847697384 75603882
898037067 881069660 898037067 881069660
13334956 -140006566 -67371062 707343235
297396183 198631579 297396183 198631579
No
66602698 71793083 66602698 71793083
301930181 199481422 301930181 199481422
941007166 -622325166 -21977058 14534295
283994677 -248377440 -330636859 289169985
No
54847241 228514501 54847241 228514501
No
170961572 353558056 170961572 353558056
No
196583366 176790633 196583366 176790633
627494313 -436613038 -132221342 92000136
158440495 -84034133 -293199990 155508270
No
No
544476951 -64834442 -280459501 33396153
No
397001271 -664173758 -72475596 121249962
114833689 -141992187 -452098008 559020495
No
873499115 -53194836 -71781636 4371399
5518373 129108871 5518373 129108871
121433234 -68913688 -219258493 124429785
No
458225649 -461830767 -144795624 145934812
No
251930202 634208472 251930202 634208472
445701264 427389229 445701264 427389229
228051556 195870655 228051556 195870655
45670913 -389124234 -51987468 442942390
No
95769319 -149472911 -212947562 332360015
215829367 338051163 215829367 338051163
586937461 125475570 586937461 125475570
33683641 -214094573 -85928270 546163502
148170647 -312778984 -59903421 126452377
No
214665412 444980602 214665412 444980602
No
No
213852290 445989541 213852290 445989541
47846195 -15226026 -594452977 189171931
No
652714703 -319358820 -18573689 9087693
477991767 513134787 477991767 513134787
20357379 -35161070 -31354354 54154936
310176223 543019712 310176223 543019712
2544156 -2390826 -110528191 103866841
No
490957456 515303372 490957456 515303372
8706228 37332306 8706228 37332306
300290360 -83314259 -642133288 178157096
No
246753967 123371737 246753967 123371737
17492204 -13365647 -119909841 91622109
No
No
No
50297720 240374574 50297720 240374574
64506030 523585804 64506030 523585804
30163905 40430629 30163905 40430629
273552606 -320676578 -156155210 183055533
28991032 -307189379 -7880164 83498312
98053967 -12544389 -325650535 41661626
592079252 437784247 592079252 437784247
No
No
No
No
31622349 260909128 31622349 260909128
195698271 677987371 195698271 677987371
587199794 301304655 587199794 301304655
342390889 -295533654 -381874070 329613439
45444557 364747141 45444557 364747141
No
182827769 90438612 182827769 90438612
803928489 -391629501 -172226364 83899160
No
437456045 -247871737 -338885312 192019498
150912409 -86003680 -775125126 441737127
430993167 589357195 430993167 589357195
5831329 -42291524 -96848604 702391217
736840977 -555301650 -114403882 86217605
467218740 565944392 467218740 565944392
29613075 122582111 29613075 122582111
120240278 -68794724 -219564372 125622379
No
494774115 -354785489 -144340399 103501532
75535186 26149134 75535186 26149134
No
2657799 58183648 2657799 58183648
216811975 260857892 216811975 260857892
No
No
21345163 13657551 21345163 13657551
No
585072199 12474810 585072199 12474810
77470515 55009871 77470515 55009871
33734888 106821107 33734888 106821107
62848894 -69852363 -34002723 37791774
No
No
121540983 193218614 121540983 193218614
50310894 142665170 50310894 142665170
No
178412923 -283279883 -314067073 498668380
331197090 252339517 331197090 252339517
No
27113681 -22999057 -799778423 678408418
No
194888858 -316500964 -79090419 128443430
No
45069339 -147301124 -15838324 51764742
No
109391955 -10019238 -134629454 12330744
62732105 266978262 62732105 266978262
No
No
10133016 829339172 10133016 829339172
No
No
237709348 -867127487 -19124636 69763758
No
232934707 -621607723 -82288606 219594724
395702354 -610753899 -13097420 20215448
83757147 387569283 83757147 387569283
111399374 247303159 111399374 247303159
4901083 -16804195 -12728913 43643274
278878848 -396835125 -242716030 345376662
622880822 -637944283 -266537486 272983306
67685155 -174087681 -280152604 720558558
203842296 -20299300 -50070460 4986181
