1
2
1
1
5
1
4
1
1
1
1
1
1
620
1
1
1
1
1
1
1
1
1
1
1
1
1
1
1
1
1
1
1
1
1
1
1
1
5
1
2
1
1
1
1
1
5
1
5
1
1
1
6
1
7
1
1
58
1
1
1
2
1
1
1
1
1
1
1
43
18
1
1
1
1
1
1
2
1
62
1
1
1
1
1
19
1
14
1
1
1
1
7
82
1
1
1
1
1
1
1
1
1
1
1
1
18
1
1
1
1
1
1
1
1
1
1
1
4
5
1
1
1
1
2
110
1
1
1
1
5
5
1
1
7
26
1
1
1
1
1
1
5
5
2
1
1
5
1
2
1
1
1
1
1
5
1
1
1
1
1
1
1
1
14
1
237
1
1
1
1
1
1
4
36
82
1
1
1
5
1
1
18
1
1
2
1
1
1
1
1
1
1
1
1
1
1
1
1
1
1
1
1
5
1
1
1
1
1
1
1
1
1
1
1
5
1
1
1
2
1
1
1
1
1
5
1
1
1
1
1
627
1
1
4
1
1
1
1
1
1
1
1
1
1
1
58
5
1
1
1
1
5
3
7
1
1
5
1
2
1
2
1
1
5
1
1
1
5
5
1
1
1
1
1
1
5
1
1
18
1
1
1
1
1
1
1
1
1
1
1
1
2
1
14
1
1
3
1
1
1
2
1
1
1
1
1
5
1
1
1
1
26
1
1
1
1
1
7
1
1
1
1
1
5
1
1
1
7
1
1
1
1
1
1
28
1
1
1
1
18
48
1
14
1
1
1
2
1
5
5
1
1
14
1
1
1
1
9
7
8
1
1
1
19
154
58
1
1
1
1
1
2
1
1
1
1
1
1
1
1
1
5
13
1
1
1
5
1
28
1
1
14
5
14
1
1
1
1
1
1
1
1
1
19
1
1
1
1
1
1
1
1
1
1
1
1
1
1
1
4
1
1
1
1
1
1
1
36
1
1
1
1
4
1
1
1
1
1
1
1
1
1
1
20
1
1
1
638
1
1
81
1
1
1
1
1
1
1
5
5
1
1
1
1
1
3
28
1
1
1
1
1
4
1
1
1
1
5
1
1
1
1
28
1
1
1
1
1
2
1
1
2
119
5
2
1
5
1
1
1
1
1
1
1
1
1
5
5
5
1
1
1
1
1
1
1
2
1
5
1
14
1
1
1
1
1
1
1
1
1
1
1
1
1
1
1
1
1
1
1
1
1
1
1
8
58
1
1
1
1
1
17
2
1
1
1
1
1
1
1
1
1
1
1
1
1
1
1
1
1
1
1
1
1
7
5
2
1
1
2
58
1
1
1
1
18
1
1
1
19
1
5
1
7
1
1
1
1
1
14
1
1
1
1
1
1
1
1
1
5
1
1
1
1
1
1
1
1
1
2
1
1
1
1
1
518
1
8
1
1
1
1
1
1
7
81
1
1
1
7
1
1
1
1
2
14
1
1
1
1
1
1
1
5
1
1
1
1
1
1
1
1
1
2
1
1
1
1
1
1
1
1
5
1
1
1
87
1
1
1
1
1
1
1
1
1
1
1
1
18
1
1
2
1
1
1
14
1
1
5
14
2
1
1
5
1
1
1
2
1
1
1
8
1
1
1
1
1
4
1
1
1
14
1
1
1
5
1
1
1
1
1
1
1
1
1
1
5
1
1
1
1
1
19
1
1
1
1
1
1
1
1
1
14
1
1
1
1
1
1
1
1
1
2
2
1
1
1
1
1
1
1
1
1
1
1
1
2
1
1
1
1
1
1
58
1
1
6
5
1
58
1
1
58
1
1
1
1
1
1
121
1
1
1
1
1
1
5
1
1
1
2
1
1
1
1
4
1
26
1
1
5
1
1
1
1
19
1
1
6
1
1
1
1
1
1
5
1
1
1
1
18
1
1
3
8
1
1
1
1
3
1
1
7
1
1
1
1
1
1
1
5
1
18
1
1
1
1
1
5
1
50
1
1
1
1
1
1
1
1
1
1
1
1
5
1
1
1
1
1
4
1
5
1
1
1
124
19
1
1
1
1
7
14
1
1
1
5
1
1
1
1
2
1
1
7
5
1
1
1
1
1
1
1
5
1
1
1
1
1
1
186
19
1
1
1
1
1
1
1
1
1
36
1
1
1
1
1
1
1
1
1
1
97
19
1
4
1
1
1
1
1
1
1
6
4
1
1
1
1
1
1
1
1
1
1
1
1
1
1
1
1
2
1
1
1
1
8
1
2
1
1
1
1
2
1
14
1
1
