1000
1 2
1 3
1 4
3 5
3 6
6 7
3 8
3 9
9 10
1 11
5 12
11 13
5 14
10 15
9 16
13 17
3 18
4 19
17 20
1 21
3 22
18 23
10 24
1 25
4 26
8 27
23 28
26 29
21 30
16 31
9 32
7 33
33 34
32 35
19 36
20 37
24 38
9 39
29 40
10 41
21 42
16 43
9 44
15 45
4 46
41 47
7 48
1 49
32 50
5 51
35 52
10 53
48 54
54 55
27 56
28 57
51 58
55 59
56 60
48 61
45 62
46 63
54 64
42 65
1 66
48 67
64 68
4 69
28 70
69 71
31 72
50 73
35 74
43 75
38 76
75 77
15 78
31 79
77 80
68 81
78 82
79 83
42 84
13 85
80 86
84 87
71 88
39 89
31 90
13 91
74 92
61 93
28 94
63 95
38 96
36 97
15 98
98 99
57 100
93 101
68 102
66 103
14 104
20 105
50 106
3 107
79 108
70 109
107 110
107 111
48 112
3 113
91 114
10 115
60 116
88 117
96 118
100 119
20 120
117 121
6 122
94 123
80 124
44 125
110 126
112 127
122 128
97 129
96 130
37 131
54 132
23 133
19 134
93 135
101 136
81 137
24 138
73 139
3 140
96 141
39 142
37 143
44 144
2 145
37 146
108 147
8 148
126 149
120 150
42 151
67 152
10 153
106 154
11 155
72 156
5 157
35 158
47 159
152 160
62 161
138 162
7 163
101 164
15 165
1 166
61 167
17 168
4 169
95 170
4 171
144 172
58 173
91 174
12 175
56 176
172 177
144 178
5 179
108 180
69 181
40 182
154 183
129 184
70 185
133 186
155 187
42 188
115 189
147 190
45 191
102 192
52 193
8 194
137 195
190 196
179 197
132 198
179 199
42 200
176 201
94 202
69 203
171 204
175 205
36 206
44 207
189 208
101 209
6 210
196 211
110 212
124 213
81 214
208 215
215 216
94 217
109 218
148 219
12 220
123 221
65 222
102 223
197 224
155 225
214 226
64 227
107 228
123 229
16 230
65 231
97 232
20 233
5 234
7 235
5 236
15 237
30 238
29 239
220 240
148 241
175 242
194 243
174 244
139 245
229 246
189 247
139 248
93 249
54 250
221 251
213 252
129 253
93 254
136 255
177 256
242 257
215 258
47 259
48 260
99 261
101 262
44 263
158 264
93 265
156 266
210 267
48 268
243 269
210 270
35 271
24 272
189 273
258 274
18 275
180 276
240 277
92 278
24 279
40 280
271 281
254 282
28 283
73 284
1 285
50 286
10 287
113 288
211 289
271 290
50 291
119 292
180 293
49 294
82 295
89 296
279 297
266 298
1 299
248 300
87 301
63 302
287 303
158 304
113 305
260 306
39 307
222 308
297 309
258 310
1 311
218 312
187 313
97 314
284 315
114 316
97 317
112 318
181 319
224 320
113 321
227 322
19 323
282 324
171 325
182 326
315 327
32 328
314 329
194 330
303 331
106 332
235 333
247 334
48 335
285 336
167 337
298 338
259 339
161 340
105 341
326 342
23 343
295 344
75 345
122 346
88 347
158 348
58 349
8 350
8 351
142 352
198 353
262 354
269 355
39 356
342 357
43 358
120 359
288 360
305 361
265 362
121 363
1 364
53 365
172 366
339 367
32 368
70 369
273 370
122 371
105 372
359 373
74 374
127 375
93 376
26 377
357 378
263 379
366 380
368 381
190 382
112 383
250 384
87 385
13 386
360 387
220 388
303 389
224 390
29 391
386 392
209 393
269 394
176 395
181 396
194 397
135 398
327 399
176 400
347 401
15 402
359 403
150 404
385 405
68 406
171 407
369 408
203 409
76 410
228 411
389 412
110 413
332 414
42 415
76 416
47 417
325 418
231 419
310 420
370 421
380 422
1 423
370 424
199 425
334 426
164 427
376 428
5 429
86 430
14 431
280 432
29 433
298 434
211 435
173 436
30 437
411 438
396 439
88 440
115 441
60 442
42 443
370 444
15 445
266 446
79 447
147 448
373 449
68 450
103 451
57 452
24 453
345 454
127 455
260 456
266 457
371 458
187 459
416 460
362 461
15 462
33 463
176 464
281 465
199 466
342 467
233 468
249 469
195 470
14 471
369 472
258 473
245 474
200 475
354 476
454 477
186 478
431 479
228 480
374 481
395 482
132 483
270 484
69 485
459 486
317 487
436 488
486 489
63 490
16 491
203 492
77 493
116 494
297 495
30 496
156 497
291 498
373 499
317 500
316 501
240 502
117 503
283 504
155 505
375 506
173 507
207 508
269 509
288 510
458 511
510 512
427 513
104 514
207 515
301 516
275 517
108 518
70 519
8 520
462 521
325 522
347 523
212 524
53 525
386 526
436 527
184 528
489 529
165 530
274 531
285 532
523 533
160 534
383 535
254 536
296 537
292 538
400 539
438 540
326 541
115 542
496 543
352 544
304 545
89 546
376 547
521 548
212 549
518 550
357 551
29 552
4 553
511 554
44 555
548 556
295 557
194 558
40 559
512 560
286 561
161 562
445 563
353 564
338 565
321 566
360 567
320 568
30 569
428 570
439 571
385 572
210 573
78 574
555 575
513 576
6 577
281 578
571 579
264 580
37 581
283 582
218 583
502 584
447 585
57 586
234 587
411 588
463 589
432 590
128 591
191 592
242 593
585 594
183 595
557 596
402 597
294 598
396 599
305 600
419 601
356 602
285 603
169 604
46 605
550 606
117 607
461 608
464 609
451 610
44 611
227 612
74 613
35 614
321 615
158 616
203 617
302 618
433 619
616 620
80 621
520 622
63 623
147 624
366 625
185 626
617 627
26 628
618 629
111 630
496 631
35 632
405 633
558 634
218 635
561 636
304 637
207 638
71 639
208 640
527 641
4 642
587 643
242 644
590 645
88 646
257 647
85 648
606 649
92 650
359 651
52 652
28 653
539 654
574 655
55 656
559 657
235 658
178 659
119 660
499 661
494 662
184 663
269 664
506 665
382 666
514 667
603 668
585 669
213 670
61 671
363 672
503 673
54 674
238 675
218 676
418 677
483 678
493 679
504 680
535 681
579 682
48 683
121 684
59 685
41 686
476 687
136 688
510 689
61 690
126 691
57 692
334 693
194 694
609 695
52 696
657 697
393 698
438 699
309 700
372 701
619 702
493 703
193 704
560 705
568 706
423 707
216 708
108 709
602 710
245 711
341 712
142 713
266 714
582 715
549 716
288 717
322 718
241 719
425 720
641 721
254 722
19 723
563 724
479 725
680 726
152 727
271 728
200 729
586 730
665 731
61 732
377 733
649 734
319 735
568 736
496 737
67 738
3 739
563 740
399 741
352 742
515 743
371 744
291 745
91 746
262 747
22 748
111 749
15 750
513 751
551 752
371 753
615 754
421 755
513 756
356 757
603 758
574 759
479 760
629 761
487 762
603 763
447 764
177 765
281 766
765 767
176 768
504 769
750 770
717 771
81 772
96 773
619 774
694 775
768 776
148 777
138 778
721 779
314 780
173 781
523 782
210 783
585 784
11 785
426 786
576 787
623 788
475 789
97 790
707 791
344 792
318 793
65 794
541 795
699 796
159 797
149 798
558 799
7 800
101 801
619 802
50 803
802 804
543 805
395 806
537 807
174 808
295 809
200 810
807 811
142 812
615 813
357 814
745 815
48 816
658 817
701 818
757 819
582 820
545 821
339 822
584 823
581 824
127 825
456 826
724 827
647 828
267 829
580 830
318 831
200 832
377 833
272 834
152 835
251 836
57 837
479 838
573 839
21 840
435 841
177 842
206 843
399 844
770 845
256 846
252 847
372 848
809 849
801 850
437 851
222 852
844 853
704 854
425 855
740 856
828 857
553 858
482 859
208 860
325 861
39 862
31 863
26 864
688 865
364 866
702 867
39 868
454 869
847 870
127 871
164 872
469 873
95 874
575 875
325 876
534 877
487 878
653 879
658 880
784 881
387 882
74 883
606 884
151 885
403 886
556 887
312 888
486 889
52 890
382 891
435 892
666 893
174 894
147 895
249 896
516 897
175 898
24 899
108 900
11 901
568 902
234 903
349 904
345 905
180 906
224 907
669 908
816 909
694 910
693 911
878 912
54 913
354 914
544 915
48 916
314 917
267 918
893 919
500 920
840 921
465 922
775 923
629 924
910 925
541 926
541 927
145 928
210 929
614 930
897 931
627 932
340 933
855 934
39 935
908 936
222 937
51 938
300 939
278 940
893 941
3 942
347 943
35 944
107 945
586 946
723 947
756 948
784 949
439 950
940 951
394 952
263 953
372 954
730 955
452 956
830 957
496 958
174 959
779 960
850 961
684 962
734 963
502 964
569 965
556 966
803 967
309 968
25 969
267 970
638 971
850 972
275 973
581 974
95 975
17 976
297 977
959 978
842 979
135 980
674 981
747 982
748 983
595 984
833 985
118 986
683 987
66 988
118 989
247 990
963 991
592 992
963 993
992 994
46 995
94 996
490 997
362 998
206 999
311 1000
1000
890 746
247 632
528 652
621 46
565 282
863 980
736 15
978 821
364 811
320 958
355 369
353 772
70 415
466 341
64 130
628 857
461 234
10 328
454 998
578 639
693 480
384 703
484 214
75 321
954 998
818 730
923 691
13 173
989 99
728 598
390 305
863 858
663 323
644 478
859 219
470 43
447 345
430 387
166 106
354 35
913 585
691 37
445 105
229 474
685 701
970 12
889 353
488 490
451 79
145 148
219 565
473 627
735 354
167 654
222 954
294 817
809 518
320 526
685 685
601 961
51 706
552 566
944 330
858 654
249 699
442 729
174 161
913 320
889 78
333 835
531 870
479 611
579 914
471 86
937 942
827 22
260 294
342 681
299 767
845 237
534 966
657 73
878 356
292 417
446 672
127 933
984 746
98 498
809 287
367 167
623 883
305 557
242 118
102 794
777 234
337 403
671 698
725 82
155 339
846 879
792 486
632 411
693 473
43 493
712 43
217 858
994 788
85 307
76 597
539 689
186 598
507 846
757 879
873 475
417 287
752 196
488 715
586 4
194 527
79 274
530 979
673 31
595 479
142 958
670 639
857 144
734 193
37 4
123 701
910 89
563 406
802 924
208 356
63 689
20 475
2 217
595 870
666 58
894 406
835 937
762 410
441 38
897 229
664 359
642 525
763 810
851 36
262 805
83 61
442 789
24 31
340 497
189 792
623 649
896 950
97 155
587 150
785 896
947 809
216 710
912 578
284 947
920 748
165 745
789 657
247 938
369 541
570 227
835 383
410 220
776 790
592 752
875 974
45 562
206 757
501 594
339 234
185 988
502 107
829 484
159 483
274 300
395 895
226 424
520 399
838 779
642 848
606 638
474 293
558 163
740 469
182 122
610 526
781 709
379 920
907 444
757 578
830 857
850 270
467 577
152 241
842 300
70 446
768 119
285 932
573 804
917 883
470 995
71 500
972 69
656 390
831 683
249 6
930 589
448 998
236 604
591 641
355 802
202 597
821 868
343 492
847 29
41 415
624 427
735 13
309 935
249 325
59 1000
466 535
542 385
672 702
956 244
928 794
103 249
770 811
684 591
528 360
885 92
835 811
346 643
639 991
226 560
932 478
617 851
505 132
286 177
861 332
620 324
243 627
455 646
652 746
156 905
478 228
790 14
485 171
509 251
922 760
127 104
161 751
50 887
97 11
522 145
886 566
636 706
799 967
510 146
92 685
753 741
34 474
242 694
56 990
551 362
261 790
293 412
149 171
868 821
467 949
658 515
689 240
103 118
474 642
522 859
303 175
638 980
645 946
971 758
705 157
472 287
704 805
94 687
130 942
149 103
707 881
101 932
491 485
558 295
964 306
581 879
500 233
160 463
952 313
993 996
675 353
214 967
723 440
508 402
814 975
122 837
401 723
866 617
599 844
739 508
545 268
633 991
232 477
549 508
714 974
901 562
621 499
888 768
541 571
431 133
371 289
448 637
472 515
15 295
540 914
820 892
181 489
163 635
356 422
612 236
29 888
402 230
542 900
66 55
516 50
802 815
822 313
484 540
169 314
200 204
553 443
865 454
594 715
857 95
492 763
143 296
888 730
359 253
631 277
876 983
474 899
644 848
87 783
574 609
643 270
86 850
856 109
344 350
107 27
989 273
30 512
76 241
24 496
109 653
332 849
681 743
81 25
839 826
650 22
541 691
113 244
72 781
239 34
595 7
239 239
33 332
909 436
633 600
486 316
245 431
945 440
550 774
292 246
918 870
85 406
568 238
391 264
961 795
720 996
228 704
218 413
310 461
64 702
178 102
402 439
20 660
569 93
749 662
353 446
561 256
660 758
416 661
73 447
497 517
368 595
439 846
907 172
551 342
370 824
935 63
820 641
887 66
687 934
850 548
217 950
486 980
596 790
583 303
576 565
958 34
198 629
202 246
476 667
784 161
118 180
150 297
605 251
231 848
538 427
377 749
367 197
100 99
865 680
805 711
35 188
862 808
735 59
567 7
790 29
324 710
542 201
129 370
492 470
955 699
417 500
734 985
970 388
683 453
261 720
380 418
808 877
674 289
396 890
178 381
347 959
951 334
89 507
508 83
784 497
608 184
700 211
499 256
213 624
677 598
34 372
274 844
328 423
149 777
455 774
690 560
269 248
828 232
525 660
309 355
361 261
30 192
791 868
517 937
448 633
151 621
617 311
696 539
333 304
700 98
608 726
875 617
877 834
66 76
994 96
488 966
904 570
255 476
193 544
275 121
479 482
871 318
394 787
951 242
273 702
324 308
595 485
704 572
523 258
899 382
444 458
164 106
187 81
980 598
516 801
431 516
668 950
16 865
198 748
84 271
301 411
570 85
69 811
156 959
35 738
21 681
318 592
168 946
408 788
27 722
895 107
817 732
485 6
121 734
289 979
356 569
971 525
566 477
325 960
572 217
490 47
46 298
287 962
699 887
179 606
136 471
454 554
46 658
469 917
381 73
594 818
650 882
296 450
331 423
12 826
115 834
388 740
374 207
418 316
664 764
874 284
587 657
177 209
660 223
915 238
446 899
617 161
815 644
143 115
249 556
936 915
612 342
594 201
100 920
795 830
107 620
476 955
166 226
509 405
256 236
685 717
976 260
14 331
110 438
183 18
595 11
376 415
948 248
467 59
24 954
536 562
916 975
255 510
248 787
705 949
742 939
704 613
671 495
800 401
306 347
796 191
726 735
834 987
134 452
395 651
167 625
70 982
925 297
881 329
627 54
417 70
426 114
121 270
895 218
684 834
59 511
156 404
699 276
876 473
863 798
84 409
52 536
124 772
979 839
667 494
376 454
143 475
181 592
176 538
966 86
199 255
434 858
57 533
703 419
229 48
545 49
525 928
983 500
268 658
157 609
369 620
951 859
934 891
632 393
344 78
839 454
556 624
234 278
422 941
862 941
226 349
762 844
206 177
335 649
130 461
364 913
856 920
346 246
949 794
609 695
60 453
192 236
701 914
679 295
113 792
567 425
878 912
642 909
593 990
366 64
253 555
298 575
642 332
304 387
18 900
694 966
648 265
52 157
441 862
171 802
297 74
80 814
749 8
613 970
826 752
788 459
752 599
197 459
626 97
11 939
96 565
970 200
290 331
621 613
673 960
666 55
62 742
116 728
61 195
882 247
43 501
366 401
600 687
248 168
214 582
29 501
336 462
262 554
268 401
448 679
470 450
505 244
431 693
254 646
910 207
124 910
664 674
171 577
885 693
868 235
41 181
690 369
877 532
58 643
353 747
912 931
647 649
112 212
866 567
30 583
176 850
371 185
777 727
272 125
553 560
682 561
34 992
661 514
42 405
532 338
847 339
794 143
378 545
799 778
428 537
957 509
996 807
134 586
923 530
89 795
783 482
194 77
241 707
589 399
234 310
494 982
399 88
940 551
590 162
628 240
750 341
328 269
841 654
729 932
387 84
615 370
761 307
460 729
542 895
43 684
987 281
995 791
991 723
642 385
542 930
296 515
251 118
339 590
926 802
117 51
485 524
486 788
838 266
452 322
368 260
413 580
382 818
188 633
259 874
818 300
721 786
197 425
216 404
1000 810
262 391
556 410
619 685
966 621
986 478
491 645
51 491
262 523
957 592
736 92
323 971
86 64
815 50
122 75
742 85
373 592
828 431
294 971
343 950
83 311
832 335
865 806
763 316
644 531
26 18
284 63
411 618
267 851
358 206
862 610
782 970
931 577
543 690
349 259
516 67
925 448
508 259
71 78
150 58
553 318
111 692
507 20
118 775
985 242
813 256
650 134
496 17
142 815
280 290
533 87
687 335
358 837
917 283
714 740
427 292
822 601
522 81
936 605
518 8
601 378
140 867
466 72
657 780
929 205
597 800
209 852
113 436
413 712
929 620
90 116
103 889
739 808
95 682
485 545
826 611
431 651
323 61
295 616
337 421
880 603
376 745
751 831
837 353
383 832
525 13
543 461
269 671
14 237
977 365
445 587
375 368
56 252
451 230
379 963
873 92
86 849
939 510
680 50
586 327
113 348
336 698
603 355
240 285
771 236
348 57
695 194
988 71
368 926
805 468
473 318
245 546
209 464
53 822
844 297
646 903
168 705
820 637
419 860
512 407
706 928
213 655
196 338
782 130
696 918
642 955
944 641
925 446
3 892
306 95
702 145
774 577
939 742
609 601
273 835
806 248
723 619
935 774
632 397
142 965
650 328
658 911
538 659
413 763
729 187
37 450
44 839
946 514
219 971
575 33
544 921
512 216
536 183
593 34
650 653
701 15
430 392
269 39
747 433
919 303
552 327
506 221
171 9
314 777
911 468
907 618
72 922
402 531
555 676
832 804
30 485
450 539
899 258
829 998
957 633
297 497
903 915
55 642
757 152
7 110
597 609
13 625
555 291
86 923
441 459
988 271
272 24
814 315
288 39
932 115
693 638
857 575
463 413
631 91
579 554
636 511
609 859
817 401
964 670
839 407
878 932
831 587
53 539
899 148
576 708
121 731
539 789
273 903
512 65
330 958
651 184
