1
9
1
1
3
3
3
1
1
1
3
54
1
1
3
1
3
9
3
1
3
3
6
3
1
1
3
1
10
1
3
1
19
3
8
3
16
3
1
3
3
1
1
3
1
3
1
1
1
1
3
1
1
3
1
1
9
1
685
1
5
1
3
1
3
1
1
3
1
7
9
3
1
3
1
3
1
1
1
15
3
1
1
3
1
3
1
9
10
3
1
3
3
1
3
1
61
3
1
3
1
3
189
43
1
1
1
1
10
3
1
3
3
1
10
1
3
1
3
9
9
1
3
1
1
3
9
1
1
3
3
4
9
1
1
1
9
3
1
1
1
10
1
1
1
1
1
1
3
1
9
9
10
1
1
1
1
1
1
9
1
1
1
9
1
3
1
48
48
3
1
1
1
45
1
1
3
1
3
210
3
9
3
3
3
5
1
9
9
3
3
1
1
3
1
3
9
3
6
1
3
9
3
3
1
1
1
1
4
1
3
48
6
3
3
1
3
1
3
9
1
1
1
3
1
9
1
1
3
1
4
1
1
1
9
1
1
1
3
3
1
3
1
1
1
9
1
3
1
1
1
16
3
1
4
3
3
3
3
9
1
1
1
3
3
1
3
3
3
3
3
1
1
9
1
9
1
3
3
1
1
1
3
3
1
1
3
3
1
3
3
1
1
1
1
3
3
1
1
7
1
3
1
3
4
9
4
3
4
1
1
3
3
1
1
3
1
1
1
3
4
3
3
9
3
15
3
3
1
3
9
3
1
9
9
1
1
1
1
3
4
1
1
3
3
1
1
1
28
1
1
1
9
1
1
3
3
3
3
3
3
10
1
3
1
28
9
3
1
6
3
1
1
3
1
3
239
3
3
1
11
3
1
1
28
3
1
1
1
1
3
3
3
3
1
3
1
1
1
3
3
9
1
1
9
3
32
1
3
342
1
1
3
1
3
3
1
1
1
3
3
1
1
94
3
9
9
1
1
1
3
1
3
3
3
1
1
1
1
3
4
3
3
1
1
3
1
1
3
3
3
1
1
3
1
9
1
9
3
9
31
1
9
1
16
1
1
9
1
3
1
3
3
1
3
3
3
1
1
1
1
1
1
3
3
10
3
1
3
1
10
3
3
101
9
1
3
112
3
3
1
1
1
1
1
9
3
3
1
1
1
1
1
3
3
1
1
1
1
1
3
1
3
1
1
3
3
7
1
1
9
1
9
3
1
1
1
1
1
3
3
3
3
1
1
32
1
3
3
1
3
10
3
9
1
3
1
1
3
3
1
9
1
3
1
3
9
1
3
1
1
3
3
1
1
3
3
1
3
107
3
1
1
3
1
1
3
1
3
3
3
9
35
3
1
1
3
1
3
1
1
3
3
3
1
1
3
1
1
3
1
6
1
3
1
3
1
3
3
3
3
3
1
1
3
9
3
1
1
1
3
1
1
1
7
3
3
3
3
3
78
3
9
3
9
9
3
1
1
3
3
1
1
3
1
609
3
3
1
9
3
3
878
1
3
3
1
9
1
3
3
3
1
3
9
4
9
1
3
3
1
1
4
1
1
1
9
1
9
9
1
3
9
3
48
3
1
1
3
1
3
1
1
6
1
16
68
11
3
1
3
3
3
1
1
3
1
3
1
5
48
1
3
3
1
1
3
3
3
9
1
1
3
1
42
1
9
1
1
3
3
3
3
1
3
1
3
3
1
3
3
3
1
1
1
1
1
3
3
1
1
3
1
1
9
1
3
1
1
1
9
9
3
1
29
1
1
1
3
3
3
3
1
42
1
1
3
179
1
1
1
10
1
9
3
1
3
1
9
3
1
3
50
3
1
1
5
1
1
1
1
3
1
3
1
1
1
1
1
1
1
1
1
3
1
3
9
1
1
1
3
1
3
1
3
1
1
9
1
1
48
3
1
9
3
1
1
1
3
1
1
3
4
3
3
1
3
1
3
3
1
1
4
1
3
1
1
9
3
1
3
48
3
1
1
1
3
3
10
3
3
3
1
9
3
9
3
3
3
3
1
1
1
3
3
8
1
1
1
3
9
3
10
9
1
1
3
1
1
1
9
31
1
3
1
3
3
3
1
1
1
9
1
3
3
4
1
3
1
32
3
3
1
1
1
3
3
3
3
1
3
3
3
3
1
1
3
1
9
1
3
1
1
1
1
9
10
3
1
1
3
10
6
1
9
3
1
3
3
3
1
9
3
1
1
24
1
3
1
9
3
3
1
1
3
176
1
3
1
4
3
3
3
3
1
1
3
1
1
1
