1000
1 2
1 3
2 4
3 5
3 6
4 7
3 8
8 9
7 10
7 11
11 12
11 13
10 14
1 15
10 16
16 17
4 18
16 19
10 20
8 21
12 22
9 23
10 24
15 25
14 26
7 27
7 28
8 29
11 30
29 31
7 32
3 33
10 34
6 35
25 36
19 37
7 38
1 39
14 40
28 41
30 42
42 43
29 44
28 45
10 46
27 47
15 48
21 49
40 50
36 51
22 52
18 53
42 54
19 55
30 56
9 57
30 58
25 59
59 60
22 61
3 62
45 63
8 64
35 65
23 66
44 67
31 68
62 69
42 70
30 71
41 72
6 73
22 74
8 75
31 76
58 77
21 78
18 79
43 80
79 81
4 82
5 83
31 84
33 85
41 86
11 87
48 88
60 89
12 90
44 91
81 92
77 93
85 94
84 95
2 96
56 97
18 98
14 99
82 100
30 101
79 102
22 103
47 104
70 105
69 106
43 107
78 108
27 109
39 110
106 111
84 112
32 113
59 114
75 115
70 116
46 117
9 118
114 119
9 120
18 121
25 122
34 123
4 124
45 125
42 126
55 127
126 128
86 129
93 130
41 131
71 132
14 133
65 134
57 135
80 136
49 137
104 138
47 139
14 140
108 141
29 142
139 143
75 144
46 145
61 146
63 147
47 148
94 149
55 150
113 151
111 152
26 153
84 154
21 155
40 156
56 157
136 158
2 159
75 160
23 161
71 162
41 163
130 164
42 165
66 166
141 167
7 168
87 169
95 170
11 171
125 172
82 173
141 174
70 175
87 176
35 177
100 178
151 179
133 180
65 181
110 182
5 183
81 184
10 185
149 186
132 187
129 188
78 189
41 190
95 191
28 192
94 193
88 194
25 195
18 196
31 197
187 198
149 199
150 200
100 201
173 202
6 203
201 204
44 205
72 206
147 207
186 208
159 209
103 210
120 211
3 212
88 213
124 214
140 215
58 216
27 217
41 218
146 219
1 220
114 221
72 222
183 223
85 224
192 225
224 226
145 227
140 228
115 229
215 230
174 231
183 232
210 233
32 234
86 235
167 236
194 237
207 238
95 239
229 240
19 241
172 242
13 243
52 244
170 245
191 246
10 247
121 248
25 249
150 250
4 251
35 252
50 253
177 254
88 255
119 256
146 257
3 258
179 259
135 260
148 261
161 262
5 263
195 264
177 265
118 266
213 267
41 268
59 269
91 270
41 271
114 272
262 273
131 274
45 275
158 276
182 277
49 278
103 279
248 280
129 281
85 282
200 283
247 284
110 285
222 286
177 287
242 288
256 289
130 290
288 291
149 292
76 293
161 294
225 295
286 296
285 297
130 298
73 299
149 300
140 301
222 302
190 303
135 304
5 305
244 306
77 307
217 308
230 309
151 310
262 311
254 312
42 313
235 314
232 315
165 316
304 317
110 318
215 319
105 320
283 321
18 322
272 323
98 324
204 325
112 326
286 327
16 328
43 329
218 330
160 331
246 332
220 333
202 334
84 335
243 336
175 337
313 338
286 339
38 340
286 341
107 342
96 343
212 344
126 345
87 346
212 347
105 348
303 349
293 350
91 351
190 352
170 353
13 354
100 355
132 356
158 357
213 358
50 359
26 360
21 361
212 362
285 363
16 364
210 365
340 366
68 367
100 368
28 369
309 370
45 371
369 372
112 373
280 374
169 375
162 376
211 377
182 378
291 379
117 380
377 381
19 382
210 383
101 384
136 385
22 386
183 387
281 388
388 389
156 390
293 391
163 392
137 393
309 394
147 395
55 396
177 397
353 398
151 399
362 400
233 401
213 402
11 403
121 404
286 405
96 406
226 407
378 408
208 409
203 410
138 411
5 412
197 413
218 414
327 415
73 416
187 417
414 418
212 419
293 420
68 421
337 422
287 423
171 424
112 425
62 426
281 427
314 428
236 429
192 430
334 431
411 432
133 433
274 434
75 435
305 436
11 437
326 438
408 439
357 440
293 441
412 442
407 443
122 444
106 445
338 446
162 447
178 448
306 449
184 450
421 451
319 452
150 453
107 454
224 455
261 456
73 457
271 458
178 459
38 460
165 461
367 462
111 463
72 464
434 465
368 466
181 467
239 468
102 469
126 470
86 471
252 472
391 473
227 474
428 475
295 476
161 477
351 478
245 479
285 480
466 481
23 482
59 483
203 484
151 485
423 486
116 487
68 488
160 489
105 490
182 491
255 492
184 493
277 494
269 495
265 496
385 497
246 498
374 499
346 500
21 501
165 502
84 503
309 504
111 505
69 506
68 507
427 508
452 509
349 510
63 511
269 512
232 513
380 514
252 515
429 516
330 517
99 518
11 519
80 520
268 521
25 522
379 523
48 524
521 525
469 526
291 527
101 528
112 529
240 530
182 531
522 532
118 533
441 534
473 535
341 536
387 537
480 538
394 539
189 540
512 541
493 542
265 543
109 544
303 545
94 546
524 547
99 548
396 549
524 550
165 551
295 552
475 553
364 554
93 555
382 556
183 557
329 558
408 559
59 560
446 561
321 562
375 563
94 564
27 565
176 566
504 567
557 568
396 569
270 570
242 571
322 572
329 573
140 574
18 575
492 576
130 577
359 578
68 579
272 580
339 581
301 582
6 583
216 584
320 585
400 586
410 587
548 588
377 589
387 590
352 591
62 592
414 593
288 594
190 595
524 596
156 597
388 598
260 599
186 600
172 601
19 602
491 603
232 604
453 605
495 606
517 607
287 608
88 609
453 610
67 611
140 612
275 613
222 614
575 615
54 616
431 617
616 618
27 619
233 620
209 621
214 622
616 623
300 624
209 625
455 626
458 627
536 628
514 629
36 630
503 631
181 632
432 633
162 634
568 635
114 636
226 637
364 638
287 639
106 640
169 641
498 642
308 643
327 644
369 645
234 646
54 647
398 648
332 649
568 650
468 651
137 652
400 653
244 654
473 655
352 656
441 657
75 658
329 659
276 660
241 661
70 662
5 663
215 664
236 665
17 666
28 667
79 668
33 669
81 670
159 671
337 672
545 673
588 674
667 675
286 676
261 677
113 678
17 679
216 680
335 681
665 682
522 683
631 684
663 685
70 686
568 687
572 688
82 689
327 690
610 691
57 692
413 693
631 694
286 695
101 696
50 697
527 698
189 699
325 700
560 701
56 702
593 703
168 704
255 705
497 706
603 707
603 708
668 709
170 710
596 711
54 712
397 713
285 714
159 715
462 716
265 717
506 718
649 719
507 720
203 721
184 722
671 723
71 724
300 725
141 726
411 727
140 728
10 729
278 730
467 731
1 732
459 733
68 734
64 735
445 736
653 737
315 738
75 739
537 740
525 741
709 742
113 743
104 744
535 745
29 746
606 747
398 748
208 749
401 750
731 751
498 752
257 753
207 754
335 755
608 756
76 757
154 758
336 759
712 760
628 761
192 762
739 763
325 764
287 765
142 766
366 767
586 768
27 769
9 770
13 771
71 772
514 773
123 774
562 775
638 776
659 777
327 778
401 779
337 780
295 781
227 782
679 783
468 784
359 785
603 786
390 787
724 788
317 789
212 790
773 791
765 792
492 793
512 794
720 795
471 796
351 797
103 798
695 799
364 800
592 801
655 802
39 803
557 804
225 805
654 806
618 807
237 808
726 809
572 810
751 811
117 812
443 813
108 814
234 815
478 816
195 817
727 818
546 819
155 820
311 821
762 822
654 823
813 824
600 825
728 826
263 827
757 828
131 829
545 830
584 831
28 832
219 833
479 834
620 835
33 836
255 837
252 838
124 839
665 840
796 841
377 842
353 843
270 844
174 845
196 846
151 847
147 848
327 849
732 850
53 851
301 852
841 853
619 854
32 855
404 856
571 857
320 858
558 859
582 860
245 861
522 862
177 863
683 864
701 865
790 866
376 867
769 868
827 869
276 870
316 871
348 872
748 873
751 874
384 875
391 876
805 877
847 878
10 879
332 880
32 881
261 882
847 883
573 884
878 885
188 886
496 887
362 888
347 889
271 890
386 891
870 892
786 893
409 894
510 895
25 896
38 897
800 898
781 899
768 900
888 901
329 902
268 903
645 904
531 905
540 906
177 907
427 908
10 909
47 910
574 911
106 912
627 913
327 914
555 915
124 916
606 917
294 918
461 919
171 920
837 921
423 922
236 923
409 924
688 925
774 926
44 927
679 928
515 929
809 930
924 931
590 932
920 933
738 934
314 935
831 936
3 937
426 938
732 939
120 940
883 941
726 942
805 943
6 944
318 945
735 946
851 947
73 948
176 949
905 950
304 951
595 952
521 953
153 954
62 955
530 956
925 957
60 958
106 959
426 960
353 961
689 962
132 963
2 964
123 965
252 966
708 967
564 968
251 969
770 970
609 971
275 972
807 973
182 974
234 975
844 976
674 977
527 978
916 979
227 980
460 981
591 982
835 983
576 984
142 985
493 986
752 987
921 988
283 989
108 990
283 991
620 992
628 993
945 994
359 995
643 996
160 997
891 998
627 999
936 1000
1000
650 681
962 203
203 199
271 563
957 612
131 684
177 163
45 740
450 226
89 752
521 977
185 465
324 364
181 103
594 91
782 5
125 734
149 118
559 80
640 998
452 189
994 51
460 167
313 871
541 533
680 244
183 318
591 257
376 27
141 984
586 710
308 152
960 743
177 770
234 200
152 720
9 648
217 441
694 211
32 10
356 536
32 806
907 970
178 635
488 534
314 644
166 842
80 924
42 480
847 364
833 314
779 741
831 348
96 977
772 416
124 661
663 464
698 9
477 171
281 652
946 647
168 75
987 88
456 629
620 207
879 321
227 601
681 748
559 449
190 735
192 502
573 433
279 693
396 179
724 236
240 360
819 628
464 273
358 357
834 725
445 2
519 86
995 270
707 683
307 433
253 198
329 973
24 448
690 12
520 812
950 928
475 105
669 934
236 358
752 686
553 967
682 738
748 888
657 259
696 547
576 407
663 356
647 538
478 326
68 962
763 584
198 311
176 499
276 720
849 8
814 677
772 978
128 692
964 197
524 847
6 361
367 425
932 681
572 367
549 369
275 559
714 866
475 740
49 779
895 747
630 870
437 418
271 470
991 669
826 352
83 89
728 520
534 264
939 302
935 971
126 283
691 606
944 663
517 825
459 764
313 743
597 286
772 94
572 134
353 196
631 359
427 741
885 38
643 706
661 742
239 24
655 825
330 282
438 730
112 296
703 749
402 976
285 470
43 477
757 353
97 461
186 584
958 814
232 455
663 761
649 955
840 848
743 517
773 13
965 573
774 904
392 952
707 209
572 519
548 86
224 505
591 357
177 584
911 520
263 899
655 840
98 212
599 558
663 623
67 270
635 94
704 530
219 592
376 290
559 453
475 151
801 424
172 24
246 683
683 234
76 353
654 223
462 765
315 457
342 189
803 82
987 337
162 303
682 630
397 357
712 369
392 129
868 793
619 380
990 400
74 899
830 46
300 720
913 358
27 72
172 466
676 502
796 477
362 584
945 946
438 303
507 764
580 313
160 788
177 999
709 122
319 660
73 284
410 566
210 897
737 690
748 332
778 706
246 881
433 800
583 83
494 747
790 213
213 604
290 461
190 195
358 597
409 665
527 239
712 604
75 114
243 83
172 141
379 313
156 54
166 575
38 233
496 177
948 346
770 187
483 991
491 697
628 229
158 292
586 753
209 386
313 873
91 249
555 549
719 779
968 791
740 399
135 128
64 24
234 177
353 31
828 129
356 470
958 238
343 585
152 447
451 43
252 959
395 866
598 340
556 150
951 885
308 197
668 662
894 642
504 391
780 847
370 217
948 140
5 131
599 928
443 852
710 809
162 909
542 142
302 188
35 889
372 218
638 167
1000 942
492 725
214 126
547 173
291 21
690 245
735 529
857 735
897 762
870 92
253 113
557 722
672 910
490 391
21 422
29 710
905 946
750 534
448 779
412 48
496 628
415 900
445 164
878 104
182 986
625 203
643 731
639 28
958 437
380 440
252 422
912 763
553 491
823 342
607 401
529 624
770 108
140 842
403 689
677 355
873 276
847 322
924 984
605 288
283 895
758 590
134 220
779 967
38 751
525 772
650 265
162 290
836 801
685 595
686 463
919 867
802 328
930 637
786 159
982 855
774 483
155 511
10 515
1000 16
248 956
602 723
205 340
381 541
860 825
471 384
464 691
604 104
677 911
564 848
937 723
923 357
70 423
269 132
247 507
290 880
643 667
727 3
438 417
556 763
301 249
689 113
177 250
999 680
289 90
281 453
321 206
942 599
260 514
4 707
287 709
72 429
964 406
420 769
866 457
723 722
286 360
772 970
846 807
589 797
690 607
803 254
159 116
690 335
238 926
440 719
947 975
966 565
28 972
744 402
609 832
449 124
725 503
634 862
16 981
330 797
970 589
934 449
86 297
322 642
991 870
655 301
291 883
302 547
163 446
382 503
899 367
177 19
363 243
461 741
112 920
952 284
20 491
194 526
217 566
545 842
221 644
284 192
225 447
122 173
775 222
143 482
642 185
289 401
407 142
141 16
669 430
682 372
433 150
179 530
903 84
379 134
89 613
91 329
20 864
656 927
814 72
573 190
843 855
692 906
851 514
905 517
946 248
741 329
54 462
565 873
393 717
832 175
204 765
515 111
235 70
578 642
405 848
617 55
621 264
429 901
934 820
674 779
79 585
742 407
75 919
564 784
621 666
482 242
89 515
253 762
969 190
702 572
820 141
271 581
390 436
395 379
166 662
645 573
531 293
285 240
175 553
630 961
449 660
500 438
426 749
660 553
204 628
34 132
428 196
386 248
248 507
384 421
138 117
733 829
997 4
558 303
910 295
934 181
282 146
518 870
639 977
64 1000
627 962
859 359
708 422
649 905
804 402
346 414
136 146
501 459
568 856
322 967
598 807
378 299
971 576
472 439
839 230
437 989
244 596
898 634
173 740
783 322
506 757
4 483
560 557
472 643
766 92
217 341
70 381
690 414
234 868
700 27
622 113
254 873
871 742
285 958
838 795
376 649
84 508
171 26
776 891
582 762
43 843
444 509
829 444
957 934
611 650
799 700
737 723
590 648
981 233
59 364
293 456
4 669
305 159
458 998
693 643
372 473
159 791
962 923
225 971
34 340
738 79
670 334
34 751
360 636
685 243
169 914
700 470
829 793
894 87
828 414
548 6
26 726
67 259
509 144
141 355
278 364
138 545
116 952
213 831
430 735
122 602
536 845
822 864
874 422
273 882
696 351
397 473
459 801
818 816
831 3
765 614
219 664
663 33
532 600
100 245
175 89
435 764
59 178
270 600
112 154
724 767
985 751
912 839
402 372
964 449
241 976
985 991
810 375
410 947
448 709
807 446
470 816
185 688
807 643
589 256
658 409
966 435
297 556
241 707
659 602
754 708
512 663
539 861
237 268
148 87
394 800
701 792
978 613
664 916
158 191
219 875
910 755
183 683
582 48
952 458
132 866
117 195
18 472
577 442
769 318
449 507
692 888
926 631
463 827
106 882
230 683
184 132
162 130
773 790
529 866
653 589
306 260
562 823
237 101
902 993
714 27
580 143
876 67
342 990
96 532
814 756
367 501
31 988
488 535
153 992
666 342
694 962
49 451
841 505
484 200
968 322
410 544
221 462
421 635
734 60
336 227
219 871
634 691
462 691
969 997
444 174
171 995
579 237
40 186
119 789
727 951
152 830
365 954
842 212
591 615
507 628
799 152
952 634
159 463
219 476
590 463
566 810
633 412
162 852
443 831
925 451
716 7
849 384
933 807
958 427
398 108
467 878
271 442
229 428
453 497
410 558
97 467
533 147
774 934
570 243
927 283
150 342
776 275
293 270
825 618
706 581
52 519
527 220
679 152
79 647
735 928
992 20
603 442
377 993
538 345
577 330
113 297
783 781
323 834
707 297
139 757
375 177
594 595
916 781
469 840
891 973
653 14
960 775
231 830
246 396
631 720
886 36
110 648
251 696
77 362
542 306
971 815
748 172
402 445
574 842
720 36
950 511
394 80
287 25
205 28
450 160
632 577
853 897
913 251
964 78
658 315
965 100
402 795
335 463
971 576
643 303
315 806
941 254
780 728
799 604
289 131
816 848
791 438
242 605
653 867
673 756
926 698
946 377
237 328
892 851
902 525
855 750
100 955
211 353
769 701
395 903
332 541
491 4
610 824
890 348
972 458
927 666
933 347
248 812
287 951
399 308
976 448
83 152
767 288
656 717
43 364
671 184
228 741
935 729
471 264
554 532
224 388
800 257
533 575
846 511
421 687
643 113
791 831
390 162
559 186
326 636
889 994
979 607
792 616
499 974
483 891
141 148
29 928
516 562
180 978
243 14
226 514
749 453
747 174
584 32
320 776
141 944
54 328
514 474
91 154
467 299
194 109
353 524
838 104
850 454
550 114
427 486
626 384
56 520
71 683
834 137
399 416
959 6
716 645
200 512
70 350
480 880
903 25
654 584
907 602
413 728
662 773
631 332
832 376
118 225
422 47
432 281
506 683
698 228
106 60
917 67
477 628
715 269
30 84
916 585
34 892
725 803
913 203
946 542
391 755
195 423
373 427
846 74
486 993
643 707
182 750
316 975
728 446
803 390
826 610
665 890
270 848
567 444
152 5
197 567
2 431
4 271
264 215
780 713
376 745
723 195
52 713
117 345
400 19
385 245
112 627
694 289
17 518
593 595
885 536
543 729
527 985
504 836
922 476
597 289
502 122
326 82
346 223
353 43
936 512
707 609
943 864
763 668
609 596
316 845
834 594
985 436
463 348
264 65
482 339
928 987
863 20
897 789
324 84
292 701
467 381
8 968
719 671
801 38
919 999
371 861
58 862
282 102
74 6
452 726
696 281
745 369
981 127
263 374
494 35
842 916
300 102
31 160
643 701
469 385
434 654
207 349
700 404
395 587
222 108
718 94
635 208
942 77
760 36
897 692
32 366
315 190
91 255
19 806
640 248
372 113
124 403
648 120
5 479
46 621
566 310
402 277
644 132
655 695
