5
100 21 8
7 4 5 13 1 11 10 2 11 8 7 12 9 4 9 4 3 1 9 9 15 10 10 2 14 3 11 11 10 5 3 8 15 7 14 11 8 5 13 8 3 3 15 9 5 11 9 3 0 15 8 0 1 3 5 9 12 8 8 0 1 7 11 11 8 14 12 14 5 2 2 6 6 12 14 5 15 4 3 14 1 15 8 15 15 1 11 0 5 14 14 4 12 2 14 12 6 15 12 8
100 25 15
3 8 8 8 2 4 15 1 9 11 5 4 7 15 14 15 9 0 10 8 3 11 6 3 7 0 10 11 10 14 14 1 0 12 10 11 11 1 4 0 3 7 6 11 7 7 6 7 8 11 6 12 6 3 14 4 15 3 14 15 1 10 13 7 10 13 7 2 8 11 7 2 9 3 13 5 12 13 13 4 6 4 1 15 6 7 5 15 15 12 7 5 0 1 8 13 1 4 1 15
100 21 0
15 14 12 11 10 7 7 14 4 0 12 2 9 2 6 5 11 9 14 15 5 10 11 6 7 6 14 6 6 1 1 13 9 7 9 10 9 4 2 5 9 10 3 3 14 0 11 8 3 8 12 5 15 6 2 3 14 1 8 13 2 7 4 0 5 11 9 1 12 13 8 8 11 5 12 4 4 10 8 0 15 13 6 11 3 5 8 7 7 1 0 7 4 4 14 6 14 13 15 0
100 21 13
9 6 2 1 12 7 13 15 8 1 5 13 3 5 3 7 11 1 3 10 2 14 14 12 3 11 5 8 2 14 7 15 15 13 4 1 5 2 3 10 7 7 2 14 13 4 6 0 12 7 14 13 0 5 13 6 9 13 1 1 13 5 11 5 4 2 4 1 2 11 12 1 9 12 5 6 15 0 10 12 7 15 1 13 15 3 8 11 5 14 2 7 10 3 3 5 1 0 4 13
100 24 0
4 14 4 14 11 4 8 3 8 0 1 11 14 10 8 10 11 12 10 11 2 14 8 10 6 3 9 6 12 5 6 4 0 7 1 14 10 12 7 1 7 3 4 15 8 8 14 5 11 8 13 6 10 1 0 1 0 15 11 12 9 14 10 12 13 3 10 3 14 7 9 9 1 6 7 9 0 12 6 4 0 7 6 0 1 3 6 15 5 3 9 0 4 1 7 12 2 8 2 0
