1000
215039766 96852182 951504628 356767951
750957443 572325757 982563163 838819860
289129496 659840162 634403876 901062540
130542672 378345824 230893759 852730623
480476985 798513327 547554372 880612965
390344841 367331320 857338360 495144042
329680232 361062326 485651044 374673802
756667213 971360501 816213136 978067148
558999224 423063755 632069938 738138411
745140159 297841213 829697937 762806755
342322949 954524820 696288060 993841197
601903650 828814824 993547033 883808202
690536332 566221176 701229722 985975229
835484716 178183766 987987584 394503737
764495217 688222017 827358947 707479689
751504842 830982069 948565089 915731337
516813439 640789274 970600292 977474102
240964324 57083466 556624129 779554496
925260905 156521247 952002900 284869795
566652039 559601530 586683634 601156310
36310438 369174326 307943230 739971572
810177799 617145003 873469244 906645972
714683044 57738668 965817323 654234485
116479936 604220959 535570819 650197176
357683084 484240063 592092397 591342581
14437586 248305036 201961154 789290834
159215753 178124227 814701512 352721182
417604523 539592036 987529333 591852123
537595787 150046005 746532844 176103666
832815767 198030775 978051502 781760547
491303975 690209620 550070485 984235337
6918420 998959230 848749755 999857941
331382379 615504725 743472623 984099731
707342133 401342839 940773138 794924713
615804157 734325917 876123835 810567149
381950680 589394905 998774164 718737670
262613433 111854734 991510336 387574414
391702717 865352676 782442813 920660864
722033252 39705108 917579028 605675529
458456148 388229212 567702686 488516811
892128489 581761604 929250118 636184159
111647566 734400904 691049116 986340498
217258605 785851569 976002871 987481958
741024639 492002205 933656024 992276607
321841876 225998251 981778245 974457145
567806640 422865643 893417190 504759696
855097142 919995596 901256514 968127816
721043893 998637257 754385614 999444763
644562704 515111227 831660144 752661356
75700345 188027098 194203404 881880461
989429805 480858593 997249626 536954537
291843152 350256177 781588783 386066244
982562319 738498897 985281725 867809842
938390084 205761903 981629470 698868812
86524492 172738892 749657575 888908272
862418264 144468542 961071603 155735510
971538763 21402989 975721605 133713927
346243449 791477715 380807822 939561702
206636209 2836505 208018179 23049423
52498969 225046118 254250056 390458169
916935755 941163566 920117532 999587250
115404173 227026727 685521273 352458849
443575984 406699901 853900484 479611020
282009162 962225900 775268535 980601770
475479150 483408573 903235995 681496969
492785796 833447365 709696532 915230601
177581971 560311016 288251728 951928129
505941808 978658321 840300145 981904330
120112028 586757166 451681227 644439154
146526956 31714629 278663075 209881402
793609703 917311948 871824433 962009553
607952538 978117312 752482398 986772010
540263853 525332175 758560970 896122550
508969629 157203764 878297624 158127803
996500453 562992006 997707495 698439441
537458619 582429148 628865450 613217658
243266357 769273371 573312980 939241161
228809651 730832216 441861495 847918957
884985262 734498338 982903498 862343495
112389549 141825694 483557855 299845585
404201634 726957324 939669048 915991090
444438470 824949084 511721790 954040652
83227735 666604371 417197267 716032597
230189198 962174675 317644269 998961975
362577476 333251302 826039647 673194249
452566428 953056236 590517193 966825534
875892005 707358116 940712866 938361871
21346684 111047414 713126218 626731410
455904942 917262481 793512319 969298159
924028542 146661908 990327054 310961095
638595593 17699409 813475799 56430079
628950287 551648850 638153216 879594814
229643237 713090596 767301883 930495484
407150116 328900894 580056954 920118970
87062139 639618171 382833604 729692940
685764760 167416841 921216952 877085519
379136118 747695695 719415465 981205461
909517492 469726258 973659204 518773540
677448945 213386560 795902630 627312428
22378981 814176887 547603103 854076110
96202702 616801261 219897069 946687807
855647410 910177029 911662069 954158406
146669883 731288232 261271091 846509579
904855723 861021068 959748217 938075869
170182596 787428257 276669725 915883992
272790625 859454469 391868384 935141192
30529367 407680892 634505940 594631740
900061405 774788153 974131945 887828395
406334285 900206076 712905258 972795888
69531014 28932395 580268637 431753399
916713818 151137517 943131193 392939642
658207431 140884213 697200515 543078613
243005919 716948255 815839405 890253745
508932761 717457170 882807846 919219000
595363519 342717900 680520682 539103226
273751069 614098428 756736848 732436210
973903192 30298663 974845602 67227490
811498513 844735241 860154848 945181577
803844824 977213413 986526722 992388401
346774708 772565302 859842363 862530682
150726854 252688378 301128094 798223861
967662786 723277697 975844171 892735145
703453387 269505848 823662974 963389668
777424488 239976178 909764902 795292324
186799826 611999368 859539498 792761900
503231433 466783020 967083658 545862342
951346136 48095098 997666856 353373675
694296496 264556492 978237038 494559716
873820843 765526228 914973480 957974092
173316833 884166018 955743376 932620968
587405852 846902300 937101034 873816905
741599828 172131630 837778745 310891548
726491725 74990398 867608739 743432731
284629808 9789990 811315859 774060497
839984534 37764946 923720525 398868892
664241761 745684416 837950507 858128174
369900519 908756967 812236012 992199469
352579334 755284962 455122025 760707726
561955967 78191439 880460496 356242089
475157726 747267762 557338329 799212052
680510946 555467773 862860327 570012488
338477575 561285921 991357493 734587646
138317182 46402435 490523776 633359209
445364847 963623353 988243475 967885868
88081355 472786454 672078587 918740032
805996630 542575844 853077345 781211538
214329463 220797804 811712710 906866378
957743891 928365968 993341002 995419984
111051668 898225603 524022867 990836027
711085631 61189793 726448098 570892643
110726381 164892602 644040873 503713050
209434148 246953135 392697704 594396871
750143196 872702196 861999357 916963995
295675416 785475767 561163653 873825594
993448960 184201657 998143472 711177273
37432668 640542481 686868920 981048286
308489227 111459118 541580638 164864378
555781789 4725332 993794544 903126663
398149571 32465990 794864333 225109318
240572140 726289277 702021614 861697677
451699374 609849594 661553911 740287214
656964097 621793613 772069626 861833206
477836353 167895952 893258804 583211545
606600866 220233070 624495547 532108034
780567378 667082617 824405757 907487425
812120930 14007331 978405556 331004244
385012625 164825807 541731525 795120159
250236882 212313833 409356312 219285106
283656580 666275670 992344625 831973846
331614793 413533615 480119884 541254662
678559673 217919856 861680599 413167791
640802330 798156067 646389386 821365853
177579037 422295221 746469543 592119612
115263336 577158272 494504915 753716125
287109958 754414457 696614353 885531220
499091134 895089196 980417053 918457481
493091720 278959345 660257758 395606981
533687372 422566998 988441228 770730830
13051830 28446098 449604018 41974852
581456693 159930831 890304334 408738896
367146502 615560510 579135943 926034438
321156609 25209071 737443503 782653400
270973732 882829184 917109602 960028996
770252052 34255492 954379530 770692784
357313548 115520720 588221555 877583356
298403882 751153209 837373244 831202285
638308914 543172399 835550262 675212644
722020487 578880172 843583819 676055761
626950584 820045771 992348475 978884159
970347517 961363939 998759111 975951888
754385350 887591697 874236314 994539717
32533634 793563001 636338836 927278241
860169293 786764371 873983370 996277168
758423070 761224633 842333545 809084229
234725379 71796237 821202689 727102726
888889601 71633527 927071757 255435709
527502637 201901060 899888460 551501149
940537104 839008953 994485947 877631706
598558869 238783789 781052855 522891243
53127747 25823119 388600704 470267370
953881019 265903633 980207721 635905863
966584168 351027622 988930782 780957731
836190100 622322025 888378150 950940149
931966910 148064806 987979998 951263626
800708097 529009670 829498387 806709439
70110900 585034490 954193756 606795681
546899827 776983947 914078794 881325651
570379402 176997252 766553600 322396472
243340294 957075361 875074712 976042613
885835894 683745918 945544032 739012487
401509993 586846545 567183666 915051490
391687483 238847749 769207694 307222035
135010128 209969287 551033392 415652788
372493407 901109120 667655145 906790769
963353213 897318652 998470987 987686421
90638649 85099238 698062777 134332909
866260138 993067734 883132460 999296778
979394067 33662480 994315751 897721071
857550748 406288470 929985194 893980947
21208921 203142379 378904942 559696044
160319348 93086651 691733986 420741020
752224351 788651597 988479542 885368829
388374185 623749029 736256297 719997530
551114914 824718470 575502912 896667188
487283710 552349575 754117253 868550012
940073227 843691855 977458286 924923510
558369326 686824731 766775148 715325218
317855592 184003279 637136369 670056316
47748148 402180297 695885676 496362399
236402908 409859666 263433558 857171078
194437333 801490460 436965984 878917098
861415639 834900528 867421010 886606322
624286013 599502658 798066718 893677021
865510086 993160094 955685082 999167808
365744412 546523474 429188607 717431685
883315630 535449158 998546938 688413537
551552250 431388574 781183330 625076316
641778284 496203751 870641767 786899652
455263998 578548716 509253922 978675887
883912614 836052739 961992225 894962313
162075751 717165880 566062926 886652446
554667479 279333699 818588857 927679297
466975264 556211133 586033994 908450389
96278188 761918002 756039461 915464010
559959950 637968310 772370236 997800680
848131495 440595862 977708753 881639044
99355190 576346154 514464970 648473011
716604005 329661958 926965166 839491671
400626313 973288728 565526143 989385838
611819925 636770115 643807394 951046269
166020876 925831759 652279924 977363401
170869918 168114961 705946326 330997524
267899767 686202946 561793378 945091201
67878115 952254169 700587184 955720719
955395685 497788598 959780223 567788564
752679041 541327463 788737943 746578841
855015488 773083842 857622957 962515198
512083221 954481331 975010549 965813915
519872651 934633932 831140511 971567804
500678025 213524789 624986028 229198104
846401779 141361218 988195385 971690371
758479539 241722378 955815493 996038382
673655 437883918 816479760 597245245
194658307 207741645 332157131 218956354
568406174 472267193 856878409 798549471
824086887 69937728 970051345 387187503
739060463 613094375 977955786 864514251
703437294 534889521 876485980 629131209
174143970 118745035 840123595 818869477
233625866 343640013 783175415 907670906
371579955 882849351 783738532 924689887
432889529 201347254 592012678 726569043
945489406 101074548 948678771 671532861
106902648 984578768 930577819 989072660
989084402 74195028 999069331 808836695
746933151 403593352 982093368 972513104
954311423 145417003 955698504 315787215
625206132 661570459 919432481 823790573
345684970 275211320 948702560 647916875
514072901 131926402 962726706 494372701
154618246 29688752 656866916 358529337
783505189 866172268 784775364 942947664
348665963 189952921 999135666 448963373
974508312 144659945 990012403 437343196
537172160 562721808 795144254 730117346
456409008 994677459 960352733 999893651
843640345 516024094 898860273 971128837
699255376 970489210 804778036 989528025
387862629 8121840 963830475 297133370
345390084 470383025 363762371 714773448
567776054 2473631 595675324 891560618
42915218 380466461 968903114 839877560
733361045 726092066 832096901 807808888
887850002 606186497 912517881 823027646
51349106 578047138 539871587 969183650
631621108 246819996 710062393 369380532
625269559 706258497 635385359 963305285
7990870 445353648 440553607 594479593
341308808 187723084 719378734 875592032
64594502 991547279 247886234 993206127
329771742 202919743 390205288 391995355
124617959 311966646 164083430 356633206
149837597 963230186 631655207 990812604
473170721 644502833 917336334 949713467
402947227 948762276 502791224 989749827
465078520 658861585 618703133 934051277
696763942 751926262 941111378 811634727
179347056 32142139 609881881 293187062
980872049 353216214 995673900 376108646
93955851 470971406 785690820 492960521
127505924 562418243 137592884 846717596
312003679 262551963 520220194 691458229
169107998 170374811 287606474 733608070
479443732 621436638 512833240 943578407
908909832 289578098 968142358 833913452
52265336 686211130 499997518 696077909
325556067 691840443 503775060 910690538
75715895 349658350 260578490 901247025
933361010 340824383 978545089 668098769
862852149 560082173 908798066 772404999
127381020 228981704 852888938 304095620
76962201 862411170 722770191 872836855
511266185 609918348 910694834 795394716
549889070 243354907 871329520 600326500
973789495 388362916 991803249 955726833
520853875 298593316 718720562 676230554
622282989 655059278 982910009 707222966
646680349 609101191 716915718 938538879
501480019 709522381 723393673 711968423
306813944 889195844 779799267 960509997
35524258 666795822 670868636 757719630
68025089 728348770 636799955 931314388
121642695 413440560 754312034 743986568
423069796 871044381 598536906 875810549
920426671 57867859 939581315 175717131
88552411 256876649 477022091 336839188
623531143 480199430 706014143 483699702
647466805 81221089 932951054 190637406
979227261 134014840 996087744 413831686
374645755 231170470 696932512 471833929
161436600 503715410 930202384 992973392
104430067 644015166 211857282 755797845
316896394 408698835 420492094 782415764
527509804 241151502 732690735 573705789
852592078 224281351 954682053 398272490
355446247 701458612 714836929 834513187
676291513 432854370 850594068 635605596
260915239 823632359 657788801 967388677
553136906 956980448 987287451 977519810
399210160 625313554 425116646 874939727
313804594 73012266 768567961 551567636
332314800 62348121 453301949 999100471
236150199 371349456 545866795 907537705
968958092 676969689 972634126 944225466
421631567 433629808 804693791 586379119
451663792 552590742 597393076 793196177
691591456 154641402 988419230 298827727
451857176 929732696 627399686 974528831
64892595 442317659 845830158 882084186
582345798 299859655 924977763 764586628
736741737 587238529 764279682 922189981
223909183 593514363 487417247 632751271
720835836 606232784 755489769 663852831
791931717 697162184 807073437 747996268
283005626 953032889 775618076 955452163
475710383 460009442 583521146 587283716
220436506 78446158 923538992 535342706
897800218 468256124 956074203 550460131
276770982 447821945 483235643 645851109
338244713 764948611 431942197 792992680
240317965 546925862 885021311 741453905
600001200 371479890 804644784 693624531
462282955 779501261 947879512 857763364
142420318 364878680 538084553 926859696
402334527 477600245 683936452 964195436
257431021 831489998 407835309 836215926
621709512 314829117 742628305 793772714
636474068 152603160 880294588 336064156
792696027 511396971 799317510 879094063
888014907 779065652 897909996 829645568
312111138 42950555 955737048 511915264
108682760 473068940 503625749 651098622
713758833 781624160 716227210 843054519
196101926 61574393 543335555 516509935
989914697 676704206 990195609 982409861
30637903 56525885 767469767 409799155
926375292 304872420 985354820 430374336
527285344 967609423 875487831 988093235
393820081 511385701 417752646 546920851
346965188 809783927 953576812 847025841
879045233 894871186 927319970 905950191
743256584 534564964 917954827 761527299
547149968 795603751 945368817 941566521
772839780 842568209 893833820 997938008
415122801 145279948 488165687 182665895
225431288 792671233 569279667 907144810
466751929 934380219 901851034 945551590
287915373 576829419 823643440 808526380
67254540 430038537 197741542 609313701
536589559 966713355 755684980 985930574
923199765 276585693 934895359 471864259
817488642 26851537 969267288 514029341
779768765 315084681 956699025 605570333
141054184 801509849 856934445 907180927
709538999 922238179 900050160 960700253
58485484 614220444 360528289 830441555
403639483 505048143 705673933 561801511
40370534 968158202 815712504 999178842
304471897 458264247 337543394 632925730
119355605 543716106 905689214 961000479
323333405 105663711 706707172 372328264
945952465 720717852 970012279 874089615
989735206 992754973 995827421 993460912
135694732 64135323 888849969 426678600
122068995 142839806 522929897 353421956
314446791 389283346 952071029 420653349
413674550 801549700 967662086 954864959
777306213 39601129 853469369 784292599
579251428 635490494 688145986 970451836
265775593 424424409 569194918 809118143
44485813 405900729 829728192 809701575
333453477 267863066 969586005 493272643
637646299 813742568 728952138 893186235
209151756 235153490 855819005 946490428
999581213 662715506 999974342 682402725
50979327 853178033 670175318 999159799
571452283 857607747 816101759 926336837
222671240 223557744 327513976 896973584
979669987 904540307 997937471 996161712
449594800 697448944 451904884 721396228
248402701 909588467 291353664 911154800
582924137 536227272 865301470 582680478
892446331 289674879 955229345 920386330
130646507 39890503 453584062 258239286
733107235 371971578 896024557 582298508
733862350 449005608 894230186 915400750
991265512 489601249 993847018 674051362
525316045 323746468 731978246 325084384
101217152 765064546 116861575 947169309
823160077 174525887 866076686 850032489
877528201 376390280 930873654 757839632
521729432 308522183 962662417 665360664
5843809 96806258 386015426 690273872
534648387 413676921 600107146 563437418
566788266 184383302 682008864 287450982
403951876 660531330 882763365 719623508
81052136 74225208 935125595 455274625
338359692 208907859 564609089 465418952
996882185 460538338 999414063 922827379
61337880 343828876 871874548 897876762
397578797 523942765 515428001 696787384
393955954 623194486 758111614 658787249
653393650 919560138 826313069 990688868
621211538 231735808 793006322 280535937
532342597 9542512 701099823 163243989
578845922 157805812 609229695 925006145
9580647 326149907 517604784 341362472
149284828 945690161 857557451 971344416
747423699 732371446 836176433 773729676
96203233 886277438 195593664 940020938
177702868 157303330 918272693 482620927
663852780 578678723 822621986 808565584
31713836 148358615 963673164 418418382
266679754 81575157 705289888 547344048
891637005 128825123 941948707 299967062
968630526 787927730 989003904 948951580
347677076 111010242 525849987 714791591
392608475 771232770 704583467 821613143
172662176 317717719 324107225 992492633
538453281 868644981 866497662 934061182
746260696 524985777 810722884 559319953
494761917 872102430 974695941 913186483
364714627 886906077 444971635 905917973
150360068 420376297 285864498 576408598
480534692 23722554 646605721 233605050
962564250 865249576 976932853 987529523
131163837 41848991 293059182 814372509
964629729 362600432 996748966 413568127
237838651 538620913 807321515 722439823
935262573 514583654 957661493 555012057
354911468 289564889 508094387 618681574
229809111 476534615 316378228 586137086
233988018 920777284 521635698 962998369
417158566 35574894 438856655 125409504
419111999 664267662 877861092 883255847
864269960 527350484 889618939 963418926
146543840 882956668 589737184 946207743
502776768 772799305 789746844 912848577
507631984 519776593 773901356 837623847
809852800 786922299 890631133 886310026
699665818 16968620 828564820 255070788
385892763 128901830 441674466 189874907
333047633 677721457 680017335 727816262
518032344 424900480 524389645 786032816
561956962 825916081 576791449 949722322
490813070 15343105 929380272 80465420
676580187 384302919 808133141 959986389
312074968 822397720 409933472 885191602
485251906 29446184 531416741 719218230
586201218 74692727 692925147 264103893
576489916 531382485 703403869 697051920
435227282 36471798 716905851 581268782
727576125 91314468 820913519 882490105
711205812 243456997 957092307 356465673
403172677 319105179 512977438 909260204
697259518 767149153 890833293 853436399
395133563 684699597 480761518 806196796
479420493 437947880 806125892 943220425
3387650 327141800 239112719 824048604
639316393 582498656 678509125 765654410
906623274 364584990 980454653 989951357
460270978 499537163 752832210 836814280
775046303 511511745 807890477 768891134
649472032 609378923 862687273 738664013
677734202 211420161 898605514 673645281
692560341 705448717 820103120 777731682
30673395 859655309 601563530 876328828
387316842 360919796 519748915 963675209
919544778 187381802 957521369 948789996
163496055 25642314 816397713 457656127
293557811 984015799 728985804 989893088
721628678 843822706 980098120 894029196
132181833 849631770 982593110 931616415
874936242 191745500 915242532 896958403
608424225 379716990 821420212 923680685
970777020 311604722 999207697 321619671
561136323 403683229 667349123 409175888
377105167 544208906 483405250 815846834
766370596 346905174 775175763 660134428
523110849 838491151 567968612 873281360
658435374 120202666 843973377 874607171
55989651 384790700 775340813 757433735
899138770 594724202 941656119 703195591
192287818 690476067 717871716 870161767
684941107 886485776 780913024 995527210
13457267 486613274 101087748 912164482
966142473 285091198 976029775 299180181
466871801 939792306 688076830 949319592
628761588 959854538 641565811 972973268
763517245 46254451 944598965 302538403
523375661 489156205 926513547 912687688
69740843 55313904 918702534 197086747
648416013 715412520 705387499 956193480
849910323 231008558 956608335 985706808
90220852 114789371 733906189 206124611
430231000 340609797 904533448 699305688
780803065 939164994 937887617 972658361
66693448 927147625 996858159 944708802
830474114 901613112 875380432 974140782
877041797 138630484 902825803 204421806
357671590 70830735 684189427 723065742
641307049 783831352 864249573 878040439
715554980 278282522 887543520 658178765
106989757 640738941 529818064 724076188
790743783 813472170 848751056 820639111
216983422 175879464 460310811 297484202
443196125 601369299 591333767 796095837
790943390 77552357 891818059 491387028
768508991 402583720 926413239 754509119
875430714 803754373 892848210 865695743
618278842 636902609 933947311 843750317
738070974 837862548 771951496 955966539
583861855 187427217 798711477 690820383
861071992 438254419 967994967 518938478
665982271 15697345 841515570 536644315
378506776 434508873 992780912 625921462
473476496 800237231 918042402 998576014
708536804 659428125 784204925 824149683
816854040 346281323 946178412 745718527
507024948 506111908 671662404 914417139
793040035 642686889 833968392 998394748
131180171 325263082 330123109 947337703
126833392 679944410 941637513 726479942
490514419 856987713 617885557 899200893
648854226 11272741 895074351 591936304
267381030 931226878 697677024 997259771
435313084 775841057 642906319 990585028
611742979 205912617 734151160 744968488
704638534 898254258 795810786 912232102
174565745 572256234 618575197 924547373
735066017 252063050 955292830 288670936
23059806 933704987 973040690 964287146
743887963 572371299 873280503 849287166
588192702 256307751 644959642 282590636
151852767 453927705 516864378 903322757
740242905 787199077 952726231 914513264
646581799 10420163 775349889 442624766
922165497 606586971 981514250 909087438
747560186 651331284 871068165 750804323
830927230 620234850 972357188 844653443
53885080 547415829 567573798 898707023
874914959 917435006 900225736 919497137
354520739 865929906 728929108 927779293
190506225 873983092 250230402 932585619
493110906 216756538 690322454 622465268
401721398 50593586 503013369 623954742
277729048 661488205 692091967 940312221
746501353 512052169 933127400 688211903
934923307 865439487 985049701 884217877
220755433 639737735 644629886 895511184
958967503 441210285 989888169 585550251
133685357 999386817 321151400 999791402
826884350 119981033 999593256 946839468
281105979 883966422 786456719 901819011
659245154 328638428 876864751 416471721
618822183 635845868 763425523 710637406
490846605 577808145 718519630 967710347
289866385 483908798 670193583 788767255
654113793 659737727 779760471 747469590
129424972 498026246 921191506 650008818
79195422 659106674 928033947 844773928
201980683 857569704 211888341 989210427
802356588 266677053 946195769 406048812
362018504 99949648 922980274 570415448
476110375 955592010 756354739 967797713
370498714 113838336 802482206 392642850
770964048 175857945 849156594 396897755
483203121 667017216 965140185 797638924
94528612 9421355 482053156 28625431
959125788 678590187 984125890 978339709
964734496 547106631 969121429 854100411
990938047 484518556 991612248 923126409
175352560 385986708 185472492 832134036
337371173 786551271 662138790 929263876
389401104 422518947 886203443 699208741
405041855 445397886 819873396 561461567
580009363 643070557 716741411 671858187
241769301 927611425 585505294 937324849
944786152 798729143 996257934 848902866
616565536 698511590 995565023 862222825
621088629 410267316 650791240 990184225
641864154 112704229 798524717 152414061
593385116 714893747 949344018 774984542
826962454 434101232 915563893 954798899
51222343 269167387 636829566 540453367
873071449 522090758 873979628 956541333
900870787 561427939 942015831 726633964
475488405 270584303 735787179 977124094
49631969 720287902 184417815 848954800
861878675 656648893 988669080 765978988
220479605 426537179 435945396 701302119
480917408 801381451 674173942 857149028
384918612 668535045 719777245 741676445
54236486 278692685 800847479 541651257
993709104 942108164 997187652 955454886
390402744 933040975 911377926 983267320
141593842 343553375 254685366 960006163
987237760 142839674 991112404 229730787
928082313 737820290 941478229 799166306
99694489 270049861 206465685 359726330
428619241 219325840 687538330 523382673
753685453 757117663 757750713 811146707
413587258 677269605 440825105 844752938
971123577 504866772 972870882 603214242
630462711 595680641 662372556 770001090
830384215 429650316 966652951 595940653
30120866 958050790 543988993 973731039
112456774 945352516 376422850 970524636
568557536 765601178 723932766 815725732
621173183 985008304 969742147 999330185
162522197 752518808 916192386 861898729
90489745 241922303 443734983 315208243
283585674 958173595 798397363 972288510
649042765 918285151 856491695 999787784
275743728 40366276 339248420 506849265
414323136 102288640 737262097 560692792
942503538 80744852 984189135 410680020
16676782 966535013 465376924 967507519
53250382 602366980 394532271 721554310
809284326 452340434 987663674 949158215
43827488 994280783 496850817 998282604
463720440 164965170 896319385 766369188
140472552 848089674 964581694 952060691
118374535 438855459 514676207 612628527
206809590 686228186 852135829 711154544
925132236 823896142 981393998 905931647
409987812 155441649 924601006 361149678
929913424 702447993 968555120 720986144
826533380 38364198 874023057 688395652
116191674 976663199 279165565 989026404
137868846 130956810 965436747 568360247
235855655 436746644 608689615 879308762
737633848 307304563 807942931 838688718
207735931 143154755 600241242 661706160
60473515 440975473 791386466 828023777
881297355 829915357 943266021 855785293
242863381 280551802 605956285 697256149
934203907 149902712 986593083 897967301
534241807 945406429 899006554 970935160
949370123 157415060 967849124 990023960
185553943 615636883 495431143 969333322
295993542 889005995 681437412 989504639
588852095 530968235 714320817 631119437
901590072 896324035 966431264 905369986
122710196 393915740 748027409 947248593
88024205 572937951 994670315 919576539
666848905 556607338 688477902 930831932
438802638 360643462 585184054 467457972
265802622 692438334 838719452 965796672
464303610 702410208 712915333 715537237
22262834 317060120 462417365 453887269
586713754 666112986 836471394 785667294
930131358 689521896 963333148 795572855
120942756 794556054 998212771 865739572
9317886 787335856 477512195 850814846
634959772 967226506 787110085 976674004
453249193 754686357 476976201 960802765
479255071 241175584 724138143 905119478
702472822 198419293 922751293 804917261
41459560 175126303 954163260 573349009
583048960 871599770 884816331 996379052
434798156 876841149 926987164 994183774
688381475 693096673 918997411 822771867
443343601 87368415 605308614 411828042
460128583 16701179 945885531 930961260
530263465 864823585 599716963 867245394
252848678 86564068 954144723 384748622
344929158 311155606 945790035 735602905
250513659 839414305 631571818 906768992
34738575 500900840 380424712 939499623
200525290 633000410 361548028 975245255
518144598 77386880 841699150 454654156
416159803 948459271 667964723 987589470
22510290 699932751 640117823 848598226
956617573 221284786 996943668 808347485
24328606 564994182 348302586 933948490
283933984 540157436 934969223 627221897
686978126 428824970 846481152 584499226
397569674 909904669 799394793 986705417
566437016 37461545 678654427 184781772
65483771 400752001 884404703 574615787
408976140 899538694 818606180 942660647
488675797 680388167 767038028 970179362
538714764 363798079 896582964 731352899
345894473 819223811 965194736 946813196
18413347 927965026 79679043 985631544
794194827 743377901 998814722 935532883
565612716 479818860 625385355 829761677
496651045 84026366 853488308 562743330
515770971 583619372 540876717 891279244
34236220 135652846 235563071 463462766
519102204 551277495 799272113 784852961
389235123 777861699 497251158 957658902
167071851 739694970 508434715 936992872
269017812 826675838 674287208 882506743
417950339 934658747 491063612 935949207
805870492 177012122 851388161 533052812
35381265 131946312 398887970 922195858
674847991 821201533 777061916 870180299
187328322 139024041 949692912 288319329
9445035 607532183 193486498 980266522
55582202 605792012 862630079 707894963
853697171 854552827 932383541 901119807
996040871 403885274 998155738 569798398
174669051 653557734 385987405 737126952
470127828 678434327 852642026 741611499
912913456 326058132 940353290 334388564
66618754 158447239 430572513 475953181
144812822 97519784 665537218 135740924
937679015 949892984 960911127 972352549
193769030 468725611 677699402 943256179
788698473 935908112 907971429 966675220
212172975 985207410 823345755 993288112
949447444 906869782 977039888 978709818
454538198 410533901 466180194 625449725
985779284 852586379 998953033 870044742
455001976 904457229 998989084 927694542
632635573 111250640 914036737 323892683
61918762 871715858 474940672 943770476
776698920 483620822 787805660 493309843
118613069 630701453 694132952 834739637
239053950 761616424 787725942 996795104
536811697 358981397 620858370 972567072
117416323 362709220 905108196 973445042
206430960 300178687 834260657 690443923
892756517 871299327 986684660 931067338
914653348 229489014 940003283 388340997
257051129 250990366 590698138 593649230
215725920 398135277 717973434 670137527
326738547 290356328 728636976 792425629
552910870 90169987 778190288 757056310
245662232 694883346 853696702 849972598
73369356 215259300 655491607 880700505
871042532 56144619 991292108 932874244
216316788 219776104 318017315 727700927
231718837 699251004 421096772 811239589
9352173 860922069 147952129 875999154
944861625 153714860 992897007 934555808
175411773 748412866 274654613 838072362
4927926 462805544 40872566 558621520
828598491 242595116 881362494 364287233
394630918 652800180 881817347 760401562
84804995 60952156 855111784 101789687
620052730 303794367 661829632 826785295
165360273 531278717 719631226 580781090
821801907 299560942 972547953 992302098
846192321 789427354 877338495 883556962
104200394 622756278 653181571 641589518
583498333 133740811 994885618 808061052
88198823 225950309 375888861 840830698
508144582 930697518 632292985 931214894
716219717 504792211 724475400 786927845
479061058 10720731 841942500 838751845
350337566 473804355 747499483 757681001
657065883 718001363 718064450 778991738
94442670 611246015 134394391 658910646
744748671 81178673 829513685 291421253
404459802 580964642 569500019 966875943
592757828 105743725 740197505 793596285
80560465 324928353 539592061 524379218
429546750 748075107 876843898 891014537
111147678 531474061 543198576 564923700
635725575 436771930 927580623 540709813
856906625 78406304 879126848 280304328
656849147 291471383 933557385 608627411
323406533 326080098 345620363 537932794
857808883 361294963 931849687 804763135
142713987 507350248 813125008 841991330
84960035 476606227 364668708 736500330
384604049 266021631 861740787 380959121
385346034 158129468 658676918 656396063
887542419 777403117 942986350 876609030
151034284 865204772 429136005 918749726
594163828 205554497 725118390 296510331
939777512 82348723 956999371 986540779
532473303 690035352 748209702 851609277
496263638 602610381 817572458 982279341
963870382 171097738 977360426 710155693
721313528 109714647 774927707 761870835
594357120 839887642 872639084 954130472
294026898 501764789 953515727 591954095
179382219 96159416 192222142 491878760
625890597 476263723 660293037 864872649
882742407 337404491 937289884 462105640
764472518 949268515 943193657 953623708
603934838 166714180 882165388 941584541
887059901 631709087 916152751 692985317
126645676 802963382 633468443 867737824
922691365 715600176 984069195 860669148
239229609 814565181 474980181 929903488
145649529 563711123 319073656 867604904
214741154 999524710 794990124 999992669
205979248 524538044 223876989 647978301
442150167 881400133 859619728 935738884
692326084 2781423 905356352 959779968
817363548 132804317 926378412 506303354
162273136 677659629 385973455 852117708
914559539 356753805 974961951 669752217
956387285 887508035 989021701 949461898
991523840 99674616 998270181 167001495
739710462 343026748 930562680 902075061
8538925 895819838 414845562 981774780
93630960 303399684 355931541 733282254
672457827 98332385 783662297 717030201
279580573 796289115 544699284 870112816
82913358 430600687 640362604 962199225
784387018 312073185 916286049 381022392
219775221 469490099 584872542 864415026
602944914 366920808 620924001 968636406
283043161 934375213 619978979 972916042
451865770 100430605 630288361 796517922
704311808 410677966 710607483 905711550
417214214 986498128 742059076 998670138
759074092 282630754 823965635 710709158
741520314 74597820 793032110 688397568
107397196 510169371 689680470 706989311
31507271 849974661 156023435 890611837
66133795 799410878 682449393 958289311
386906677 256277872 506080638 297536926
914549138 641839731 977009204 712464440
269807273 280234552 933418146 320784627
435433131 232916610 516606930 577899253
816992098 973766521 831364684 985593209
264484115 418138935 433842351 764929839
676138630 652492694 810977376 679242690
666245967 837269098 715594119 984588059
739517996 635107247 926282521 910810366
671274423 922453895 810699413 936066488
605624388 951042521 829758737 973141161
125217220 690087930 452109600 730612224
45268489 832461192 294279680 886116764
177633002 89519532 433582446 196086456
170453456 867133631 673879424 881859628
968276626 431740239 972725425 995026821
893368140 879845901 902656490 956096537
669090387 899470747 892654579 961736262
992902503 91432870 997155452 637976115
559498107 176765721 892463906 674218315
787007256 876164526 803923107 935019496
404529899 493944904 942033908 910207249
498456171 732003208 662319717 758700160
89083701 696646839 831395979 867132075
565445839 624932205 581986426 941780302
62491191 553844636 197751800 738898650
987905768 835628480 993618313 955921728
13781997 625561123 202996632 646011513
221430400 533710045 779418981 893449088
613024517 907892413 925652268 978644992
470703018 418566344 726607128 993708899
363000717 965764141 664708736 977398469
798636080 616523159 854914038 813772967
900672496 571427762 947359556 746012079
899107812 359828118 903883827 947221195
739245243 53010029 766893766 975484846
60068480 162046417 606223813 947550519
97509871 933648412 849049474 999402910
488103232 258243464 831408692 741057699
570043852 446933368 982928638 722022789
340669222 237043217 432622400 684869959
46357965 971043411 181035455 981234777
683858426 988693600 755756243 989084625
193843381 894071732 308206953 992217809
161467306 175815214 838512526 865926556
900247950 473982083 902932401 945391038
774972683 757961418 860020999 811900001
723438667 833135161 781281465 930580446
93751640 573790659 685219955 804788265
426932839 638241607 594899809 642762759
743654240 445883191 880330352 875648733
376164605 807958552 796729975 869582886
816295876 383151879 910014567 619252749
247579297 253231004 727236450 646608278
31715945 301069860 405259061 368720816
53973555 677650489 450150894 874054870
34248553 198055891 869475761 688576664
990617841 98526877 992138741 825064843
253248591 295647070 340847500 676645987
907125497 483220358 915014967 670385338
807637401 162322065 925709075 628995333
98129804 334903703 879999633 600616878
821409723 937350223 832223076 997916282
525174770 835079573 867111508 899536956
197192636 358117033 200782528 788973487
121822266 23200970 712434621 59202039
397446426 30546756 770488016 975613095
232662419 905625119 998986513 967159988
684149749 245993239 840648076 668406942
971063183 688856544 982943678 811944801
461486521 81776928 735960317 633456362
317318001 914637830 977785742 931252350
535378343 790371994 665472241 802750272
219301860 23711905 956660659 105188752
330020963 304263385 954504093 571340152
110356911 593887456 600972344 733286003
909916011 676211596 987764669 955240081
661245548 171377324 737551022 907539187
300875286 756369576 510610534 813968309
605728908 98383274 613328977 122253679
717063537 312657072 824801778 814243496
825761248 528203095 848916834 899161620
629844178 653119895 686921388 860944671
654733351 453013842 766177735 488606018
622537409 166555758 800879938 494015716
957291120 294404245 963776302 900909102
479233875 311320539 487930163 557069171
845703380 73428352 980976608 735157119
504870121 817725908 727166327 887218555
275114902 330282572 463221964 597191030
356976936 375324585 845969605 448811571
831074090 83850623 866517999 809093620
203346229 656920004 972984171 745868329
563511036 947924314 837632531 960742613
572020782 377707667 880469110 510358697
451152475 255824719 632262397 503733766
51283399 876514367 213250473 981690419
368976647 965036027 603814315 995103373
338055585 607252398 621224816 951169248
347799225 624816919 684778974 807410945
424847246 272287328 670068267 274878765
554282350 827830169 859856317 886379841
954630474 353554709 972362174 830403610
42777369 7167181 416882859 142072177
26933156 296634312 955068746 782693911
663699867 180290214 807696545 448804876
118752750 26966251 460678416 204171418
213013764 850829834 799784535 948401051
605637710 109356350 820803768 661182757
776444964 577685318 801127727 721632088
900774178 199452205 935488630 598899167
652543592 539084685 728557459 879239972
398463857 654747051 882722817 835753658
112593726 156617441 372868328 363081489
342229242 203471783 762989915 288519750
831852358 459798372 946032442 931244485
998884431 7662310 999630110 381996073
192114961 400232682 345815520 606861335
640167919 882319114 930628322 972750429
180794919 901945170 288816719 991837963
789538975 887454909 822004416 978543672
623239031 138139417 717574793 986564231
276356456 796902407 736408505 934657695
701522121 305624105 953763457 694393270
850243917 188811853 877928033 671994298
390693700 833314016 671691115 936447100
626969470 77348273 726974836 432612913
144480159 843200080 864682413 923224384
313786820 272492991 776202394 758057013
781249905 308133811 941917654 445329633
537407808 813774386 790712998 823017201
486961621 45544731 860192008 964258761
