1000
96 733 743 754
356 434 519 539
342 408 516 542
966 105 971 388
246 23 559 368
671 771 778 965
475 859 891 997
70 691 355 981
67 405 118 415
290 825 562 930
368 92 940 776
347 689 400 813
342 895 878 980
914 498 996 515
128 579 894 613
330 391 801 873
250 480 670 730
415 272 564 896
321 793 402 826
393 35 643 883
749 579 935 840
413 165 704 579
408 831 590 991
416 879 955 904
942 263 977 801
211 475 670 718
216 256 685 398
244 339 962 396
690 564 816 894
5 675 992 776
971 997 988 998
649 640 901 858
903 320 966 951
910 692 983 968
951 913 967 956
726 517 895 939
277 211 843 250
52 524 382 934
941 596 967 599
142 955 181 990
715 315 815 671
216 718 453 762
382 273 709 758
371 271 943 452
744 751 895 755
460 74 751 195
981 562 996 645
627 766 820 824
946 882 951 936
134 303 609 560
754 132 822 878
456 575 857 581
124 734 818 772
793 821 972 915
926 688 970 898
188 840 766 950
911 760 932 959
21 609 338 768
470 946 771 986
775 88 909 812
998 357 998 523
449 883 639 935
933 806 944 943
41 207 459 305
69 405 295 914
672 602 826 761
753 286 953 354
7 384 248 656
539 688 622 917
871 930 875 979
762 547 941 918
483 238 697 521
228 856 726 935
999 467 1000 567
67 99 703 871
696 123 879 616
76 811 123 911
805 234 998 419
605 875 740 899
261 19 893 50
226 259 707 895
567 6 865 185
641 787 705 853
192 960 868 989
821 845 998 929
560 871 661 980
752 127 975 905
766 754 830 993
59 679 169 730
394 407 429 966
36 3 941 697
396 82 638 105
759 778 959 841
341 641 573 762
456 126 859 805
74 308 137 892
304 297 696 879
433 647 699 915
599 587 905 837
564 226 814 663
512 63 724 894
704 970 801 996
188 654 991 797
860 148 881 393
795 436 908 903
233 544 473 750
237 307 594 865
519 351 670 762
124 563 182 941
965 877 999 943
813 926 897 934
663 906 836 924
252 394 495 872
711 597 755 772
479 798 881 946
590 63 783 149
180 676 530 775
323 816 857 839
944 778 947 978
932 711 942 810
385 602 619 938
600 405 808 888
347 211 575 495
417 364 847 898
462 145 883 183
661 876 917 972
996 877 996 988
964 686 999 877
207 152 836 591
290 557 608 843
951 506 987 851
280 758 789 986
907 964 978 979
793 394 856 920
875 584 992 613
928 25 991 971
471 983 792 999
920 236 991 891
762 400 842 924
831 597 982 752
942 203 945 428
51 299 169 795
9 753 706 832
400 607 428 812
371 242 878 410
404 324 521 885
667 470 849 742
713 574 845 680
297 257 522 736
602 747 832 833
89 237 780 467
439 668 508 810
515 175 909 383
262 678 581 819
604 96 632 279
564 222 752 773
797 624 920 671
199 316 675 664
284 160 582 352
776 157 777 967
772 745 805 852
471 831 968 920
730 243 826 870
673 220 827 682
54 561 78 579
421 823 435 932
419 238 955 942
983 892 990 935
998 377 998 478
738 745 876 796
373 607 566 967
913 210 942 227
507 720 844 791
202 548 673 685
726 179 917 318
367 680 476 856
908 124 946 610
997 939 997 989
735 645 934 819
512 336 790 650
937 901 966 991
307 416 716 437
357 502 649 879
277 681 448 834
24 156 399 876
470 578 843 864
720 613 801 894
15 704 664 983
142 427 911 956
471 934 532 997
706 76 890 437
146 852 628 997
499 592 890 802
635 330 861 842
80 412 802 605
472 955 585 990
933 285 962 423
314 529 709 912
752 29 877 30
994 672 1000 725
718 81 896 603
711 602 890 668
45 617 412 824
118 401 739 863
64 548 852 758
948 882 956 897
256 981 855 998
723 335 971 527
295 461 416 509
127 845 837 868
871 706 969 708
990 663 996 920
822 900 954 930
631 840 949 937
712 311 965 400
375 625 738 778
387 435 584 694
163 825 324 985
862 146 899 606
136 294 762 878
470 348 554 565
354 975 419 999
775 540 845 732
3 727 423 814
760 64 762 80
544 512 792 935
294 815 920 886
529 241 583 346
729 452 863 722
334 340 815 516
234 411 819 670
212 442 737 666
7 882 830 954
20 227 41 536
979 183 985 796
963 264 999 343
373 633 718 639
428 146 655 761
443 243 739 604
750 813 916 908
857 133 869 922
806 425 915 566
77 261 652 864
725 38 813 973
690 178 706 536
897 58 906 543
16 334 34 535
56 546 534 746
306 219 557 626
584 958 838 995
574 341 631 687
825 472 830 880
229 237 240 380
653 179 996 369
225 640 718 654
327 296 651 629
114 754 701 841
616 30 892 849
209 676 893 966
487 249 662 285
470 82 675 637
523 283 526 899
560 336 672 878
490 924 660 982
108 143 155 990
978 2 996 333
593 166 853 752
430 13 458 325
447 12 921 77
416 963 618 983
318 587 473 924
257 805 633 808
554 726 695 774
458 357 593 922
80 325 578 755
10 453 747 471
740 311 996 403
943 839 989 927
667 262 950 647
225 943 790 959
8 789 570 800
455 42 881 875
518 267 915 755
720 216 855 344
58 546 465 701
757 522 876 865
159 105 244 605
569 317 655 799
732 872 766 911
350 11 797 850
369 142 497 994
597 75 876 791
706 541 978 572
101 687 326 889
295 987 577 988
736 733 953 915
277 727 419 793
646 680 805 790
930 467 951 772
725 193 842 841
179 579 222 853
421 547 875 630
2 468 850 537
891 137 980 739
651 3 691 161
243 490 696 937
803 635 820 809
227 840 438 855
733 918 910 987
822 921 956 974
940 444 945 583
367 300 781 587
693 731 862 915
237 862 783 994
816 229 959 685
420 334 829 505
481 312 667 361
456 242 497 367
590 348 735 557
417 651 816 744
366 632 555 893
827 729 979 768
890 671 974 902
114 206 742 530
49 451 747 511
772 433 906 552
271 955 768 964
10 467 136 492
243 913 550 971
264 240 270 992
457 868 691 892
105 269 202 579
483 113 637 713
918 224 933 774
201 940 338 956
679 683 968 937
657 190 838 525
834 777 920 788
833 81 863 419
68 980 385 994
596 451 761 585
894 759 978 946
19 529 781 758
944 867 978 923
278 301 809 604
692 773 906 846
394 839 505 970
862 557 894 661
737 291 902 497
29 431 916 779
768 900 871 956
534 882 621 996
333 793 606 939
882 929 969 943
315 663 585 737
441 926 750 956
690 226 994 605
386 158 665 481
405 710 657 950
246 172 384 190
890 638 924 713
986 206 999 587
254 406 422 873
303 972 919 974
758 294 950 776
141 881 552 936
191 781 336 881
760 438 879 868
3 847 503 877
910 870 951 987
485 243 808 958
682 382 956 698
450 635 683 828
692 762 877 984
764 115 989 552
20 657 647 739
792 746 909 912
876 15 909 588
855 537 950 765
359 826 476 972
711 415 774 874
745 113 883 925
587 941 615 964
945 476 991 488
458 75 1000 434
873 635 974 933
476 469 632 904
84 380 513 768
135 809 366 946
151 893 796 908
383 61 693 789
239 375 483 452
127 302 282 558
775 627 859 975
683 91 836 104
217 173 422 184
889 168 974 678
490 261 679 426
324 707 707 845
187 860 208 876
735 716 917 975
132 22 744 504
239 747 953 959
110 561 733 658
632 723 807 972
612 370 813 807
713 275 952 361
977 215 993 605
753 845 811 897
367 617 916 901
920 419 961 534
768 724 903 758
165 176 951 591
568 369 688 697
644 175 818 254
595 832 970 933
573 958 912 982
771 790 850 889
585 272 923 681
914 608 931 917
701 950 742 997
982 186 983 826
793 438 893 986
322 798 359 877
617 627 665 899
434 316 764 491
460 946 873 976
442 492 574 942
829 958 842 968
810 684 969 851
25 565 702 884
456 563 593 917
920 487 945 821
354 718 425 949
902 609 926 724
159 894 487 922
987 473 997 974
700 61 810 524
663 600 929 613
237 318 829 585
921 197 933 671
126 922 561 937
81 359 519 661
18 483 128 843
136 537 810 655
285 843 749 969
791 241 972 942
587 270 670 579
908 5 974 514
99 389 591 707
157 544 758 610
364 440 825 632
970 517 988 537
987 224 1000 249
948 584 971 593
341 486 804 994
672 65 988 190
792 377 999 604
871 213 965 804
947 263 953 428
814 133 904 687
402 77 953 232
398 550 977 771
422 281 985 681
599 888 856 898
851 185 860 284
867 455 899 675
255 23 618 191
244 284 694 602
471 369 795 600
780 858 801 991
305 792 870 866
267 898 760 933
427 955 859 980
526 566 527 768
851 43 955 449
955 682 997 976
999 55 999 72
125 82 549 957
612 611 991 635
718 612 956 774
505 671 642 885
547 205 908 866
822 500 841 589
89 623 212 715
992 736 992 741
125 385 190 753
557 185 952 448
172 22 583 173
68 704 190 901
5 309 362 947
545 338 595 920
108 969 230 979
478 320 666 699
638 130 742 516
648 104 831 477
480 636 758 742
537 599 887 860
612 448 831 472
719 306 908 403
77 599 810 717
37 540 227 770
987 37 994 230
75 938 593 970
646 397 731 655
67 80 799 996
707 601 754 947
571 288 843 865
399 260 435 697
697 823 809 894
914 521 925 778
348 253 650 629
546 323 921 661
619 904 984 987
522 157 720 194
895 387 920 400
221 49 711 852
444 887 630 982
546 763 813 799
149 501 574 593
502 167 991 251
933 421 990 798
204 263 223 766
851 688 931 736
55 865 73 960
543 519 959 829
961 68 975 81
6 318 593 848
300 35 911 408
347 561 845 838
13 92 170 582
550 918 930 958
384 134 919 164
166 531 208 619
765 721 991 780
33 819 498 876
607 878 957 904
366 489 951 930
510 478 992 602
456 10 921 397
546 368 898 509
235 44 848 911
919 951 930 959
324 592 686 858
203 810 235 881
521 301 944 585
303 335 515 430
485 976 672 983
174 805 754 982
712 937 972 957
354 971 621 972
436 8 860 993
229 55 778 299
536 624 641 849
257 823 433 846
127 993 223 997
751 803 967 894
817 611 997 970
691 794 942 879
369 960 654 967
662 231 897 959
669 598 803 662
411 476 601 903
817 312 875 440
368 338 446 881
204 867 667 886
119 717 291 934
260 430 972 547
182 751 811 863
387 486 823 566
783 262 801 420
594 122 673 972
975 881 998 988
404 576 927 765
91 615 939 696
484 972 831 979
642 834 809 897
502 358 536 824
873 788 955 938
421 208 835 566
894 336 947 914
371 848 592 899
845 402 995 718
482 774 526 851
58 293 272 409
118 559 463 943
767 487 942 919
736 879 779 990
637 446 793 895
17 904 653 970
215 58 229 757
486 267 562 954
771 285 921 495
528 20 801 528
985 997 996 998
632 354 686 909
646 490 824 731
921 188 952 853
623 635 858 867
278 886 743 911
803 869 996 947
2 769 601 880
353 91 807 586
81 339 556 639
114 862 634 964
36 303 270 996
934 382 959 388
948 623 983 730
694 708 734 762
471 85 903 883
772 453 811 861
164 160 355 410
365 677 552 863
949 635 993 752
674 790 836 918
990 846 993 990
912 396 942 887
732 717 800 844
138 191 612 636
518 468 669 983
931 71 972 797
197 558 592 844
858 566 990 702
353 370 962 846
996 938 997 942
120 87 735 126
219 468 327 722
765 924 863 987
227 103 838 805
638 859 755 993
27 503 703 514
386 325 766 625
37 829 640 978
789 865 855 927
593 207 985 952
931 132 994 852
266 599 658 896
699 516 730 737
82 346 985 494
870 541 906 706
240 36 592 682
829 353 891 675
877 818 878 824
592 709 902 946
775 192 992 724
469 659 481 898
649 728 976 756
140 159 925 353
593 278 772 284
555 484 744 847
214 303 640 336
547 785 850 808
351 707 856 846
791 184 906 345
654 254 950 375
619 405 635 682
742 693 758 877
615 173 708 272
557 983 586 987
814 151 971 699
156 589 642 998
406 942 658 996
868 679 921 762
730 671 895 869
712 356 814 845
826 279 874 424
868 308 926 960
658 417 743 709
941 260 941 898
985 449 990 842
202 201 763 955
919 206 942 430
670 571 843 988
129 819 446 991
850 632 991 990
145 570 501 650
606 794 866 868
570 205 741 940
949 615 992 763
452 820 746 973
634 535 709 567
216 66 925 982
635 387 805 912
228 355 285 789
465 479 904 552
345 274 825 876
329 445 792 704
1 507 128 732
620 305 658 913
187 756 872 948
667 525 927 838
61 225 725 972
307 182 410 818
428 895 494 921
512 157 783 922
221 888 811 932
543 202 994 788
87 38 415 180
820 129 927 393
555 442 860 949
790 739 986 851
967 110 995 921
487 520 830 869
493 834 837 931
450 264 627 335
156 29 855 689
902 966 919 971
182 334 950 568
1 71 707 309
453 202 544 457
5 847 840 905
553 794 762 843
940 836 969 967
969 519 970 936
760 418 942 952
931 943 936 976
368 916 529 939
418 541 963 640
907 880 946 981
170 8 808 808
734 552 960 574
336 555 594 829
298 73 682 675
763 970 815 989
615 396 682 466
303 420 409 787
76 402 797 702
768 19 905 867
479 813 554 896
349 536 376 567
116 542 357 547
536 182 725 275
413 128 908 503
462 695 833 945
493 121 576 506
506 738 987 740
389 389 746 455
810 422 828 766
227 451 516 929
299 362 947 507
328 901 461 978
152 221 496 810
203 596 510 999
566 98 885 834
216 58 904 310
672 493 981 570
632 748 886 947
410 898 480 910
526 102 901 686
365 739 457 919
927 541 969 803
551 945 813 955
296 794 440 928
81 348 973 758
298 740 982 915
687 197 701 810
811 63 962 323
663 890 985 910
626 64 635 665
669 227 706 252
732 580 864 595
505 366 710 585
210 550 234 628
365 126 624 306
817 692 954 759
383 507 999 641
751 94 837 211
605 523 806 635
47 472 75 699
398 165 540 181
861 330 873 907
777 155 904 889
158 806 494 946
808 147 821 171
662 217 858 445
551 174 613 944
758 772 952 906
567 243 916 461
801 378 821 505
273 757 390 924
716 378 996 503
885 570 921 990
534 636 546 894
336 534 997 550
963 666 975 850
873 368 949 540
345 968 430 995
249 890 358 907
617 846 695 970
108 774 593 986
251 486 706 591
692 75 793 974
9 106 130 658
195 989 875 1000
321 570 909 741
969 775 983 789
63 691 927 958
357 936 546 989
119 313 391 472
181 541 431 738
126 800 767 889
323 547 817 643
885 245 985 685
317 611 940 957
632 758 865 849
900 804 936 818
352 763 879 853
94 660 754 906
997 630 998 640
328 405 514 446
286 333 427 517
90 298 215 669
11 652 156 662
697 469 804 604
122 5 432 84
214 93 554 123
987 495 987 877
212 285 921 763
233 623 644 770
880 600 913 843
116 271 478 800
858 66 940 285
717 634 952 860
938 109 940 518
524 255 611 465
875 611 887 706
608 283 904 643
997 792 1000 929
330 348 964 990
103 146 384 574
250 559 694 844
987 68 995 547
281 757 653 913
96 978 763 979
334 174 941 820
34 945 745 945
332 622 670 785
778 932 900 974
289 610 985 871
751 433 752 881
502 644 517 978
109 480 613 723
274 316 673 962
888 733 956 785
289 891 986 959
444 164 672 882
132 366 575 722
219 434 981 765
369 596 561 818
615 628 804 702
403 184 859 880
825 302 894 466
855 595 984 948
463 5 649 283
998 561 999 847
828 232 979 804
352 198 407 583
451 134 570 166
937 775 994 996
588 618 868 976
133 950 366 976
475 212 800 540
607 509 950 594
447 421 475 749
627 19 985 527
964 700 983 994
601 495 602 559
205 489 722 786
744 914 965 971
377 442 590 715
587 940 982 986
449 858 867 974
778 667 979 700
865 822 973 933
916 965 974 982
865 802 900 903
718 647 935 745
122 511 789 676
644 412 850 771
10 421 342 593
477 307 844 436
539 192 870 256
145 107 287 697
702 482 782 714
645 583 953 615
291 299 928 515
994 10 995 700
380 929 825 991
124 824 250 926
220 115 584 384
117 251 822 876
780 266 825 378
65 671 570 883
140 106 168 816
853 445 903 638
249 307 585 879
140 463 212 550
342 195 906 609
231 54 616 579
21 944 646 995
463 469 825 855
870 402 977 975
714 903 855 996
10 757 990 942
433 753 911 894
17 746 450 775
846 542 848 721
349 652 958 988
793 280 940 421
853 479 932 887
568 424 823 515
403 605 542 846
587 332 886 609
922 504 983 514
578 48 835 216
39 237 544 637
478 372 724 622
890 11 894 417
520 222 895 781
608 350 758 974
154 131 214 144
651 463 971 727
865 474 887 829
402 356 814 877
821 281 854 684
237 133 926 797
74 905 907 964
674 575 692 866
612 216 687 345
433 166 982 555
895 729 970 831
140 516 828 773
315 471 777 732
683 430 999 443
667 413 713 708
471 469 648 470
706 399 845 450
845 22 986 584
640 663 965 900
391 343 814 665
350 851 794 922
317 419 645 737
355 624 865 786
18 426 358 774
342 444 496 978
404 420 681 580
141 923 558 951
183 113 565 599
898 511 976 562
39 777 297 864
593 541 807 745
836 752 850 999
367 850 952 972
189 847 969 939
814 37 837 378
343 993 359 997
69 599 619 767
452 52 950 468
520 959 999 971
104 684 997 810
517 681 849 996
823 598 838 848
575 529 913 954
558 128 865 202
163 122 621 883
228 67 771 462
515 835 537 897
185 398 254 790
306 790 537 888
584 262 756 311
1 856 429 857
246 438 510 709
775 612 997 997
498 850 915 902
394 272 679 982
26 203 946 801
9 35 995 997
892 493 951 982
754 290 878 849
791 308 893 397
368 92 569 960
890 560 975 734
59 805 736 999
53 44 672 451
305 9 538 771
440 590 588 978
131 710 906 824
904 56 916 321
680 125 703 213
178 910 843 985
63 808 554 919
630 861 857 944
925 919 952 974
72 219 227 301
443 287 664 765
477 337 646 929
816 637 820 771
467 235 941 763
913 911 968 959
688 183 724 687
