1000
905984273 816104429 994000352 823453740
9962781 628835596 808566436 641068966
519529484 976664646 721338244 990134673
167459407 871848352 984159650 962959968
148890142 396495894 671966963 830767197
931914564 522587060 937234326 693940140
465555272 929983927 938192203 933448394
7299304 644562801 318181798 883435059
905899461 456391206 962607996 511355520
424025578 585186960 604756460 895288366
535511133 87870652 798247147 820061310
589060581 57186321 946273415 338255236
165344195 227981987 991700342 734910230
36058471 18682357 872834293 461732313
664611718 324600988 793445121 509578670
346367116 484189095 739743414 501572305
826310640 114133632 882863344 600340232
866697113 66923844 931647080 754126498
788937865 196306479 908245971 876257381
726673092 330607114 963599653 575758155
987337132 334011442 991318623 575595107
947272952 794821007 959278032 903970867
960592407 949025899 976302191 985118609
646012225 293291825 991379411 935677908
760426747 190394841 928079079 536514334
629438556 112882045 787901653 439032714
406941965 766423742 889320004 903727096
280446400 292093982 336829717 632095636
586015923 707357826 652002051 942436059
420084872 276695715 983196682 493024274
730932206 960048776 904691926 984538414
798913389 683847375 891117380 854172145
547566354 6225284 812351986 76504197
492009764 494843668 639535653 953975895
724530609 415028851 840113742 423445978
6551672 819370430 675044494 928773055
442683549 627219489 957279206 628291914
558628149 943281366 811725455 984181552
914416516 579709464 915532364 806484709
756602360 161749352 903434350 574271556
459855190 261272982 908430383 266200578
441585867 632466218 586916946 868174231
862632904 590618041 926950901 757314223
30486993 349718308 115150203 947038932
948754580 8475921 999789761 655549662
317546939 763980230 601144604 909516613
157139119 694452199 906372112 912416175
565338149 334885420 773196505 437066223
27169331 322778406 891818292 924554651
507976520 725690080 613290119 794670948
317235540 832121707 893241583 866332456
860203564 350979857 935238860 715573619
536629955 686948229 920416211 771559166
772156787 152437352 972666667 809058667
88093497 901050230 717420221 923968173
109666638 288328793 369958036 775384687
110340926 581157809 612133519 729816957
274889095 316653456 741306658 817857388
429365201 493988078 945082654 880997626
732829102 82667625 983968307 281931108
855662867 613418251 978924566 896656843
311179862 905347930 455714099 961451393
606718139 45291380 817508306 168389807
458681435 4365435 623781800 838467725
591374667 703219037 786677061 861130544
337033263 342441822 684081557 919424224
542253584 6051231 932420080 165844010
391202867 607726230 622545793 923905469
646515810 158341849 770313078 660287295
156800318 692130165 260290007 974635478
245976621 798480394 370592659 799286745
903127419 52083589 994772006 390180246
865317929 890889628 917796388 978746946
856591771 840676801 944701860 984047692
67502954 689687346 175969681 906916527
130648699 894106675 805362418 972358933
913015184 602669046 939276901 852183977
91265330 846168376 555431375 920281678
206240033 330200662 451740377 340571885
243638752 744397676 827806441 843880788
26796603 914005738 225350183 950985149
787022862 435930503 909222996 798668917
574883799 104169975 813443375 331466859
789766306 246092540 982439050 522746112
735671545 869004126 821222448 887528390
79261265 345810741 832153813 727413033
759940714 990462471 811235930 995006865
795975090 836850979 879489404 961503697
130045053 823447050 222655934 830819728
943465570 572516844 950976845 877861272
526848219 113617814 699322856 783311390
512045490 828562720 781206390 926854887
511590400 956926653 909113118 990441312
470962199 632596455 872948252 716491567
272745642 703512095 784362608 846763750
451302523 323758189 819675333 377791857
637605962 891373768 930591178 894130895
706192073 602749931 852525924 673037550
658254371 826831989 899358864 837782960
324493895 754233792 388088372 773194382
190181196 438923024 677956317 527350103
854917077 653181579 933619441 865585242
570769884 739599338 757796687 979444248
629801780 567563777 881327439 593908899
911202470 275876854 940781045 506402758
692217297 392768682 907962977 511167860
710648710 589153220 976184497 619842463
901292951 871267880 919026806 970981993
452481630 389471369 526644702 661043571
993074655 566617533 999952172 671090163
952978733 117886253 996117135 794915351
452119763 468281035 533183385 621247406
866119561 39303057 972235614 965101690
712794198 854710729 999977446 902240610
630889419 122739854 882155819 700520157
715652902 300758751 815362885 390737986
645598703 712786236 979129485 939038550
413839070 341760765 908567881 921230550
791762897 87322869 843018918 336297060
505556802 399720262 820168550 893320964
61276238 900148099 924834086 994928425
362605017 290878924 673317747 889831820
660528686 305182030 875734156 475926941
392953369 451237824 840422019 955823654
484459534 685806034 772893327 966806823
560451650 226953027 863756377 940863815
778423707 879506081 988576013 888999467
87182202 292964265 939254929 622083459
731231774 855022609 795898633 925324710
555742605 986880105 605662036 993627294
723886005 426557158 970522765 548676298
983063144 759535774 986683051 868317703
511512971 614535818 771594499 817213119
5668925 677401075 374186671 724406978
113764536 860066473 565832481 930642829
709771920 735924571 988466527 779986920
723269779 369603817 765611559 992964782
783527183 116807115 816022152 904979804
809098081 992293825 869249926 999449291
191190622 17872968 917364898 721979928
130899506 822082091 547148622 884392989
944805294 499302506 989501210 944312476
501971550 173274400 862696999 317996328
510722678 313529888 805087463 832686397
173930194 688861714 738503138 793789361
923124709 786135299 934945956 999431751
107805593 649896497 698090780 941200808
436810896 565963736 609896322 657116134
696875804 371691340 955191160 549042471
999901488 871676028 999979642 944765417
839280165 274119843 977396761 366844378
327684996 10581523 668910537 576437462
794229749 442629563 799333831 991691921
618947904 22639201 746323615 613971117
792877244 288501658 799779300 342971352
573356899 159645544 948380091 660215500
847244898 663924898 989055439 839258364
790507447 883430852 960839948 900420697
117254759 346246082 677700360 967871741
374501369 161550543 652822791 484181936
251385291 937012229 478472102 996377458
513877785 738786750 652270970 886664838
249935154 245086646 687879264 488824203
945791121 525980349 980682392 667068627
875539963 963978306 991477193 988173282
261930052 855376176 995806588 979731222
995483144 826676540 999419816 926942929
487163375 556299368 842697050 602387652
926932582 766816508 994262761 961454484
678749616 693435320 805155165 890139953
313872068 151657421 946514069 837557437
607579847 264747954 867587051 729198530
796092937 842538981 847871414 961054222
315719008 871514389 488372518 899728857
940044607 504309357 955048074 682489814
248767851 597763204 911854118 929002015
746476277 269714227 775829922 736291189
639770877 939320576 699586338 966714320
123876775 775172402 686245387 845842778
631240982 876502757 841862746 883268470
457454308 455642443 904811483 746605927
883155251 266927318 921793915 910822052
66997434 47039734 227138181 365461113
355800406 374641349 705879361 428930001
531027061 869952068 579882515 919417270
458950270 184810468 729881343 792053781
939199798 535621049 984379990 538374742
510987472 128058128 926276928 544513512
129806988 631574369 498723955 788183944
632744042 394755224 861745109 781613065
597127397 243411493 977077796 635820444
525609488 488845937 591130942 644752550
259411365 404935975 307232104 879195582
397492168 698468081 804483873 747647254
305167953 176904228 922598199 237548531
593326696 508158915 799110814 552421297
772749238 36962970 967199447 652375025
767705194 101830251 909549600 813632231
233709040 813292318 955629906 928407260
801969244 598172342 893960434 913638162
516178416 170379718 953518504 712285471
864276969 118254623 943799031 587555345
828720086 815746555 868433705 891652956
562762791 112864608 781720235 887172794
346152268 253743483 831375542 292211041
418854548 784340173 876817804 863101313
505590134 908703252 521149810 965640934
216896378 840153403 637723530 919895249
366164318 411099516 900111274 582093121
384882523 849710403 617775070 970852989
356850120 701306273 960701497 716557408
198513826 379627680 639457862 832944268
249372318 730849845 593588798 935463110
390661185 861072832 667998179 913368499
235915757 246369139 733875430 429608137
387625103 50026563 822607950 297300280
152908023 97862778 308817264 877242127
554583459 276085031 834957698 285989831
19530808 849316905 467532889 953991333
70719585 87500834 169605095 354029853
129839758 957236406 213240300 977061125
9299533 255809520 214616704 299991250
587650882 827901743 623312898 900170050
299493946 658910426 824093110 878568567
52885991 150983919 878155400 632804377
153597180 405147571 567873312 971306431
996481375 974460907 997725215 991592532
855955098 533500039 877935253 804085629
687119745 183720465 790804099 571243054
147479709 825131875 388983593 986260739
717119051 433729759 858204049 662331223
890713492 140636922 997208340 373608527
12999527 891116762 846932230 928127054
422913298 230988223 582776510 324201397
259196021 840228241 370879683 877378352
719328766 8930866 784014483 493851925
987146748 168707651 994811215 984770247
909312895 462375261 956557453 939846582
53480362 938843504 688516989 950879025
77891479 88969816 951388743 203599434
554557821 855756135 784234633 916004332
563908350 874538822 760120366 879079383
314600490 831938523 347596907 966652201
337695741 852919937 946527402 916887841
251339783 428723691 762588903 655632438
544338262 916214139 690535114 953841484
246704153 5985543 414710492 294682065
967420881 872023897 997894660 993644142
260125864 773077168 534167443 866826793
866489775 503971952 975655291 889159292
350403642 261345505 533213382 702832118
313072045 270362401 520807980 901423074
959217414 398437864 988231964 895741245
678610341 627568313 968345690 996978665
19863818 718212121 247083460 752591118
56493092 187534140 831624594 840778533
403326064 3690029 874374237 64493443
700862640 943734627 712283583 979146230
337157991 410108861 701802104 817657684
798981114 148499084 931493257 560482555
7120463 640190010 89931908 733088936
5166720 157915644 304243358 237379217
111379853 751649437 191587437 756698799
437525433 411860116 807499546 831296609
473755286 931308248 483826585 981427531
621196040 229070520 741676089 973862645
901318609 674095905 916488053 729649735
733778536 847059309 777492677 875371921
935324261 282881003 984633757 494809285
224620824 373576456 739712315 506290438
988962105 923803158 995379974 979598940
85336837 29663904 434322057 696820404
630927084 365986543 777647399 976775611
935843054 156589341 957009315 468250168
795489127 268066460 803072884 512344440
29988443 764910339 297685799 793506586
463225372 218000667 819530458 231634295
237164825 276553977 960975658 587909191
687204149 622277086 918206106 669766856
162157243 214000138 626876921 565653717
508317787 253469637 823321859 852552795
506826761 973233308 527299541 979469632
200838222 843293005 433377347 948236425
17978502 766849597 630650023 869735749
886835754 757888758 904551648 943793831
322049722 487365337 427380606 911051153
718374766 731265500 802213581 802564990
834040718 880971377 928104336 969808663
55472073 245572405 908790674 666422694
468039777 958474858 972109630 996235969
616572051 441356096 873666309 613373263
22092391 358820883 281944636 990203453
736511289 737617426 918858422 985431708
165469571 675248997 370649704 825676172
61691368 482415632 310021481 828253616
632520582 135031471 952845907 928173015
181767739 430696119 905773714 657508869
834824456 538066501 959166897 577028736
659404508 396176971 962766443 750403346
662461437 688588437 879001963 899629289
106112826 967897621 109411704 996803046
776773455 136674489 874127073 839480531
946277670 544452401 959152891 888661421
573896145 190371098 707048227 210070513
243591858 406993561 373798927 545350021
518721355 691251443 687405349 698670176
591108972 64435724 853143295 649363181
962780463 384555350 982357380 886474139
760608027 845142428 920850646 891769047
650143691 83664972 836160206 181117411
650082070 852643085 693608123 957465563
340208076 46801436 465297506 212378898
784178337 130995917 896800558 900018488
376032320 965776365 832378319 984502955
67122009 626498702 346547787 802411858
373691864 976416069 562156782 984091500
794595205 637503295 808614815 833693132
679408979 746758916 972497574 770941501
190135481 917212977 190988349 971643350
220588335 229713431 513656492 621871642
441557150 983354537 756876652 993457483
295510661 270381134 622274939 502067991
768278970 746235229 995520160 747374803
95608423 137451994 198822180 547816261
503010922 322547485 606237440 803453693
236972404 387821830 984709256 481963507
172470980 832364225 276438106 879511053
95024787 364882408 980448900 636280651
261850048 746411193 605905157 838628087
783200113 762830579 883046774 798377961
27143018 905462296 872589693 994201702
584466140 712327601 728251306 944568842
186330646 419352201 218306677 672474386
635297361 798307730 769994408 900441014
759211834 795601209 881740508 854949964
682173782 618414301 861133203 928227976
900126276 450294099 915666888 633018155
82178771 845491186 674651629 929640734
563478168 503905451 995330311 815932495
341359625 164939489 786080218 255251017
109776335 395632971 998832042 977176506
282495820 274547080 931248394 562933869
288739660 788697353 294528638 983266767
46249231 325488641 773094804 572564031
522019707 53816613 854249771 620904284
734193109 828143348 794470663 896599052
987662329 96734206 998555784 241282206
901071025 209714439 914614047 796882616
530475087 392807910 816016066 493011038
462716546 667214996 770597411 944119177
708758747 528152834 988576197 744451981
682519941 761575197 810478749 973381930
879366004 164672571 883445372 276013903
978429343 630697550 996161573 774127314
208536726 825547299 922335028 983639924
69206871 102415393 765328020 813196482
956177068 343851918 980721876 913902399
433335443 735643404 998519972 983837857
499368166 732592506 799162376 902965114
678478742 800248041 742937441 928051212
10640047 347820446 808898476 757863279
859813865 211146222 889530376 403587795
959582641 28919918 990849864 926805369
539936431 210246733 790726299 947963752
905359098 612719709 950869133 698311561
684664743 835187904 794542567 962376800
905096805 247510443 966668282 698513702
45782420 244067685 300363340 437215038
221722616 236713409 242172422 759006198
859359066 415749271 943202250 631447478
13605411 249148239 125340310 697951069
734650699 518778134 868142675 794214762
53152546 261146954 418573968 887951881
266317680 654207555 312776616 950191154
622954606 267487491 950934652 569245906
500214337 306975080 877719964 784311253
143220776 244462083 537726316 304599768
414554851 208973780 529494239 390948875
972213005 527252358 985353452 844816575
698387180 617189006 860046048 726679619
861210363 265066396 974880738 325700548
422476641 342029996 529603645 695382743
623862240 716491083 713698832 814973239
513100180 335704678 847463669 535266765
313013796 864139791 679589844 943052385
660190773 12966435 727967578 134970646
475724289 129571090 765089050 305579311
399853763 79176176 649860067 426561285
627075193 422852998 853038983 674914718
731638004 972991396 839195759 996354174
726536064 785326303 878451265 862758758
46064683 663193491 756400330 757286523
401525721 547998481 655293213 780138268
548034860 143748501 770501281 485812903
102091994 51069768 509264324 439584697
802519389 243669414 834867126 683979427
241483997 670873425 727942827 846165864
461083035 187898075 496085383 482068694
839801957 988664237 925978315 997642227
332656863 766007031 952582938 964428502
134844297 176566418 272820882 370357707
263948991 444407406 390322435 518069218
240660575 135065047 594509802 502963699
977610410 854083131 989805024 926870933
396095989 70121005 701671529 305085728
769964012 853828329 938627029 953828206
92737257 727363644 572041246 772147204
791733714 951061894 995539314 978386246
954842911 646226780 976815724 939086809
545738652 32978505 608538856 876709307
761396676 742090502 914174035 858358106
629516130 595914945 642897946 960827761
817085166 76847885 901059243 718074863
755638880 434405071 815746754 928872238
965003376 653810007 995725035 870866400
968353742 925678546 992665840 972219245
26312686 552245061 211616299 735106766
896890201 996729344 979757887 997992842
761421184 187004381 764824758 935753357
50954430 679358827 167473347 940912392
968600216 740036909 969045048 791761381
581153914 36353680 827591861 978169270
251343239 775229005 424271973 809836578
62545159 506094852 355966479 900177293
508939009 105841116 850977053 488203073
639735349 110124562 777509259 157644936
513268295 951715893 707068754 989887213
757101441 57086647 799950996 987145564
192332673 485041854 610072895 843295396
751523590 947598328 908577681 961248571
257182587 653789948 439634219 948924732
556819870 651555202 558962462 786297575
223440105 205555806 360082422 444669592
723339995 312838294 766692919 342300868
173541330 757970695 699176728 861587432
275332725 113034785 393497233 597191944
902658554 576228124 998209634 769968061
903552252 1682172 977081520 148117211
593285220 312933088 823303037 767086122
628844345 74717322 887317853 491389152
914996622 809223189 928753813 940791006
505845622 385062105 801534376 943101213
170283775 250333781 525065415 371874850
206962538 183693118 723766134 936707453
191569938 344398214 923620554 345338641
449677886 840031278 523132624 882259115
280449522 650578444 480947407 650786479
391134257 469750716 663084270 507579945
584195504 33827379 644117039 42214797
307013699 894694093 793986469 946694505
13662013 668073493 245953865 787141117
497684808 277743277 634424823 888612721
664012841 340657288 947067214 808191643
876637142 656517764 934430171 801669081
444675108 947427621 601052822 992912122
156776958 248345934 413769065 912405667
654645305 488298601 716470294 671137719
87665249 535100160 973919344 953339169
752754095 652606356 952137473 655050684
97131504 157430332 809006080 745953553
346536640 78465344 662957753 552736088
863645242 957058770 880198221 958930519
726584787 754505537 864524245 799333378
274699269 671915882 725215641 898554132
451857083 336694267 521595478 727378217
480914171 111231251 842956230 635804642
161126509 466672783 580107321 725714629
770926846 673458502 956330461 680794931
338886781 277751513 677310268 913482671
317191330 197178142 409206456 341597688
574768021 475557644 760068724 611626522
341275025 772157034 777501486 946837894
742056434 725530959 821661105 796213351
383999305 23688280 584281806 440107348
358845390 82939038 866934940 646749528
855088630 456806861 884016944 781887702
255350914 105208664 805672411 357764942
859469298 898479501 881030205 995908004
698811157 168364931 745760081 542222938
247307497 530717629 253725767 941424430
778569220 488543688 969503125 887762004
658914340 258711297 928134311 474808532
991344684 113869725 993909928 373042510
444600829 27975535 921762350 169329498
797690586 707357498 811985011 729454592
180397872 132440456 865905665 815165336
504997200 417072051 819452178 500657047
659907619 71424672 740772308 750076361
42481512 403042101 723150889 869744442
430792064 872204186 495667326 929856732
525093174 144090428 587888099 954203786
910243049 901884779 918275271 980779462
130660629 795764933 636757726 854942562
913511870 718469858 918859652 898010745
323241646 465599271 991604270 561330626
424322598 682473729 699698552 720019416
74578687 524836722 597625111 685480058
565443947 577448074 950974986 582743409
908896888 36844650 948356449 993197707
815504402 356647340 840787697 673365508
334001238 719344247 926463022 956079443
335054675 941902859 336893302 978812348
968734277 892303327 970116034 982372690
144616435 684695503 355703293 987560699
564738433 144404128 863923731 986216294
100089675 898392065 301773367 991433686
789744087 848583610 846830441 900591899
336012023 180218873 663796921 539733208
914281219 609621294 946409213 778703937
541822510 918504894 724016458 987275669
786845802 284580171 831511809 743829178
984863540 62324821 994627198 450381447
53832648 512845883 403025241 830684992
109868762 827495231 473513688 872818135
516987538 538726001 983015766 543770663
668498741 810139267 874936948 882821248
209047061 331520139 300658773 510207149
193198981 529196898 929841938 973087873
599393907 798293943 761792947 813530885
975576429 882278507 999513434 895138742
273056003 437260995 399200706 910138894
443142952 352346328 947391565 985922873
193207132 298521378 730967805 333646844
799277354 18690946 908140839 972474823
400402093 77480222 531831320 959644120
913843027 370207914 957814461 804061669
807748265 794140179 855427676 898474628
194660884 926220188 426634455 960078986
418233753 596670249 915789473 616662608
457448212 976888676 747389637 994071278
496277938 184111957 699572974 686363601
791372079 37423043 884652499 715862015
573817205 550064465 943522218 741986930
197733584 9289918 956151314 553907952
183825587 31319691 635607622 360476840
221442613 720391027 900011223 745339455
7463862 41875355 628697424 684069751
466204728 676496251 499859324 951870453
863078950 134090672 976016313 664003592
535270662 262865359 797090992 600025181
783510134 494858669 886982468 983703602
840443566 770302746 950260410 964324173
509269319 347738422 873245937 568116314
966097222 293840455 986643902 361354348
232368479 299856033 283292786 846622783
499801865 362509429 805442248 758021509
777304230 116377087 993374005 298533319
690617393 910050016 744099882 992093456
340111690 563669741 670846590 817363361
797953882 105403038 800395981 428904128
327404040 818763404 827472336 954198537
432668971 713462314 959758756 722951247
80027402 575163563 863572821 626102581
524249686 371046316 879426730 972498594
137505879 204543341 606089116 374195569
132907795 76730537 897858707 200569091
334547996 538833303 365042193 787775581
53612481 86149175 432096670 968231214
392635960 295054016 553286841 508685376
38862625 697838680 278601156 860312181
684751891 67938693 884223997 434706154
71274053 870517940 618040590 959756020
412011192 747544524 427319716 876438860
152196545 980795748 896821812 997102908
15848381 620876527 634343308 777342716
23792638 820558858 393747490 864590802
892465179 79213279 954374941 351145320
319021471 237265114 623616339 387926242
140029591 472217315 213301621 634063908
390405043 488551559 555546403 750868145
193813859 832381965 556768896 979738356
584879152 686146838 808807060 772356646
771551918 400817319 957455969 755948920
803437719 608142659 957458824 867463763
128072035 309080765 536068955 570640029
817990388 224235633 941283183 378348488
304886982 556275170 899837109 974301606
811630941 268210315 978422439 385944868
10826903 189486672 36177552 705504109
182691854 494059267 320491322 758146637
722740663 79549252 799390014 484826335
372112719 456558590 922712361 563073359
657786429 609418709 793180703 659307450
478230414 966828784 637827673 976047025
483375726 773002293 647767792 891611111
329858674 229346059 380213287 670688220
633048382 256394398 640308605 381444019
8705598 636502505 389735573 842200208
123316243 950367347 364189361 955871025
616913367 707636530 756444947 854163084
342735609 112930205 686285056 352395078
135206271 630270924 899297385 827291272
971277783 295379234 977359724 305603150
343850888 708937564 816271246 810002971
392110079 462015233 938154558 976500401
809226608 959993671 986248707 979365207
310037173 772663988 362947087 902542131
400581442 956690059 931261403 970063516
395584466 985395798 997977466 996960981
345061230 602859240 874949420 634347332
973486275 674283302 998030479 827601968
428012475 215570128 644731572 802178607
382646738 914002871 559821275 918443432
510278853 173142759 917362140 499770945
980733899 798729457 994759926 820550321
822602735 662386723 927833569 924960830
700339543 315484503 803350629 398278804
712560181 546880544 829938272 558916243
15202943 894778661 695278663 977018196
228018727 282353165 753473774 637642387
978489698 825736742 990827500 900784172
64154012 315012344 831500519 879473593
182879570 661795351 243089226 808571443
185074137 584871801 672370103 774267972
424231622 75950865 791375566 491251901
400837377 908755598 923905174 922673982
408312357 247720860 702700151 742661763
940224833 760682388 974102099 891673972
948200274 499115983 978477263 912231413
337926444 684892221 551224510 698848892
269054343 90305731 284155362 179662528
636178862 381156038 720833822 444215113
821773047 294604823 986758639 941866816
755406176 559079396 756666611 645510552
895738009 45273247 943955477 505591739
118692450 731268344 714479729 815759455
529385415 433561351 893339107 600374348
541073784 226514206 978846647 599961933
159057621 994304321 332122197 998726071
128770835 219037860 754103830 510506251
933524378 26199478 988244226 226013106
611431036 185842882 624940247 458281353
942390043 520936344 972231006 955154685
880651721 220444189 979036550 952932095
534214083 119477991 877878086 218010842
822476478 253087854 829203498 299484934
928912533 933059922 954016130 969820122
873409216 650679528 973298739 869238179
417224483 305438822 566359560 609214708
589049121 243602708 788552735 966265490
230985195 693859092 454145748 996913883
119636353 205710740 248135739 560406107
965894367 173770108 985893674 854261342
582610260 789016730 685671083 813958748
369673573 854672664 876239477 912144076
759178103 849426613 784404777 909042218
252889367 897352052 750247554 962481371
253130062 134758584 853297862 847490329
613474676 483590997 966302119 579317678
449192369 968503890 746783784 994630255
842199245 611107565 858882940 698664690
916452192 706417315 986521652 772559091
963233155 854804674 977334130 994692473
356093761 796742747 386547773 954841063
424468323 350575152 480662909 707919781
929015058 138048841 964374091 889234434
675502998 586426633 680096160 606401683
2085896 186435985 613142676 616943171
396321922 166803697 926210481 491225850
266487391 600683691 881993064 970852973
141915070 797549865 928534454 832020203
272723434 459654269 291843757 611711494
693296749 643537984 959709904 807576478
321886099 493408109 419886161 718450311
783919697 980017015 808637001 995131102
488285387 270261986 670344241 752597919
710380434 706985281 797413146 796980252
120896530 958401080 834531286 982187019
552693475 398948743 943207650 860908910
179012406 153005160 299496594 867497874
200106044 799626292 594263330 872258041
218157690 698662264 314376600 796872255
718443588 848441624 984564851 867761453
223875899 827368618 887885082 829631520
660578705 892221278 749708255 948229286
101805566 32634345 409766353 143576565
426152889 421308116 448080225 958012169
593620002 26437614 976173055 848798416
261586984 448781533 468488514 839285709
361297711 873916184 950772902 985145983
425761153 348722504 518187329 624552217
180565071 640306785 251788059 891779066
518318797 822610415 594728006 984066375
483957464 208652831 826404869 314933090
362864042 326259091 883791391 891105971
521585994 610664470 620014259 664368539
289800745 227244954 805829338 976884967
480318022 13156408 941076301 430062692
149870638 987042444 672744828 992094786
333669706 622758325 341997286 746597292
658054598 693951933 823067104 702386732
606543731 706812652 629800423 930905206
339735850 278026026 426213936 703282766
214661186 890186723 618033576 922189141
705930350 200839791 714013841 934454227
843267639 201457918 936195983 706071246
267164329 614662421 922681476 722777605
786935224 164726121 951427130 209276281
152908214 799337540 964058284 951063961
242276065 196130251 915009314 724635928
954729204 985050137 999314108 996556692
864237751 802671 876166684 850728168
60734561 444992250 642693631 849200480
702700320 814442230 991537520 895924207
806491985 149533883 912604073 419397678
148384120 627463689 477589506 674316308
32581353 375097122 959450529 987040370
263984508 504309297 515490301 841401348
434273018 33780111 563900468 952706610
244278433 966729182 325793470 985422398
819836331 881583134 875450950 926008684
366820189 492872373 507419640 766478174
778124945 290962712 949914761 830210737
383453188 214197163 734275110 861303874
88301539 635028474 342682071 917225246
815104255 831099765 872259506 859351090
395199871 812216487 799205171 960793896
732115771 705372946 905817429 721470812
425536284 791602211 463584846 813943679
42131583 918329146 82680546 995064345
587045387 297622079 961315179 446034613
977493411 821175969 986957829 839673208
779819068 102372381 923601712 829262481
274115609 623021299 566289927 870333385
873008244 868897888 881325960 912682507
191069238 924674060 650664216 994754052
647156195 475541953 666783058 795663126
763616949 762482443 776013782 893910643
255654837 621834972 330356168 624280476
3329958 998212238 49430309 999263561
383881737 29993533 530253969 937332675
144183040 829083552 196125717 875978137
942875587 301401246 945884652 483644643
15378293 971932061 254176296 972340061
647816373 940714084 793325482 972863415
388393799 402600818 989091332 608679104
216178158 98010508 552466578 283582130
844374435 574839136 897797581 875568284
397919548 706166681 650059533 769017861
200229852 853668382 826137684 940687751
139895553 752492456 610939468 913411316
281621350 402610606 470321474 665717208
863213505 254680957 969754121 651697264
812692101 719219681 870482177 874093658
472338980 338268211 864613459 914181736
69453951 870167001 986346917 894659901
132713465 871401441 568817292 969603133
647482895 810534468 680936824 940906558
865991346 536581972 867414976 878267015
256345270 547807797 414152396 608760608
171207150 730038203 240683274 761556655
254862167 754559648 778316495 979729757
510935903 920294409 993630929 973813090
254566359 75044890 444079331 803559573
270474909 293165431 809405563 539419353
49568451 958393861 903395956 978241675
190748107 414035840 272751662 731950035
347276369 748228569 946431706 803172043
45461986 636070130 770373388 706891757
699388643 310594235 982231904 720613994
602100721 371495479 751680511 927951899
339165257 581919570 887706370 824860749
717692829 392570817 896269506 568176779
582432020 937414872 750675897 961824115
341826439 336644818 744791228 607072427
632379031 674292893 980350835 727654791
146615069 667209183 162295194 998856456
41252978 168907887 80539457 321354262
160632938 710814809 682349507 724222769
498696539 601933133 935588368 614161608
991779396 262264931 999836293 489763667
254926078 361661561 983884238 703721695
995934163 946719767 997039352 996285322
409326407 96725530 756460549 963970123
887056217 905482016 912632967 967267319
996710562 433413206 998354795 762042159
394229686 323903804 715254997 486359193
217511264 451655313 276200173 577483800
110612175 181342702 410614426 665427401
597601155 380927998 722669119 527946914
899829861 432865765 903150048 540946284
899816497 634721119 903490146 990842221
941858918 561561067 977119438 961380934
818142129 714432545 998875096 786716920
735699639 457947357 769293925 504879643
389599096 295170432 740295001 902188609
731372822 645993579 846975436 922288489
262390090 866684946 913834535 881082666
884590171 296863490 981103050 639978971
201703627 176918058 759120332 754186635
369305756 594328984 567739226 788068460
184571953 481354550 484046758 513089800
598247599 898866425 738111243 958058694
725500061 934135550 973851932 982843110
933058028 160957275 938689636 534086362
610033836 92063181 835050122 997354394
538537997 26330381 748156193 534329340
117842807 207205622 947423138 652883792
723837475 204045695 794642378 822468107
371808598 116981199 795201398 263365055
762916209 324605129 860110111 651534590
464045873 159056080 826616825 330420931
601688396 725306025 653692789 875038639
820781190 546530117 907700973 570336055
926614517 996686593 983516107 998380217
652303753 971710874 684680089 983665441
163687121 269979108 799520760 629306999
923036829 611613246 985100217 993109829
463058758 660290942 893519589 976394235
193645984 425980258 389621016 563670746
941776413 917598985 950753383 998108770
858056548 127052791 991137795 988678981
100687013 445512399 857252460 487105358
68902095 352575055 647708695 918922908
176336322 293379321 287413191 589782279
286990882 586068340 843979000 653456310
331236107 614743922 717191485 652460377
859075235 386896866 915144688 805096480
348178131 195205384 720053294 241265990
620156296 424651098 754553836 510485589
964547860 221201775 966663965 780821085
162100485 437858902 581630191 918862670
346848762 463509350 719888055 639928569
410194810 826720345 914368472 903085480
86016830 40880883 835721312 514096998
167587852 19648762 506054538 889003694
654178866 148838267 791709204 255089583
576972682 908939443 753884905 957367898
121258368 381516601 954574390 869052541
931172087 853588576 971997366 931868441
702620578 881561011 954052941 938714082
348495407 254361550 620770604 544190223
493424148 171785693 499809012 651037475
208442661 368704617 896666181 450776385
346343336 850595476 369537485 920505441
207256771 982954088 965040682 992830693
489356197 827875246 759470670 983913379
684036739 146388011 851244698 929752103
617037243 123082675 743200971 442302385
129062774 47499755 319884181 506219925
138065930 709102891 347504332 932265560
447582605 468055539 720863984 483543211
87410540 131238843 757204317 483994550
734852640 514068181 768195034 531179934
424381133 834489186 837140624 983484195
973168150 992423520 994794664 994570165
658251442 543707699 979535431 907562023
262341388 169930958 836961466 534104705
567875728 681210503 803297005 690627369
627128469 636639650 679050956 900644911
266513856 541054032 313544732 683326162
915522458 566143677 980101246 777229261
962449913 880858820 971730889 893111312
896122924 843606079 971224814 944408531
474372017 755343441 509053590 813013179
179911179 942654065 799170012 971073542
647189653 703320034 699039822 893015629
821451725 206451248 894780832 738357723
506784059 739399422 580862652 947818454
198610483 414517523 428070620 949452317
445562630 764165612 659279522 876686284
487237335 402579916 613394947 878397819
229918975 342013527 760875121 894165995
701715267 815977969 739568736 838219033
969956244 788113578 988945161 991283153
333158040 333216454 895255423 576432856
21024631 539008298 58747198 782999066
70430202 434077223 330237278 527337916
995481201 461248842 999901854 755334502
352138845 481006626 698349953 629736670
159781683 700280148 735636351 996077914
29462497 480845227 544811663 583235744
998821885 602284391 999213078 817262914
838914287 84462984 850988828 440781510
814802467 273049047 995087929 829230077
548314948 860206323 851740712 990521594
200639633 137403632 206680998 915154248
958151502 31972196 988586998 866678823
651803966 235442192 993592245 625058249
811911849 61718907 964342151 491896263
48598528 867328428 942402741 992291039
582765187 607797327 823941042 986682635
354978078 402984980 470008240 803533918
906702872 258801041 994557541 836013618
219781994 824522258 336510093 945015922
123479504 922466625 986897618 981954216
481774547 945596309 737421977 989990386
958501959 66829958 997142387 443095014
731395784 182518140 747815497 324462305
778457264 606932708 912971343 701321499
615727848 359308447 817286263 984562510
169135495 862727898 903071976 987892067
818976628 733761554 827205400 867490848
268681951 670451507 326675271 914123316
756973130 395169796 956721434 850738631
759215919 418723531 853007206 936326611
107747112 143717633 811437806 436236918
337093329 854618455 426306161 991244454
135213492 97678600 885246851 680700099
509753699 808167726 696088403 912550784
380384103 859375972 679006227 879122915
282574888 714081143 299194337 856143190
657580630 118379380 982598168 921114152
632439725 585594387 988368940 681210237
554615063 846057361 785494616 939319423
919640395 180385655 999064186 649790558
950885506 339825938 970342601 848366856
27184344 694153221 820870053 714471432
272539446 267237112 876983416 863471717
396267698 478975277 960935428 977720914
500918480 458600559 753270306 590452239
969405096 584920299 978782459 598078686
298317023 68086160 843172474 892183644
670405906 396862394 743652781 949271504
285342922 44050686 307991299 647678832
538910504 514824481 806720422 939129574
896492709 314453586 924088505 822649915
43214518 135731800 648836228 596688978
797373278 502711093 821855493 729076634
883129336 495860135 891561633 503305241
122222962 938741782 731707034 975641672
93917697 131463219 850227557 993669774
118927501 792261164 915246538 982856274
787050872 337570298 997644526 532720157
592012088 105192128 942516076 325508300
305449933 452826040 641701936 810417842
907489073 897567243 908472843 998869055
762134459 615802708 919826830 900281369
338056101 31645338 601109540 206825448
684347574 141325496 982363551 380602991
174790897 261967813 234969163 761332475
343814375 90752491 969736096 264568047
584610966 153816958 677662726 292090297
785128664 706270919 922752676 953008724
139419643 148088853 391926927 587171728
602074589 505474438 808706805 552568162
790461701 344499115 903197575 988798518
564176586 551640711 989962848 873084536
996712696 694189470 997419588 967066969
178083321 866771694 912108088 994179943
234308044 361919138 760930992 802170961
221674803 102203880 510687992 677151267
337596765 966062648 481969876 970787785
811015715 826797500 947613955 845096491
992157056 183481906 994907862 336801370
623386688 170098403 887818185 449067291
226085903 952148209 851107758 970940444
582235029 343343599 946157211 719753846
965859405 93152032 995121206 116036350
951892412 679443730 984010409 789429233
419687470 154517355 805194668 567289601
85082342 141204970 841508393 962649896
771714729 913720454 952911824 975023971
600388376 252856868 680547209 664421789
315355190 438434834 974424028 749688931
444947159 441347301 924979982 761532036
29107101 62346108 333318277 948143477
952284997 621373488 985014710 705102244
319215608 905434235 494611856 961545284
865720980 809897371 888218456 907993466
122522258 272491373 439318827 683694804
924497929 865345499 938561377 980004737
276833956 732377962 505124739 914586637
806552395 250116402 900093402 703663332
947022576 950073437 991543406 997723849
236610731 507234563 541459808 949075663
338871257 231161765 573251262 728778748
931029061 177259191 984601369 328867877
219222802 870603333 522002754 873700009
979438149 103864808 999848366 429853030
741948332 578944566 883454635 975531924
940072023 923848823 959550285 972423945
469277996 461900206 573021763 496422178
657899839 192410874 900545485 682378787
876494370 786860730 988516564 871570238
384038868 616802442 556986134 699134603
514479959 982008795 922844626 993858549
814081209 287891213 827082536 380714922
878037621 568199058 908361470 832211243
200526816 456493232 532621523 714134133
912173608 310308281 924362778 530174873
487291350 390216470 887549801 895351988
915318385 460192208 925208913 916694006
365633447 406183741 425185965 652490438
240247071 388022585 936142951 866472006
425973691 602763895 546904772 934028728
766960386 520236863 812549850 638272069
399681503 251357390 530879068 716292992
546496284 529775869 618223754 585665454
121576721 917637182 810655530 956102414
536643546 751232693 912585610 852600658
198024641 466635398 474636837 645396705
933090489 422189214 968888826 649484603
628545222 945371820 881973948 977523212
653895953 857339834 841123938 969760910
73220501 157795658 114000166 348714404
554968014 778573503 886119593 786811296
294319109 110336440 960459075 650098264
160070309 859196003 635137210 929283706
383249240 84610037 511945230 623002535
