1000
383785315 843325288 669466567 960621294
134970495 581463048 936321198 611569201
180993617 240263082 984270789 614838317
644312728 51152281 704635703 271760522
843373814 304570741 853663741 473742654
322104019 716291001 999141138 919854844
452906285 644893096 756868290 687152226
479407298 616723622 917476238 938858684
607097050 322341763 747913209 554421729
984802840 810383055 986006171 987460922
709593964 415163645 784709103 926797680
65530740 554343198 747408385 627023704
117216076 149292084 758564703 174384548
197372189 923370233 383348366 989157637
573661499 283896272 955659107 365812380
391714849 860068154 991515263 956536420
754545792 141933246 841128761 765020845
586452205 502392568 619014839 997323170
354767327 826522529 939021801 912346880
394444390 755309975 571549772 792638313
946219272 95302197 951884503 105256224
131630875 545266264 845718179 794747630
498286795 546420759 723218807 980929448
252150377 699945042 355734990 852166267
933525673 53180068 970749238 157347034
999636749 841548938 999695859 871738400
760127673 66066658 834894645 119312916
794005873 151548594 873921817 442662450
833060610 857302521 942362920 959022170
396634866 38081836 480046647 482408241
52354655 744299541 576810658 835419432
440654355 660568694 999761921 786350667
463926658 610653676 954133918 802052376
748478119 17809835 925961274 248587366
32925599 352985046 560410148 383523437
97514968 765655870 134844115 826398050
822943621 609768406 984093110 741857893
331149640 523007042 389287974 899084923
27370389 839504873 39892571 870113851
889889073 671151924 931980805 758609977
583962228 477208015 665413283 906397538
22923357 410482674 498508703 573749655
159346038 306519396 618897448 777434998
667322393 399273991 720660426 777217051
365335268 246750587 873331891 979613559
316412471 510480153 834182482 937053634
898061366 161911 931046413 427603332
521106412 844131122 546614973 966756177
445414077 81118418 876740109 639094587
846629908 818628264 993984803 902225328
740571016 759154626 822500538 826548155
783431593 39127265 847535835 632949723
546320874 519123969 577741334 871685758
582311876 822372968 886440054 981760168
110554155 265681444 635829393 373101734
111273629 355533438 882832490 609530422
796907607 847840012 995715471 983401929
281255730 909133022 328089658 973410167
392156728 184296820 949543210 227556712
78552474 757734122 530762728 769898147
716269168 523220112 933506721 547413250
619918964 778599122 656506646 779003064
554876496 700242615 810597266 767424553
366288646 581805458 414375845 632985538
197128185 446469765 218451692 537200679
10314015 438994049 536819405 803730693
673771034 852174332 745190359 976418041
130529061 759509296 544860392 939957969
973743526 541603448 991216162 740704150
398934587 433875093 932106769 531910018
816125162 487630564 852231500 777004198
834948591 786278659 931233275 996772833
296028732 385677748 486804862 776609517
923290708 865949374 960198319 869884307
949523653 769761766 968676521 944497374
868765773 18893754 886073737 732150121
92509350 856734134 227408564 888307002
425586933 416952997 701540745 536353202
506867269 512608629 595451415 819526455
736508034 674460399 758786354 956030733
536238169 803717379 747371378 945143186
440343352 227392303 621085020 273606440
869325511 839973922 941860262 918016788
323903889 746334926 416085907 881642655
945665436 906728618 964168082 986292346
976846359 755746099 987882494 800508220
28225910 473406541 316454880 608600344
260166556 333989816 905068862 644982603
319121945 952677452 422527789 955330744
248276376 47785861 524466883 290937032
112679443 844900584 321206868 850445937
941193386 587390916 961157664 617441788
170021338 706008107 674302001 923509286
504202416 997727936 997466407 998737135
892602349 250599294 928473767 749344906
140518892 913819462 313486593 994199915
49221661 150168956 694101818 687248013
772381450 74790019 928418326 201997279
827813027 52364141 947634972 917410179
537514093 404488836 663030150 863799466
838532638 543047529 939654064 864710560
688458855 425427289 841642889 928425324
204348608 267722895 745556604 316901140
698566673 338074815 807999905 814683925
665474894 279124424 999671452 340293667
776814562 843832660 823045960 848439616
433164482 707730514 933398902 981522972
664916563 421056927 695387331 754435115
82310468 625151550 560846785 938701684
923318722 155686229 989476162 377967019
497663679 43949044 808128615 151735421
474326320 349692564 706742010 900778051
644583798 225451697 999648090 693383274
520512187 975036195 831590799 995722255
850036161 404661650 851880767 675888122
313338924 570627578 791468252 942823250
468609699 890060930 643428108 955110995
777214860 653331931 800572399 802210355
507452025 366035128 835702171 717984128
79976713 793680511 399464398 836139907
169092988 241601501 693676890 879719882
11334549 479177953 295189612 833513323
33575618 116949573 844306159 613726893
808331897 790117668 943218348 922311055
774309550 464692625 979131628 947931411
884150036 59359472 906702583 331475387
311611763 640787851 881132274 794532532
875584145 86570706 964226628 618503965
488208865 990630091 716999281 998672252
260339162 873426223 932053302 974931547
815288340 297422953 914700780 807668198
610608946 608973287 849229453 785454323
836175610 892550495 936228396 917949002
557208971 956325156 738193976 991951671
141904107 210802381 798291845 435417582
996240203 560628511 999742747 844990675
635660355 972138514 960299550 973633616
491635267 814953895 540838070 890658617
454402462 586970673 967527962 652874406
446665934 936131115 776776559 950087750
669369877 910337776 748198324 941490526
771747511 724290106 973367824 981645337
914820480 834414834 919100927 905699768
366105234 540408811 410187994 541428210
578031674 362555290 846162349 978133303
293380876 800988110 746927728 844060018
654489877 407180552 807931631 419590681
221518248 969565834 772551963 976081276
298212607 683197542 421502274 703086453
36659255 630751402 687619055 667606956
781551038 679222325 980268670 795494595
927870041 369964857 963962798 970829385
292831362 419921434 848044345 679920639
559343330 51370295 732716188 974139905
79095697 11795057 551529335 182540870
779010823 505494668 918344125 935606238
237180876 603514457 793106085 837520204
258346551 385688541 524317141 666510015
794079179 3487836 983479106 121609986
733314277 817019088 826097264 989611723
893149887 809744488 904615410 941484511
884160623 353908971 973363995 785969629
988265692 596658916 990927463 728453181
461928615 562688905 722506031 987959083
603888668 647215250 959895171 949107889
93764312 423486768 106221220 783028819
654408512 512853753 946170008 690113616
271348163 446084794 707354869 787180559
680767321 414460146 810713469 642227633
688339717 893822792 893635613 948985244
146097743 188197942 524303028 645452063
253855585 270891280 390984546 414973533
558006481 8866411 607340399 955882633
81027745 807882040 244523332 810652680
932269384 490412652 978837987 799474105
172194896 938920249 463583821 957491193
281112669 57582528 845560626 904791760
292073732 354337462 344619679 641428022
198674668 98574870 305399776 708146640
172386713 649095232 563601467 693887788
685411744 109031416 962319158 314770288
661151271 666372919 692978806 800206822
366363048 755854335 482057136 865009958
592260740 128495631 928064934 945449060
445585080 172638141 663802566 698170182
957531696 945771378 970427955 949589973
23666099 264602260 863690817 398777818
992533135 987810932 998071020 989918726
736806014 224343821 840461110 246245028
835874427 660035213 945278529 974003533
361507384 229576150 587269165 275864002
88734312 5579474 967817999 729637622
226780069 882378546 274045641 889988464
480516011 680107965 673789423 723559532
23822935 539669931 973723109 994573162
442714220 472073833 622224576 617110154
829862666 713246214 849948438 890637713
214943071 90350903 268318777 730056756
322854078 482067968 667973540 932068497
931285650 809260373 939913702 941920620
286022772 8984818 922820937 410477075
144553616 468072836 604765874 882263003
524745168 412340847 888595113 881185117
790282185 738971863 853565429 992100512
986529440 681589421 989983418 898617175
858925660 601911523 907062724 910610997
673646566 711723066 738662210 767376030
194198074 12170448 843524362 901438289
101744635 45038376 535881869 895096201
815245036 268633620 846710815 525662244
616359622 619579847 831792118 836504280
552342467 748725501 817313529 895027046
247614863 720962276 643735613 838636236
942461040 453686511 995903418 940172509
878082068 177165897 965605503 364511113
515000953 238063712 598265106 292327111
918416714 684194223 971361741 780098315
55453429 929160421 213722422 979374160
746894400 793488296 794123180 974159081
829715620 14806776 903435541 169718361
970032038 473670825 992590945 888365717
601570492 975587876 845152649 986571448
436143622 127904416 643801926 320504523
744349791 724718025 915082792 832043633
969591547 837924135 977652987 937295386
589733197 447275158 971644107 880844863
842289041 92399208 963688746 906191917
30366109 743128454 62942544 827899877
248273929 533464089 339943827 545658700
696051179 810740004 839533303 981813460
285909060 71081976 996813132 209248554
201127123 187561937 416419538 575904796
340316153 65271813 648481445 722539652
209058923 308733019 557747226 438035147
897918678 142169371 966596686 865682726
990387577 771719469 994806816 961742439
79690594 187066331 780419826 379204424
453974493 569911396 847444937 821400616
869314904 548275336 956335998 782709077
670508190 238285379 674270830 950149016
55792880 605877706 291135513 725901434
483895158 611584453 495089372 619193169
923715010 20718088 940190994 777328597
168507570 429772692 261557432 607981230
782468413 285217822 794450059 536627832
288816254 593134766 639358326 632135427
52529521 515477984 331372365 601332716
664161860 474677349 933643023 601522200
624689722 467476338 934725653 577902367
272995769 79646937 380117004 853106700
540328904 161777883 886240125 386548360
804914347 200161743 937876516 485822834
629431603 417407040 927512758 958856587
41250738 291585560 978529268 465896776
606559216 885601679 896577240 905586246
652188003 716191379 944674469 900866179
701963511 836677218 859966622 837626567
212123802 521063101 694270834 942155574
789306173 638435258 801188100 691795293
543494455 960300208 683503453 983741146
376295645 874027259 672752513 880510513
277275777 366456708 411681235 642992650
941582218 384067345 997713761 485494747
291620141 220125498 319183485 910093410
5224483 518417917 431152773 725052368
7372140 768747935 298569553 826058603
252449508 858244484 770523345 984945240
25629238 356473962 978501518 872934651
903209008 475419069 975905260 764152915
357026704 312656863 644520269 387078810
39774253 570977855 103918755 758252782
138011215 719951430 414274980 881620510
329149910 155061584 474252044 627027645
155905670 189429518 206131597 823810510
222966084 533369614 242483157 842516428
815341366 285864242 985124630 783804487
110424807 860567373 907717160 961184305
760210527 405610890 874951625 841936774
564802610 128525990 703533235 893181417
681467919 103986087 793829818 579039114
609392788 109891196 884822474 696768793
529451978 238185208 584584418 454349253
453932898 229837606 944195014 658603747
900177332 603984341 949443969 685579276
42145287 716719942 986191908 825283406
224272122 938352771 706641901 944064166
465851440 503885575 573266321 701189977
470577373 603960356 830968034 995031185
934233569 976198882 970660383 982919623
163551161 253626681 209582975 582229983
328923667 61546858 814793359 858401327
711911832 899843165 726336578 943493749
46692917 53334176 650873322 994933629
631584067 416979325 898630366 845953332
648845317 372468586 763929569 509934753
838935610 575335756 895508123 887998855
134157631 59818487 820668719 253004311
707072304 237849777 891830865 645957680
569404915 878313561 823482935 900695657
444356192 620019897 759122827 747950447
282057981 480134957 935230570 644818875
838351087 135255196 910406064 776061828
121991380 794437584 126374377 893945268
967648906 187854096 981103129 907156287
137746720 105276400 358115467 111791395
550126015 183763281 886100710 955400415
714921314 686308122 855937331 765909205
185980537 468180583 740609694 957696545
96047171 162853596 615270592 898236177
135871131 134010269 766578397 943447338
634696673 365872873 645378394 977693474
238317349 827186507 244191888 898735005
660385920 600340708 924866828 789525115
447133630 999770659 835658396 999876414
214865405 618877544 271776783 857673061
576039301 803782724 911401269 831708933
473746821 923922677 511970136 981922239
935583101 944501397 963014868 995651316
515427188 155891650 766729135 936945061
877048825 753099200 965222071 784647896
982918631 917057037 989192456 981907346
899992238 971014977 900443668 984487787
155461582 526595333 805550009 630548503
482238289 756532977 511090237 856311698
464676222 347889482 722819283 887669596
825615042 129175823 974992343 417129310
718470875 57465794 945448825 794034752
981743270 617414481 997688050 957961559
748323101 385062086 973766724 412305443
726363579 928138011 869979113 998116550
824102368 677563893 917695586 888815763
642762396 188635250 696320336 649590903
455439652 770528585 924754485 969534486
668543787 345716291 965352822 849342713
141508702 117117185 449210601 284414103
678073821 123833548 806603462 905288221
680594063 287876408 894558607 892435137
379430742 419908380 501274964 890525241
533359201 509511831 720931338 746866616
345726816 822931673 993104038 943943950
43140604 594583325 953080742 716060784
136145519 74554408 320978907 288046638
202667851 76414257 605547069 717640826
204296214 538276439 991375556 578540835
188485528 554838093 678647182 820768154
166439591 471039089 815785734 733108333
717830897 343903202 826469267 977754288
231491281 292552747 300362858 336721715
248999020 331251008 425253097 958493226
274176514 538947316 870388371 727954487
319409377 901724798 639740132 988013417
895058519 930102605 948806858 980645916
990450408 873316908 995913800 971452338
321479953 678163976 580063745 962171986
230987958 766311893 836163080 808416985
506805019 55196247 627546185 915480872
426360470 456757219 823634323 875477654
525818220 850682734 585106827 890995517
449173052 870478948 669166513 945954410
64656722 242484639 892239464 967255001
92291647 692592559 496221967 841437538
656639843 40649183 705764980 766673288
907129514 356674274 978290797 621493209
831441459 287586017 986474756 709613800
253060601 124014727 303726253 283489571
723362356 951775309 982008056 981279510
907044680 497563489 981797744 769922161
41154145 567368921 241129659 806397103
113022887 598269867 528840269 954165624
717462658 314460026 989290350 787568527
830425937 863452378 987667667 879760805
216082233 697371233 738535109 993619827
76758477 6985285 638858592 753981466
828249498 853158282 886228677 958273437
947429974 746067839 985563037 925945112
263060405 895687871 945622799 976364794
691827372 765027275 821308430 999322060
232424704 942436138 245224527 946533712
487082201 184389758 563361619 711912578
160366857 503780882 840552697 535713726
127773736 491258397 775075563 830915169
580056817 3912299 609016274 894273010
867334290 736081715 998845133 767773189
341069655 836297359 441320206 902368998
570986601 668162138 755575722 806072347
762310833 45551056 862736738 574366349
79668732 215913425 177592657 777301849
198248321 452364683 249382299 536456105
457510104 852493036 519372348 855741603
775899430 969509352 828941838 978912734
9848839 780454609 47327304 996431527
361090317 722636065 711099041 757883789
99157501 482234458 114892472 841188660
188883033 371498121 942909990 835137140
316380234 106847653 585429272 393037962
957248179 488172430 966301999 927603981
661474921 526477952 830187111 729421738
357114508 877123900 791526765 913659112
401695711 367859907 417136500 818469736
772780053 473831160 867202382 790027662
178511318 415141748 358018311 836803276
838114080 530743591 883558073 691892349
114200711 474853386 350881283 586785359
771816499 2518176 840989865 341295869
516890323 601584025 827841785 685514992
399728334 976076472 537663729 988549386
112265730 998525191 518239646 999367978
563928169 141632027 932025388 511725227
205526377 702136256 391847767 907878693
36889798 109080805 67278075 658936891
433798851 244862955 839648907 474504549
503500834 933569410 721197493 952469108
572574422 401384267 846928258 447311372
25590576 469620717 98483302 908272197
908067784 710939940 996499792 885169383
302307072 194007874 850125735 307161688
119684610 32086527 291650621 928088229
948110148 762595544 979755020 846179540
141499746 10774641 368741882 328219819
9381111 32618915 89820366 896071120
484130348 853157852 550917531 960460496
377795519 562087000 486156662 689154444
828052353 462211227 828999649 540470605
181683211 221807846 761327721 560568786
955651358 916906603 961737100 954741852
508985165 282185579 967209558 291037320
587492199 932343745 899380641 946692174
974145807 49673945 984524407 486748870
477143033 768559919 980536572 837046718
74256596 208318326 401987652 517022453
523993103 289186821 684088945 422430602
40253510 119073484 587793358 230849748
517997700 56004900 867656642 983094246
923187570 257432762 992128422 509416511
659110351 896158233 907631410 902928873
890552581 328947336 978230532 931763806
584225802 585472192 699717928 962157669
783024002 927489912 890941676 948980764
382682940 278261705 941398651 584126126
382871374 45094125 661778880 450844668
525074329 111591059 924038869 805098644
500299743 856012498 781961331 973041557
880977816 465209298 947647081 898499828
633615427 741828069 725469095 968212020
421877713 114068768 495804792 151097615
877186956 607654331 971238703 630036930
673458618 79727174 788069551 164180835
791799646 17936632 924538657 989390879
323155291 420973735 526916533 931975571
608660271 28839837 697739348 793500348
249977055 952558747 885206084 953707033
249435666 650688655 253639246 916894452
930234496 259377481 951510656 656626057
488351478 562613167 689694022 659813129
80232249 148286650 565970721 379143726
402177653 261486432 638319942 733761225
332601649 819476462 705906253 956467704
625658012 308282074 995246665 932535077
3270020 827103580 158308440 963111514
490757454 44386830 543411067 567266202
230840248 981149574 788534715 981294406
783910108 494746827 853279112 922957950
741339382 377350183 855048768 995881539
493068198 230625878 949161777 472435169
131499414 727879761 505992954 957858117
639212507 210481354 842752291 777070295
559377887 532356907 900984664 919185834
182662033 85790812 631408361 220105807
527135054 335441173 960709557 910375891
998450531 165250278 999124734 499813867
408120800 529535454 494845929 965730263
115482214 51534289 471972341 241135943
642558590 912816159 895270111 960106441
675911247 532334305 917719451 979883909
579703614 863058171 725584340 871608815
82474979 649368489 359295337 714159496
776910110 213176287 948470085 630897064
820892124 587359350 878720098 741609873
45714715 407003754 414185022 944205678
994534430 988798339 995741509 993016741
458619619 999335029 676165953 999621972
960680114 903167779 985769543 909953885
169941535 164853639 396614130 344939033
481779328 165170835 490027666 869819247
884597616 863305218 932119301 921421102
693192279 158033787 879561601 786133039
542142407 823464464 577044298 873998627
786890754 180650641 907815437 232761820
429494863 324077992 521335835 859681919
811206411 188753185 874114793 283568057
802039857 705173286 944081965 862300367
177513628 755020671 475848454 892863025
858103601 370666276 962961166 395623649
460192590 822649153 503664209 872858315
933313367 993172326 945275567 998365810
231801807 951499125 602398645 999288396
349857406 861920767 628021801 890618975
44159694 872844230 490443031 874178279
116042692 801186668 712545093 981153422
459150437 641933269 702536958 968098960
209043049 347404250 487668614 413898449
252713741 356128198 462021431 595460865
361892026 503413688 952455227 733344326
661106091 2359744 934954480 321255245
575395992 347712818 917937345 970919316
757003750 137633889 798232772 545946576
984220918 600277481 988187855 696915209
490641533 845543459 657610195 920221711
500020980 314787222 771256547 993012417
92066650 108671297 398794157 397378399
950004754 627995756 979014407 942350088
636416939 381172327 743479281 701815940
240089541 949042923 999625560 985961545
595880471 841932200 910624196 979561049
354620480 67487279 677791228 251768586
760349109 500630904 872114549 620663897
645445737 445136182 716723515 736919044
218053089 273252786 246062693 551913139
284172568 677908556 574190284 942104475
669487770 72025838 934556197 525439120
883777397 936985853 978710550 941925103
799229696 326303704 993502859 546242383
424120140 546983981 637887643 748764762
286092465 799593123 472785238 888225921
534640030 639256385 989843099 841413412
276642522 887523062 404243872 965971390
464059759 963362306 650708163 994267806
960709818 213643004 995313415 821856176
625091570 542445487 943423471 861407173
774671993 915185253 937332674 965218047
43310458 616996016 219845643 798010007
646752884 371928104 903818875 988528500
187761662 112657351 531618004 760928844
30126295 571917798 83602766 793852116
560589768 265100389 595569514 801722477
744739398 109209172 888509315 922705343
757536980 423537826 773688201 972235506
421134862 643960132 467830404 951266070
799116452 481574950 843915801 669186115
144397179 270039203 785976591 586477718
167734190 496241242 860670780 560397934
851039684 677602271 891325372 772863803
965242020 439860877 992670387 568901483
177143128 268643043 288026200 730003006
613694311 4020067 813462590 455880426
348661902 272624715 664776508 690227199
155903291 773149372 969905958 824856166
296192266 717863164 565252657 842602768
251629930 845935115 469949017 862915089
648518055 690991670 740773102 725947829
736104980 999819698 811397633 999993594
679596249 7591017 838781282 860483826
389669234 679402289 717518342 945858649
801235286 94926914 924968337 116738853
548617350 885607211 771881574 922143990
602305020 64420049 936094024 994988581
4956254 613959248 244800689 880326969
61743468 872371886 852000061 947760921
921396009 352355608 977965699 742291521
591597754 183481894 978024998 966641430
698534854 119559748 772193260 223316577
930003766 555368491 981836475 954281783
642779074 614222170 912131374 682781633
70603757 92385761 617546989 156503102
285662326 495598263 615264064 941915397
837383531 132771207 967638201 787020566
983658725 863557572 990744610 972107372
1743510 374884245 771216612 713378562
348976135 46199094 537762367 734424829
936986124 575358806 996030372 624281593
154589580 218542391 842105283 459872443
3831034 297346885 932133180 606293284
395922138 21510196 614737263 554699326
761631642 539683215 894329381 848505190
2198347 858193869 542676488 937795615
588801378 363270535 696949569 453493998
558895600 455987036 637562244 652954753
573288410 420084389 716018510 432275535
442342337 85520370 987221494 979651187
973553593 841211210 993883695 851343272
255038492 699270717 320003159 781521783
541958271 680926045 575346630 801143033
727262080 912326653 944065871 947465688
813603520 924231405 874195610 989011322
196806410 570439223 828324250 948859897
771237382 963479942 827206348 987770510
307276936 655072063 513697087 977220015
437420763 876398919 872277488 995568098
338104765 432746077 623004601 858578650
256394724 997761468 427402144 999362163
753212904 332837738 903848383 368574055
104830007 998848553 319142938 998894268
680471907 132927970 856282214 728152019
497194938 608386962 912469057 947773531
71082904 876901525 778532827 976695999
690385698 595981474 913444785 798738933
974543499 895617644 995052480 913552080
619075293 178940341 623683749 840038517
477179689 867407062 758784738 873675540
503269866 329999230 667094640 652378961
103826641 413799681 548397991 914721986
941521806 388860340 961952673 823476898
373487673 543986003 468380467 804346267
449400992 917514127 562969296 967576230
368819775 728066647 703746824 993590229
412505283 801608296 686952732 852746968
794180672 885810862 826545747 980428164
599635319 56551730 769588291 722522558
221463280 49918472 421393372 554624985
433864391 108956501 516984437 927591156
731774414 110730334 888284329 543712874
687882781 197607803 830486936 278982538
528319734 495335459 702233082 525660901
841151375 197580497 991696741 324610902
983762330 690895943 999941599 818844080
739688661 331421931 868281593 904238514
449799722 757941859 697154007 999542740
112833834 840228046 341810516 977084580
140910542 162734651 811692562 868756548
477136532 490026152 881502624 499796961
171072654 28794575 354928024 869408036
44043753 960849043 564033899 972727760
479696638 35916941 962432693 779048225
63384335 769584468 435752265 900302224
928049161 556396938 960836845 982851648
901817464 116825085 931266261 475022821
283782028 473192409 484255294 722992941
724477501 577313817 966222166 748684611
771582572 490668384 994893433 695127164
872792439 105129332 877385331 824535318
88155714 118110910 878226143 907824437
168632493 285179768 389413242 906947782
681854609 956261102 872372977 957351875
711212549 925174559 770009336 941977942
182273095 510118935 249101593 749938299
46798859 210526388 539644927 613997039
786144708 517585332 805474827 844113312
708138734 970614437 883166968 971212331
337066853 322502567 959463063 362407091
786600413 656477753 835011054 763385641
612203917 580416214 711664149 846051718
872659159 228133553 912743789 318143011
135206924 814288057 920454990 958156199
139624810 487277116 778969672 875286702
263140239 745790418 699460280 834392221
501499473 688518329 759874529 903897145
952061169 694578615 952183434 771006421
371784075 244624880 461352241 400032406
454344237 977130614 597766962 994660383
743566106 463037565 771069003 558409137
532310551 56088131 691451465 359503903
701672860 671261922 746463309 999363350
507063430 14241971 833815686 348783428
39248004 730290694 957787519 998243004
540449822 470988197 824626096 840178768
664982507 986872986 945713730 993778742
289533023 229014748 898824568 784988408
924081309 633263666 997022827 953377197
91607112 733976362 238334867 783496461
864605396 189993715 941160232 897140673
851066077 189794373 977024588 824151912
305103250 335326191 919069631 566841013
876403271 628911807 908342856 789018839
165659691 535926696 892695163 701166879
606200477 38874726 634148506 785262915
382611537 163281617 742169381 263439215
763588452 513284918 900664757 581438969
280456104 856016232 889075857 880034644
425770286 426350165 768581633 534629185
975797618 120128250 983996206 707481097
886053157 754505340 989182702 792294329
722319297 133229459 892496420 779978536
71621263 486161031 113667518 883216177
96358915 589561909 231047365 741314356
820538585 963357706 980055090 987666131
924621399 868481023 932655618 971358503
260166235 353482183 625051577 557727588
752189268 714031884 975166402 717574597
297860508 819006794 495287552 840601306
825134322 159084438 876328769 708854426
816817517 925019593 966713707 984435769
21282419 8327975 302854031 267137546
602585937 726210576 873580499 925391005
319730478 783860249 539684286 846681079
556309634 265044554 765486941 533811085
335565582 709002763 670261129 856713903
606050006 375678990 904738832 673439421
237087693 886874692 404576340 997122077
18702566 348499114 302000395 725946065
340648647 762892656 797859191 922025367
225132633 905100604 907043892 995563690
385418220 539727045 964440830 981351653
990780857 101975323 991728309 510826960
846937274 93599129 934273635 314699499
96588794 776187724 716419217 782271942
555457604 933655600 866542271 953714957
813673999 111580375 876815876 527348553
349961133 361568049 356068865 987127368
616439541 909322437 733304792 999408916
702432919 777451242 848513364 936167868
229308543 727940084 986274573 738500041
837615602 891300983 950329561 970080243
218069531 132693527 649490500 280646752
137173792 655164800 327196552 807982558
990899341 711158905 997634751 765573044
974971843 112823009 999534607 963064281
33962632 266461359 398002359 347393697
225534701 322911055 352929670 467379792
781558574 827555750 977372431 893253068
901449567 475873633 923618013 823984318
814268542 553476243 824169652 843676555
507255050 731956555 770419914 856845578
387456142 86192544 983018612 208632592
941725886 823400034 965412673 944644556
50154301 259365747 246175331 338939190
792678210 316038000 860223516 761846951
921782363 427076384 968906236 980086102
235829299 754012378 375783786 890222551
967901000 806572097 981856436 911513758
978333673 278977883 986075234 509189300
952443682 351883829 960571155 478955417
481267933 389246550 569767550 860251037
33201998 870758932 820058986 987733505
720977417 312083270 941665073 649524525
203570884 449479499 683968530 707647704
196214810 446642969 529999654 812446038
716736278 987016307 997221916 996401023
651584381 639114672 748458894 926270472
730047116 57772078 736899033 420266909
49686487 944407497 55022642 995638259
696039493 484598084 744528409 636497960
82238735 400261087 488201932 613426538
653010079 133351500 731170267 262236442
997615164 452939045 998224955 949023708
651058277 478653840 750843605 712706421
88833172 383190738 682815053 557067204
769098662 555225802 956373896 592284529
112519942 97341819 442954547 530433319
882264638 20401053 929618596 489194393
146991081 773503877 566294970 924895725
916383343 68470466 991127278 567183027
695678050 286328018 933840283 889418756
243658621 515157970 268445054 878217343
522444174 238298786 882614867 689848736
58593816 954599351 383133081 966395081
412427129 146133295 459188871 196204226
160642740 49061402 569075219 584677848
40753641 534579091 166038504 691599062
816656958 608572458 827640491 845561299
934627893 4590188 962235029 225109138
634156495 618979315 702391724 913256390
997834864 387016740 998822990 470815442
464953108 45890011 649268864 846470536
799082598 187324233 959715708 923658284
210542627 446883237 945724285 489814923
458551397 586902430 980842290 601910947
340046630 466196782 359562495 598988073
293926642 464943231 540433686 568468104
101476485 939887153 419828133 952227407
242785073 967168822 883488767 971258022
993772769 935907410 994078985 984299315
290632287 484608665 439704022 875711575
575491920 41052397 887230292 301591404
504927352 865251052 738318920 983219406
326315848 262641174 366633229 954273611
692907641 161192225 817337896 615158118
289327037 362746280 297031557 447420890
198731357 624379658 637060414 739624249
183905941 273507040 977645851 679768993
685537593 442709933 918577191 595388968
567114903 653811332 748501885 831973382
728303218 142028221 851028370 199056445
718928811 361627929 951041032 872145781
206624230 502815490 276495312 699900690
767438977 937035638 922217585 946863121
635564864 959302108 918656440 962333676
96735764 37232855 299842705 247825397
137126091 52431848 514852203 719114923
33526527 548128946 673746994 741991473
743454581 342757112 959155820 985063170
911784359 928369581 914524483 937133768
424924007 555945424 486746231 836060994
298996022 92694494 482833492 809460155
125324793 241692974 526698462 614760891
305193383 791603779 872502016 807229294
755830654 602273693 801918862 985241811
645026467 403856939 729070978 521960816
615586672 984132612 987211906 997241432
840667332 4522854 912573671 861699455
396000362 258495454 615786190 468102843
909354474 60405564 960595978 298120760
250666561 625984994 492640045 945223335
46154441 462113202 221850629 662073659
766576517 531064956 828745730 809033187
586898366 763730142 715433866 917039619
766768173 268392276 835277465 329511225
724600172 311533095 867848457 862097395
272291129 444588335 518356969 693008334
43199720 251143452 261033861 302427997
287491306 742167003 967565011 904285108
124737158 572457155 558851268 971857864
215133041 194623248 840674786 940397634
78986080 335395257 830365742 904472005
58338292 778811780 976882306 931216335
744066249 534839628 988598286 713205715
894692162 284342214 967817339 477562144
639652957 503962283 802082500 734862267
898807549 826803814 914687842 847744536
527981947 269950285 543009918 279312151
578589174 519776439 729015352 677122169
863364032 524929420 863479373 889477216
648799684 412318244 798059872 625730413
999118463 259468651 999196515 916815774
75210276 766906628 347771182 983011545
964980631 340697212 974402175 969158195
689090502 188159188 870112001 397671278
209711214 601714423 980262300 861308560
387657129 208702614 981126881 903827234
519728983 126909214 649190570 828139636
707594370 218413962 867701340 333302265
557830783 328993593 865426221 760117823
564547593 624132654 633647559 932497387
698513095 422341053 818124113 479772702
362781361 844744959 834950902 940285458
671053210 560350030 676153559 821155290
880493866 634297888 979415777 745903343
105962232 219261550 964194454 723149125
396822922 266665150 446167324 707092206
786547580 375690556 900214051 464309365
874041501 978808397 920157033 994023004
127348974 965336107 324021566 995754294
668625816 766414921 713736338 847076183
917751472 239964084 969908549 528134627
140608934 558237848 368968524 675524362
210404544 437988038 244476588 658455836
271494017 817359970 646374538 950231963
116931468 285648107 658794976 925885436
30123551 387873440 825655321 807852866
233206044 617991546 467341582 703993688
523619902 990561191 570183205 997447691
376574656 523049230 710728688 944461975
990162291 510704614 993590635 616246378
372291324 421547994 921603793 827608577
56866395 971520250 139567659 997802139
214843281 332288461 922998601 942708329
600143809 775590309 721102823 792223695
830267705 323975928 953694507 621794267
365482870 482506849 603398606 647958597
868619946 142688282 906592413 413583014
423433065 86660812 934815359 523885331
108576808 399828123 846298560 876172717
369886102 730153338 615331876 806556752
717425689 291077780 947246360 305392678
962039046 361552125 980007808 399718374
136079734 1420857 891886431 701811853
199389001 8777698 990957930 499596344
66644962 865853774 245580418 911698368
936629128 513213937 949524961 766608469
36842057 572865051 632127639 636978624
921191559 82442966 928511075 769222085
356546719 86283921 947313316 249197978
468426249 686695117 635032844 759768625
191859939 528687007 722164239 566393689
492403151 535162707 682399559 578845396
37413532 998684157 287642258 998705729
543257813 62022929 930391271 707692380
50039105 825000686 822747658 974474773
506736438 561336282 735942423 838101225
714504019 260573003 945665466 548428815
653140634 904426162 685915569 991163108
860371482 528888759 921772465 987752755
476780703 355565832 655273026 783918622
888771605 942424807 976002189 974567340
940689694 91713669 994587931 638530924
422077860 944397511 795828712 948730266
144103702 855945576 695267905 993945641
372854728 930871651 385199257 947772477
670780232 362820603 856137955 984038684
494079926 767474141 750140475 848710944
639578043 241355047 931333766 673959635
429552401 917857103 849252927 976300056
114721167 321808021 585194885 717111730
868656945 559929651 996994434 798998034
119770667 239831150 143513887 793885522
995699806 706339860 998682324 884274026
864657093 961483418 950750946 989915234
218871009 239167795 682621685 588715765
636617831 951672216 815511849 968797984
112149119 726386 521466330 897504639
375776098 344588802 706009986 407479105
511471181 817876361 814160067 840049751
603455540 613083132 777725854 743106105
810118506 537016174 973245771 954681444
868082601 897486308 984131534 948723936
323337200 999958228 482525115 999974274
517295192 615042725 841028051 885138405
886848738 646440386 910013947 905985444
313593540 782317167 656359704 937994776
14248303 123909433 525185813 764320557
924121143 112446024 947788842 686221857
645499561 101006959 826860417 232712596
829172867 297366661 920071495 921100974
875881357 342175281 954933762 874620392
471926677 995931207 948680002 999148840
739597124 304800222 753876943 473629435
692308100 456455563 810441643 917160628
448198206 122146848 504396002 258564091
839414296 784594225 892455133 803274197
111545411 98578347 827783074 673514953
756225207 946732919 992175500 981505325
138828967 788270973 487567140 828330143
181340008 248494417 212161453 631649662
373029998 871006469 780951988 989473567
456524101 749955100 531149571 938187559
142026797 698707182 176036937 933264711
416803144 995483851 631035960 997472276
15730841 421750927 638738666 743660762
232821877 919082011 434879499 964846748
494059658 494947722 923282354 992884748
183868293 325248149 247568441 839721884
523158804 706218167 729096257 783659919
887487005 849309265 917378994 894450903
506887985 919201060 607745702 971791558
488784889 842639731 536456398 890419357
42846413 424626220 63617366 750442000
569397035 972499427 810711444 981825319
532852847 755084124 817580859 923046313
536975638 431991407 538496588 653662915
503756289 812017167 685540313 829174091
382616707 294899111 483840614 554231663
87097946 806216655 364296330 890012226
821942784 917214509 917171795 981446543
338105853 209226058 394687620 378232537
425953552 460727772 522173647 737214462
375365735 976154346 615918430 981492681
30064280 338221121 800833217 958483491
28390706 914278327 143042410 981794359
866209440 393459241 885236099 562112697
459733913 510075341 560689498 578983909
80225014 553770450 489796280 775154362
515277267 909148359 759187161 945286887
515439350 179856487 844370255 278498179
966408617 634153682 997723752 833920296
464066330 712821674 741367881 769275505
280342786 413854346 984794351 922187341
45186863 826093258 835171522 973669502
946006946 293274479 963625043 503747472
887803098 205528349 922612721 570746066
976178332 903852568 996338775 911909495
42130961 479028983 464986663 992615692
807133009 831344597 808084135 897230986
567502028 99156677 577945433 973222847
345658529 821538850 684054910 969793275
62428331 501002130 630520256 844118832
93073566 500316873 914523008 554645838
681616031 349488974 748240215 923488284
213214210 750521953 503725933 980696246
711298047 297080929 855430445 444332452
36532379 536478631 759471960 582533888
982426616 641941155 984429837 948506297
397492837 531774030 714065927 703125247
257010474 970249574 885432175 991316789
105074629 481519627 668172380 912226769
416695864 793817900 883936816 987231208
862209771 86330667 922347948 361311691
208421504 959109014 466279360 993209208
334981718 117913146 701364293 671294362
682712937 558936263 825727103 752416508
455846852 326056818 802965326 337292670
436350715 676388681 800859005 916855795
533081341 24030652 865116813 898196153
269951334 390740661 302212994 900529225
455783785 754583854 775280317 884681456
799551184 293787430 822569369 687429781
375504862 935349610 784779157 963660110
571206077 222050716 691554678 613487153
459162381 903984857 835513856 989358688
221102890 308637986 683254974 816973418
487471164 172774612 637553798 511075421
496364964 720084092 501084850 942710419
2721651 808934518 342443749 971014965
819953613 835391958 848373221 907002836
746640148 549591189 807517459 631590483
539125511 514867974 826399564 528861213
882721074 852224972 887308905 874862190
896280457 409146240 979573399 547287380
754351524 115631472 979504039 516311344
763003102 261820501 782850145 347397192
357890757 488949628 870069531 879215388
385396777 477755992 652956064 970952838
818664061 426388146 972172675 718718988
141545207 730828145 422335353 874901366
941763793 61237482 987170891 282509847
257386205 392812236 805885662 742250334
346667578 153207157 792376803 599245778
14340572 125412825 714297025 327567856
768340679 204291948 779547615 646604690
761481613 866004350 786738489 884713447
975350306 42807564 998725248 721503124
531848530 351881045 611145454 654052468
