1000
856365064 253255414 872397698 583167159
753982523 667094505 955028173 947920625
574754586 884935837 839119662 900379543
904034360 931175370 972524520 949280033
814001845 133982219 978773181 801472803
986662880 755464096 989292666 851444963
44844718 611889950 615602930 677648226
185946963 244013973 939276375 590591491
271637673 248513367 431077357 742990613
170782525 810248608 823906681 905622112
472920574 238801775 713778120 523959993
349119054 169996682 539166587 302585123
193644174 779762954 422910170 867077640
998539502 174211496 999444280 283767869
45331008 358757034 157514335 766453882
269546138 952776059 756721207 971550295
8470321 856092472 108477479 908839880
488813050 300428171 855059758 368720368
818323303 700539649 963174243 841146385
333172562 377531568 376420847 613585077
266949123 319175255 777655802 590791524
541345576 715350854 951733987 792163482
176781749 344548843 833291174 802416369
651107466 98220871 986936641 194594324
150160223 792069096 880037933 922556982
780338157 206490016 856398293 563038734
582395230 952720410 752155520 979716659
641665058 636981793 912928873 726258781
178397115 168129758 642879661 643554647
730661745 610524216 829240855 902022761
860174345 995807788 979519657 998210346
348259780 331348369 976517306 818358002
931343157 896035878 991647967 951925144
810233773 406107042 866541593 484859658
236780884 830228335 626337584 876211335
132867045 970566417 258281723 999879264
774776445 103903119 985965877 688176970
11557927 153389172 933541880 806153938
794073804 520573472 936767435 612465755
837503254 898560015 939173938 929484328
618898471 824495996 768006135 977491011
332786407 431285068 975050381 650584957
496793051 56241206 877351897 875442491
519057358 4447119 816748654 783356607
836664175 873543625 973790099 902016355
761845000 45959508 774381213 246569465
997047855 955163226 999949075 967219731
445821749 365819223 725008930 644350745
327527311 290766016 809228583 508509744
394589870 790943333 763611629 876747333
866433634 522632416 868409088 903076177
785299350 671694221 873143528 943198269
505345461 507555692 592975063 558373402
561836454 346013656 617252091 543914612
322039603 809178988 775824166 825998122
552230444 846236716 860795432 959557849
108674390 579888204 844848435 939102986
206699831 733767694 225705839 802239899
256022017 920161218 562934533 935661990
655320640 887501133 825447727 991641832
364309038 743657293 532297979 967835520
666887671 519386442 827641273 896554702
867818515 859157437 966850756 894917564
42801141 444137837 737487546 573770322
395551348 411197552 747564540 616453914
321898798 259411506 556465452 917419111
704908805 138008432 806503254 298999089
757446057 313310013 946200421 938726608
292655244 580603377 958458286 693559688
766168376 232577679 888828546 942710818
9829561 726968708 868374372 733671575
629338725 763306347 792207211 915332447
295648701 607110155 801738427 842057415
969149155 497154456 997987935 975594997
771874744 197662720 910691842 666124533
122156176 69455742 875206606 113514876
416883411 772575577 493502494 938606795
414521388 21088440 834895364 629106019
180546567 214714015 648096119 780700223
375982001 107442959 417974410 268866155
920711459 191801353 944444098 992047232
920467443 32707309 978754777 826681522
836267037 127401106 973630099 422597419
237169319 546820649 751721810 696200970
921817415 699315692 958819455 818032089
677210169 281475057 930552133 690442855
575271211 549610870 756548395 621693728
587873631 757556856 800740839 803103361
51706599 137728202 162782805 375309793
657716811 257842181 846345998 309714830
372177119 864682047 960289027 897220194
536661325 574474322 858883502 584448222
40488773 281444844 611152217 770135049
603616842 153808899 695932554 994113877
141146288 408819818 737350733 678635814
204213999 658974802 501162960 929193691
443585508 951828316 880202174 986003336
729074485 336491999 886594766 857064434
61920962 293485344 700229679 649121018
419966397 637403440 778915176 730781439
473651272 156675338 813733618 684284701
558793120 153832346 938914694 454928414
205114578 133942825 537298585 508553391
326171679 533624128 933665910 954946958
953700860 436915140 973782036 863598407
390180037 322506676 955563244 420684401
945967490 288006570 949833141 837611643
285137253 238751769 949158359 601096318
757208314 221182835 977872359 278162002
29842620 530484822 213020678 950741490
935927774 893555013 937314878 975203082
976573720 419803077 997195615 721931208
367448198 825026686 759406837 850109490
192790737 160155925 901970059 213936593
9650657 801589195 921670807 960629024
283753656 265800319 612523699 886504185
240858660 556957941 886533498 854473067
781344891 947835455 815341133 974131739
161469463 201269275 180592610 645522979
523030398 925732757 778441694 945723447
706071500 945859946 728700493 962271342
52090563 436063479 612268646 891794793
894648046 772494064 990538209 838006979
68572596 467977313 877393544 582240797
856314365 954163804 986117284 990926307
932130931 272836503 940972779 562757679
769528005 600723160 829869053 830805780
236438234 974765506 293184314 998582242
827371094 451832686 973859252 999209960
119459687 809302018 659781154 900376807
462435588 556409008 560330146 685598318
816955493 878806945 820636787 956643392
342469965 64306093 581659719 134461852
863385268 768503008 913909417 804425119
337731782 617722486 358118562 991833747
79009786 985458833 568418334 997223958
320379091 803378481 906995013 817938877
405802440 841117468 488703000 949388594
572086209 925716251 679469779 934072580
269852477 367351122 944630981 699976175
959702365 830735520 996489351 885991796
478694205 429375224 620120650 740016720
919121545 987650934 997908335 995235417
678261403 718284687 697207803 914384993
708160996 581395658 861464906 877920291
26559026 200333798 790811853 510151852
579878405 360836298 952283683 670477362
954567472 790086839 984711726 853965954
87417877 49591884 960608009 842579500
71219279 163528540 285212496 191567481
525338330 635405826 977636919 827257222
997184439 129890768 999856581 258784747
893099933 393130243 948265776 591991822
677680637 979206149 718842103 987941310
944331203 381564209 965238357 646889002
145663675 572509926 527222513 831139372
299412954 156476498 987223595 255784326
839009473 599542899 990542033 692878596
691800203 425377527 725116276 602499095
558834576 128038117 994833753 976617380
624592258 450751583 682615399 946251564
378946699 552067927 512761668 645464768
206289245 16157230 295337371 791194303
42284220 814029575 364009481 880284690
61429932 374160700 94181626 917125938
18904346 858450573 605258937 887182855
20240198 977348535 821352899 991116638
308039189 27464082 533917531 213676414
278776791 47580191 287751911 423239512
932645610 175145305 942954456 702592394
631585840 456496225 686283933 489737981
232836667 163284110 789212581 667915806
498370700 583464726 782574492 840068380
497210749 147946412 500658203 825689136
323780498 185717173 763439636 321946588
658213458 509912615 795706005 849027517
296498771 888118039 676390833 971191672
814652441 959637243 884317734 981814781
828180213 585606845 932739814 952017063
419392752 42808349 661439546 282341498
726563932 417923745 748887064 522425443
277481056 785196150 637481488 968125267
174150479 694283001 970197112 737485294
619454031 192797569 794391892 280660310
73915433 390527907 530442986 829829440
500541785 614538666 690851228 682817488
376153579 226172127 570425940 639888576
137191438 350079891 784222246 933271464
639023265 956718051 863198110 961977084
445287771 300136028 946773382 551508772
338232955 668581452 436436470 850597383
101154804 402837804 171445043 787895171
507841158 855941018 664021128 907765752
713203287 922113362 946255335 934510090
548120072 394957044 621886294 814338412
930975112 994332269 980869538 996555987
733092635 417024233 778462008 700541503
412793747 375156113 491826801 578987416
576648316 10853063 897652373 860961161
718971327 881517563 746398725 885860716
570514743 53049405 727155073 680930729
695669334 950768877 860232803 986954809
673020053 959129699 803706148 994562505
942078015 15163004 951995382 781969899
205008914 538257895 927032790 953055201
966161777 749503257 985594759 898646212
792954096 664898369 862557815 759094427
72507017 751330533 939907439 950858471
782967839 697493766 879848818 751247729
940086594 785081800 986721256 914024860
22168870 677855944 255700359 976101239
228637748 242864184 943091280 460172128
115834500 99358580 575050307 926873612
284472089 499054500 988791722 581925796
107384747 965478968 139244665 973330659
304032327 864686253 478388782 990647436
504354707 924837644 844187426 929879589
634832868 992336774 824626484 996089684
147264725 254463990 676807208 887834567
196755177 622818966 852794206 762322410
447741040 826272739 594102326 878772451
817813994 202053445 948461206 969629596
970495401 427069517 998709196 945266601
567275470 28143449 753556441 586347247
106366217 869483236 769140103 913633450
953782206 307929173 983985896 741115926
622015031 3221679 656683456 659936325
564899633 365220476 645672467 432695595
209016851 480626633 489861437 632804176
808758002 257679032 986347191 867203020
431420627 957858208 615027699 994379788
421971820 94532949 652243285 851644990
375645425 154139685 990097137 547455340
873740632 505439372 929831348 789397822
269825062 134352342 939883624 172039296
786177185 343356736 885407315 394886297
45727128 621088639 735384408 814309068
731984636 566519564 850046609 911702116
275150688 367398565 850481423 400886089
975749968 44268430 994492831 204847356
297998854 698659991 883824514 726928601
346172173 473262762 770327520 528949930
752321422 430321714 811892467 751663379
424129326 538684879 997035150 615554183
654789447 788780246 882370102 860281449
765312784 851829970 884199367 869486078
334451212 824075668 500764820 871141988
371369960 753961537 495678673 804377491
799118994 210095248 967566899 579747792
392268885 912188639 488835821 937207523
905728962 958749961 978801801 973094713
145308364 974631157 446546386 991517370
480102181 443973116 848047322 458196469
724322071 36446396 843644278 133048194
951295877 37485132 962772456 843968841
605968796 873777784 892118817 880306745
468878455 87018655 876187131 426090884
131968226 725365285 764897880 924077707
295735619 345087216 981573244 829065622
480876688 932707071 731479638 959971717
391951584 104509763 742284548 444459400
871453066 21093869 941089658 632926443
274008979 760544963 586865715 793428305
498680459 427500923 500780926 956312072
139694690 182192117 547860514 340061042
468247521 356044121 521455778 801892168
96493449 818908619 921093471 823831243
215501364 907325308 517443370 945889761
812400652 536643700 864389761 695071653
379120215 53195755 882974440 859773487
876764197 612274744 923454219 956918007
696420302 352377097 919475072 646057717
173586327 105460944 391108439 290646150
344693215 90892810 940031819 559046309
26579326 526544423 206127180 842614176
475535512 190647595 930345478 769235574
575135366 418069878 772555035 907252382
270973502 317999717 468006457 627765613
738150914 357212065 944274388 460952259
276549380 219846235 776257259 436904508
791731906 873954235 949693674 961139125
990943347 622363007 999892073 753809575
768662897 297895729 938072530 548948320
881291026 317540523 910537956 333810088
94412626 479097821 715345087 554638961
734951514 419791023 794502179 480123782
473701743 869849252 733314583 887286239
445015436 20916710 677971292 360943335
410325201 914415475 476159770 935099790
647469605 768023896 880592178 997559801
677836112 375243423 962308683 938314715
940874076 994254575 999292265 994285220
636424416 893827083 903040146 950872781
56062567 713700377 679622223 897652829
747337870 818930933 966611304 991657341
655235816 307133145 927696110 749105314
62462779 320762390 221272784 664168729
865617324 572598782 930771314 574236211
815519515 90414794 970480708 317915068
692081413 239802903 723149629 797762908
90640549 677141353 144492093 873689802
470270608 568785637 505760709 958594203
700968527 568081506 838435268 811953639
994209983 846404959 999427834 979587085
129000063 686685487 914695571 971221100
834416581 642593131 981723015 717129132
416290825 484818439 917219189 550083895
878252174 519696902 931088546 766296485
848545178 20301799 893864351 812275690
856507367 160749386 906413126 736710323
394628685 158083500 883866911 739697789
291077017 482754882 451981680 697477115
390199287 269551269 777661357 343187616
408668738 226182669 425708536 965987662
820234911 543282934 968047982 945688336
713441962 827832449 782208675 908303909
751714752 872826236 839813605 968218133
890190383 391555644 968145510 583116657
757294303 891768988 862387483 956232635
155772620 903022297 920019773 906395012
55357850 211916219 165594749 977982412
241961516 134226711 982708528 469345650
146723801 203380866 205922583 812163450
63818966 866577981 237923915 899462015
924786448 923625278 937531713 968485087
807123333 734547032 902769311 976704797
539070253 230799603 851499715 504909549
715940235 896498782 990947266 991884396
695009625 564842145 745025360 576850540
775092282 450953696 972315288 628762011
982601899 395191262 991708244 540273227
410371087 404013788 681060820 547975831
522394712 597848951 709148657 823702111
536976227 518355408 976331498 850131521
378808973 528698280 427476706 680717732
956548824 418784716 993248608 923686122
276133789 536896277 540048303 805006486
661689563 535372645 777561495 806936340
521369054 75059486 675147735 793783763
312115528 39688153 355490726 498336823
16385358 725021959 140127977 915546112
364144699 487505424 747418697 731876633
169059115 552211513 206010918 701857461
421638128 802364958 521740711 894423177
653331040 324098256 992888894 735160221
628410954 398549611 890127130 810457581
310952265 371269820 535821609 880335672
100874202 67434313 596113735 785864340
832938495 443187966 899904117 728388807
124360646 123978670 611695804 501505695
966074633 937555571 972380955 968656976
441065571 225554967 636590905 741258223
907961202 740766246 928720137 786341341
626726828 898083332 820484899 941763918
207213799 478111142 710710774 872554742
136319818 794418880 632983284 813114954
308504877 80575968 746367414 89761245
772349394 491372217 992324299 888247539
25710683 468504783 625870320 699402501
505652037 248866879 580072955 536059531
213491098 375896507 445896900 982389820
597025705 280871402 650820376 760974987
884152308 118967514 965468636 430398559
548441189 378148203 576942676 674598792
332005739 193140834 480838327 620885504
724989110 119620444 760029132 807883324
600569788 149253094 732025819 381326110
983871860 374693767 989163225 406589232
581744935 932883018 888890306 993891334
427908945 88590294 748105115 855080274
583554406 967435790 892196850 993026994
21328376 473841322 132547603 587482350
237121817 65615344 971976169 804252755
357759670 842069314 632160164 949293228
637666607 575497500 749911810 893961721
307394623 306941260 959189605 377749196
136226850 558790477 657360613 869868341
194157677 293186905 833955415 370222025
161865948 25071166 164918752 157912671
65262701 912016264 623093860 988623752
307287172 518563857 744426369 937095214
569862156 986265393 796320024 991314080
10428242 598467954 569818589 920286255
252620999 977516950 269492933 992627641
183297287 131110979 371547809 320033206
224313023 318275519 930467853 705602533
233510042 899627931 593754800 994383568
578336176 175442579 687933182 829627291
864876307 474236508 882526670 969666484
227312231 882154422 653061186 955512260
73552374 791099943 858381288 878856517
46573664 524262559 374086715 580878613
651344807 678394599 781723671 703419159
719902857 723333825 958145534 900541170
67033384 533172144 274016790 909886534
76127706 527731303 647773955 589893326
815091876 972232588 921475940 975652866
345669833 860570255 631762603 890147247
569949832 970977321 929090394 972504981
236675730 664250679 349304493 848207156
904943792 290209612 918953673 318614989
578744852 313195555 659712996 732098568
105630748 439055550 421697727 983439148
653220934 144145967 817489363 197550402
249696481 346639981 480594836 611470811
611120526 695585632 858354688 828325259
588614063 173613693 856491380 293088853
909960881 810518378 994966975 819976050
72994280 815623762 757499339 845632483
56180391 575604431 94985522 777983737
574122346 363666230 577306608 694081436
958035721 794501091 989976652 864210233
912318944 111596306 925911782 772749601
735169855 263668761 926043802 329087706
861770960 437176610 995761272 500911242
51008363 347674278 755394438 871568307
462033889 686196435 796629465 934263448
224361627 567543404 299533900 591157543
707353958 275544904 820260655 434283252
982592120 354505331 999942018 724588761
587332976 80786517 893063878 704132137
571610269 126641077 588447646 188964795
867522169 633661817 932373982 908911467
872234306 57494738 985783611 882341870
756788305 829087807 999577361 993318451
632407480 165910788 780712851 426561379
900008493 897319308 968442399 967832609
911262834 471442399 979128170 541478387
180923710 636111459 699627235 887930014
967036445 578170388 973253091 849900933
540298429 507517837 658333839 950781854
207897694 109123372 915090185 550533113
487481162 842051628 733574922 970178100
137293140 682585613 618361560 999174112
885644258 711023943 960685397 853925442
802404833 204180589 865863326 221256147
395443946 899460110 930942158 934340291
832985986 553844061 914693762 827186973
581945519 681118790 705211281 987061208
185908462 662811778 197067429 970675031
864886873 513733273 912677043 928652704
212539301 945421477 966326594 979340269
903878041 188219801 973107236 829400432
104497339 37436534 186283182 615299999
79147203 645920289 534442368 775869699
67068355 446436060 271269349 497702214
466342745 223734061 700943685 668911288
581355048 851314119 852451588 925075062
327191308 539469405 666598001 692956136
314836974 168459038 568664759 355990546
819075794 606252816 895424598 835987918
923865860 302453075 978731833 479516426
982187364 951436296 993191145 962019759
109117451 595395099 749998217 669010790
499113078 377030466 786170561 863824439
99942354 176443050 826423460 884448012
620472699 602218335 776272561 791458146
873234657 442332817 890379750 744589430
124324210 707811503 411389796 816950529
103096504 317409602 962407907 354033843
514875454 705892262 673964002 787973139
910078428 693166019 910896285 785483128
713905885 16256598 787720281 921373724
920696575 487664511 921367036 496710135
345787666 678309244 756654296 699572456
581404584 675627404 731043404 932777368
195638682 806839965 709522141 832487452
862874634 495657097 997199812 568538741
403431482 558308027 449606541 867838358
700693518 37521428 994361630 750839272
812159747 720490228 913439862 830623531
204796282 431276641 380326621 929328388
405159553 731383219 657622145 950778099
569224017 173162907 764063210 870711219
795772632 34124080 886769092 534554108
338676201 722151184 741765827 857418547
938893624 939940218 967626115 954770335
709136860 763056483 784540143 770113981
338747873 346667823 815736488 992550358
405622533 11238357 612629632 544530185
880795070 937308631 916307476 970930131
563651889 798749802 746796946 948382357
622113949 92835857 750830518 741109206
723704672 376523194 976478435 728863827
78944850 846610264 286520036 927161155
540026132 568079756 742646853 830951665
596488034 430301107 862878067 753404876
121401139 308716749 689642536 866737898
248086582 853919816 999688013 884507918
835599056 215931199 864044176 840804658
67193282 485286213 75469383 650981543
457489791 708080811 793662437 789865413
169179383 299057071 224530729 607512106
77348211 249837437 92774736 624231456
767719220 486724182 924597965 892821568
479751585 31699064 712204147 131355207
274772272 429305642 935482298 479888027
52768527 420622143 831601999 823656872
554067531 301143441 882335295 851625635
627548787 108624597 936794215 624889763
725629653 716742333 877921133 777296012
739955552 861051233 815086839 900255220
423967782 572540899 951338181 848561334
262245934 963474496 383398429 966898802
527797061 400464327 713282980 717561105
175135746 452319441 943879349 718568464
452582366 234036736 994599817 346530368
499098397 710460690 724319041 803663295
695295504 393090657 725872246 749555525
56249040 890466431 358641570 985487725
207085711 300624736 486440193 981159556
903692461 285729644 987527525 630977341
889698321 971539980 973316188 980505397
224845154 706470339 606977944 894311820
692843522 526387365 967652536 643310652
786217348 210291240 933618905 686005981
149560447 960252734 864086677 960510303
691070004 235708196 729305400 725202340
181522881 48509937 221497466 390858694
88976890 761767924 755967258 769873218
957452651 915776749 984849694 988753397
166234256 725971945 999385463 800043096
995275442 524600660 999213288 984991572
111765690 241422846 805870935 396505970
304120287 50635455 567830478 226896592
992712123 704113583 992994900 927502652
816096865 391299144 882494207 641996359
906477702 433591536 962784571 565056096
488645290 181758896 551939697 997774283
228301648 732301235 634246238 774745057
46200136 889444912 74250249 938639192
63202114 51071256 202753827 807584574
995776915 530929131 995847666 540857874
150486309 986767550 290054749 995678492
102706103 46903703 579844524 301901041
360915470 502970265 997885780 707098945
395675198 267794815 931354943 348977274
209768072 498145127 299008591 624459164
476011013 548671328 972720437 596274594
265873063 174772355 520521678 578892377
60724487 332014802 806622628 921857768
770756220 148599821 862897893 411389335
212160776 135270465 427811109 279158089
166198638 398436000 903159751 527153195
255103387 845644135 773176988 846724198
967229404 576626520 970949179 747203599
345217769 857200682 602045185 873126194
995018456 199751136 999868430 333626974
735063592 323138550 758681071 575574378
702817891 59640650 967506864 802036065
653683685 321592587 874203153 873602809
329576159 528031154 516290675 973981497
516739293 562418678 959497036 669699692
694221821 186926444 874085219 201438746
480004542 717127667 528320317 914360339
339836525 204500857 435736035 619627568
113939000 565649997 215824297 751055487
338808941 409742044 430347851 996891303
16603473 253803969 366914281 838842849
130803446 944380469 466281851 997827362
303240730 124981954 958951802 399647004
452532001 786771017 691806576 907384359
987895197 770909539 988517856 865640166
619766388 804237955 768231444 950598560
221652606 300455151 678162624 647299068
596601570 316917341 915265888 500898136
317903019 966965652 883969649 991869222
742536350 391195920 801452043 774402412
587250120 359043989 602862373 557200694
892679086 115022816 916872043 819807533
158321109 367840851 248320239 476837831
985962088 244612248 988490464 777267391
969163182 807951618 981349167 971714248
729646880 145188817 777969178 214358445
585604988 62542281 847324847 917377373
761936310 350481399 889129196 510833159
703706733 319126607 871995779 407500282
14087732 64145982 703857393 421030266
874802357 967086454 939400295 976340563
857754742 900710904 950021332 953174767
240208918 869387890 578013770 896851896
801508561 342271982 835066956 552734262
898472409 823041330 937370224 958145354
779195497 182457239 837904772 554182729
109198536 943102650 889309036 981647305
941020790 882983527 986540643 941028458
963097874 54231199 983343728 915588662
927819965 688463288 954823787 765194322
354612663 486729783 661209276 608460091
537591984 390947429 675861982 858612987
80762640 488622472 90928602 883593124
388063283 609483459 467920451 613336103
467292592 687912861 802780652 862640007
503890965 357596684 970290934 534675854
14622948 597203319 393763472 685222544
52652727 186307079 480041497 725513024
105670069 40385912 603839584 45094122
214938162 526875163 308452438 686580867
26790164 532718176 943796961 828079525
902593917 753973910 985916154 907628370
335383946 539453677 895518406 823815391
80445011 441925887 710096297 672113373
336601051 717485910 717285974 743509685
117869765 334996899 480829643 587641440
58405440 306950041 622024447 401582138
564745096 442312104 749983188 454398398
300948929 889767408 729097447 923229809
379844471 941420410 381955384 984209470
365606051 778646909 838619043 781256035
720040784 420760806 807231872 933020885
787645705 770901351 815532743 941170803
427128601 907929705 914873755 991920389
479387701 9980573 663746309 36558241
62681302 123632456 218798131 208490110
194163186 15074248 840106451 717288983
932647588 317602527 972903578 370140587
261872805 257091839 330934845 990525318
20731311 672016375 254619908 876141175
756631936 218098603 870759914 781609827
578437478 496978247 810352719 898103384
821305675 222170561 976779657 240911655
950714324 343806576 990789339 429848487
152830649 39403797 433070003 719640040
316121996 769166733 693525741 801280585
689643153 769340171 694401080 928949656
656552281 113211322 783672383 955460063
856331601 575804207 942276577 957556723
820584696 496840612 911626712 845748375
758627230 251060684 926322157 816129962
13998896 146324051 325419138 186934750
623490485 376856463 669450145 810269026
650584686 799574340 846689770 821301639
397038526 425441030 403368693 672122580
29964117 254180234 523342648 914015914
845047699 549201915 920315140 993697311
579046029 39701245 774907782 588751405
368477656 376530844 788945520 624643089
432415033 390697781 787710158 820775535
71683898 676812598 976041469 947087695
957066224 693716479 974139647 709278658
174309556 14778884 994216705 656106317
642700804 140399736 954092192 935764923
429579426 541013080 521051861 601602760
238489405 603555057 623235491 751593193
902434340 146604375 919790459 500075164
323603894 652892075 674574085 951185638
207362114 300951020 210534504 608721907
476102538 225335114 706562693 588779126
255538038 238879300 630192131 632467915
487990744 234455020 519731344 633877944
183768078 242731004 799550764 343401100
136162900 176384704 143588812 734935388
187286322 43616750 583780068 827464905
939660772 478582277 950013865 982260511
100159792 940021374 343172205 990886232
639427601 423465455 753817440 529529114
909064661 715533459 959334882 985718002
787441818 856260804 834846932 925813467
37990961 80019285 215494849 918063343
241715021 25262313 718425794 631649668
789614169 549074517 818235410 614622346
920977157 758873464 966731223 995021491
311697256 316671934 344606177 646502531
109209386 237169392 251016530 938098638
55698406 693371562 565681413 871151863
68319298 693581517 866133693 715676171
861725458 254793681 979196264 632302950
469239707 113222515 934618114 590597010
425666722 172856388 675956963 387150476
329252699 896219425 944145209 951300361
958108282 241578724 982874493 445239742
730522299 39513206 947054709 301347555
898247029 638953840 951010875 841727515
186111515 61664068 985987563 593989237
596752693 286030707 771680584 352160133
354784071 602328605 748069902 638470550
213759112 474786834 234438509 931536100
429838900 20228271 887773312 34552835
977339223 933558200 991965135 992652521
948290545 714293030 988718979 748454045
944351869 501680734 962950970 896210016
122430256 681122161 552436535 952939752
997652566 520442560 999859824 670161849
343664453 781459251 894749785 844282893
367942624 822228914 505862978 912086316
133627467 900207715 496263845 974876295
396278485 861651663 614291780 986245257
673440761 292394463 707123827 815996156
33257476 169492822 583730573 620469481
59921968 632424641 412470123 709470942
984008553 426790606 984045231 473337689
260552978 599532502 381345943 742772289
783603584 960909364 986681259 986987235
770626121 561315780 988525102 955627341
389483553 9535236 533711887 451382019
208786552 791926406 477387253 863187608
518584904 969630471 827682224 996848138
762201857 741513931 890080732 859489922
670855954 614819092 773715695 789687916
221145676 652189265 801247646 769531842
676204032 963993316 910744839 964340143
439375960 474895489 981694131 807611501
456640032 818916116 692487864 878097575
956836674 583561086 961932479 704886694
779115330 762935840 840035416 960059157
335639057 731300742 582572866 784736769
994170099 450583738 998581659 991200179
283632466 168136293 423038150 298299762
47121426 342604639 292591799 559248564
147413595 928939358 972222203 985753538
702475191 451107054 839499290 957698776
882651019 386719822 918126552 913552196
275327129 624048432 398469434 772947087
756411798 92703010 960505863 264782244
688056237 513396294 857212505 975664376
711384310 302317431 766672360 663395930
684546967 454504211 795143397 557882023
385484572 264421831 406682239 283157435
631212712 277185644 799066425 975954337
531803725 643014812 662514127 684869166
710885072 179785203 849217233 297471031
160307501 829649603 652862991 971362950
121492157 465148271 806061157 820682245
793965032 535852527 956415473 855806548
753304573 489467362 761710094 880015999
108091783 502771251 358387234 908599987
473680831 841360995 705585664 917350834
661398420 999434490 917778570 999700616
57153059 229817229 790541161 475874750
13704176 362807425 29763814 464602933
629223402 540382334 936798915 877470796
129185264 338117449 265509247 738043844
174459198 500386864 374345315 811440770
620067203 736273378 940069941 899581470
957618773 676415198 969344383 864608811
309483541 803262572 671440029 844723129
851018831 960767515 974899447 975153476
247139206 457325419 942970830 464650317
645468237 752105492 931751950 837194618
773693227 940557573 921365405 987089766
456190469 148806672 841802803 448653290
94475992 944644883 742693998 956493332
667612828 881454620 827858243 964239343
586939689 588170845 695400105 874053654
309065931 545170913 384312813 706958966
173325298 972899358 436226383 986996073
907132080 71852065 990327680 293884465
462967135 125108796 858475912 359779109
263663515 926089419 446346980 962609085
455674257 715205789 905270527 815707517
672725174 215561638 677883823 348116217
729035240 284667823 991143513 739704597
321417368 119559939 605925942 512359737
357004565 803634302 900467797 863485926
355775989 841457883 638668211 955666810
604489221 981563093 856257202 993106278
176816660 949554247 351964079 950426197
846609233 202298459 952348864 547032456
787900149 813867919 994628353 926886214
246715003 799013560 426445364 892625532
997973698 789182624 999802563 802267794
874915239 439232546 986352918 606791475
897873880 447433502 923580397 840907486
960307493 759003141 979622464 968311083
860833891 402642117 963384470 467406295
415220156 893570613 452951707 917067476
861389262 351013814 995027562 593387140
863066751 106389481 941629829 965262853
181189089 593911552 790892763 975564786
7426982 183554539 585600873 834263152
886208951 310162406 896699858 657044599
942451324 455408430 963940327 871175565
338469600 127980422 676297291 766205072
11788425 946814207 543381526 981288309
311675275 392382958 564306029 988264151
870030225 829384631 931960224 967436529
131262231 123255441 139076558 832116211
398166853 670755217 542775702 789346339
381364535 298311929 464188300 989580858
578878951 241662773 719301108 455190450
890238188 193033932 921234044 525792333
731710642 421662599 896255714 740541692
743657929 485225176 767127214 622370845
263834639 440008018 429665915 583306794
919872422 564031272 977729526 920112773
549771864 965929352 589678148 986835274
501545757 567112462 928898205 924617506
115739448 616917005 669705555 874585682
355394146 84647412 486889627 811083586
29935880 361780463 348963591 586658713
372356127 871488656 977054592 939470288
904911287 436926828 979391523 963343172
254516805 986230949 404625187 993462967
768187091 448194569 803208029 951043372
324695285 618883739 653332907 768586076
895760934 950643443 993203527 954653437
220852326 27425439 992242706 853014425
598141569 102980921 716236302 290028309
634086940 70751230 659017543 863759775
897733514 750008950 979406887 994193667
151547875 238066118 581225973 500912399
71664454 959239646 72890459 981253561
590013382 57748064 633890724 99815004
478982182 453488877 553749424 684516862
662652565 847969768 701599558 999221598
522312234 668874126 571170730 771759151
789211795 523724258 885161588 628416267
681533000 534927842 991211114 791021721
676941863 42969749 920185899 313095248
578924370 168271510 671954951 348460198
659493544 3716017 839328408 198079111
413022077 430927451 914967095 694562001
239951662 820758327 983491029 855836016
379474682 646306655 923880661 798544162
297781477 154517476 298893886 896789132
350350518 573747487 899238714 645778025
232939084 835074543 954551107 851193930
313021447 32548686 608215428 931295381
132280914 771316233 630398197 829696810
758840398 86294811 910482021 683103677
395629073 817937268 519844902 894172669
591609776 33796712 995172625 631137875
102507703 186274447 554404557 912340945
865221331 598942610 996491846 748848715
101593313 24107139 209645643 200923079
419936995 518432296 772248015 861634026
523212791 745189183 860061681 818935262
954087210 393453977 985320937 944110425
154945364 681342862 966269562 760387920
576176906 574460755 719827379 954585288
869165048 22513491 879980538 117704868
382001442 286679869 777202437 717614518
855854389 579502200 891022204 716664889
110122201 686326207 884633210 707251384
78799724 705823279 191353715 786376715
353006945 173682562 791019349 175403684
739402594 977040973 761553495 989472238
300187131 138881911 961585593 990932730
897478503 786823361 958539284 924840493
618236722 696572020 883768267 839528106
79591578 329716981 342820251 669762714
384062704 525921779 733171637 632424978
794668406 878261336 843152560 975515623
568868213 135502466 576031533 974763090
646186051 935899375 652088743 946244804
240675436 106817195 452619388 643303855
929694694 790467428 972412832 915669235
290607273 612672192 537147954 741318472
84966530 90786386 901200317 698040733
819721783 868425386 875420707 937220980
58667604 589580324 832075075 817592557
560941011 691913655 674983308 909839925
963114057 554813263 973254255 938973844
643209531 365706702 875181517 530744701
563492808 71754788 716679461 849612717
652009400 395189935 973129474 938974815
799325473 74142391 802059742 925453337
244359085 383632080 901490774 838613810
595113961 679894085 742419333 924161272
774401699 269460150 898365227 898593778
377325319 25961303 677557224 37234558
651290060 67661437 719671945 328677709
578545512 462040292 584241095 516944924
842702060 738600648 880639279 995634291
829040005 38976174 976364774 575797909
734934747 537714675 792409043 979922768
152377059 657509558 155965465 696202244
284748576 924514423 591030764 949173331
977971215 84716255 998810945 631037087
166305836 535978683 382448190 668805426
278726098 624203731 918983264 818451365
207348693 584732687 458192257 666193285
798544499 277944061 919970983 617715939
931385651 106476387 964416624 626409367
849453450 14432969 908268133 33677420
68757546 625365368 884718257 890377735
552002535 206617012 577271250 610903958
843911474 337967838 902832413 374913834
521568752 865692704 550756086 949909903
791347078 105986564 973141526 310619293
538395528 202518297 867227532 886735888
568191056 613340564 724391058 712099194
610034601 955768482 925069077 978771123
633179499 414725756 982626519 562045134
207932990 532438120 927621045 952825680
274612014 465862968 327244515 876032001
360308313 577403063 366691529 844697618
402158878 414150753 867523103 582201878
179015953 645342638 553794264 795128832
347024132 200319031 865103302 727100879
944123012 327436618 951970347 504523738
501911840 378518027 957518180 989640670
613509723 850947296 790055269 932303638
294039338 949885215 818339671 989929565
224779353 54760881 575817455 886688874
989426426 828915274 998085793 956189639
666553454 5889532 703609056 654445755
422048306 259418498 869813231 339578049
985653396 32082316 989109296 226613998
491997932 948918563 627345759 990605744
543453957 233022256 772090617 959506116
870469291 835154923 908946696 954285996
750102930 270635845 978262552 627742345
299639704 300627112 701340844 637477259
882264571 37622146 933723963 66699149
933279553 538926690 938168559 662411146
900621569 925066113 993308046 952819718
907605139 161233350 993316463 310556924
890679118 651945570 952227260 961436378
19146118 852756519 426410240 934683843
589570205 178957643 742462863 257058371
157907996 90810446 660616110 152817686
625811563 237769886 984259587 392806636
599466255 742987253 768941698 975251545
950391811 400029741 991778379 870643208
771680441 391813656 869279545 660974574
256588835 844575090 626853448 992451486
425202137 312044538 471112679 882480985
257252048 636672951 965556550 805412527
33486014 624727448 254758979 787672813
248612510 25391571 471838110 288590946
458045434 520898189 844068737 617038772
698579479 594973340 821541202 907506509
721706849 293284475 744059610 759815274
766852629 266983421 974574557 781481654
189007223 155729587 485802461 463360379
122143035 974800854 792689709 993104486
839776700 559628689 988561268 946188942
209662597 529483744 954211127 888784734
979148989 899250719 984489580 922873609
276059199 618534672 278927096 681431121
442765884 766455746 670826182 939279749
383029468 535783576 579708581 557645731
983536774 554315315 992143255 953048633
246110313 802529228 804368840 945781275
512360893 713071405 805960477 985257727
855172726 229700150 917047536 261006059
816770941 775851220 888451003 843251405
862074613 699876461 927035792 984246929
521049715 424571533 630097705 520319549
156924766 747126144 379431884 821999221
37884966 631451225 921958651 631499895
348808579 656940740 558406925 793695003
770900601 966646896 915638893 988513389
15598002 259682465 839324678 979306877
336830804 375575370 855013774 751056389
494254661 605611809 927068432 804966583
58616666 601730297 445894368 992077670
283078993 844522759 488972682 993820651
140268630 79484825 357935082 858420598
956712292 407550515 962154041 571072512
567839587 360730825 694978489 673128326
261537036 280944011 617829720 897520656
805053874 93682524 850054326 941388524
765608712 581769774 863796625 611143311
754387229 804601894 986710593 816467556
695139125 139840722 827984557 978881000
952935219 661678659 986874704 922082155
182811174 760212989 297764360 981411371
355470642 411840141 459060003 798981754
893479982 661431308 927356424 860915894
757249050 482111928 985202083 890342024
444233873 271735233 467247411 411359407
276448362 109674547 677298447 531551575
183102604 975381964 443163347 996716802
678788797 969890333 790005171 977026485
330073911 399296591 635213865 907368267
795671742 381156769 890335985 869411717
909668669 665876515 992510292 812124644
954316755 417781822 956867136 483708472
750061375 462998151 859218877 806060785
863440821 585517704 956368287 918895942
745410463 170224278 973037280 428931654
371567313 170696644 868001999 754192788
353700148 879048526 842110430 939976810
267873715 855193874 492130796 907312008
451545585 94718893 808685915 597503272
807546050 848631327 848466113 893116289
462257630 16792806 933388690 670705402
243527098 277975134 880345785 985312264
790424445 601280099 882470443 817678425
104037886 308322362 440754192 996951814
726849818 499747730 796383991 875455237
706310975 668036841 935350492 737605443
357624699 181592627 798806880 519908363
219104904 339355906 900038860 363348297
444093926 374215084 811155468 607152737
773913255 33040672 843551165 820955148
569861379 402882228 896447349 555786601
118382994 496727181 694544155 847057151
683343449 60510445 828852148 436543303
602220517 62291027 702229371 173108104
288145793 304234121 577819737 642696480
867223012 522082903 951796886 905243131
511892763 783888023 588165370 829418056
510122833 9317555 748416275 966808598
819150320 961494600 921802884 993442674
356638745 366094543 725722859 727330498
502726224 275919877 955153658 805666044
731903145 376802097 792710085 860444641
