6836700491051947
185376821365654448
3115080552984496
142017447088414174
39634106291403386
29495075694340562
12830744089014933
149889844932579960
8585867707776696
129983794257028137
36868271185262616
238836575417635795
351462023988312345
93956929522406621
12209332001909784
303223601091729488
5932336462270395
64182670935212864
54775552954359326
187190988788979806
99290004155411982
98049653339020212
62537213213990382
379365891623697640
28331782403275002
94928127132129551
160584866966079914
289842643406954806
22039828868474303
8104133788488451
151094748987048
47277489055785940
530540763718890762
36384835565185321
273503967006123516
5356958716158970
53093921884883401
8734560136116197
52161433422143589
8561000637631652
1310919723347112
278350957311323283
57795185695052269
294878344851557384
58200935926659476
416760492249946925
300251018433890022
40725451138272327
3487658496056344
416490918479293946
23934657368926319
290965881993913280
258556266582084059
125923994470278712
140561336664952405
71032838808275588
210451014483581960
197550816324053843
64745732979346108
49249369972022572
320703437030852700
1203650309959664
16397502720002517
58082263590006281
1770303134077545
329024924794053866
31630012057807552
417233172941337150
39331597018538055
49309574864524541
4091652877107914
6599076180814036
182384949219589024
267247166990004963
2102049049660054
62029587707801770
49911967427176283
67598797551074720
56081969532923942
53133152001016517
542496406383363378
181874707396202311
47814743228255531
121936305043019104
102274666296812929
170626655999347257
503384889312210317
40513234396405563
28364877346304089
24945064485144751
189745990641599544
8380906595268613
28728250689865702
223966265422054494
3412267440394298
25460073216929151
120718128263019944
68741494551013784
22363207647273991
113863281030741761
