100
150 310 568
1065 3143 3338
1064 2568 3368
899 1140 1371
3039 3498 4023
3284 3758 4002
582 2722 4266
823 1152 1543
128 3791 4014
1235 1851 1923
2180 2771 3973
1725 1811 2044
8 157 519
542 2716 4526
537 977 1057
22 24 268
191 1021 3294
1415 2262 2395
1356 1629 3497
3125 3184 3229
114 426 497
1837 2051 2920
1576 1830 1992
1303 2064 4138
1584 2162 2353
2392 3501 3671
2941 4111 4774
1496 3125 3975
264 363 843
57 570 4625
73 524 1539
120 858 2396
627 1227 1377
445 862 2369
674 740 833
864 1689 2558
370 414 710
394 431 508
86 145 147
489 1943 2070
3037 3399 3927
289 421 539
2442 2587 4378
3189 3564 3648
3352 3358 3474
768 769 1495
348 367 676
171 1489 1761
1478 1592 1860
948 1842 1883
1679 1741 1820
410 1140 1341
2863 3686 3765
466 661 676
258 2418 2909
130 347 378
3981 4037 4111
438 1572 4113
185 267 3668
2629 3699 4000
369 820 1803
5 469 1852
2383 2467 4440
15 1436 2660
559 631 648
823 2321 3735
201 379 1226
1408 3470 4733
123 1739 2899
669 714 726
1663 1913 2753
2335 2385 2466
362 1163 1444
795 1201 1816
3329 3541 4169
1491 1502 1516
522 547 1008
3242 4062 4972
3544 4294 4938
2134 2458 3809
908 1094 1144
639 1528 2855
343 1537 2809
2223 2857 3222
1949 2236 2343
2540 2720 3725
35 597 2907
992 3182 3584
77 2490 2513
2037 2424 2616
498 567 577
705 776 1320
702 1441 3470
745 775 2769
2364 4471 4721
269 872 1376
241 1010 1962
1291 3445 4294
1976 3642 4818
6 99 285
