100
152545119139871358 474110043500789060 756827620194938747
458939063439433739 462693048777938569 698157190637449014
614964657854349005 781473368563559574 986330487305049350
260947031554696589 322936765390414430 834826898511008271
580089267513038050 653724044072039106 802221829288114726
128433381592023368 182245323574910192 196157851518696936
881368737240661742 905497156257220977 983269994791933033
73829573759330275 99734869963664223 128231784287773622
1640989412990719 1992084020451767 50232396337787750
358858062419405511 627681077166953071 761868087784801473
118726796022599049 303209715159931671 898663898069099620
47536276601170193 79567014833435208 85741348775835769
814576710300563946 869506367543131732 872047856910411206
156076160275082852 184504219767879281 557542485060016007
853126021390878629 921575463890627112 950670758257080056
681252260539181966 705997960406578920 745935276600160190
276335348080298691 525546032446651455 692705842753026337
237979842313408862 346923217388496367 736474698996702969
130455764293423301 345030381549949141 695485511510581607
168184849267803037 193970856045041800 249769691769723336
169531167807500011 219141085573498299 261263791259333778
289257880626499515 483957483774215305 636728262553458812
127384013205873791 251309181231543378 648274021020156554
10216861357441921 21089214720168033 26411056865718578
53680836135116865 396746147095340742 490263596452474456
96294825975498653 596383547981570747 960461784853032157
24703578950964885 25341625651970107 25622363140310728
240228243239009323 309799424115522072 333051090117794575
125516488043192702 273096957405365536 600887756921703658
290248047980829868 415376473107718457 942530813081961092
456394615237535777 477776580013443732 516775940519966246
380437612322498249 381787168849923219 382140676246286589
61682578831959949 499163020643169409 796614986498014028
151890282636051199 460285933210144576 603918431402687977
243848026730784732 497847495424939433 983172023759258273
299023956461898702 466399979459223475 638408159825308579
222551658335569997 317551848546481463 495000195025653075
388192405893589236 549281403966904857 615505879956696538
109371810044453631 139934713195722640 169724642256167809
394865984027962970 472532950975543906 822800547159017920
85826475490180618 94348638931723358 129106109867355468
74056132563589656 177530330136489354 299511004825606780
107937671239895820 440268509599021429 493607795254248638
105857607643582035 112209007404667805 131543099165282446
655676522420719967 722797794763750034 899682038032958769
102661651803172225 106960065729300310 114805318095541383
318069774165409411 396490771858263664 798742681288307576
66636635353965456 98628308555638035 222172154148507478
859728057812314 4622558160409138 29809436831845190
113714023456235972 150379684568464532 205204367223726080
180516733990155827 322815336326536383 350413520676714639
247184490109147362 440745454718060967 487440373294510031
166577280347842755 177633131367598725 185833367295795965
287120063229896365 305351270657923585 407779356000326584
17283775123203641 408945574974529773 800935626576168511
136965834681121059 302788077099925950 363280004503961384
383133307113872846 648676603000702050 781896213387988221
244705926349479369 309908220539671922 645348416380180404
158958924404203877 227494444861889062 763392379516422978
85143411933079854 147284345659705121 204396635764838853
386770708816466455 594437420184942805 622109075869239383
156016944685082431 179108679216619691 403268705902430149
468014470778994399 537587542832618667 611687063313049534
29288699982246195 50745540849955248 223257781775534920
486408398085457524 637082251943643122 675710698606300476
397268893668351669 417348985910735363 471042493295347985
353736569231112661 365496199370112161 387952980498747603
877135414594202374 896378845829332695 915652731932182462
14048766496769565 14051180124700082 14056714082287938
402993395524146322 480647234132879917 772718794371438965
611714141809667013 648648414235129391 885555646711376376
314202900239983933 408713994322379828 658483148779370455
601146474248665392 607993775217779600 644489005686645031
82836600328141352 298352126760292586 681440613898910262
805082744654328045 841590974368207230 849816490865718428
103657227725155046 196655870017978370 296952812352012673
61502131941010823 346177353861434021 517165567418419457
190813538413261475 352085561351254922 352628784582075961
88597738759357688 222778279065276506 283178908390863315
43082665981556350 93941629387004532 99193982671497489
231479010562344631 232176101342599532 232178915843408304
238797970524317308 324611552014624931 345116553692103563
84423427932717505 110634206672848638 113484759540845577
348486686834731650 544128904579501741 801713455431537059
84795530733953974 165993859507967200 233919851102267495
803501541079931789 865410860704421009 909000111615824367
613832955532532567 688144488883852957 793511960017265026
2803866838639628 674659926749884164 691762511100334290
513347304256251359 513586716390961073 517030442921470373
92063797069881585 187634348521286340 193403990671613460
191186899322004105 237168874896259752 399198958684959518
9526437362401299 560254205351783991 640085320412781274
479536040101296480 786228650898239189 800405246419800956
133908645111122052 210828540757171373 296859904344444201
14480639030793929 109430615195926100 173261023842158374
76122551331917297 80909224294159005 141908960136046941
364235734396731234 490529123121590813 829728053591467381
95316038251532713 202706976456060008 242033348837480810
748637841820913642 911181140584033712 978142899855112932
4938048877041675 11012939641848522 12509922289762774
