100
189438193673407559 237716645446230870 259646457262362921
152049655175519334 314174743136095766 614012319259947327
500841804916925847 617495794175114029 730611666393011137
637772646360000157 648233933391597818 656402968697143688
734525799105097227 757195754904132830 822889746535386882
250885845075684756 720380849694212415 867654167698179801
55548769566165293 260569592350680973 360296362408189428
62584556987663346 64873203599115341 65920668148540107
900314968137813707 900547895270425575 902132210993895967
209726851086207101 525942235048715562 663638813125501734
294532608014048583 370977202148234559 383718169669452418
382758862833791626 385149968089616411 389290952506330321
312944433335268466 526055692568140385 527768495362430155
787644437437163947 830792446031094381 903145003431686915
176723384736470281 184281870530253505 848569811732480982
361860100192097168 420396278378819728 624324908962527310
929806220576865358 982109055281011497 993791950548172725
814436440233781810 825167505009408456 852580994834183165
169030243178726996 523543790828852846 594673013632642909
53142639139072244 175773511540589837 232095806070900100
194349174548282900 336691445978166495 506955971676123935
259237164399539797 272961421948485847 601369279996519725
211392572573930446 493285527801427055 638902547997504782
263261923542356191 397339669661775105 534530313184362578
41400106294341460 118875056440682162 173101567266948152
135234479468358632 246052620917098324 911486308842990461
111527352004411138 294448301564256067 827691358641742395
387081534260627110 878447753664313389 959541183241517331
45405787699649833 183406207180269280 960300489448009533
110789100360107179 122311368955863689 125684002032318956
507748076240412931 511780953275557553 600243980026861057
261609487261022844 263031795861762485 263355799545374706
57255434285330984 98897400774375923 103029437262737956
33841008086842105 216689656858689448 222936863410497246
27243893632051177 30153595799824476 73769564090257398
138539513079782026 237252883416536159 242835352441582707
56039581167874200 104941975941427772 320720749048379593
250965225465106299 325549230465209201 394001141021852795
952042479610094072 957798572372312937 979129994472374481
132086745624076421 176531802987731969 858027564925183972
717373610857743582 717514101532777628 840577849725663047
676712813931170248 692832610272573051 890978983390351104
462019986188908822 482936181490803067 600157349247921283
121524553869099036 510706645816267786 571927467172931626
39766025089990506 407882832600843085 777658005754248801
784129885337564039 874132662739052810 887467923742931346
38843331085065957 297534415638817571 355050764752507911
392006938598267330 554249944514643417 973571490752317387
65571696519656856 622198278474596834 840878169132252832
192370352176248736 452628973439084903 490434590840812985
3917631048851039 96845434910182541 205968183880876284
533812941308723512 930076746413716257 975487824856074591
225505223642034307 504699815208963898 519715859442227030
19635885766778193 25487433542571787 112901745615667606
161566508364066002 393339169896930876 531715856406872602
270356571046046737 741551789556881094 787285823027345286
110392501887249323 112660587450073913 112707423404980665
256076203249596735 631151185553355459 763687413352646470
10160874480875906 66285678979125546 422081951045112977
126577942615787416 127965551596727782 208479318385858296
83835682756507015 92048053837599253 189694798713171515
127658259760471708 265863954964539846 514695985501787464
133251119773546326 380023111993634140 650740293637926525
435453895622932531 444013133098425812 458119008175536785
27743580840716942 78804906886740975 104258617886050584
796672873971232654 800011252636720392 802371477263553146
320857766134785468 368708650965426394 645235430134217485
373426487398791568 756582042534534940 953444466028759705
69426661872021701 341854575169005797 833372794992618186
494547231456709836 529682350380309700 610825395408186335
71677656998526748 114841815481252972 268206423188741818
315877086148333990 494112463007798971 710460148693116012
247834599092903453 249614483805555777 250025534854554334
137617140854639487 226552736908879788 286734179950600280
684677412634475289 763453588384133185 984324614798458224
491424576723370304 555257371781996939 591118125716634257
428116066268862431 622216323558515404 741950776781359521
18251187611158651 219637670383194172 492067808161736229
90285534080076232 268885409448290134 358698807274616562
646411593546965553 671724915839721839 852012747944257741
758105433060747440 924275429387976811 946244709703918731
672870118717927594 691142607602443488 700530126985044288
454723577558429265 946595557244845917 961521953556716553
165958428084570715 215630507775316810 217648496700193378
219307855682312926 321359873028788163 359880445223242220
74297273496533242 120426736737170690 362860817520115622
825390228575474457 846682332946717377 919656996222621838
246852629420376128 330061673759312513 423569368412884299
22365064295187635 50634178902041367 238722478414420810
795654255804321855 805704569443048899 941955418463870479
18397475650329628 85396616623068346 151201450176151334
458572787257753753 492492525063778819 660575340338371107
33772207857891193 38335513670585009 730187029836457025
138864598558022365 284801960181202081 352805791417327113
450008518413419687 762442119662527124 889271319560439792
98146378395830979 100291253365546435 102608943550701238
468111313096542313 501341614632048228 680061095735284278
468216769326272024 478426866470386531 485092970373202650
71370529368171249 76878004163732737 273896822946242211
142806183999392468 262079271228442825 396359011018088587
