100
178939038 178939758 395361823
436276790 436277444 636575473
17934541 17934647 34511083
77099937 77100274 597017671
524437368 524437412 850202414
324030827 324031314 350192351
380900444 380900747 424135537
461226568 461226757 509306894
53193735 53194197 612301454
120917093 120917802 170132501
701409407 701409806 722974018
180521829 180521981 206944686
457955253 457955283 473908338
157256389 157257228 647113565
102611700 102611874 216444010
65230820 65231212 149372084
680911077 680911275 734281737
231292600 231293383 547283122
2678750 2679623 367032032
159609874 159610494 203120102
325870250 325870620 377208448
656399780 656399998 758214749
396686749 396687521 621537199
150707277 150707302 303800284
151253869 151254280 262908327
283769270 283769844 488248040
372462465 372462544 426140628
159789162 159790121 328943100
41435907 41436781 108097627
299085501 299085872 812601138
648075282 648075293 788726040
27553998 27554752 392795283
118755323 118755852 288973546
264021536 264022265 913986763
99605418 99606310 468447692
17960117 17960281 234523519
1702036 1702469 3145532
300617719 300618129 335867653
354011238 354011349 501341806
8042130 8043108 532774205
431684784 431685423 852168001
59061537 59061787 80126401
917825264 917825863 968006135
469410319 469410599 533128513
278677080 278677347 428960095
597552275 597553055 949271120
41818075 41818897 367686782
405592163 405592699 502811025
781446857 781447681 914287041
42297994 42298790 407605921
12022920 12023178 34181550
175812467 175812581 242167705
275921272 275922138 542307291
13666950 13667850 373492575
146064106 146064346 342415543
127126853 127127350 263730270
699161143 699161243 852193218
748944751 748944829 937594386
420773903 420773973 627487009
21268152 21268633 135363317
515395754 515396028 835561250
682195925 682196626 761367955
322478877 322479716 494775566
649040262 649040928 845083951
224807934 224808067 519034235
7066601 7066758 19310216
829011662 829012248 880090124
274819957 274820582 295350404
2228362 2229015 7927432
727845713 727845802 883808374
87280242 87280272 91406020
321455021 321455501 398696955
744315228 744316183 924447810
178395841 178396457 828304110
102564892 102565563 698944216
883415663 883415877 983240629
160140362 160140760 424821723
181195669 181196604 912830823
797715729 797716085 958693885
91002658 91003320 112521250
61837354 61838351 408332757
205335138 205335515 815165973
395686021 395686436 420207340
537681817 537681841 913487211
7769616 7770522 620346767
24379307 24379827 138675330
139431727 139432286 183793749
9244789 9244976 122382781
704446394 704447379 720206221
87853465 87854391 309708661
26488544 26489003 928094937
406465594 406466015 474108217
94865829 94866754 130701098
7295583 7296190 28565197
28749900 28750209 31353189
121793750 121793943 158412185
58104011 58104420 577974269
702245378 702245737 987127961
9157708 9158238 62311513
249165269 249165600 785027357
