100
864 3520 4003
60 1555 1787
1517 1633 2360
2881 4233 4437
39 498 1735
1841 2343 2672
1696 3301 4238
2799 2931 2932
1679 2122 2743
29 29 35
450 739 1206
1330 2698 2806
315 1765 2177
1816 2168 2693
2214 2441 4560
368 620 1362
3449 3812 4077
1019 4239 4291
1147 1152 1154
1458 2657 2872
1296 1369 1856
704 3509 3714
2780 2948 4289
1263 1457 1614
26 322 3719
3192 3541 4433
39 102 1152
1121 1154 1582
753 871 913
1694 2530 2685
4137 4859 4864
850 1242 2254
498 1069 1381
1549 1739 2905
355 510 582
951 1033 1044
624 770 1207
1860 1868 1922
520 780 1207
88 360 1264
616 1033 2327
1495 3552 4041
2333 3032 4078
59 67 80
509 724 859
101 835 1244
3591 3789 4285
745 1935 2736
150 451 1598
216 222 222
1088 1136 1209
3954 4324 4672
11 107 717
257 316 504
913 1124 1183
1721 1726 2466
2808 3991 4875
2542 2859 3108
207 690 1314
1643 1654 1698
567 896 943
995 1526 4168
3597 3837 4094
2571 3191 4516
1030 1967 2655
112 154 184
1892 2477 2877
1336 1355 1452
160 428 493
2940 2944 3138
377 1779 3329
770 859 1375
140 764 792
1623 1655 1662
242 1284 1315
627 1927 3574
636 2698 4731
170 2578 4154
2835 3788 4120
4737 4882 4916
667 763 766
57 1851 3004
400 1193 1453
812 1233 1346
529 784 878
684 1019 1101
702 3679 4195
1357 1524 2495
2998 3216 3609
2739 2824 2952
142 226 293
514 1849 3082
1087 1145 1529
379 1387 2202
4091 4143 4563
2750 3537 4402
76 524 789
109 688 717
4 19 19
912 1024 1755
