100
39685089529937664 46521790919895210 166222029499546886
363565858068884983 548942690051371430 694886269865986721
50818615235715871 53933697732700366 57448464668717404
172392610666064757 314410077572565330 331738746911230644
129457934843545232 169092041134948617 680947095560339261
82457552655418486 111952659842559047 231029578366254939
426943146979359582 439773928393174514 446577434631791366
6620432443805554 156510282776385513 384548320548362849
25859125708999972 34445252616776667 35754559539608594
133441015061834377 263424809318862513 356114909443023732
15649906212119804 52518238050182419 104816850886554951
342199064875204570 581035640759400364 641362429664366566
299311523816321487 650773714370931431 654623625110611543
705239121219307864 799196050741714484 951656989157144710
161831470806345991 174040802808255774 263491589091497272
218358367398019852 521581969595669339 690483124019892818
64613713585129851 70546050239400245 94133888213216374
212175636975058810 276358307910271673 372871562393546298
78583481337568196 133359099091927521 210435300828481445
441460470405005497 628651459380609302 658704830422551273
68169628855460387 167460000426872368 222110378006189062
343679662963144915 441729323490645126 450764063446707705
553769285551459263 616306499706034604 774050494511925307
7126397440799794 386492492369457433 748474521953863084
108547442904765606 136879225407573407 145154886488545043
301192014436306431 396120142349275981 444260324623373760
103620457140963483 264205324107043396 331002157623073503
15431072865207556 305274075290082361 337840512065367739
161324446786135638 183364276420059940 532056735247028478
804217202879011293 812321751387499743 814405637968090620
11384311723374899 11535406524201946 59391832892434700
302615953309900127 349893442925558066 449363961868125282
146306742913953865 676849746120844626 812430625024045599
21983579392319734 58368475707505054 211989682469315235
452576476006043327 726080460292166842 798876026649329249
689954604670054253 695311563386213222 858365924671939730
735866388607887584 788960426614370984 804099040473165746
77151443247100746 85886003383216942 309947219013717097
200139659333897835 252301092756041423 352797169501420766
889094486339222 9450096471810873 18733377524194396
239740365609022891 241051285358614002 259479599637070160
137786212337323375 416137172597766657 645786012356208290
154989682779446452 212784933805698720 890862083703135248
241186230541404500 536064582028481883 652592970704081165
24911363147326531 83112300094586006 157645795435780975
232719250180745290 649480074206692214 927314219518013730
506925525969147944 807182376403037965 828151473344907674
142007048225613273 182732500690989599 224480476550045055
902329748231994552 905817406728050895 933700795665243062
403616998023220591 820108250932722536 840007245924513968
706480363895220491 730415021264146809 903344895151075931
303581946214373128 594547829800811207 644931839245369399
212941086953313860 471497443114917918 566746625703738321
103369481924805727 229293477328204438 254006323784312051
496320618967052435 636881985491844839 671494984820220432
23331193857746021 94364242618021608 102072072381676238
477354942826383896 687805957885965855 914478150642348759
174503248185267519 372054089392521361 545113801775670429
83768442221076813 148514193862822920 593868809592964521
112472219493437429 161721593197940000 213273854008084279
429562163085973620 750265600559194319 983848818058300654
6142720746618375 7346373130178038 9026266562763358
274507389587805339 290904892307807855 321448247405509174
267280103598203409 325362369521009689 368507627529084415
319262093687622366 321032396821699910 323059277988425367
518759680053380199 847796835437898064 875349693296648614
252767332161376466 284397527110704017 290067215370892893
111772093663431226 529005281897280375 715159090381215901
639936122794099908 679267720256841962 702511444428625289
936758269250153352 986067856556277892 991520220490746637
55163864496142508 59255517563468661 59513171397556043
64118753576945181 70717830255423216 77755273840817764
199289782043685225 381674754195631368 968710678286352928
600039349295332295 867288905072537257 891337294139977567
31581866761616110 33683915811276163 41283457196751373
416378877127093369 478408468343426338 574426398462227705
366879129256021808 416791106403198090 567413725587647288
102381042155310971 169979972416785690 455653921650319593
293093003269131458 349174978176826599 895859871848586563
57775158272768216 110908320351480732 408864906438368438
187550621909364634 730047054834808011 997982307772501348
265079550711796039 446954268372318349 756081369602471002
278593922622707721 326408681402963251 638515463821688425
325079964073864085 447016401827283188 574566220844042940
747823345239870970 850098014836011898 867252837171178863
144582794848559574 315209452921506830 423818194799145456
141273408740402823 644658481652613139 873004803321864886
61069696798542326 101582944154947888 108221308900163084
1655294185137619 30020204983793707 369527430442277162
196916036553191332 221861101038336082 327747591990226379
405352189773397626 595098180414997169 911276524171068312
91364375553912705 99745282149181317 192873158646430065
278461697950570855 307189953824436556 329968398615419286
706415903387603260 930382168846982553 985313585082034502
28840761645624108 32253029086018405 50129378527355089
59520936626221721 84981010580430871 122511695643175104
322014443003561538 442732574100501481 828860834772735517
213848902722766369 282590397273780152 477380005567705039
29767933637772809 52131141285046799 128906675515421609
42545606752484198 156410299080684678 227966154072251741
