0 7 1 2
3 -2 -1 3
2 -4 -1 1
0 -8 3 1
2 -1 -3 5
4 6 -1 0
4 4 4 4
2 5 2 5
0 7 0 7
1 -5 -2 3
No
0 -2 1 0
1 1 1 1
3 2 3 2
1 1 -1 0
1 0 1 0
0 -2 1 0
0 -2 2 0
8 6 8 6
No
No
1 -1 -4 2
4 2 4 2
0 -1 1 4
0 5 -1 1
No
1 1 1 1
3 5 3 5
5 -7 -2 3
1 -4 -1 5
3 4 3 4
2 4 2 4
No
No
1 -1 -4 1
7 -6 -1 1
No
5 -5 -4 2
5 0 5 0
No
0 -2 4 1
1 4 -7 0
0 -1 3 1
0 1 0 1
0 4 -2 0
0 -1 9 7
0 -6 1 2
No
8 0 8 0
No
0 -10 2 6
3 -6 -2 3
0 8 1 3
2 3 2 3
0 -4 1 6
No
0 2 0 2
6 -8 -1 0
1 -1 10 0
No
5 3 5 3
0 -4 1 3
No
0 -9 3 0
0 -5 -10 0
No
2 -1 -8 2
2 -4 -2 1
5 3 5 3
No
1 1 10 0
2 6 -1 1
2 0 2 0
1 2 1 2
1 0 1 0
No
3 1 -1 0
2 -2 -1 0
3 2 3 2
0 2 0 2
No
1 0 1 0
0 3 0 3
0 -2 4 0
0 2 0 2
2 -1 -1 0
0 -6 -1 0
2 2 2 2
0 -2 3 6
1 5 1 5
No
0 -10 2 8
0 10 -5 0
0 1 0 1
0 1 3 0
3 -5 -2 1
0 3 0 3
2 0 2 0
0 3 0 3
3 -1 -1 2
No
4 2 4 2
0 4 0 4
1 0 1 0
0 -3 -2 6
No
No
4 -5 -3 3
2 -3 -4 4
1 -2 -3 3
6 -6 -1 2
7 -4 -2 0
0 10 1 0
0 1 0 1
1 -1 -4 3
4 -5 -1 2
No
No
2 7 2 7
No
1 -2 -6 8
No
0 7 -3 1
6 -1 -2 0
1 -1 -7 0
0 -1 4 8
No
0 -3 -1 0
3 0 3 0
1 0 1 0
No
No
2 -3 -5 5
0 -1 2 8
2 -2 -3 1
0 -5 -1 0
2 2 2 2
1 7 -1 0
0 -1 -3 3
No
No
No
2 2 2 2
3 0 3 0
6 1 6 1
3 3 3 3
2 1 2 1
No
No
0 -10 5 0
1 -2 -3 3
6 7 6 7
1 -1 8 1
5 1 -1 0
3 2 -4 0
1 2 1 2
0 9 -1 1
No
No
0 -1 10 8
4 -4 -1 3
2 2 2 2
1 -2 9 0
1 5 -1 2
No
0 2 0 2
2 2 2 2
0 -2 5 0
No
0 3 -1 1
3 -2 -6 3
1 -1 -6 1
0 -2 -2 3
0 -3 -2 1
No
No
2 2 10 0
No
2 -2 -3 2
No
No
0 -5 1 4
0 -9 1 0
No
4 -3 -1 3
0 -3 2 0
0 9 0 9
1 -3 -8 0
No
5 1 -1 0
4 5 4 5
1 0 1 0
No
3 -2 -2 2
1 2 1 2
2 -2 -3 5
No
1 -2 -3 0
No
1 0 1 0
2 2 -8 0
3 0 3 0
4 4 -1 0
0 3 1 1
2 -2 -1 2
4 -4 -1 3
0 -4 -1 6
1 2 -5 0
1 -5 -3 1
0 -5 2 1
1 2 4 0
0 -1 4 0
4 0 4 0
0 4 0 4
2 3 2 3
0 1 -4 0
0 7 -7 0
No
No
0 -1 -4 0
0 1 0 1
5 5 5 5
No
0 1 -1 0
1 0 1 0
0 5 5 0
1 -2 -3 3
No
No
1 3 -3 0
2 -2 -3 5
0 -4 2 1
7 -6 -2 1
2 0 2 0
0 -1 5 3
2 -3 -4 2
0 1 0 1
0 -1 -4 0
0 -3 3 0
0 -6 -2 4
No
0 -1 -3 4
1 -1 -4 7
2 -1 -8 8
0 -4 -1 1
2 2 10 0
0 -1 7 2
No
1 0 1 0
No
6 -2 -8 0
0 -5 10 0
7 3 7 3
4 -2 -3 1
No
1 0 1 0
1 1 -9 0
2 1 5 0
0 -2 -4 3
No
4 0 4 0
3 1 7 0
1 -3 -2 1
0 4 -2 1
0 -1 3 1
0 6 2 0
4 4 4 4
3 3 3 3
0 -2 1 5
0 -3 2 1
2 1 2 1
3 5 3 5
No
No
No
0 4 0 4
2 -6 -2 1
3 -2 -9 0
0 1 0 1
1 2 1 2
0 -2 -5 1
2 6 -1 2
1 4 9 0
No
0 -1 -8 4
2 0 2 0
No
1 -2 -6 3
1 0 1 0
4 4 4 4
0 1 0 1
1 3 1 3
0 1 0 1
0 -2 1 0
0 1 2 0
No
5 -8 -2 2
No
3 -2 -2 2
0 1 0 1
2 -1 -6 6
No
0 -1 7 1
3 -3 -6 7
1 0 1 0
1 4 1 4
1 1 1 1
1 0 1 0
4 2 4 2
No
4 -6 -2 1
1 1 1 1
1 -1 -6 7
5 2 5 2
0 6 -3 0
0 -1 -4 2
5 0 5 0
2 -1 -3 6
1 2 1 2
4 -1 -3 0
No
7 0 7 0
0 -3 -3 0
0 8 2 0
1 0 1 0
0 -2 3 8
2 -2 -3 2
No
0 2 0 2
No
No
0 -6 -2 2
0 -10 10 0
0 2 0 2
No
No
No
0 -1 3 1
1 1 -3 0
0 5 0 5
2 -2 -3 2
2 -1 -5 7
1 -2 -5 0
4 8 -1 0
1 3 1 3
No
2 -2 10 0
1 0 1 0
1 0 1 0
3 2 3 2
1 1 1 1
No
No
0 -1 -6 6
0 5 2 2
No
0 4 -4 0
3 -2 -9 0
No
0 -6 1 1
0 1 0 1
2 1 2 1
0 1 -2 0
3 1 -3 0
1 0 1 0
No
No
5 -5 -4 5
0 8 -2 2
0 -2 5 4
No
No
3 -2 -5 3
2 1 6 0
No
No
No
No
4 6 4 6
3 0 3 0
6 -4 -2 3
1 8 1 8
0 8 -1 1
0 -2 -3 2
No
No
5 -5 -3 2
0 -1 1 8
No
3 3 3 3
1 1 1 1
1 4 -1 1
2 -1 -4 0
0 -4 -4 2
3 4 3 4
0 3 0 3
No
0 10 2 2
No
0 -3 -2 4
0 -2 3 5
No
0 -2 2 3
1 1 1 1
1 3 1 3
1 0 1 0
0 -4 -2 0
0 1 0 1
2 -1 -1 1
No
2 -2 -5 7
0 -1 8 8
0 -1 -5 7
No
No
0 -1 -3 6
6 0 6 0
0 -1 1 3
3 -2 -1 3
No
0 1 0 1
0 9 -1 3
No
3 -6 -5 4
0 1 0 1
5 -1 -2 0
No
No
No
2 -2 8 0
0 -2 -3 8
No
No
No
No
0 1 2 0
0 -9 2 7
No
0 7 0 7
0 -4 2 0
0 1 1 0
1 5 1 5
No
No
2 0 2 0
2 -3 -3 4
4 -4 -3 5
0 -1 -1 2
0 -9 2 3
3 1 10 0
1 2 1 2
No
0 3 -1 1
No
0 -1 -2 0
6 -1 -1 1
No
0 -4 -2 3
2 0 2 0
3 3 3 3
2 -1 -3 2
1 1 1 1
0 -8 -2 6
0 3 0 3
1 4 1 4
1 -3 -2 2
0 -10 -4 2
4 -4 -4 5
1 5 1 5
6 7 6 7
7 0 7 0
No
4 -2 -10 0
3 2 3 2
4 1 4 1
2 1 2 1
No
2 -6 -4 4
2 -1 -6 0
1 4 1 4
7 -1 -2 0
No
3 -3 -5 6
No
0 -4 -2 0
No
No
0 8 -4 0
1 1 1 1
No
0 1 0 1
2 -2 -4 5
7 -2 -2 0
No
1 0 1 0
1 0 1 0
5 0 5 0
0 4 -1 1
0 8 1 1
1 2 1 2
0 3 -6 0
No
1 0 1 0
No
1 1 1 1
No
6 2 -8 0
2 1 2 1
0 -2 -4 7
5 2 -2 0
1 -5 -1 0
4 7 4 7
1 -1 -6 5
0 1 1 0
4 -4 -3 1
3 -6 -2 1
No
No
0 1 -2 0
5 5 5 5
1 1 1 1
7 0 7 0
0 -2 2 0
1 2 -2 0
0 1 0 1
No
No
3 -2 -2 2
0 -1 1 4
1 -6 -1 1
No
0 1 -1 0
2 2 2 2
No
No
7 -3 -3 0
1 0 1 0
0 -1 3 1
5 -1 -4 1
1 0 1 0
4 4 4 4
1 1 1 1
0 -2 2 0
6 -1 -1 0
1 -5 -2 3
No
2 -6 -1 2
0 -6 -1 1
0 -1 10 6
No
4 0 4 0
4 -1 -5 3
0 3 3 0
No
1 -2 -1 3
No
2 -3 -1 4
4 -8 -1 0
2 -3 -1 1
3 -1 -1 2
1 2 9 0
No
0 10 1 4
No
8 7 8 7
6 8 -1 0
1 0 1 0
4 -1 -2 0
0 5 0 5
8 3 -2 0
1 -3 -1 0
3 3 3 3
6 -5 -3 3
4 -7 -1 2
2 -3 -2 4
No
No
4 -2 -3 2
No
1 0 1 0
3 1 3 1
0 -6 1 1
1 -2 -9 0
0 1 0 1
1 0 1 0
0 -6 1 1
5 -3 -2 0
1 -1 -7 0
1 1 1 1
No
5 -3 -4 2
2 2 -4 0
1 -1 -4 6
No
1 0 1 0
0 7 1 2
1 1 1 1
2 6 -1 2
1 -2 -1 1
7 -7 -1 2
No
1 0 1 0
0 -1 -9 3
0 2 0 2
No
1 0 1 0
5 7 5 7
4 4 4 4
1 -1 -8 9
0 -1 9 3
No
2 -1 -8 2
8 -9 -1 1
0 2 0 2
4 4 4 4
No
1 -1 -2 4
0 1 0 1
1 -5 -9 0
4 2 4 2
0 -5 -1 0
No
1 -1 -2 3
No
No
1 0 1 0
1 -2 -4 2
2 1 2 1
0 -1 -9 0
0 -1 5 5
No
No
No
8 -7 -1 1
1 -2 -5 3
0 2 0 2
2 -4 -1 0
7 -1 -1 0
1 -3 -3 4
0 3 -1 1
No
4 6 4 6
0 -2 2 1
2 3 2 3
No
3 -3 -4 1
6 -1 -4 0
7 3 7 3
0 6 6 0
4 1 9 0
No
4 1 4 1
0 -4 -1 1
1 3 1 3
No
No
1 0 1 0
5 0 5 0
No
No
4 -5 -1 3
No
2 2 2 2
0 -1 -1 0
2 -5 -1 0
No
0 2 5 0
0 3 0 3
4 1 -3 0
2 4 -10 0
0 1 0 1
0 1 0 1
No
1 -1 -4 0
2 -4 -6 2
6 -1 -3 0
0 1 3 0
6 -9 -1 0
1 2 1 2
No
4 -1 -1 1
No
0 1 5 0
4 5 -2 0
No
2 2 2 2
6 9 6 9
1 -1 6 0
No
2 0 2 0
0 10 -3 1
0 2 0 2
2 3 2 3
No
1 -2 3 3
4 4 4 4
No
3 -3 -3 2
1 3 3 0
0 3 0 3
4 2 -6 0
8 7 -1 0
1 2 1 2
No
2 1 2 1
No
1 0 1 0
No
0 -3 -6 1
2 5 2 5
0 8 -4 0
1 -1 6 2
No
0 5 2 1
3 1 -7 0
No
5 0 5 0
0 8 0 8
1 1 5 0
0 -4 1 6
0 -2 -1 5
1 1 1 1
0 -5 1 0
0 3 0 3
6 3 6 3
2 6 2 6
No
4 4 4 4
1 -3 -1 0
1 0 1 0
2 1 -2 0
4 -2 -4 3
6 -2 -1 1
2 0 2 0
0 -5 -10 0
0 1 0 1
3 0 3 0
0 -1 -1 1
2 -9 -1 1
5 0 5 0
1 1 1 1
1 -2 -3 1
3 1 3 1
No
0 -8 -4 0
1 1 1 1
No
0 -1 10 6
3 -2 -6 6
0 2 4 0
No
0 -1 -6 0
2 -1 10 0
4 -3 -5 4
No
0 1 0 1
1 0 1 0
1 1 1 1
2 1 2 1
8 6 8 6
2 -1 -7 0
3 -3 -2 4
0 10 -2 0
0 -1 1 1
0 -4 1 1
1 -1 8 2
0 -1 7 5
No
No
1 0 1 0
1 0 1 0
1 1 1 1
0 4 0 4
0 -10 -2 0
0 -1 9 9
0 -1 5 6
6 -2 -4 1
2 -2 -1 6
4 3 4 3
4 7 4 7
No
0 -3 1 4
2 2 2 2
0 2 0 2
0 4 -1 1
No
8 -1 -2 0
3 1 -4 0
0 1 1 0
9 -3 -1 0
0 -6 1 1
0 -10 -4 2
0 -2 2 1
No
0 3 0 3
5 -6 -3 3
3 -3 -5 2
0 2 1 0
0 2 0 2
0 -2 4 0
No
4 5 4 5
5 -1 -2 1
No
No
0 -3 2 2
3 4 3 4
No
3 -3 -2 4
7 -1 -1 0
0 2 0 2
6 4 -1 0
1 0 1 0
1 1 1 1
No
2 1 2 1
6 5 -2 0
0 1 -10 0
2 -4 -4 3
1 -1 -2 3
0 -4 -2 0
3 -5 -1 2
1 -3 -1 2
5 -2 -4 2
No
0 -5 3 1
0 -4 -4 0
0 2 4 0
No
0 -6 -1 1
0 -1 -1 3
0 -9 -9 0
0 -1 -1 5
0 -5 2 1
0 -2 -3 8
No
No
3 -4 -1 1
4 3 4 3
0 -1 -7 2
2 3 2 3
0 -5 -2 0
3 -2 -7 7
5 6 5 6
1 -2 -6 3
4 -3 -1 3
3 0 3 0
3 5 3 5
No
0 2 0 2
0 -5 -1 4
3 0 3 0
2 -2 -3 6
4 6 4 6
No
8 8 -1 0
0 6 1 0
1 2 -3 0
2 2 2 2
0 1 0 1
3 -5 -2 1
6 -5 -3 2
No
7 2 -9 0
No
No
7 2 -2 0
0 1 0 1
No
3 -1 -6 3
1 0 1 0
4 -5 -1 2
0 2 0 2
No
No
5 -3 -2 1
No
0 -3 3 0
1 0 1 0
No
No
1 -1 -8 1
1 1 8 0
5 -4 -1 1
0 7 -1 3
No
No
3 1 3 1
0 2 0 2
No
No
4 -1 -1 1
No
No
1 0 1 0
4 -1 -1 1
No
0 1 -3 0
1 -1 6 1
3 4 3 4
1 -1 -1 2
0 1 0 1
1 0 1 0
8 -3 -1 1
3 0 3 0
1 0 1 0
0 -4 2 0
No
0 1 0 1
No
6 6 6 6
3 0 3 0
No
No
7 0 7 0
4 -4 -1 2
No
0 2 0 2
1 2 1 2
6 -2 -2 1
0 5 -10 0
No
0 -1 -5 1
0 -1 7 9
0 -7 2 5
0 -1 -5 2
2 -1 -1 4
0 -1 -1 1
No
No
1 7 -1 0
1 2 1 2
3 3 3 3
1 1 1 1
0 1 1 0
3 -3 -4 1
No
No
2 0 2 0
No
0 -2 3 0
1 2 1 2
No
0 -1 -10 8
5 5 5 5
5 -2 -3 1
0 -1 1 2
2 2 2 2
2 0 2 0
3 -1 -2 1
1 -1 -7 6
0 6 0 6
0 2 0 2
8 5 -1 0
0 6 -1 1
3 -2 -5 1
1 0 1 0
0 2 0 2
2 -1 -5 1
1 0 1 0
6 8 6 8
0 8 2 0
0 -1 2 2
No
0 3 0 3
2 -2 -3 4
1 -3 -5 1
1 2 1 2
2 0 2 0
0 2 0 2
No
No
0 8 2 0
0 4 0 4
3 4 3 4
1 -1 -3 0
No
0 1 0 1
No
5 6 5 6
0 7 0 7
5 1 5 1
3 0 3 0
0 -1 -3 0
0 4 0 4
No
No
0 -1 1 4
3 -1 -2 1
0 -1 -7 2
0 6 0 6
No
2 -3 -4 1
1 -3 -4 6
3 -4 -5 2
0 -7 -1 1
0 1 0 1
0 -1 9 1
0 -3 2 6
0 3 3 0
