1000
73243919 -37912345 89926946
28071920 41513392 37155499
-68791281 34765079 69591542
-79043408 -80977365 57864821
-63544563 -37084118 61127389
2683348 19574068 -73222101
-83549938 65409700 -81028482
-28543990 -46046670 -40411569
-19169440 25038224 29183287
-93025602 -41681939 -38831148
-58508124 48600974 72131132
-44746255 44429034 80400525
-10424199 -76864387 -96228270
-3043288 -17253377 -1552895
44595937 -54970236 66600362
-41009994 8779696 -72570667
41458227 75803382 -58211965
-35889278 -87640471 -38627534
-92609097 -13744856 -97990299
-22209590 -21149995 28777547
-86550849 62949484 80789664
-20413135 -96138104 72040573
72322395 -70701504 76622348
2414031 -69304533 -93416910
-1372635 -3950235 -46113876
12009267 25831203 12417263
-71133772 -98764077 -19075275
-72247621 22621163 95779666
-78271960 -7276413 11845440
-89463298 25815343 -32702948
-90782568 -15828823 1975699
-21463060 -41169168 26960100
74511481 -82362855 94984833
4216812 -45840540 24205733
58813130 -76264813 -97196594
45262101 13591471 -41097202
-80505177 -24145481 -12866985
-55363270 37278693 -39314431
-6629258 65779437 29148267
-45935193 31108890 81851278
48004218 -7226760 48432176
-32565998 45804202 75760246
-50242631 58049873 9032571
-35115756 -10217731 53971713
39387853 29824420 -51342320
9935913 -65618667 -50509045
-71581023 74027228 -4641231
-33403915 -83953936 69771856
96977654 -82726350 -51290555
47689343 21234822 99816006
-73775056 27371568 53532871
8553763 -7796521 61878361
-26876319 -1598994 6986507
-57834491 -67781688 -93399692
59765212 -14465164 -57320961
15924433 23771552 -79652728
98112718 79882623 70402797
-60732113 -45128251 66266357
89942094 -50893064 -17789557
-99551613 73341973 80816624
91194567 -99491371 15395325
41452314 58782261 -36432121
-74305858 -55946918 -68346795
-7413306 96666036 -40238814
-79527108 -87512321 -69926522
10343355 -36033769 7743709
86414596 -17742514 -79496378
95883629 92792507 46951387
75886871 -55993503 -54317340
35062010 51474121 26010392
72958909 41321584 99348288
82150196 -54615740 50057224
33496808 -7663725 90133524
-23426647 -87354889 -43243610
-720144 37800109 71178961
81640584 -20038176 -51625066
91806366 -88560246 28292302
-80278773 76122212 43119110
42336850 -32896928 -22081549
50091977 60329935 -51089027
-93844251 83691326 35649984
-59667652 95818827 62693240
3221675 48574859 16628302
45172992 -83733760 -59797028
59177992 57501192 -16272642
-55405308 -46029707 -27587472
-32219971 -90812494 53453978
98449824 -67571944 65405878
-53958233 -34459652 62456679
-30159273 -85808021 46994884
99803303 62989836 65655148
-26405039 86733922 27221814
17771662 17596485 -81582846
30121397 -42508378 -30791436
-85580554 -6781241 81366951
-45811874 -27278878 44005000
72314409 31038996 7406105
96682051 -43187431 51690392
-59804579 92591886 68386628
-13222594 -87081690 19104959
7222011 34378288 -13569860
35958379 19254281 3762992
-51684164 84930910 -32251882
-52374606 47023865 29030886
27411456 -23491051 34843542
91088209 -9137735 -68277690
-58225050 -35381902 -6339892
23358469 57452467 -42203013
-78037562 63478027 -97411782
27314689 -48455746 -86512538
99191412 -43381306 -45268003
-82817513 -91491165 -76878971
-4597619 -65723299 -23809035
27002475 -61949030 80883070
33608184 -33673165 -72300966
-26864153 -54947011 93872199
43565239 26731701 -30734953
-41059865 -90378206 -31769590
20176291 -14437532 -8595019
38647289 -3469634 85666152
-83974261 57329253 -72334573
-31230419 -43428062 -44221440
90264282 31184815 98993485
38423578 -27413247 -68202301
80343218 -72037447 47175762
65311087 -23916529 43060247
-37578670 -93676819 -37555838
51295710 -70602932 -89434954
-91055443 -65778908 -89891055
49746648 -72105327 5789475
55825128 85385200 -76251929
3925071 -44819382 -71213339
98597317 15416462 -77991948
37372455 -58638243 -28748972
1807339 39945770 -53005644
-64826394 -10118861 10675160
14477523 48941455 67217369
99737753 -96843453 -26167592
45140197 -56652799 92271066
16517938 -30994164 -17849748
38143763 91028134 -65570679
-29103465 -90401875 -25122585
-65399877 -60332177 -37462675
99352846 81493023 -65008270
-327331 42017379 39453664
-136140 2413812 72406152
53206057 53001491 46008468
96285996 74786812 14480012
97475834 4520513 -60577153
-30167228 52657784 7548787
-95337798 -28098268 -23827145
87560857 -45109406 90729407
11322041 49763263 -85745920
56861414 -8585471 -76254503
-11070201 -5825259 96927394
84410977 51510 60273032
91650145 1540584 -23650898
67574057 51069019 -37558671
8867736 -69068452 -1285826
73294011 97673696 -88594499
-19405879 -87175827 92427103
31584393 -67748828 -33262609
-46404810 20130830 -29925860
-5459432 -24896447 -44079289
-66341744 73572467 -3481025
-71428370 -44420691 242346
99272158 1528591 -45454455
-76394412 -99740566 -39858405
57629133 -31501434 -97381974
-908348 -86028620 -84292363
-23616257 -97505526 -93001678
-26528533 -85388105 63116472
73979749 2238956 -67537441
-4587143 -21840375 5197997
-45144389 97050200 -40023861
36874075 -17083988 54686532
-15272432 -13367156 -90159747
18011427 -69909770 61937499
2260805 -48248611 87488063
-90099176 19538593 50521902
78557632 96241752 27743979
-84012160 26487496 -62694928
-78057420 -20997162 99313966
-15389958 -86137639 21476533
-10014513 -32008678 63804154
-43371440 -96953917 15125053
3937732 -91432668 -38158917
-75979336 25284452 -11356438
25895581 63236717 32743133
70425207 -89233959 28803955
-42074765 -39931941 61915029
73103188 -71135110 38202457
-21474692 -85723584 92851669
37563589 59624787 -50452018
35799475 50844703 -68745836
-19110607 80846116 -56017581
-51031569 -53994704 -74531429
-23736150 50419933 45717865
41960857 -96059069 20130212
-5298845 22530348 -41820250
49481902 36984660 66617367
-95531365 -22697896 69212599
6661737 22702062 91071428
-24503225 50781721 -63618124
90376705 34778428 -86992208
69224042 -33605986 24243567
83345484 -2744926 75898684
58332306 -59048984 9996750
-67041187 7714518 83424139
56252992 26109123 70624182
-23192377 99136797 -52832589
25331516 -35919223 -52612744
37955061 -24341543 -62791197
-63019644 -31592405 62236704
48368680 -91133777 6822957
-15055219 -12361455 -41378858
75521326 71897493 -38093059
-59363507 -25375489 -39155232
70082987 -60671310 685514
-56776231 -67723068 -37942134
-78320437 -12284148 -53162478
70558926 -50459206 11686660
-4418002 75269953 33766341
-40866507 25516274 90242166
89076458 -42462111 -76836832
8974927 47819530 7361300
-60254809 -20835476 18155778
-94223350 -297014 -7910782
-57491509 25795223 76493782
4136462 -17363936 18867842
-65197750 94821602 -44016028
46889186 -19405332 -11826015
94176154 84994516 1640978
34404233 -48799398 6827925
86934882 -43623203 -40063994
-63155121 43552596 44301069
84765903 3925781 -45712251
-60461709 83790679 87982885
-88600110 60912052 56593012
-62415785 40898886 -27638369
-42805172 98718487 -57489322
29009358 -55011330 47934810
17059458 -19334796 94663387
30811916 -34867402 -7443264
83640383 69627786 37464685
14918355 67462540 21986562
-85487076 80557441 47060279
-40803572 -14666408 -26540853
-52870761 -45996696 -86511246
55213674 13061080 -89490387
-93166200 80802584 -25880553
-25769327 -29856861 55646076
-42010763 41104583 41897552
-61382874 -45869188 74511898
-22672217 -16919972 -78629624
-54415476 75304029 50799379
-14261412 -28656158 51612816
83619900 5927275 67715193
73752554 87028060 49652553
-98950808 -69131247 3807208
26208422 34505015 18363807
15205914 30523382 57268564
69350692 85450662 50830424
-43614817 -75066189 62479786
-69048652 66671407 53819991
14932956 97406463 93464534
-8235889 69680191 2829742
-97572703 83782785 -80020172
-60160877 -73462263 35687280
52185005 -15993597 29536334
-47066170 25535256 35119852
74632155 -4267973 77166502
-22133492 -7819100 55598355
16162726 45092123 -80416229
-36280584 -72162658 -91338353
-33308315 -22393404 -45282531
-99266520 84953070 -47958242
-72798544 43795665 58879896
-97619183 73990007 -41397062
-43069487 -95448740 -98792411
98968608 -26841432 -17428945
-35631450 22983146 15906635
20110608 -76148963 -14724849
-21051860 -94820512 42140213
-99342549 -58857703 85783907
77734147 -43514094 85734313
-33978683 -6218059 97921964
-21752996 -64006275 -5399887
64322229 -91685174 23024480
-46906350 77900507 93655756
-54569937 12900154 77658952
26163641 -5834503 -20493150
53494679 82666455 -15543309
-65965251 -53229555 -48273628
-40748503 -40228271 -63618304
9841732 64471862 9360960
7181282 96508835 91146600
17831148 -57581161 -72278828
36189773 -10076827 62791488
31179861 -33479987 -24704433
-66920446 -89086535 -98770905
-41195642 -21623751 1041956
-50431890 99604914 97352062
98712834 -55721801 -68111135
58256513 80982299 22829348
-76144491 89265046 -18956625
-46948321 45150671 -67152563
34375911 -46606806 -37901605
-31860428 -77351057 57651147
-70180311 -39599762 -92766596
58287465 -25780936 -3255292
-61274080 -48396687 -38670001
33128227 25117767 66385221
-24363757 17167135 -66612629
-52007776 -2272681 93608469
24995921 -2409452 -26320911
-16835220 5814480 -37357297
62603493 726160 -57521353
76961699 -2631426 -84568022
54580462 -3626909 -82437782
26176330 -17655243 -94762554
-51385167 -97241218 96017633
-6437069 -95952725 4200674
-12003527 -15482966 58151609
-72858763 13084910 59551781
-21061603 -72715542 -6803520
93914801 -72915802 -17969807
-8187895 68745994 72260789
43576346 27026312 83686255
-3373593 -24126481 -81981454
-95835900 61163715 93565127
8271275 -69280982 56795362
-7357165 29728772 60861383
-64021015 86175610 83006963
42106454 -371787 -98361652
26423019 57945563 34050575
36133378 9835770 37566436
81917780 57608402 -64243609
66233392 41790711 3640873
75697482 -95712029 -71012095
-77248890 40773115 12802787
-27126490 -72369687 -75479992
22986329 -94026862 28884361
39437743 91327259 8403568
6734717 -12272868 17864604
-89049471 -7231140 31716291
94602800 127410 -39818715
-59039316 -23270771 87740848
-53067376 -26944965 52467065
-42705303 73872915 -67735888
95372566 67784584 -86541402
4003545 17966375 -5263101
30527968 73262912 21558045
8314008 59440614 59059992
-87061819 -40472005 30500653
-14790206 -77168244 56469162
91707439 84205871 61377624
-66572204 85602561 -66923237
-52566797 -33792680 12199855
-79849911 -23132303 8354383
-58759031 -36044341 75010638
-84321717 -66540262 11108307
-84539922 46776952 -77359582
-21732343 67777526 50391723
-68814785 94361178 26133241
-51491788 -6480102 -33228985
-86567070 -71264860 -70091274
15313637 13083332 89930232
-65731093 -34953687 -13289411
58050444 64718186 3384125
63009152 145549 10178178
-37192942 27183720 -69416027
98847767 65939618 79826714
58300994 43347806 -94685617
-66948089 76690956 85236878
15693588 9922546 -80594768
25221645 31102020 -23588046
49525673 -54815805 18484630
-74149684 73244976 -37204781
-34042685 78672332 62492293
98239425 -2532233 42281110
-29955449 91785243 5876906
-45805305 -7243035 -89234392
-10674731 36305687 61049517
-21236362 72009733 22830270
86010426 -40916742 78717958
50900555 85263171 32880035
-67254755 17887355 69348069
47517958 -22645743 23810502
-63266451 8847978 -9161319
87178844 -61091619 1543419
74765384 -37349743 -21110246
-78922654 26486673 88896161
84310542 3034381 73598135
77810234 -64916865 -10589477
-53604406 64853958 67456279
74761930 9365484 -66971102
69801492 -18623894 78574976
5957195 40971407 -2362403
25883881 -94046110 -43293854
55962705 -61325973 43972522
66876325 69630899 -56688760
23872091 74514663 39410206
-1371395 4322217 -70071200
63727883 -2149547 -98701958
-20547135 49086054 7174804
-62852842 94340587 36316600
-32568283 -8240012 9343958
-79705559 -2350178 -47041911
86166922 -53068641 68504459
35039570 -44569804 67704332
-31916231 -40210719 84892116
-14565396 -99445814 -36924053
7114214 84663688 19573439
60236848 58476291 -47811326
-4955296 90228148 -649586
96591680 -7761850 43217562
-16633501 87434300 73692087
-55081903 -35486510 -70056891
86464732 13037786 -27173281
-92268952 -25397085 2392568
-57329160 -65431824 -92529313
19582249 -43424932 -56056526
971249 -13041428 -64620712
-79862746 -38139397 94708821
91213380 96475685 -58095587
54962980 -57796886 -55027408
-24017962 8372321 -51461135
34686595 15416339 -89106732
-1734376 41162051 98352280
92299615 -24503518 -8289897
-55202379 40384335 -17721475
-56611008 -67601490 80395443
-68512295 6093889 31148438
34998792 28122078 -93077761
22348810 51010310 -3402686
62698543 85938998 17271207
-99707965 30110816 -73369610
-77114168 -47728921 -31351768
-55037402 10850726 78738422
-68898905 -27327303 -25815113
-41365500 88267862 -46137688
-18653005 -14914062 -19931816
-25698559 90852156 6873906
-7427776 30617436 83290011
89439555 -63341412 7450914
80169957 39968187 -32492212
-71897202 91557709 -65044057
97258059 4419372 -80895702
53240183 13666478 -60826617
-82704458 -62780780 -52463135
-12802543 21893517 2840194
29900914 54337160 -37955622
-72014636 -86934157 -18953203
94036736 -12042265 -79615436
-3059988 13944600 97464971
-77839244 -83229948 -13390824
89007510 90276372 84581640
69935477 88960930 -63365664
29058460 -68731125 40056874
28841251 40531485 -83112414
35142152 -76762244 -9723492
3507207 -23323517 45677290
-9677634 50651508 37657011
15276337 26539738 -28799638
29391184 24209855 -95102038
-33767876 84946354 35268194
-86133436 68867152 22223703
94118156 -1293416 -58158547
-37001761 -5516515 83078156
-32104406 -19957813 -39047764
59997614 -25664042 18438876
-3180254 15775334 -1363359
-41143965 70585475 5235442
-56322310 -3050988 80255930
-82688216 44718720 26102531
85506382 50211105 22583908
-23344671 98840147 -5191491
48033528 90028457 42904770
28912101 15895252 28124277
28126023 69708584 32338565
-88455368 37249251 65801904
6960150 70763044 19163871
56643301 41326026 -68306313
51747280 -78701457 -38554499
-7920347 45563381 14199161
-30141354 19022523 -6629110
-67761984 60231312 18802901
-39874371 61617868 92213453
-98555355 -94278044 73469418
-48185335 -30242476 -87396030
93512853 -11704467 8186156
-6172088 58468869 92695956
19228774 89520506 -58155191
-53825827 -5576382 -95883058
21616913 34349286 83862035
85109566 87163094 -32427897
-68970007 60488178 -29592454
-62084695 -36196010 38582639
-29032531 65061926 -61846897
99493992 67274567 -14276686
76966863 24947182 56765240
20382645 -93617580 50849785
20322918 56055629 47492244
-28472338 78242708 -423519
-71741885 -64041178 28975824
24687698 -5368937 80468318
43715082 -17569197 20213576
-45892510 -23513022 4461766
31740131 66207227 -65604429
6397868 4930783 -68358427
-40978173 -64633067 49731142
10884406 97305676 -47677622
86249131 -37613314 10403689
-86683718 -15724154 -28930883
48080145 -61784966 -73289612
93088902 -93377436 -59438155
-30796693 43560526 -93207267
90163310 15732551 -63538767
-95643740 80114308 25938433
87908990 166143 -71168633
16152784 51136243 18065777
20691914 47347239 -82598652
-28107036 -87918713 -78223657
-14694641 -15100739 -80347627
-67077079 26645763 -36766704
-73015001 95617128 -41741047
-55402110 99670310 51510680
86776179 -38596606 -58726551
-1218446 97361138 -91667583
112397 14977150 -25465688
-79918503 -60711006 25544107
-63363020 -16732971 -72563751
59266365 -36468617 84167969
18594761 -85562805 16459276
-22844354 47790631 -55095693
13260555 39130086 -11657152
47559706 -85726293 62097846
-93707385 32374975 52387910
-52410886 -35802671 74186326
-12479856 -88492492 20001433
51610235 -23506666 -98255198
-15312909 -7755605 36319163
13114982 -61057539 -85700303
-23369013 -28111105 1396789
-68036505 -44171593 75725645
-57776391 -40975122 -55328686
8746401 -70883332 74611680
-39125669 61878881 74554483
60209727 -26373595 96556825
81477254 -9871054 -71913682
67563232 -28831588 66394827
48246382 -93823451 26207467
-19939308 39686165 35481515
50001043 45982551 -85642029
68734646 -39529227 97246211
35359782 -9111034 6506150
79267238 97900335 91997904
64902751 -92106019 -50139447
-45449792 65201466 -82556272
-50169935 55112098 -5236772
-83074154 -76796019 19008042
-1126378 -18476098 -30166549
-71361414 23119175 17726754
-8792482 11409251 -75111397
-7940514 -53407050 63294804
75108430 49252434 54796771
39102140 96668975 30396891
-78372482 87614804 -92445067
19956765 71665940 49380202
-42279575 -36981142 -82697318
57017081 62741825 -10761968
42739544 -33468861 14617774
91825381 91559160 36294962
93900987 12706867 -56592352
70227013 85525765 13381856
28327555 -90338481 43006774
4046295 43384037 72407924
30781262 32569864 36043850
-71153706 -98892785 -73645531
9437523 -32371604 -49331200
7627788 -14600253 31976136
42432832 63421832 -65166452
53518401 -4203225 -4390637
-94580851 12810480 -97274728
-27864567 -9789622 -64830125
21472833 41085831 -43651891
-39136193 8262712 -14186265
-26650200 8939252 -82432473
-76173537 -21418036 84359199
-76102958 -85474531 55503169
57826099 -49915574 -65802790
12837406 -93664713 -33182778
-67572672 93737140 54594966
-47461363 27713197 21839615
89279752 35583837 46210081
-93829956 -86570700 -1889888
41641519 51605346 60323634
-60189160 -31351331 68580343
-12658927 98426219 -19747247
899393 3027803 -36031222
-31723080 69185090 83779920
52339921 -17225405 74576147
40611564 -25842047 42552001
-47779483 73171362 -76976611
63449456 14483881 87769922
-79772798 -78552028 23576093
-69622744 89664793 -94308495
33391301 4082320 -67786654
16829818 25683151 -36638848
-60325924 17553692 -69024549
4235098 -14240646 -66905383
-38063301 58481597 72928777
21964266 88105687 -80881935
898426 75343199 86942925
94687614 -43985817 -53318548
16244075 -24690780 -92691480
47190840 54087372 -47938463
-76501937 -65984020 -19010400
-34097310 8953888 94871411
90249553 -30947407 -65653490
-24914718 -21433659 22495648
61573243 -5183645 -72861922
-28126328 61377601 -63673014
17355066 -36469870 -15528894
-10638104 8702482 -46425637
7568786 -31309804 -19241321
75452214 -57782212 51855573
-83511236 40889877 -3812697
-3149436 52669322 -88015647
-10355475 5400267 64470555
17519803 -82152178 80707441
-12518881 8385957 -43294640
62477301 84947382 13158010
-75431308 8384099 21148653
67337461 -37921979 73707858
-78736765 -59901933 34369331
-31450562 9199133 64345606
-52812015 46547237 59497619
-89829389 67381690 58927784
-23013789 91096893 17459919
73502284 30438043 -51615396
-915639 -30418473 78264563
16278999 -82126227 69241951
-9630769 24563321 62432091
-89774305 92584144 75843671
-29922777 43461657 -73828904
-53522514 -49552869 8925316
-19508723 24154288 56325338
60690859 6110 -69050293
63195873 -43501777 -78947009
82552005 13838571 39113019
-42920621 43431860 -20098527
62359412 87391048 -77709935
3271102 -73686640 -13111992
97595422 -97488907 33464982
-81992081 14958201 85788755
-1105659 -87477410 -36948074
-93250971 53955071 -37109287
76378897 -61592980 -54862817
43204646 83807712 -57866584
-66439922 31795343 49138177
-13769626 11232868 -1685405
-134901 56730407 -51393075
-20189089 457258 -96659620
35955341 -21679050 -71121362
98541672 -44812651 83211484
56311134 29799350 97758161
68927539 58606627 -66584334
-99115278 6217126 13028483
-46324842 -49713814 22785242
62353937 -57162178 46253121
42571635 -53742495 49541940
-14276788 -97131210 11340597
-63140424 65259168 37936159
-1671468 25105608 79727125
83613131 -33581760 -60438780
11984660 20655170 -86572603
-97214912 -81579762 -93790100
42055425 -8455204 -96982146
-94391057 -97264852 48181852
30103880 -99839992 -75663010
-80997059 31745 47454553
92862637 -26347775 43029592
43926454 -88465906 -11113898
836843 14554452 3324983
-54218602 -20172178 55218265
43355301 -37689454 -22223861
69177675 53264742 639279
23054234 86565149 75349038
91329989 29880315 -8178399
10853047 -52507192 -3052416
-93235716 23181042 -50500637
15271829 -90613830 1319547
17053859 -31805715 -33665782
-25101281 15121271 62223586
32818850 -94937005 91952301
-26950282 -42539888 55591498
80677005 -15736811 24617873
27045768 -32402351 55533053
-92124471 29490211 69907948
24821427 -97805031 -69693385
56711612 88836914 39874911
-75936355 -90228134 -38361780
-35865813 90908582 80873075
-67685956 -59745604 94973531
-4247354 -93486741 14916732
-496238 64151419 75289324
-88536119 -46665782 70744715
43469690 -5400018 25983038
-516236 -54088097 79174333
-91256831 70229686 77386902
-71241553 77374499 44066775
-19848257 71480884 -86908533
50744226 44792250 78858628
-38420416 15791549 -84307984
-19734898 69491018 40847645
17300877 -11411321 -752623
66583135 -62475436 -54851775
-83227510 -57482106 82426091
-93498610 -96596805 47598866
-14726457 39679057 -6168993
66232589 12380391 -97251848
-67497173 1637741 1761677
-62061686 23955832 -17881644
71270541 -36031764 -79334565
-82026177 56914957 13902976
-56608118 28383557 -31070021
-42725056 18799462 21508038
29937273 -58446806 -71439900
-11135822 -51689967 27988932
-96873562 -90382594 -59873214
-8924886 -59457724 -28879934
-12661428 13163852 -12478889
93720820 -4622002 -31779340
48848914 60987342 20520303
74688200 -70477916 2195893
10381234 -56979190 64993174
-35796493 -66037296 -65493828
-92894938 -49440344 67694874
-48426524 36601743 89450860
65210873 67343504 -90387676
94936919 -55564298 12260162
-78365988 -46407917 -49603557
-81873302 81558774 99725377
50870948 70080211 -99407156
62761227 -43804159 -96586799
55653725 -60780062 -65080364
22175764 69924074 59371579
-37507278 -65144704 -92732209
80839520 -15250155 85013819
48679790 26541430 -65162370
53147265 -48617087 -69199618
14093811 -20919645 -72387843
-19176425 9442706 82825866
80925766 -58170222 -78880668
-54403406 -41963967 26603911
69789826 -92879503 94826598
-86648291 69575360 -79353218
46278097 76152096 -48105040
8470364 70674707 -72100746
174703 -41958954 -5057968
83956058 82789921 22280774
18820629 37902702 3236524
66450937 70769284 -75371417
44838934 -25042253 42703860
-65805977 68164129 33312819
74174171 28540420 -52750766
-92092545 -92103154 -52498296
48413096 10547093 -27331361
20145438 -45489158 74542939
-95957273 -90133893 -92232665
26030206 69321025 43670199
70267941 75073648 17675419
90131472 27752675 58795857
-7665927 26331436 40057640
-58347173 -84174808 96887139
-56240517 63052820 89900421
97146307 71639275 77499556
-48058805 30192250 -81246032
18741420 -93881836 75266636
-10342668 -70903336 -26035097
88699503 54378247 46347854
33962982 -27192071 -20156202
-10467418 -55192371 66401708
-360738 -49429863 -45761030
-6758295 -60830347 52739201
-99415706 82527336 84735695
-27441772 2429496 69858377
66708421 86562439 10497883
-21327263 -26421408 92494932
3243157 49458858 -58519177
-93611722 59841882 97643449
63130367 2807919 -75097168
-28101415 -97957741 98933443
71140473 -26279937 6051026
-38255657 -56260785 -6060098
-49651404 78785338 -87897099
13247436 -25419031 -73176975
-70765223 89838198 17346822
-24384599 -5158415 -39177090
-87368614 40531135 -53670788
-28614920 74881706 -51664425
-45948943 -70443396 -57710400
-84836327 88913465 -40023739
-97261507 95083522 4972695
-70812699 -68154877 -70426354
2897895 65231139 4712392
-18467632 84852764 14665194
-53064506 -39219716 57273012
-52113046 87064422 41276300
-4760160 -85320191 -59005095
-15684485 -95005954 -95917038
-26436507 32823865 55375309
37483998 15972164 -58858857
-80120216 42656859 -80639180
24750181 72095147 -79290054
-40579459 -29128845 -33165816
-89204874 -56040139 35961021
-53345211 83707444 -72925679
88938152 75706465 81410734
-49906590 76565272 80826905
77752802 -50315391 16473704
-857954 -54645109 -50210233
79175830 -75734498 -36552856
-19000881 -66007480 -49591655
-89023495 31107788 -19836771
47365325 24090747 19875776
-72890531 78433712 43332962
14286963 88753883 -31462485
56494332 91900893 -73522426
40090756 30661093 -97154948
-15274754 -45196413 -47257369
32061310 -57002068 -94085026
66987507 -69134407 -25091367
50718408 33379040 47322642
-88984798 -32006151 79519397
14607625 73138395 17225739
-68504915 -42908028 48430786
73821984 -88334429 73862653
54921428 -18714112 75046054
-16481093 -40657326 -6165782
24175107 94698440 -90122183
-5213510 84067646 -53093318
15565329 63577556 33737754
-23576110 -59590641 77400681
-20547821 -32634654 -75604239
66142076 93038490 34470136
-30941861 -46280145 65860662
47433747 98993584 -48825525
-25383193 -265220 2954566
26088792 -27613830 -10868364
-66436503 -76225910 -52670134
80039780 71582936 -14309890
86458738 -58469921 -56375477
90532207 58329895 2080591
55713393 4707682 7523640
29636215 -27410606 -13785347
-48635194 37494653 99713551
-69747623 14896424 18452972
-99390602 -35966695 6766240
-29839023 16461180 -89399117
-59797780 37618159 57544761
-41997626 67949532 -79641166
-36987523 -6662333 -97061394
-46941250 43598399 30142877
-73199633 -67861839 -13782916
-71268085 -54261014 65968866
-62536014 32283773 -41258712
-25992808 -75379512 64921058
-23139744 58294501 -11319269
57099562 2350011 -36708870
67815548 -20525287 96687444
65961704 -74834761 50388792
-97836930 33088756 -32330094
-54838797 45415996 -72817346
87810241 8002646 -83129909
-66919331 -41562187 -81196955
79075522 -54429173 67058279
-78222267 -47954718 46498271
-100800 98628955 -95511349
55701982 -37119651 18198957
-9647501 -58576759 62941183
-27492605 46214428 42193079
-50336099 41350757 -21790909
5369899 -14310980 -41179967
-36093934 -38183572 92470934
61321651 75099642 -44522549
-66027274 24449441 -85176775
6575440 93949929 95871278
-60196500 72413543 89491205
29046764 18802410 91112794
-111239 97441601 49581403
137767 68807879 57193562
34038182 -9499375 -46853249
78659702 -11592296 39259220
-32077388 98537406 96652855
-32331125 8408965 -97086798
58728365 72122790 98263263
-76478795 26229661 81636095
549075 19106373 18537486
53385571 -74964261 -62738462
-88540892 69689888 27795861
20275715 -62721019 98577275
527221 -89764429 28975949
80950392 -26049637 -83036298
84806841 12579815 -14344176
16109295 82620843 -38453311
94151048 9201366 -44942295
83927564 81727276 -91632283
81666985 40329549 58228370
-53026322 -15826473 37802536
42021856 -58205111 24392781
-85317496 81742931 14246216
61763504 -79958519 -17272598
497625 20757118 -28232085
99069687 -19269025 -44007912
14906373 94807223 80997056
-15028600 97515213 43350070
40597477 65134621 63197878
30196160 41592741 -75953682
-7157820 13382878 -22277623
-25603367 62622016 77601084
99930287 -48780818 51108947
25175190 90502267 34674302
64285589 7173512 59971723
44884074 18443301 13324275
-60313976 25114079 73697323
-49308337 425445 34575800
83836539 -30504789 -33437761
22537946 82764125 -76966549
75253476 -28150397 91538298
-85823594 -48609020 -31296205
40009732 67473837 -80819922
-39005801 -50624048 53363045
-48624488 5387130 91927986
68739824 57381562 -31500269
-98983400 58793243 4595754
-74213224 -27391465 92689815
80161982 -78026019 96059988
83583155 19879404 6366547
61786404 -14792521 -98535178
-46194135 -86620568 21164349
33124711 79389092 -15266388
38335779 47546524 -85725968
-9778854 -90773905 -6385640
47527971 -49968635 -44542476
77792370 -89457073 22623733
89211124 5617032 -98212242
-2283992 -51615313 78091968
21908128 63783051 -50472869
-25975384 48592126 -95502527
-2578756 -26743008 -26056604
-34898508 79677486 -82898577
-2103333 49497024 -61353663
85000682 93748727 69390612
-60489072 -9191192 24037884
45814686 39702924 -37787084
-85392097 15555293 -39515929
41216461 -16811824 -85786177
70132918 -49360107 -25882510
622204 80340813 -16558530
-36489462 -97285994 -78178050
-42904355 -99225455 43692516
13864472 -14422709 89453647
56817426 -4842486 67925222
59696005 77157232 34410663
-72092192 -11695239 -15796841
-66268962 90618081 -20608962
-50576465 74963746 25361698
31156563 32097179 -47510591
-30561510 42644011 -18969037
-99283971 -47201516 1921486
98332483 76641056 -31494134
71899918 -89683049 -15858280
29823279 -48522597 -1142395
-96203287 -20792643 48592851
-75326526 -43403559 23490990
-89255407 -9483153 -58313611
20070994 24469070 27716300
-60174222 -44822939 -40689689
41628634 -43014766 12731343
-28238057 58168753 24102674
108463 -10419836 73632690
14092620 84074998 -56501429
-15012643 -17552713 16142730
76272018 26669381 -70496452
-44704286 -78706151 84515998
-80320882 20245449 32135210
-95870689 -99350386 7290829
53478024 32245626 -41853641
74789266 -41729896 -48418027
-39275306 59044700 91626786
-89672887 76960292 -78170659
79804028 -80818358 -58484846
30017548 -25733763 -38509083
86631738 33525068 -96676359
23612799 50062609 4743633
30945877 49816005 -60725524
-83685012 93399954 16595356
