1000
-3024 -3428 2659
8518 -4511 -4720
-8655 -1712 5911
6103 -7218 7835
-6842 -6527 8897
4275 -2266 5971
-8517 618 -306
-5425 8969 7220
3822 -5488 6150
6804 -754 -3650
1914 -6701 -7422
-1 7640 6056
4160 2887 -6368
9984 -3454 -4890
-9042 29 -7506
5846 1493 834
6144 -4909 -1081
6317 6686 7268
9411 3989 242
819 -2906 -1847
-8421 -1813 9741
-3511 -3172 9885
-612 9120 -4323
6979 4637 2958
8939 -5114 -3875
-3769 8436 6233
9242 -6339 -1169
8462 -4345 -1952
-5111 3449 -1099
1197 2784 2786
5286 -1091 -6742
4204 3234 839
8219 2405 -4512
-5049 1242 170
-6125 -6312 3604
9887 -3438 861
-649 2573 1837
1351 3133 4795
8993 -2763 -2898
669 7431 3515
5657 -1479 -4282
9183 8500 -471
-8527 2182 2876
-4447 -8876 -994
1531 -257 1512
3574 -1753 -3982
9647 -4864 -7380
2351 9541 -1472
-5721 -5551 -8807
-1022 4894 8878
-7119 5498 -9399
-3043 4343 9091
2886 -5462 -8987
4129 4370 -3558
4115 5607 -6413
3080 -6383 -6046
-3179 -1566 -1044
7961 6938 3382
2678 -4541 -7666
-3964 5694 -2998
4233 -2306 6306
-7923 5708 9579
1242 -6138 -5300
-6251 -4042 805
-8176 -5962 8958
-3874 -3753 1525
-852 -9950 4184
2904 -2871 1658
-4985 9914 5282
-4834 2850 9984
-6601 2810 -4431
4174 3408 -9852
9192 -6678 2956
-1372 1609 -9560
-5612 -5284 9699
7038 8226 7570
-7113 -5711 2240
3357 2642 3847
-1356 -6683 2242
5724 -368 5581
2751 -1677 6182
-5863 7733 -6449
2729 9191 8400
-8508 1107 6956
-5590 7854 2908
-2176 7788 -6359
6622 -7729 -1461
-8990 -3239 8183
-8783 1289 -9254
7379 -729 -4373
9129 -3852 1886
-5218 4042 5716
-3218 2558 -8285
-6271 4843 811
2951 6936 4077
2696 1689 -6331
-1495 132 7946
6459 911 3431
5653 -2327 -6994
-9987 -9854 7016
4164 3445 -1858
-8777 7621 5467
-6117 6489 3036
4704 -5241 77
-2060 -39 7167
4051 -6869 -3174
-1089 9219 -524
3451 3794 -5976
-6689 5166 -1438
-2805 -4877 9711
-299 1999 9917
5906 -1129 9744
-9467 4908 -5596
1587 -5090 -5840
-8522 -1668 7612
1676 67 -1945
-395 2419 -3055
5109 -9931 -5392
9100 6631 7240
-5176 3748 8307
6078 1377 4135
-9300 4856 -5510
-1300 6624 4013
7132 2396 -6094
8307 3474 -364
-1181 3663 9720
-2680 -349 -4419
3139 -6744 -8253
-5631 71 8747
-8682 5500 9644
-250 -468 6716
-8386 8563 -9605
4344 -9629 7164
-5052 6389 1056
6549 -5454 5496
-7811 -6557 6470
-7822 1442 5983
-1986 -8585 6593
-8668 -8309 4950
-4994 -8351 3273
-4785 -9698 2756
-1343 -3259 -6936
-8952 1223 6360
-3768 7105 3939
-217 1647 7257
-6346 -4309 806
-3492 7276 9257
8059 -8077 -70
4742 -3740 3647
-657 -7123 -3798
9477 5453 3508
9328 5088 183
-9209 1134 3249
-6176 6977 5156
8185 7021 3647
-8403 -4606 -6601
206 8584 7313
-8324 -8550 8503
-6303 7731 -549
-2629 -3943 -1051
-2736 -8185 -2453
6438 7205 -4436
9577 -6555 7221
-947 -3278 4216
-3923 8909 -6040
5382 6050 -4301
1901 9831 -3349
8256 -7206 9844
-3941 -1770 -3326
9361 -6232 941
-9585 -722 -1875
3574 -4841 -7038
-4676 1128 -2816
-8309 -8284 -2891
3365 -215 -256
-7758 -8427 3234
-9819 -8413 -1480
8464 -7336 -2601
-4962 9682 -3375
4470 6018 -2188
-6052 3418 -8041
-4082 -6731 2663
1654 3848 7351
-4658 6449 4712
-7204 -3843 -326
-8751 6072 393
7109 -7623 125
-3445 9121 1311
-3596 -6552 8305
-8929 5607 4191
7127 9663 1551
-5779 -45 6314
-806 -8206 -9733
-4867 1082 -1800
9536 8080 1470
7212 -3299 -8868
-6835 5384 4193
-1581 6167 9933
-153 -4572 892
-1019 -7344 -1393
-1860 -9586 4020
-2350 -9419 5772
-4587 -5209 -7405
7777 -3041 -601
-3672 -8310 -5716
3079 -7949 1675
1667 -5635 -5457
3218 -8425 6738
6191 9654 4029
7041 -4204 4222
6044 7172 2197
-3914 -5656 -6101
9945 9196 5242
-3932 5835 -7374
-2558 -3624 6507
2907 8969 7095
-2499 -103 -6752
-6752 7703 7774
6534 2398 -9895
-1141 8848 5981
3546 -3376 -2486
8616 8166 -4166
-1557 9602 -7915
5717 -105 9367
-9656 5886 -3767
-5631 -969 8592
1674 -2586 -1663
8178 4262 -8051
2946 -7033 326
5861 1439 8763
-2235 -5834 -253
-429 4757 697
-7747 7448 1001
6752 5410 2846
3167 -615 9432
9867 -3394 -2394
5357 9136 9703
8346 4974 -9462
-9163 4436 -9419
401 -2830 1233
4091 1501 -8960
1149 824 -3159
-9938 -7168 -7698
8627 7867 25
-4637 6619 2071
-6526 7550 -8311
-2805 -5432 -4793
-7452 -6446 2211
-3396 8797 1406
3898 4227 -322
-8090 -3936 6573
-5582 3889 1366
859 -6963 3299
-7749 3462 1248
-1888 -259 -8475
5699 -2793 -6158
-2299 -9951 2961
-7762 8782 -1803
-5138 -9442 4815
8139 -6432 2433
-2137 6516 -2660
-1875 357 6902
-4341 -7317 -8922
-8080 3035 7745
-4982 -1916 7842
4286 -5199 -7823
6349 -3742 2039
6099 4563 5
6099 -7 -7942
-1194 -8667 -2623
9569 -925 -4441
3084 9619 2170
-9775 5503 -787
-3925 -6336 9037
-5196 -2999 -7559
7760 2894 794
1929 3463 -2923
3007 -7236 -9695
-3672 -9964 -3359
2100 1075 3605
2662 -3807 5066
-9236 2214 7650
6423 7479 8143
-3970 -991 2073
5490 2754 8962
-4379 9418 7010
-9699 8395 6021
4562 612 -1119
9126 9915 7919
210 3921 -5796
5779 -8438 -6654
2297 -3746 3795
-9349 9414 -5014
5335 -5383 -2886
1102 -3047 7658
-2019 -546 -2267
-4298 -4721 -9331
7653 8040 -7584
-1280 6771 8046
-5325 3455 4432
5642 -6194 -2336
-7754 -6689 -9172
-2250 2932 -1170
-8849 1906 -9624
6904 9939 4342
-4841 -8712 9276
2750 -8327 -61
3841 -5453 564
5219 717 7898
-7412 8269 -2133
3338 9244 -2421
8556 8720 9719
-9619 1332 -9772
-5145 -4645 -8489
-8355 -3954 5533
-5061 2580 3790
-4591 -8769 2096
-7925 3718 -9094
2375 -7639 3826
-2462 6722 -5501
-852 -2471 4726
-8843 -1553 3168
4091 -6069 -7463
8753 -88 2435
-2315 -2613 5242
-8857 -1079 2000
-5651 -2734 6796
1374 6925 8634
-1161 -6261 -3201
3360 9763 2516
5916 2569 -1674
1358 -2344 3820
5117 -5862 -3385
3483 -133 -6579
-3874 -6100 -6544
6209 -6866 9007
119 -5359 7285
506 -3643 -1895
6963 -584 -7076
-2648 -9666 9753
3798 5062 2059
-9471 6621 7181
1589 -795 -4562
4885 -7245 4252
9989 -7178 -4159
-9802 6911 9862
1729 -5757 8465
8850 3587 3589
-5157 5920 -7458
-8016 1531 -1440
-4636 163 -6508
1511 -7720 -622
-871 -3413 -9770
8151 7163 3029
-7472 5437 -7494
4622 -775 3112
-1571 -6409 -7359
6192 9898 7112
2575 2782 -7373
3479 -5546 -2757
-433 6901 7190
1307 -9697 -6233
359 4869 3291
6457 -3498 3739
4679 4923 -8990
4634 4311 2299
-1121 1161 7606
-191 -3889 8559
-9789 -7112 -5045
3174 4180 -7290
7364 8888 599
-5938 2319 8102
7214 -1071 6223
-6579 -6002 -7123
-5492 -3724 -7690
-3798 -8127 -2180
-646 -6466 -6205
7356 -3911 9219
-2023 -5314 -8983
-8128 -6559 -8615
6111 7811 3481
8266 7186 -7030
1396 -1866 -598
5187 -5565 4767
6879 -2550 -466
-1195 -8504 -1128
8524 -5155 -1755
3886 -2082 -5251
-3078 8659 780
-150 -3259 -7790
7983 -6603 -8997
6995 -4449 -4923
8739 -3234 1232
7594 8863 -1450
-4068 4823 1409
4639 -8508 738
-3691 -1639 -4456
-5638 -6248 -7150
1447 5588 9722
3160 -6142 -4464
3177 -963 -1838
-3642 -9920 4829
679 812 -619
-3506 -9205 7853
-5590 50 4111
-8026 9676 -3202
7535 3265 2825
-640 573 4839
-3423 -3063 4470
3716 -3438 -651
6877 4306 -2303
-4230 -3897 -4460
3448 -5782 6550
1500 -3182 -3266
6875 929 2088
-2811 -745 5464
-1012 -4560 -1270
-5359 -1488 9018
-8908 -4862 -8544
-4526 7877 649
8665 9073 -6321
-596 3968 8309
2449 9115 -5634
-5090 9866 4370
-6447 -5566 8274
-8947 1758 -941
4349 7685 5433
-5539 9612 7893
-6775 8081 -3323
5213 704 3994
8361 6687 7429
-4082 9880 6522
-9281 7974 2447
-4458 5789 -4199
-4935 -3425 3077
-2682 8790 1919
-7950 -1601 4384
5948 9123 -6470
9589 1438 -7955
-6260 827 8280
2269 1899 -4168
-5453 7577 8868
-5107 6167 2226
355 502 -5618
-6065 -7148 -7260
-9915 -1580 1416
-995 1245 -6937
1872 5692 1209
7018 -7763 2735
9475 -9151 -2148
1155 -2055 -4850
5572 -6203 -1931
7351 -9570 -6083
3140 122 4174
4655 6206 413
-2949 3929 3521
-5295 -6314 -5218
-2713 8378 -9543
5050 1057 -5030
2660 -9198 8163
1322 -5773 -6727
-2967 -2723 5429
1315 9641 5620
-4861 -6853 4138
-6493 -2446 3176
-8063 -72 -2868
6456 3990 6215
-5139 3215 7026
7635 -6831 2593
9311 9611 3616
8918 6046 -28
4633 4707 -2538
-1452 3469 -6746
2683 1798 5421
-2714 -4674 -9245
-9825 8481 7275
-512 -7066 -502
-4603 9914 -4147
-9271 -604 6057
6982 7059 -9023
9968 -8896 -100
4501 4863 -7013
1273 4073 603
-5955 6578 1265
6207 -9096 -8747
-754 -7877 4124
9201 9633 9416
-8697 -5059 6699
-2136 -6420 5661
-9157 -5375 -2195
-6009 81 -5498
-3223 -2387 -7568
5337 -6789 -1266
-4656 4212 -371
-3309 5506 -4972
5862 6879 -5672
812 3205 3044
2632 9383 -4253
-1870 -7473 323
6891 -2069 -7882
-7243 -2062 -8505
-902 -3945 -5208
-5910 4237 -6074
-6769 4643 9680
-5206 -4230 -5036
489 4066 -3516
-3151 -2341 -3198
-5092 5283 -4523
737 -2517 -3846
389 -9383 5562
-1942 -5023 8284
3512 -6533 -7649
917 -4540 3106
-8267 4890 3695
171 3074 2774
-7064 -9625 970
-2320 -7967 -5573
-4749 7956 7947
-591 3491 -4946
-1311 6938 9838
-6976 -2029 9494
3946 1114 -2686
9392 6034 -5079
-3376 -6245 1574
4915 -6092 2674
-4840 6711 9745
-2739 -972 -3490
-4 -6631 -7107
3350 -4810 8340
-5362 5557 -6140
-7730 -9197 1690
3256 -7248 9332
-4170 4234 -5756
9058 5852 1013
-7200 781 7266
4632 9403 6985
731 1388 7541
6725 5424 640
1075 9749 -4272
2543 5866 -6886
-372 -4060 7515
1587 -5106 -791
-655 -437 -8376
9398 -9608 946
-4439 8429 -6226
-4281 5450 5268
4227 4469 8936
8145 -3677 -3623
-7773 7144 -3035
-8505 4537 251
494 1516 4392
-5465 6260 2759
-1898 -8089 8557
-959 3415 935
5221 6644 -7704
-889 -6358 9504
-9124 8032 -1804
1900 -9050 -3066
-8623 1606 -3746
-4485 5809 -6982
2142 7186 3295
-5066 9803 -9556
7145 -3688 7831
1027 439 -3739
6506 -1322 8358
7075 8982 9542
-4495 2048 7631
-1562 5184 3621
5203 -7484 9867
2900 7032 -3356
3217 1067 -429
4250 2148 6974
9927 4318 -689
2174 -8025 3803
-3438 -8850 -3807
6250 -2644 -3806
506 -1168 -4595
-8932 -927 4257
-5049 378 -1904
-6589 -2681 -6904
8771 7610 5344
-9513 -4848 4966
1692 8886 274
404 6180 -1769
-9824 -8732 -8272
2005 2471 -5708
5198 -6130 9212
6724 5547 9426
2642 4659 710
-4527 2363 3755
-7363 7292 -1318
8555 -729 -3356
-6005 -3797 762
4585 -5333 4562
-8673 -5872 -2073
1535 -3267 -1634
-4560 -4644 -9171
-8475 5096 4659
7575 -2924 8479
4997 6302 1419
5177 2136 4108
-8194 6700 -4117
-161 5466 9041
4560 7134 -2510
-2098 -6298 -756
6178 -2952 -9869
-6533 654 9831
5087 -9538 9558
188 3142 1068
469 -2531 -9024
2484 8708 -2592
-3372 -6811 -9731
9189 9418 4439
4079 -9972 -3141
-5399 7550 -1950
4059 4864 6251
1859 -3503 -5804
1450 7370 2270
-7434 -6922 7030
8391 -6834 -5657
-1820 -399 -49
139 8064 -7829
250 9709 3346
7382 1421 5349
4248 -9213 -5483
-7936 4144 -6208
-4951 7213 -2037
9395 2829 -7231
3676 9529 -3865
-4714 5802 -8279
7777 8075 -2598
8806 -3136 -6786
1033 9126 -2131
252 772 7520
-9901 5234 9793
-1164 -1824 -5586
790 -4938 -8650
283 -7167 7864
-2860 -8561 2006
-5703 -6391 1483
-8005 835 -2861
-4370 -8068 -1680
6499 -5258 -7478
8853 4092 -6613
-4585 -2257 7373
-708 -8138 6409
1624 3333 4277
-448 2133 9800
4208 -5578 5610
-2240 -89 6810
4503 -2793 933
2694 -6068 -9818
-268 7626 1095
5799 -9429 8716
9281 8568 9801
159 -7716 9984
2253 -9058 -6092
762 -6544 -7007
27 -4652 -8170
3685 255 802
-6409 8599 -5370
2551 8337 5205
-6524 9561 4131
2893 -674 -3027
1671 222 -9314
8053 -4342 2846
-7504 641 -2868
-9462 3061 -5968
-5049 2396 -7575
-1488 -426 8157
-8670 9080 4065
-4727 9084 -6924
-6703 -7072 5041
1622 -2186 -8826
5521 -1897 -1374
-8789 -8499 2375
-626 2877 2205
-6099 4099 -4857
-3024 -472 -4834
-9721 4806 9773
-7490 -5849 4458
3170 -3868 8206
-9302 799 2477
9226 -9975 -2909
3154 8585 -996
-2108 7505 8370
-7580 -2370 -5210
4036 5547 1089
2179 -7262 4445
-4844 -2519 -4230
-4609 4517 1270
5854 -1748 -7885
-2243 -5379 2501
9566 3563 8577
-9976 5190 -1430
9296 3681 -1997
8 -8372 6820
-1701 -4935 7896
-2811 -5610 -1061
3783 -314 -8677
-757 5514 4445
-715 -75 -3325
1445 5196 9409
3156 -9422 -6380
6932 -4748 6984
1957 -2806 2940
-1444 -9225 -6583
-4027 2885 6379
4767 1837 -4544
-3896 4595 4750
2631 -6979 4335
4798 1841 8808
3589 574 -1780
1772 540 7310
9179 -5298 -5468
6227 -5288 9476
5861 7437 -9176
5757 508 -1112
9584 966 9974
2023 2112 -5497
7488 2466 -698
-8625 -2836 -1015
511 -4283 -7385
-5890 -4274 -1114
-3196 4594 6887
-6996 -1430 -501
-8953 1649 -8070
2712 -6008 7308
4858 -8252 9239
5009 -4650 -3520
-1169 2696 4649
-9321 963 8049
-4297 1778 -6200
-4338 -251 79
6645 -5998 -301
4628 9801 -8526
-7722 -5253 1670
3825 4937 4238
6451 5744 -8146
-8493 6362 9169
-2598 -953 -6562
-2001 -2887 5308
2918 6788 3533
7892 -8670 -2465
6920 -5841 9413
-2871 5737 7881
-2207 5026 -6924
2939 -2434 -5476
-3577 8314 -1323
483 -3770 4790
-7290 -3729 431
-8635 -8540 4052
-1761 729 9188
-6865 -5801 9468
7288 -1696 -3845
-9440 -5680 9242
5613 -4477 -1193
2317 -5632 8604
5902 -2728 -6194
8380 1525 2992
258 1486 5551
-5180 -8321 149
-9199 -8344 -935
-8838 -636 4075
-5833 2928 -2602
1276 -6854 2803
8345 9066 -6840
6940 -8960 -1931
8939 5338 -5434
5650 -2285 5437
8077 -5043 5047
-9474 4452 -5164
5099 6812 -1417
-1843 -9517 7659
6733 5097 8277
3633 9494 -8633
-291 9232 -5296
6032 -552 -5865
1555 -5246 -8266
5045 -6780 3453
-2610 428 -6502
-3046 5054 -2818
-3887 -5270 -5249
8986 2189 1240
791 8003 -6463
5761 -95 -4034
-7598 -9808 -8507
-2945 -3229 9601
-1411 6123 -928
760 -9733 1654
-3707 -8401 -9958
-9716 6849 4019
-7566 -3016 2586
-2516 -6783 -9503
718 1594 6756
5235 -8842 1601
-886 -6169 -9021
9130 -6945 6457
9164 -8113 3846
712 6299 -3902
439 3181 -5584
-7448 2878 -9277
-1490 -1786 6003
4196 2848 776
136 -1103 -1750
8744 322 9888
403 -5864 4807
-9909 9580 -1789
-7338 -8645 -6942
-3855 6880 -560
-8172 -9429 9718
-4887 -479 -5819
140 -6444 -4459
5518 3867 -1516
-5600 -2594 270
749 -9536 526
-820 1735 -659
-8106 -3423 2739
9116 7919 -5034
3942 -4958 465
5562 -3333 -4735
-1365 -4654 -733
-987 -9665 -2493
9019 -8914 -337
5261 1786 -6698
-4802 -2319 6258
7357 3442 -3774
-918 4303 385
-211 9796 4702
-1213 3894 6202
9697 8659 -9979
-5830 6090 -5222
9067 -8337 -3961
3745 -6942 -7975
-1494 5420 -6800
-3826 -7325 1081
9716 8621 2291
4417 -1108 -286
5818 3172 2799
-2298 3709 -9661
1359 -9993 3443
4251 2148 2089
-3240 -8121 -548
-3074 -2962 9836
-4402 -3391 6387
5874 -2586 1170
-2206 -3165 -4238
5229 -7400 1394
-9522 8359 -315
4486 -4682 774
-443 -2522 7842
-5776 -7746 -1534
-7224 2643 4276
6496 -4630 -4512
-1140 3237 -2666
1414 422 -3748
-5534 2645 1195
-1734 -6204 -4937
4971 7020 6481
2567 -3055 -3615
4726 -6947 -6885
5793 1841 -2591
-7259 3973 -7952
8615 -135 -1913
7844 -5863 7875
2832 8394 5506
-3212 -2513 7816
9477 5758 2433
5235 -6112 -6903
8450 -6354 4236
-7322 9670 8460
-1883 3831 -6628
6609 -5461 2690
-1949 -8054 729
-2479 387 -9644
-6381 8591 -1796
-4786 -6075 -2649
5064 9795 5949
-4462 -9842 -853
8339 -7947 -5746
-544 9989 6222
-2821 -9720 1166
-3183 7754 -8652
-3502 1337 2256
-1579 3611 -5869
179 9621 7727
7235 349 8550
-6259 -8305 2283
-3629 -4221 -2234
-7883 9739 -2976
-9488 6759 6387
-2297 6051 -6772
4209 -3171 5857
7327 -5327 -6965
2436 -9630 -4063
-8112 -6055 -7417
7138 8262 -6921
1386 -81 -2381
508 -1559 9531
7440 -7270 -1404
-4009 -7648 3116
2923 2898 9464
-7443 -9484 3905
-4659 4633 8562
1822 4772 6029
-8874 -5749 -551
7898 -8539 -8379
-3069 706 -9749
6997 950 -2102
900 5871 -7118
-468 -5910 7646
-2780 4661 766
-7052 3943 4117
8181 4607 8464
-1449 -4401 1654
-7934 -7514 8955
683 -6636 -4429
9198 8266 -6501
-6815 -6057 1808
-6754 6499 2080
5353 5644 -7265
-2156 5434 394
2142 7229 -4131
-1568 -2071 -7435
-5483 4734 4881
-1657 -240 2199
6787 9726 5049
-9555 2012 -3059
1835 864 -1601
-1590 -6004 8676
-1176 -9147 -9727
-4736 9475 -2412
-9013 -2774 -5615
9971 -2962 -2536
9938 -5202 -5340
-270 7389 405
-6694 3857 -6657
-1043 5427 6599
8239 -1141 -7778
6263 -832 6894
5325 3370 -4319
603 7616 8832
-4303 -9097 5846
4191 3293 -3498
-4869 7164 -6600
-4322 5338 -8759
-8385 -1132 293
-3218 280 9801
1253 1608 8955
1050 5019 -8708
-8951 7476 -5312
8896 3627 -7949
-9064 -6711 2009
5183 -2544 4587
-1762 4220 2756
-2796 2237 -5116
-1410 -884 3198
-8064 -3954 300
334 -1497 6089
7334 -783 1722
-7127 5119 -7938
7005 1220 -4994
-1236 -6034 -9346
1281 -7280 -5487
-4004 -4741 3462
-6785 8628 -8931
-3758 -416 -1116
8034 8315 4733
-6339 1244 6594
-9347 -3688 9205
-7259 6698 3954
-4299 -8141 -3986
4545 7096 -3839
-243 9134 1303
7912 4313 -2432
-3972 -8524 5122
-4139 8645 -478
9783 8234 -9320
7061 9374 -4432
4235 9651 8432
-8190 -2509 3617
-5320 5067 7694
284 -2753 4935
-6082 -1278 -7220
6450 6263 -7442
-9178 2369 -4983
-5719 9749 5969
-7389 -2968 8667
-4002 1012 -3468
3577 -1575 -1073
4674 9332 -8769
-8103 -404 -7901
6133 -2262 -543
9351 -724 -2227
-4950 -6188 1777
-8769 2553 9395
-6032 6429 3738
5253 -7093 3879
7035 2972 1866
-5331 9418 2487
