No
797 1506 797 1506
983 -4973 -729 3682
5981 5056 5981 5056
4033 -4229 -2494 2613
303 569 303 569
190 2618 190 2618
7240 4380 7240 4380
No
258 2333 258 2333
2937 840 2937 840
1584 1 -6056 0
376 -544 -2511 3616
150 435 150 435
25 7536 25 7536
1202 -4706 -291 1140
969 1213 969 1213
542 -511 -6144 5806
1495 -3527 -2494 5884
789 223 789 223
No
2413 -2674 -759 837
No
2987 -4495 -1650 2484
2439 4264 2439 4264
3067 1371 3067 1371
4607 6717 4607 6717
2829 5510 2829 5510
2107 3122 2107 3122
No
679 3296 679 3296
No
992 -3392 -1413 4827
No
4036 -3917 -2276 2208
1407 4046 1407 4046
128 33 128 33
1497 -644 -1636 707
459 1495 459 1495
No
382 1464 382 1464
2563 -2769 -5937 6414
188 736 188 736
7014 -3514 -1862 933
213 1263 213 1263
1746 3562 1746 3562
1172 2326 1172 2326
6659 -1641 -2882 710
2762 -2845 -2789 2876
1811 380 1811 380
2631 3405 2631 3405
2556 1793 2556 1793
No
3188 -3013 -1182 1116
4187 -3074 -1420 1041
1743 842 1743 842
522 -1059 -1044 2120
2004 -2299 -4934 5662
3809 2248 3809 2248
2605 1813 2605 1813
750 1374 750 1374
2735 3798 2735 3798
No
No
1337 -1835 -1644 2253
2996 -3093 -757 781
1233 -106 -3742 320
No
2998 1508 2998 1508
1374 2334 1374 2334
1431 3360 1431 3360
174 -216 -1530 1871
No
1236 1048 1236 1048
No
No
3192 -3976 -2519 3137
519 -658 -2123 2699
2847 -578 -3836 778
No
No
No
5614 -1666 -3577 1063
No
1604 1142 1604 1142
No
7081 6067 7081 6067
1731 -4807 -1508 4183
853 5805 853 5805
557 5644 557 5644
No
112 146 112 146
No
1997 2586 1997 2586
6747 -2870 -189 81
1042 -1667 -647 1029
70 853 70 853
564 -3995 -347 2464
962 2340 962 2340
7134 -7231 -2720 2756
673 -814 -2772 3350
2362 2721 2362 2721
985 929 985 929
No
21 -1293 -18 767
6797 4009 6797 4009
No
No
62 80 62 80
732 -423 -4145 2382
261 44 261 44
790 4124 790 4124
884 1704 884 1704
1260 394 1260 394
4 -25 -830 4236
65 -1655 -2 21
712 115 712 115
9582 4930 9582 4930
4198 -5760 -2433 3340
No
No
No
No
No
No
243 81 243 81
107 -809 -242 1871
513 240 513 240
51 4168 51 4168
958 1514 958 1514
136 -87 -98 38
7009 6863 7009 6863
2369 1068 2369 1068
3126 2472 3126 2472
10 11 10 11
2306 -2748 -4251 5063
No
6952 -1609 -1633 377
2509 -2618 -5800 6050
1807 -1081 -6544 3913
9438 -4657 -260 128
1119 -459 -2140 884
137 1008 137 1008
1317 699 1317 699
384 55 384 55
3069 -4520 -1240 1826
No
6286 6272 6286 6272
No
5470 -504 -1653 153
776 -1348 -4677 8129
No
117 953 117 953
2245 1988 2245 1988
3773 -4398 -3248 3787
1939 -3536 -2667 4867
No
No
384 313 384 313
3153 -2102 -790 527
5658 -1891 -2527 845
2683 -2398 -4522 4040
1293 1888 1293 1888
404 -118 -2874 829
5738 2526 5738 2526
No
6535 -1264 -3296 637
No
1306 -2906 -464 1035
2709 4069 2709 4069
677 -8985 -45 600
4048 2990 4048 2990
196 810 196 810
447 -448 -7837 7861
No
1529 -1408 -1280 1178
2215 -2585 -6198 7234
No
No
No
No
3909 -2371 -2822 1711
No
2624 1896 2624 1896
95 -178 -3748 7026
809 1166 809 1166
1468 1369 1468 1369
5549 2096 5549 2096
No
1614 2571 1614 2571
7380 -5443 -2283 1684
4 -654 -41 5125
No
182 817 182 817
No
136 300 136 300
4357 5532 4357 5532
4382 1125 4382 1125
No
4931 -684 -2413 335
4327 -840 -466 90
7164 -1788 -2255 562
4569 -4022 -640 565
2872 7345 2872 7345
No
6194 2399 6194 2399
1599 474 1599 474
7516 2870 7516 2870
417 -267 -9237 5924
3878 6494 3878 6494
No
No
8982 -9713 -214 232
1287 866 1287 866
No
95 -30 -8874 2877
25 -541 -78 1958
5751 5042 5751 5042
No
No
601 632 601 632
No
4803 778 4803 778
101 5410 101 5410
No
317 -1851 -6 26
No
No
5023 2104 5023 2104
1358 -5525 -81 336
2305 -883 -3529 1352
3081 278 3081 278
6797 7070 6797 7070
373 -465 -2332 2911
156 788 156 788
2044 5943 2044 5943
3075 -1802 -6061 3555
512 -861 -317 530
4133 8535 4133 8535
363 51 363 51
1173 -3203 -328 888
221 -312 -603 837
673 -932 -2911 4037
1708 -1873 -6159 6754
3197 2240 3197 2240
No
4845 -2501 -587 304
No
6688 2582 6688 2582
2789 -2572 -1438 1326
No
1343 1928 1343 1928
4454 549 4454 549
330 739 330 739
113 -791 -146 1097
1997 4077 1997 4077
3258 -753 -6693 1546
No
No
1795 2271 1795 2271
2096 687 2096 687
No
592 -350 -1847 1097
505 1347 505 1347
513 -1338 -445 1153
2423 1999 2423 1999
2461 4175 2461 4175
No
5 5491 5 5491
No
711 7360 711 7360
5696 -1826 -3923 1258
3446 6121 3446 6121
6119 -3792 -217 133
458 -791 -2541 4405
1443 -3869 -4 11
2063 -1150 -1400 779
5659 2353 5659 2353
No
No
1535 1072 1535 1072
9 41 9 41
No
150 -603 -841 3367
No
6728 3129 6728 3129
916 1059 916 1059
No
No
1018 -56 -289 14
2446 1676 2446 1676
3565 2185 3565 2185
1516 1505 1516 1505
733 727 733 727
2971 1072 2971 1072
No
1440 -1309 -3281 2989
352 -336 -2328 2215
1824 346 1824 346
No
94 86 94 86
241 -278 -6448 7476
411 315 411 315
624 2892 624 2892
4282 -2974 -5657 3930
5244 -2915 -3468 1926
No
1461 1029 1461 1029
61 -433 -656 4786
6385 5723 6385 5723
No
No
1180 8514 1180 8514
No
No
No
6763 -3541 -2006 1050
490 1042 490 1042
1018 316 1018 316
No
1810 -626 -661 226
314 -1790 -1239 7053
3026 2041 3026 2041
83 8228 83 8228
2350 -2084 -263 231
111 -913 -968 7944
426 -883 -2308 4768
6266 -1242 -659 132
418 -77 -1669 310
6707 -2308 -3056 1052
1847 -4254 -722 1662
386 222 386 222
2011 1756 2011 1756
72 1935 72 1935
156 -98 -2894 1839
3111 2812 3111 2812
2448 53 2448 53
997 139 997 139
300 3589 300 3589
No
No
No
587 1179 587 1179
No
1643 2287 1643 2287
2062 2926 2062 2926
No
2778 -6853 -809 1997
5274 4593 5274 4593
1412 7392 1412 7392
27 728 27 728
4838 947 4838 947
262 -64 -3151 807
No
4380 6018 4380 6018
221 1314 221 1314
3815 -934 -2594 637
161 -100 -4788 2996
2065 -1914 -717 661
2883 1809 2883 1809
4685 295 4685 295
522 71 522 71
1596 -117 -3273 242
No
1772 -1686 -3151 2993
2543 -2733 -1768 1901
16 22 16 22
790 -41 -3099 150
4505 -6200 -2607 3589
215 -165 -1875 1422
No
454 1166 454 1166
224 1503 224 1503
3289 -3604 -2713 2975
No
No
No
2070 3891 2070 3891
275 -103 -5039 1920
110 -135 -6449 7993
3081 -2410 -4730 3701
3154 -3629 -439 504
704 527 704 527
61 56 61 56
No
6000 -843 -2504 352
610 1009 610 1009
No
523 186 523 186
921 -40 -2338 110
2094 2533 2094 2533
2268 3567 2268 3567
No
4939 -4232 -3924 3362
4646 3919 4646 3919
5394 2941 5394 2941
1245 -2801 -394 890
2805 -2530 -319 289
2262 -584 -3326 863
916 472 916 472
No
No
No
1917 -731 -7288 2775
No
303 251 303 251
162 -373 -491 1134
210 243 210 243
413 -463 -608 678
No
2575 -4113 -1731 2764
No
1382 823 1382 823
980 463 980 463
575 -4253 -354 2622
601 -2275 -144 536
No
906 -3269 -582 2090
No
7534 4329 7534 4329
4085 -3902 -4988 4763
No
1814 -488 -7301 1961
2800 1445 2800 1445
2682 -3108 -2884 3339
857 4361 857 4361
2977 -1684 -4708 2665
1989 1147 1989 1147
6909 5792 6909 5792
98 -720 -606 4493
No
No
6575 7653 6575 7653
1667 1283 1667 1283
No
No
691 -3434 -910 4516
3407 -2222 -5716 3726
83 -559 -1355 9030
683 5180 683 5180
1898 -2270 -1900 2268
3386 2438 3386 2438
4319 3577 4319 3577
308 -229 -194 126
3696 -3135 -3452 2930
No
No
No
5519 4989 5519 4989
1688 1748 1688 1748
No
5282 4745 5282 4745
5467 4200 5467 4200
3 -43 -58 1527
3929 -2947 -2277 1708
1491 1120 1491 1120
5776 -4843 -538 452
2965 959 2965 959
876 -4190 -181 860
No
5519 1265 5519 1265
2020 -2203 -703 764
3890 -530 -5751 785
1619 -1149 -5234 3712
1014 -2693 -1432 3800
12 -1304 -60 6759
No
1791 2865 1791 2865
No
1782 -1726 -7829 7585
821 -1211 -2202 3248
3978 -3916 -729 717
1376 574 1376 574
1475 -2198 -323 485
No
64 75 64 75
346 -25 -3187 231
3531 1639 3531 1639
269 -4139 -335 5132
5251 -5195 -1808 1787
No
4654 -4309 -209 192
3216 -1005 -857 268
5313 4810 5313 4810
No
99 -10 -7778 744
No
4341 -7464 -718 1233
No
4385 -7470 -990 1687
No
89 -117 -128 176
590 464 590 464
No
2960 1778 2960 1778
No
2072 -524 -1133 288
9278 -2603 -105 29
883 -221 -6590 1649
539 1799 539 1799
1715 -6020 -347 1223
1659 -378 -2286 524
2559 3568 2559 3568
572 836 572 836
1106 -1360 -1009 1243
1714 -207 -2352 282
1686 -2268 -655 883
5204 5015 5204 5015
1617 475 1617 475
5345 221 5345 221
1977 -766 -3046 1176
2284 1229 2284 1229
4078 823 4078 823
665 1125 665 1125
1724 -95 -1350 76
395 -290 -9230 6774
5569 -1621 -2398 699
129 78 129 78
3015 509 3015 509
6052 1145 6052 1145
496 -1710 -1533 5266
488 -1731 -69 242
No
351 -190 -5894 3186
5774 4658 5774 4658
2681 1935 2681 1935
No
119 1 119 1
47 31 47 31
111 106 111 106
440 -370 -8757 7360
No
307 301 307 301
No
670 6186 670 6186
5176 -2549 -4227 2083
35 -13 -1353 718
3440 -4265 -1984 2460
1837 -203 -7912 872
2710 -1176 -3156 1367
No
No
291 -417 -146 238
87 85 87 85
7443 3919 7443 3919
522 411 522 411
3915 -3701 -554 526
3096 6859 3096 6859
3503 3811 3503 3811
3461 6488 3461 6488
638 -205 -120 42
No
3324 -781 -4765 1117
3325 934 3325 934
5160 -4056 -1484 1165
3036 -426 -3322 463
899 1021 899 1021
No
984 5281 984 5281
179 137 179 137
No
803 414 803 414
3239 6273 3239 6273
299 -708 -140 319
212 1037 212 1037
4088 -3219 -4894 3856
63 142 63 142
No
6853 4763 6853 4763
1655 -683 -103 42
440 -1327 -627 1890
829 -1637 -245 488
451 -1037 -3867 8890
5572 1509 5572 1509
No
73 174 73 174
No
882 -8503 -45 429
No
1758 -4318 -923 2271
6284 -7242 -1326 1529
No
No
No
1263 -1420 -920 1036
1147 -933 -1324 1072
2279 1931 2279 1931
960 -1162 -4587 5562
4624 -2622 -35 20
2275 4360 2275 4360
5770 5826 5770 5826
380 4464 380 4464
2672 -4226 -1125 1779
3573 3071 3573 3071
4617 -6819 -1255 1854
3068 1442 3068 1442
No
3775 6279 3775 6279
2145 5554 2145 5554
5055 -4008 -1247 989
1508 -3653 -628 1524
No
521 17 521 17
No
2582 -860 -567 189
No
3 45 3 45
300 159 300 159
1209 -72 -362 22
2447 457 2447 457
1892 -540 -285 81
1641 -811 -5170 2561
3353 -3271 -6065 5918
5913 2419 5913 2419
2600 1859 2600 1859
3249 -2710 -1615 1349
1836 976 1836 976
581 -114 -156 31
838 -901 -2623 2816
No
2 -9 -55 251
5281 -92 -2783 47
4130 -106 -5579 144
86 -443 -1335 6939
No
53 100 53 100
1788 1227 1788 1227
961 -3194 -1868 6201
3247 -1253 -6282 2423
No
1201 -1157 -6874 6620
No
5705 -646 -3421 387
134 -34 -59 29
1245 2357 1245 2357
No
1958 315 1958 315
3472 136 3472 136
1035 -346 -7526 2514
5232 -4669 -1159 1034
No
2022 -1095 -2012 1090
3464 4283 3464 4283
No
2026 -4119 -231 466
No
17 -7 -3316 1617
778 168 778 168
912 687 912 687
80 -2090 -9 150
No
2465 1096 2465 1096
No
No
5193 -5624 -3375 3657
1276 25 1276 25
4468 1112 4468 1112
No
42 2 42 2
No
3178 2368 3178 2368
5718 -1749 -2619 802
1311 895 1311 895
621 2670 621 2670
No
2108 3909 2108 3909
503 5884 503 5884
2084 6440 2084 6440
1055 2220 1055 2220
No
No
3180 1654 3180 1654
7009 -6644 -63 59
1004 749 1004 749
1548 4506 1548 4506
7172 -7417 -1327 1372
525 115 525 115
1144 1701 1144 1701
No
1189 2407 1189 2407
1922 -2462 -3927 5028
1623 1328 1623 1328
302 3519 302 3519
No
7681 -2822 -904 332
4190 1178 4190 1178
1 -1 -236 757
1431 -1041 -4116 2995
2035 610 2035 610
1822 -3502 -697 1342
4405 4495 4405 4495
No
620 -259 -4759 1984
151 -403 -3412 9163
35 67 35 67
2951 -7453 -730 1843
1899 1 1899 1
94 -34 -141 47
No
217 2642 217 2642
3607 496 3607 496
10 -51 -5 92
4433 -1231 -763 214
1837 616 1837 616
538 784 538 784
1930 1345 1930 1345
982 -153 -8243 1291
2503 3496 2503 3496
1053 -2735 -784 2032
605 514 605 514
3519 1326 3519 1326
1354 -3524 -487 1274
344 -2154 -230 1435
No
3152 5462 3152 5462
3924 4619 3924 4619
5291 -4171 -2146 1690
288 -3266 -220 2491
34 -327 -449 4465
1889 -1812 -223 211
No
2675 -8135 -161 490
1511 182 1511 182
326 -449 -1811 2496
No
No
780 4230 780 4230
No
No
4420 4762 4420 4762
1871 813 1871 813
319 3096 319 3096
1640 3960 1640 3960
211 -3647 -40 691
1455 1612 1455 1612
1434 -678 -8367 3950
No
3326 -2576 -1611 1249
3482 -3912 -2262 2539
4859 6488 4859 6488
497 -1348 -456 1250
2704 -1876 -183 125
No
No
4177 4947 4177 4947
3732 1869 3732 1869
2244 984 2244 984
876 1060 876 1060
5581 2401 5581 2401
1290 164 1290 164
No
No
No
3415 -4043 -2386 2822
No
No
3203 4016 3203 4016
1292 530 1292 530
977 2116 977 2116
No
No
5958 -3709 -2363 1471
977 -1077 -7367 8122
No
778 1549 778 1549
No
4926 -4535 -4140 3810
No
3024 -5065 -2314 3874
No
No
No
5421 -4058 -1391 1041
8919 -1728 -598 115
2943 -3886 -2154 2847
7793 -2983 -1701 650
272 8 272 8
No
3844 1141 3844 1141
No
165 991 165 991
1768 1065 1768 1065
4687 -3456 -583 431
1433 -5882 -756 3104
781 -78 -7222 713
46 2832 46 2832
No
3115 -2844 -114 101
478 110 478 110
8224 642 8224 642
5589 -2465 -2812 1242
1592 2259 1592 2259
No
55 -19 -344 129
429 -189 -368 170
2723 1612 2723 1612
3596 -515 -2573 371
No
3377 3814 3377 3814
2914 -330 -3385 382
951 -133 -2230 306
No
No
402 -592 -310 457
198 26 198 26
11 -268 -150 4104
2893 198 2893 198
8741 9041 8741 9041
5564 -4722 -3081 2616
880 493 880 493
No
139 -1406 -340 3481
No
2702 -3856 -1165 1662
396 -855 -901 1945
3782 297 3782 297
No
No
5811 -6690 -2108 2426
No
No
No
3469 -354 -6196 633
8741 8844 8741 8844
290 -858 -1496 4403
2196 -4550 -123 252
2146 -4588 -1296 2769
623 133 623 133
3274 71 3274 71
470 148 470 148
7957 -8912 -702 785
No
3455 3758 3455 3758
1073 580 1073 580
2330 641 2330 641
419 -219 -6906 3607
3419 -3853 -5202 5863
610 2432 610 2432
No
787 485 787 485
No
No
No
494 -516 -987 1021
3113 -4043 -278 359
289 656 289 656
1253 -872 -1912 1334
5586 3947 5586 3947
2789 3177 2789 3177
1071 1026 1071 1026
62 -14 -2460 429
1804 -1345 -2069 1543
No
273 384 273 384
No
26 -96 -185 611
1155 2417 1155 2417
No
No
2355 1980 2355 1980
3572 2431 3572 2431
1020 -3211 -821 2582
1093 1995 1093 1995
No
5059 6767 5059 6767
No
298 -384 -2215 2828
2995 -4929 -2763 4548
3827 3279 3827 3279
2118 2816 2118 2816
4435 3359 4435 3359
3686 1810 3686 1810
792 958 792 958
3851 -932 -4203 1017
197 1237 197 1237
6009 4463 6009 4463
309 -243 -5766 4543
3036 -1569 -229 119
No
1891 1985 1891 1985
6856 374 6856 374
6274 -1821 -3446 1000
7384 3030 7384 3030
1063 2786 1063 2786
1943 848 1943 848
6493 -120 -3128 59
13 -245 -336 6990
No
3547 -3049 -674 580
8562 6930 8562 6930
6135 8613 6135 8613
53 19 53 19
No
2114 2909 2114 2909
No
766 -1025 -5289 7087
No
No
163 47 163 47
No
4820 -2527 -2828 1482
1190 -1197 -1708 1726
9077 -7124 -407 319
1809 1821 1809 1821
No
94 -145 -5655 8729
93 87 93 87
619 2677 619 2677
484 -3567 -466 3430
No
No
1787 1066 1787 1066
2922 5227 2922 5227
1691 -3001 -2916 5180
No
No
3637 375 3637 375
No
4856 -5464 -1201 1351
629 654 629 654
1499 -1423 -4145 3930
No
5678 -1683 -1551 459
1171 -883 -900 685
3495 4049 3495 4049
33 -237 -207 1420
5313 -3707 -4413 3080
1237 5873 1237 5873
413 -879 -451 956
1218 -324 -1784 471
No
7867 3932 7867 3932
1915 -6220 -859 2793
156 526 156 526
1965 3755 1965 3755
409 15 409 15
3703 6425 3703 6425
1154 223 1154 223
No
770 5788 770 5788
No
3008 -237 -4608 366
487 -231 -8610 4072
2255 -2871 -1038 1320
No
No
903 -6689 -229 1696
No
1311 -1016 -297 237
No
3364 4027 3364 4027
850 -2087 -2777 6809
1699 -2295 -5012 6769
1173 2388 1173 2388
1742 728 1742 728
1906 2380 1906 2380
325 -522 -117 183
505 -1030 -154 314
1448 319 1448 319
6 54 6 54
1661 2311 1661 2311
No
940 -191 -2077 427
No
No
6891 5418 6891 5418
50 -449 -158 1430
3682 -3557 -4633 4477
530 2706 530 2706
3601 -9129 -87 218
No
7339 -3875 -802 424
1473 -944 -5623 3601
1423 38 1423 38
4256 -7808 -57 104
No
3837 1837 3837 1837
4608 -5476 -3626 4307
8614 -6489 -760 572
8509 -3733 -1142 502
No
991 1042 991 1042
2276 233 2276 233
350 -1660 -289 1381
4984 -5134 -1279 1316
659 2551 659 2551
7208 4229 7208 4229
2721 -6777 -247 612
No
No
No
203 -4052 -201 4051
129 350 129 350
535 6913 535 6913
No
No
2730 2562 2730 2562
2014 1491 2014 1491
1786 -4227 -1186 2808
3153 1785 3153 1785
