5981 54431 5981 54431
9642 -10301 -15625 16698
11916 -12541 -39507 41575
30568 45271 30568 45271
2005 2954 2005 2954
7925 39711 7925 39711
6057 -2493 -58837 24208
No
No
2501 1393 2501 1393
No
9991 10319 9991 10319
2877 -961 -15948 5328
60080 7654 60080 7654
No
7511 -1763 -86490 20309
8740 -5178 -85839 50852
48120 -43037 -41869 37448
41278 -50618 -38865 47658
No
75635 42135 75635 42135
No
23210 -15853 -50021 34164
42896 24792 42896 24792
3194 11623 3194 11623
27490 26919 27490 26919
No
87800 69154 87800 69154
8225 -496 -61622 3718
126 265 126 265
10200 -31584 -16811 52064
926 1378 926 1378
24492 -148 -17879 109
12503 65678 12503 65678
No
11005 44991 11005 44991
3511 -4402 -1799 2251
17218 16331 17218 16331
No
43120 -62982 -5389 7873
No
No
67245 57061 67245 57061
No
10134 19148 10134 19148
1180 647 1180 647
3779 3118 3779 3118
2185 3098 2185 3098
18154 -7060 -2072 807
2160 -18384 -6071 51676
No
7390 -22441 -11697 35519
No
3777 -3152 -79060 65998
72899 79758 72899 79758
No
No
11235 21221 11235 21221
94401 -53278 -4217 2379
4975 3409 4975 3409
No
38962 28036 38962 28036
26523 -77879 -1272 3732
13822 2577 13822 2577
No
17023 14179 17023 14179
No
4347 4932 4347 4932
No
No
12924 2555 12924 2555
29063 63546 29063 63546
No
No
26248 -4308 -38108 6257
4360 17499 4360 17499
26715 -27348 -23497 24057
4097 7839 4097 7839
18571 38962 18571 38962
No
1003 64270 1003 64270
18651 -40634 -19231 41893
5676 -57440 -2663 26958
No
5460 17170 5460 17170
6356 6711 6356 6711
12880 14304 12880 14304
56512 36800 56512 36800
No
35581 -56774 -16843 26875
44165 92173 44165 92173
No
8119 -15665 -37929 73184
1239 41644 1239 41644
52111 8673 52111 8673
9027 9557 9027 9557
1279 5191 1279 5191
3506 -16586 -323 1532
26731 33168 26731 33168
No
No
233 -3866 -4242 70420
19975 -7230 -76878 27823
807 20923 807 20923
55948 -40563 -11482 8326
No
1162 993 1162 993
9583 -30045 -6000 18812
15912 10823 15912 10823
No
15237 49228 15237 49228
39895 -22272 -4068 2271
No
43483 38877 43483 38877
49189 37366 49189 37366
3927 40794 3927 40794
No
48700 66836 48700 66836
7400 3540 7400 3540
39745 -57444 -13494 19505
39071 5832 39071 5832
51261 4856 51261 4856
2621 795 2621 795
62949 2351 62949 2351
35277 -31638 -8114 7278
10550 53986 10550 53986
194 -154 -40205 31510
No
4636 2900 4636 2900
2209 12662 2209 12662
No
2329 -1030 -33026 14616
No
10019 73108 10019 73108
15226 21977 15226 21977
No
15354 23608 15354 23608
49430 10550 49430 10550
20025 13496 20025 13496
90580 -1904 -7401 156
14586 -9674 -9536 6325
334 -254 -86725 65919
13381 -29098 -6812 14806
61487 -32407 -8612 4538
11094 34934 11094 34934
68488 -19467 -8335 2368
No
5636 1723 5636 1723
25280 20478 25280 20478
26740 25232 26740 25232
No
15120 45765 15120 45765
No
No
23707 13281 23707 13281
1242 8943 1242 8943
No
9104 -36730 -5087 20522
786 -61520 -339 26537
8315 -33352 -16112 64632
23177 88377 23177 88377
48427 851 48427 851
10268 -3626 -89175 31491
15521 -20789 -15152 20289
No
77725 76597 77725 76597
30034 -34499 -20851 23950
2123 -5801 -20602 56312
No
No
No
14713 -61917 -7328 30845
15815 3032 15815 3032
46 1851 46 1851
46172 52376 46172 52376
No
3728 16939 3728 16939
3753 6802 3753 6802
13372 19560 13372 19560
No
45836 -8098 -42649 7536
23081 12446 23081 12446
50288 -86695 -6451 11121
55376 -22411 -40815 16519
No
10200 13275 10200 13275
No
1441 -68003 -53 2546
No
No
53131 -12948 -10886 2654
No
17094 -40110 -12135 28469
No
56873 -72270 -7262 9229
No
11689 19569 11689 19569
15858 -33894 -5699 12185
11373 -12494 -70715 77693
19701 -49942 -19466 49342
9186 -354 -52165 2016
83495 -18096 -13760 2982
No
39256 5225 39256 5225
13508 -39922 -18711 55297
2975 -5346 -1220 2213
36815 -33254 -13852 12513
88041 -22433 -144 36
4391 -1631 -60876 22596
6341 -8468 -26477 35351
No
14956 -16143 -15871 17128
15941 -7532 -52892 24995
12480 -6296 -67978 34301
No
No
13235 46670 13235 46670
13372 -24041 -1509 2718
6484 -1821 -620 176
226 45085 226 45085
No
No
14403 13847 14403 13847
No
11519 29613 11519 29613
No
375 6941 375 6941
32580 50986 32580 50986
2692 10790 2692 10790
472 -81265 -79 13495
7625 -2744 -89226 32119
No
No
68820 -48873 -14483 10284
9333 51138 9333 51138
75837 39758 75837 39758
2655 -3483 -60662 79565
5476 -44908 -4132 33877
7478 -10385 -56161 78006
24043 12386 24043 12386
27387 31192 27387 31192
64653 44977 64653 44977
No
20602 -19737 -33710 32296
No
5252 -10729 -15775 32232
14461 10064 14461 10064
No
19584 2582 19584 2582
66669 -58258 -7646 6680
8164 -8711 -25933 27663
39731 -60959 -3966 6083
47461 -166 -8875 33
1321 941 1321 941
51474 43040 51474 43040
2322 -2674 -17096 19695
No
2371 -1541 -31472 20493
2383 -6383 -4280 11468
No
3812 1049 3812 1049
No
No
2503 -2207 -60526 53376
No
13767 -1817 -69284 9143
40906 -25531 -27383 17091
2753 -4222 -35688 54754
10055 -1546 -30949 4765
30204 49440 30204 49440
2879 -319 -14450 1612
16769 -18988 -71410 80859
42506 -35348 -31357 26076
21375 -23711 -67155 74492
No
2150 6586 2150 6586
10009 19244 10009 19244
14949 -23601 -3878 6123
4709 35879 4709 35879
No
No
68982 -38258 -2333 1293
No
31950 6157 31950 6157
No
4441 2041 4441 2041
63194 -16880 -31484 8411
41072 -37649 -57915 53090
31042 -2407 -853 69
8489 13165 8489 13165
47238 37072 47238 37072
409 2197 409 2197
468 6106 468 6106
19154 -41835 -18637 40709
No
15973 10141 15973 10141
9756 15845 9756 15845
18106 21464 18106 21464
95397 -38843 -3491 1422
No
10838 50108 10838 50108
21827 -35647 -6972 11383
13704 -10956 -2289 1831
29139 -4818 -19444 3217
60007 22694 60007 22694
No
No
No
No
24608 5477 24608 5477
18352 -6261 -25580 8728
No
No
1888 27116 1888 27116
27482 -28874 -29950 31467
18973 -16087 -18728 15874
81404 -82315 -5439 5499
No
18757 12404 18757 12404
53456 10470 53456 10470
No
1329 -778 -93368 54598
74481 -58470 -23400 18370
4539 -10225 -36494 82232
No
8568 -6818 -653 518
23999 4044 23999 4044
10049 721 10049 721
51310 -67983 -21607 28630
10707 -16644 -51829 80567
16424 -13678 -18189 15149
910 862 910 862
No
16706 -11180 -9121 6107
62929 33653 62929 33653
No
9708 -8485 -39725 34722
16022 -16565 -206 214
88 -1630 -2357 43707
1239 -2359 -49502 94310
68010 27689 68010 27689
6861 61187 6861 61187
9652 -3632 -5574 2103
2959 3295 2959 3295
No
14095 -2618 -21481 3993
No
43798 20311 43798 20311
20613 -16775 -24024 19550
1675 1845 1675 1845
3361 16312 3361 16312
6587 -1840 -36324 10142
49484 52491 49484 52491
No
3439 53287 3439 53287
No
No
No
15166 6776 15166 6776
11800 2219 11800 2219
16707 62027 16707 62027
34773 76625 34773 76625
10160 -30759 -6491 19661
5220 9592 5220 9592
28077 7912 28077 7912
12287 2608 12287 2608
56337 -34481 -36414 22286
6380 30099 6380 30099
9887 -20487 -12959 26858
54828 -53361 -23009 22392
5894 39297 5894 39297
2606 -4750 -13088 23851
11547 11526 11547 11526
No
53952 -14574 -42333 11434
5657 -26586 -11539 54223
No
1952 3776 1952 3776
No
8884 -26258 -8625 25495
No
25819 11831 25819 11831
3829 -13329 -6708 23327
10429 -11228 -2074 2240
13351 -15308 -69514 79709
6174 4858 6174 4858
14165 -5394 -39552 15068
3796 17716 3796 17716
14734 -6222 -14710 6213
37898 -42373 -39064 43678
24759 39912 24759 39912
No
4150 244 4150 244
80559 28646 80559 28646
4829 13091 4829 13091
No
No
69622 -20962 -8599 2588
14988 -13999 -15617 14583
65722 -11965 -28405 5171
No
6354 4283 6354 4283
15475 7083 15475 7083
3136 4671 3136 4671
7223 6202 7223 6202
2978 -45320 -2034 30963
10312 -2450 -24656 5859
18361 17867 18361 17867
60639 32898 60639 32898
150 -6562 -1600 69749
31950 39035 31950 39035
434 2590 434 2590
2757 9955 2757 9955
No
No
2347 4148 2347 4148
30606 19370 30606 19370
No
No
10429 3500 10429 3500
No
26001 -16850 -22321 14465
92815 -4435 -5502 262
50262 -57891 -9989 11505
31231 -27 -33675 23
10255 19430 10255 19430
1831 6551 1831 6551
3183 27797 3183 27797
No
25894 35283 25894 35283
614 -813 -11622 15332
4420 -4676 -24638 26069
12969 -7701 -69586 41322
40042 22280 40042 22280
No
No
17256 -19439 -54619 61534
29639 19440 29639 19440
No
21459 23364 21459 23364
30281 -55960 -2344 4333
47262 73106 47262 73106
44696 17175 44696 17175
23413 -5774 -34228 8437
No
16891 -17716 -6720 7051
21932 14869 21932 14869
24125 -1695 -70394 4948
32362 -3363 -42749 4441
8577 7632 8577 7632
No
4117 -2029 -71306 35163
53144 24412 53144 24412
No
1709 -83 -57 2
No
7160 -3620 -72857 36839
40294 -38001 -12061 11373
49 -1065 -822 18031
29030 20683 29030 20683
41753 27192 41753 27192
5513 -12510 -27351 62079
8457 30349 8457 30349
5123 -7993 -30368 47393
89987 47035 89987 47035
86221 -13366 -7416 1149
33355 -92 -56096 156
27534 -46559 -24542 41502
No
No
No
66892 52013 66892 52013
No
13295 -13593 -15752 16098
21031 24234 21031 24234
30068 -43845 -3656 5334
No
27551 -11760 -26406 11269
9990 -1950 -74301 14510
8360 -25118 -21248 63841
1006 -1082 -55711 59928
51655 -30664 -23379 13879
24720 -77274 -531 1663
3709 13048 3709 13048
No
835 -1663 -1470 2984
202 4486 202 4486
No
3859 1848 3859 1848
No
1564 6220 1564 6220
37312 -79834 -3492 7473
31232 15938 31232 15938
15357 -32422 -19652 41491
No
34405 21091 34405 21091
No
50854 8861 50854 8861
No
8723 -10426 -17790 21268
8471 -11285 -41716 55574
43566 -54423 -27642 34532
No
10098 -5922 -39151 22955
3926 -1687 -8291 3550
73116 18235 73116 18235
28301 5402 28301 5402
No
20679 -11457 -19652 10885
3397 -7353 -3512 7588
219 -169 -17285 13286
2626 5282 2626 5282
No
1839 37325 1839 37325
20102 -32858 -28799 47072
2067 -7704 -15224 56699
17612 -16796 -47291 45102
4123 -3407 -3458 2856
9260 17170 9260 17170
4811 -5655 -48134 56578
39040 38484 39040 38484
No
1925 -2849 -57746 85461
40629 -59972 -13380 19748
21186 -12773 -37768 22772
No
18220 36133 18220 36133
26474 812 26474 812
15204 -19295 -32740 41548
37078 76972 37078 76972
23593 -6327 -39691 10642
36976 -27578 -15767 11759
3965 58051 3965 58051
No
No
23302 16140 23302 16140
26625 10299 26625 10299
No
5119 -15421 -10458 31515
No
2814 -29909 -3265 34699
65315 60189 65315 60189
15720 -65318 -3065 12741
31687 -38751 -49786 60886
No
No
50141 70799 50141 70799
No
42558 24785 42558 24785
1851 -24986 -1483 20005
30263 -22198 -36893 27063
2251 11816 2251 11816
68778 19732 68778 19732
No
42382 -812 -12492 237
No
No
5911 6172 5911 6172
No
63925 -39076 -29702 18157
5459 5689 5459 5689
7579 11761 7579 11761
No
No
82243 26467 82243 26467
4313 7882 4313 7882
29284 -49366 -24568 41419
5540 -5050 -34996 31909
17156 19825 17156 19825
21358 -45725 -16651 35647
4004 -5446 -56234 76471
47252 -14026 -29509 8760
13166 -29848 -22627 51295
65333 -10631 -16335 2658
46065 32268 46065 32268
88542 41944 88542 41944
No
No
6426 1116 6426 1116
2067 -16206 -3718 29128
65 1621 65 1621
4619 543 4619 543
No
6921 -23385 -4434 14984
8187 -3442 -54098 22736
No
No
22141 -16393 -8499 6294
No
No
No
No
11406 -29929 -7496 19662
20402 -27863 -14732 20124
No
2395 5987 2395 5987
81554 80893 81554 80893
No
19424 -51430 -17409 46092
30884 41021 30884 41021
No
40989 -64067 -21340 33354
4385 -6687 -32551 49618
6688 31092 6688 31092
45308 50227 45308 50227
No
12818 1112 12818 1112
1367 8890 1367 8890
40693 -51559 -26558 33648
No
9187 -35248 -14127 54199
No
No
73742 -66842 -15409 13968
10066 14178 10066 14178
No
13285 15905 13285 15905
No
No
4650 -2761 -72869 43284
No
No
15052 27768 15052 27768
12688 4952 12688 4952
25180 15743 25180 15743
12303 32374 12303 32374
No
32215 9236 32215 9236
No
No
No
33224 24967 33224 24967
4416 -5742 -14875 19360
6380 -1814 -24351 6928
2778 -3544 -31826 40569
No
21040 -18850 -8532 7643
No
No
No
No
72245 -5282 -21434 1567
77266 -19419 -3237 813
58435 -354 -8036 50
50723 -13329 -15480 4069
No
No
5866 36356 5866 36356
9497 3542 9497 3542
10872 -24578 -14535 32856
15932 16062 15932 16062
1517 -1323 -23028 20095
35485 62576 35485 62576
15744 10792 15744 10792
9109 -19728 -17137 37119
No
44040 38369 44040 38369
34160 25750 34160 25750
52198 -23391 -10070 4514
3711 -37107 -2495 24946
46058 82970 46058 82970
No
26819 -27084 -61584 62189
10834 18286 10834 18286
58791 74150 58791 74150
No
3618 -11 -11122 26
24543 21926 24543 21926
26729 13566 26729 13566
14194 51367 14194 51367
No
No
62234 27665 62234 27665
10810 -61698 -6263 35750
86968 436 86968 436
18301 -16555 -15134 13687
36882 40055 36882 40055
9739 7039 9739 7039
17786 -42190 -10649 25261
9231 23160 9231 23160
1807 23827 1807 23827
19863 -884 -20540 914
31063 -45037 -31143 45154
84209 -87202 -11314 11716
No
19189 46359 19189 46359
29429 -6076 -38796 8013
78444 81607 78444 81607
398 -6886 -4325 74651
36605 -40433 -4370 4828
No
3812 18693 3812 18693
851 -22017 -1985 51392
No
72686 -22555 -21651 6719
11976 4398 11976 4398
3148 -2150 -6152 4187
741 -857 -9738 11252
20152 -15584 -55537 42945
3543 -38689 -935 10192
9896 -17639 -26923 47981
121 -4995 -1343 54730
No
4192 3013 4192 3013
2222 -901 -23967 9695
No
6706 23438 6706 23438
No
60910 -55436 -33690 30663
No
11410 28019 11410 28019
19703 -74315 -2698 10172
2902 -1860 -14993 9616
51421 3424 51421 3424
61506 2475 61506 2475
934 -3063 -12700 41632
No
16534 20152 16534 20152
41013 26379 41013 26379
2970 10521 2970 10521
6148 -20805 -19475 65896
13103 6082 13103 6082
No
723 16720 723 16720
11632 -20202 -7988 13867
No
No
2086 2213 2086 2213
No
No
No
No
31696 -12004 -40185 15221
23572 -13132 -24284 13527
No
52206 -40430 -10267 7950
1117 -12620 -3028 34194
3074 -8730 -7172 20353
5322 6493 5322 6493
5083 2669 5083 2669
3360 3026 3360 3026
No
No
24891 28318 24891 28318
25667 15896 25667 15896
12660 2228 12660 2228
No
9149 6435 9149 6435
13118 -18172 -52310 72471
No
2616 1947 2616 1947
2610 33058 2610 33058
6825 -7693 -33735 38026
27483 -30643 -37685 42016
8226 -25540 -4263 13234
No
9192 -9327 -52198 52970
26761 -7669 -13628 3906
18564 27643 18564 27643
14987 5191 14987 5191
No
29628 39078 29628 39078
68078 67207 68078 67207
8711 10614 8711 10614
No
No
14023 26136 14023 26136
23642 4232 23642 4232
21618 -13755 -59731 38005
No
2857 -3421 -6833 8166
No
No
27185 33226 27185 33226
No
No
1995 -2690 -21075 28413
7206 -30815 -6455 27603
8110 4714 8110 4714
47102 8085 47102 8085
20268 -1238 -7095 432
1354 367 1354 367
1453 -5328 -6210 22756
No
78572 83659 78572 83659
1946 -6808 -4691 16397
No
75771 -24777 -5314 1737
No
No
14063 23343 14063 23343
18958 -6848 -42977 15528
15853 -16227 -75509 77290
No
1421 -1274 -18906 16893
19459 25808 19459 25808
29032 13808 29032 13808
39442 39066 39442 39066
21567 11273 21567 11273
13136 -21119 -19102 30716
576 31503 576 31503
15571 1760 15571 1760
3463 17541 3463 17541
No
20915 13788 20915 13788
8729 -21282 -17294 42153
81779 56463 81779 56463
No
7792 52344 7792 52344
1542 -13528 -21 178
297 6 297 6
3489 43034 3489 43034
No
86138 -5789 -12065 810
1113 -514 -22022 10180
93911 55661 93911 55661
No
No
10983 42632 10983 42632
21019 2906 21019 2906
23826 -5324 -23695 5294
28067 8379 28067 8379
No
31393 -23423 -52571 39222
7561 -3457 -10563 4830
No
No
15007 25652 15007 25652
60338 -996 -8739 145
28788 17776 28788 17776
95252 51266 95252 51266
No
14341 -10339 -4607 3316
22328 47319 22328 47319
22839 -48407 -18620 39463
22539 -52273 -9673 22432
31608 -26332 -17531 14606
9077 11012 9077 11012
No
No
No
No
10325 -15953 -115 174
74640 -42827 -9687 5559
8889 29009 8889 29009
No
46440 33450 46440 33450
45710 50130 45710 50130
1416 4487 1416 4487
93634 61068 93634 61068
18516 28382 18516 28382
8993 1033 8993 1033
3302 11305 3302 11305
944 -7773 -3897 32107
62726 -26183 -29525 12324
7122 -2168 -11703 3566
No
7464 18133 7464 18133
3471 -20614 -9538 56659
44878 39243 44878 39243
5024 5318 5024 5318
No
No
No
No
54428 37599 54428 37599
34120 31012 34120 31012
4749 -12885 -26384 71589
12927 -10222 -73937 58467
2139 1407 2139 1407
No
389 -761 -42657 83448
17777 -13212 -13519 10049
8606 -1865 -45149 9784
13885 -43669 -933 2932
15517 60212 15517 60212
26940 -5126 -3549 672
475 1282 475 1282
1902 1462 1902 1462
2019 3843 2019 3843
3110 6296 3110 6296
212 -581 -797 2194
4506 -43614 -2078 20109
27482 -50339 -23504 43052
No
6879 -7673 -18703 20860
33638 46359 33638 46359
No
No
6389 -24848 -18045 70183
63308 -3165 -34259 1714
2147 19841 2147 19841
322 -646 -10539 21187
10985 -12509 -76545 87164
5772 -1404 -50671 12327
13191 1840 13191 1840
797 -17243 -812 17674
No
No
61299 63315 61299 63315
273 605 273 605
23487 22641 23487 22641
14215 1197 14215 1197
10375 15608 10375 15608
No
520 -27084 -31 1458
14 1149 14 1149
35879 64186 35879 64186
No
22508 234 22508 234
31920 -52627 -20556 33888
16746 -18196 -27783 30189
1353 27353 1353 27353
10321 21289 10321 21289
10897 -27135 -29036 72296
24808 7315 24808 7315
1216 -1334 -16952 18567
No
369 -1474 -5468 21917
No
No
66000 76474 66000 76474
No
No
No
50614 -63265 -3171 3962
34275 -49363 -23226 33450
27563 -39899 -38827 56204
54156 51817 54156 51817
15362 25009 15362 25009
14617 -33977 -7953 18492
3302 -20534 -9667 60132
20012 -17753 -11549 10250
5227 75886 5227 75886
11095 -12046 -14170 15388
8579 -27045 -14352 45237
51460 -83621 -6008 9764
5242 -4412 -29673 24974
12251 17982 12251 17982
294 12854 294 12854
23451 -79598 -3345 11355
20808 22043 20808 22043
No
28290 3412 28290 3412
No
No
35485 5844 35485 5844
8834 -10076 -63129 72013
27120 -66550 -12919 31699
14392 -6300 -35563 15566
3082 -10759 -21482 75000
2527 -26822 -952 10080
18869 -10007 -55864 29624
64385 -18427 -28420 8134
7418 25261 7418 25261
No
1002 258 1002 258
52145 -67986 -11726 15288
97 -75867 -2 758
7018 -2840 -9675 3918
No
41415 13452 41415 13452
No
No
4188 -4292 -33711 34544
No
No
28821 17877 28821 17877
66530 -60622 -15787 14385
No
11083 -1265 -74538 8503
62409 -52626 -10585 8925
2268 -106 -8189 371
31296 -2112 -65928 4447
No
No
35963 -38899 -43155 46676
3471 -9174 -5084 13424
10103 -2882 -63543 18123
63777 -9424 -6242 922
2523 -2608 -17174 17749
6606 -1552 -72927 17121
58997 -11751 -39924 7953
46015 38188 46015 38188
No
No
5362 -27780 -13514 70001
6578 -1001 -6247 965
14204 -8236 -17843 10339
3037 -7762 -30667 78365
14171 18857 14171 18857
28768 -21118 -26463 19424
20174 19553 20174 19553
4555 -10235 -11596 26060
22750 -10374 -37937 17299
10721 -260 -45212 1100
12945 12560 12945 12560
86 36 86 36
121 283 121 283
11810 -7843 -25576 16980
