1000
597000 464312 -130922
-837467 340575 889817
-630567 891002 -408827
-621190 -711546 -374079
293172 715440 -686509
736904 -516444 882504
620849 -184657 171813
-694563 596950 -980068
202101 -695997 807998
566497 72442 -617079
-6554 -176865 741298
16609 405382 -969811
440099 463695 -541279
678250 -164168 305831
-143896 520227 495425
906805 -433390 -919660
980909 848791 -490479
532673 414485 440626
378835 655702 42234
764470 -859969 2500
-368332 262674 473615
932359 -935400 -585273
-191036 -700265 701565
421057 -857787 404562
682296 513000 -148786
916958 849068 637477
-842272 -428874 861686
274710 -149376 557040
-201152 437640 682252
-638800 -846962 -695263
-398211 352640 -846191
-419149 420000 614712
842892 345421 82986
134737 318302 -495417
-63381 -845666 -235966
-880550 258962 -376558
-972482 590042 -927134
-479163 434187 395645
401940 240797 -900418
-697589 -630097 704212
-360877 -315552 -423245
-815777 -64934 -798879
-469848 863366 -388388
905964 -562884 781822
-269144 -2630 974970
-966347 -985939 500878
-237855 -671253 122177
170953 -831372 -372884
872338 -637696 -857264
-414733 -861787 -517611
18908 837501 -184731
-320373 706278 595626
-108700 94794 962104
787100 710893 130568
30638 46267 -303624
-671398 -433448 -715923
-795394 -972518 376224
-721233 400292 -501233
250323 -164887 -217687
443469 695800 230027
150577 653712 872550
654990 365666 -418552
578110 697107 534990
463702 -408523 336512
-863747 624650 479996
-511600 647922 -141019
731747 -245649 269645
915961 -769520 -428428
448671 -439111 -326686
-298055 592976 692176
103058 421178 678902
-488926 -751464 -111117
-869263 -722072 267287
-261621 -741353 -41578
518341 399070 -561571
-176339 202768 653487
994106 449992 -971330
-560440 721938 479
518265 -256596 -572216
-608667 -853778 -148001
-271009 233877 -685404
746233 -362528 -440951
72505 -427738 332825
-50913 534013 253398
-436072 -773846 -695751
-801124 975619 461725
-974779 518605 -965202
-601635 208158 -182264
753442 -92770 -26817
-701193 901449 -104201
-454779 750003 -677066
-199851 708364 76333
389413 -616426 -130591
-295179 -332762 -419022
523628 -502227 386018
562208 353171 393219
906885 -923525 499044
345831 -483183 -983761
838135 -381073 -241410
746011 -934646 -81588
342190 831665 78534
976439 -22569 -110247
-501331 -559443 -588369
-677280 -304579 -68052
990347 -956770 -92021
-918730 -540477 396498
248766 177246 -115617
821098 34942 650269
425698 -799445 -510983
378967 -423777 -251333
-535903 698060 280636
-460234 -645108 807902
-274250 -508429 556552
-185058 660695 -196894
73263 81084 430265
657505 -391181 794273
631191 24131 -523134
5890 -921642 872069
219970 -208781 336379
116786 -726987 -936329
-996813 -163051 92024
249424 437046 -968935
699510 -747583 155298
491865 569091 -944493
-613460 -321176 -339029
-16772 -2710 585447
598775 -469517 27697
-522993 -886021 -647216
-265354 -73190 -186845
-591649 981922 -815296
-516562 -669746 994652
634990 18279 -268825
740906 575409 978969
-909615 93326 890659
-53998 332201 783129
554606 41231 360739
176279 804139 -567677
-463946 -408439 330373
-331996 939598 -34030
-172590 -863790 -954445
39564 775920 94817
-731764 -412710 -634013
731318 882023 -302266
749638 365307 -299586
-410866 -820026 794708
-25045 610214 329654
196720 752819 977030
-330217 421610 137424
-485758 -421604 -921508
-571691 -346120 998823
22728 605177 765272
610694 -506563 -112188
-151973 -575828 -927682
575951 930830 700237
-789962 -747626 -346830
-292730 -511530 27733
626198 -151714 -661109
713349 -622057 392634
427755 569424 507383
393057 733888 -787433
-992803 -873650 294112
484905 -302970 -381287
308145 -692219 -950929
-269635 259696 585062
-170831 567750 -918276
276133 682333 -849681
226834 -313376 -815612
-326206 -925652 -686987
-280951 228061 490096
123880 -233887 171708
-331708 -621653 102190
889344 946695 42255
-834297 543514 876276
432112 33565 943880
636092 247680 -555622
82726 805605 -732240
368084 -20245 -871700
-221340 524219 -958321
925682 958577 712015
-784738 706814 -550315
-549272 784646 467423
679539 150482 319630
-223794 -737458 -227310
210114 251928 -444984
765067 447369 -48304
-623233 216940 -298706
104639 309715 360159
616135 103724 -214442
-844435 511579 -640638
277753 969771 -640602
94686 -815557 -580025
343316 986650 105003
139316 -760235 -658515
-176314 -805363 -75133
-181741 -368840 125763
-643340 -510108 531485
189001 80309 662926
164142 906406 -366354
-564230 -407010 798735
-701193 400892 62537
-19295 -335214 -841154
52954 -438531 -726146
-426186 468627 -473920
-307499 -219658 -278468
-578139 -482270 -331319
-25992 478979 -261099
278094 709041 113090
-89582 -196608 519669
794472 42111 283381
771819 299203 -544790
-309006 -742059 -464182
693664 -349513 132413
43526 -159603 34793
305827 -862838 -290773
-373053 892020 -425614
-589830 638123 659709
-155727 -13562 -568161
853011 571775 270807
4757 781253 -15805
771254 248486 -922368
-894070 -172211 613059
748996 875721 -18236
210347 -307339 181904
573102 123910 -552591
279145 -95596 152407
785921 -139175 282825
-626706 160078 796996
980513 920434 954134
285039 52065 130273
730880 688579 906972
-85775 -87043 -87237
-172087 -922619 -8319
-148167 643829 610138
-385021 229603 -202539
15249 -767484 -424313
-845610 -349693 123516
-541319 -73911 408957
-424950 -570169 729302
-63019 -997796 -36306
-473113 743725 457625
-737876 407372 751730
-558351 -583333 75633
-326535 150076 195477
414013 -583055 831957
-296468 -898910 277150
-446147 774463 -398314
768139 905034 -979104
-938845 -557150 220970
-538012 598035 280660
653921 -201170 331767
775669 -609712 -116936
-801103 24103 -119644
-292110 -642760 766033
693394 -382333 -220872
893704 -576745 -485073
250509 -721757 -784442
731608 -157367 435038
-767023 -138221 -66472
-354873 -980734 -379826
-710186 567984 -667891
313510 -951855 757041
-853358 996503 390463
533688 59376 368407
-97309 930087 757684
-726058 124801 -600981
364261 289232 499707
614873 -395479 138551
476581 -234291 -780120
-77173 445062 -19913
815344 -735660 -421512
332007 334806 -939111
-622052 -731494 -648263
-80713 835348 -931608
240232 -280843 -108650
-418799 -286896 912797
753007 209821 -349615
819487 -116765 -400748
-382761 912876 -531521
855848 -22069 -881552
-353494 295662 -459170
514406 655590 867176
-297466 -41398 -782130
619709 173186 263353
216799 282186 -98167
-643571 -431850 -465510
-846539 -65501 -733614
-282723 -964865 -563397
-757482 828591 736665
128925 169620 -391709
-473318 -661258 -296675
151587 -125394 -533527
-834000 -750910 309923
503373 335478 -198375
-818972 6635 928828
953559 -124362 -524033
-828416 330665 -433177
-375883 -122064 15592
-143129 -720689 775375
901253 -886379 -196254
-344850 610551 -477681
914422 133828 -467380
173000 534577 688448
480404 -465628 258571
305288 100795 703451
-465044 -44260 194582
410222 777270 914144
-498854 858954 104301
-619593 -142582 144294
886106 -913933 67252
54894 -409993 526908
562913 678795 710493
-718408 874420 -479279
424908 -406104 793569
-695466 60395 -503561
140597 676104 -690244
90391 369262 286133
219572 -185095 -191777
-738074 599827 688502
981230 -352150 -562850
278830 572186 33892
-745098 -302325 77826
126562 -733946 -571607
698138 719382 614526
947683 -960451 250646
904154 121348 635216
76160 632862 912937
-890275 -13133 -719919
730402 -596582 -988859
62968 -798118 -62400
-1912 750475 784148
-208987 641449 115515
562199 809168 -123267
935343 -262263 950670
-236636 28673 -90277
485171 163478 792490
-357255 582621 -832256
11879 707666 37043
-15589 -830602 997031
-385367 72879 -273252
-733688 -288251 87776
-729892 749517 827267
-710596 -773101 845650
120440 225339 -814918
-13787 -483965 889453
-830938 895933 -164993
440215 -739902 -679600
545222 48057 -563390
650223 -235134 -142610
-693512 -539134 252745
-603724 -983311 -38566
-621032 -898829 -676736
591625 -250268 -209597
718193 -979765 -789198
161040 852417 -358351
-480839 -550690 769659
-905683 -653170 -569398
-287519 -525528 86179
872947 -180162 -857332
-894350 -92572 -851023
297148 -97839 408152
866987 905322 448734
865751 -143216 203549
-726188 -339005 -299558
-821322 -389041 -587608
-762750 -444981 605876
-550543 -50673 987073
-379615 212651 -669269
-176557 -224964 806506
-329918 65978 -733221
533965 187921 -86390
-220626 965515 58149
-194166 416563 217729
492050 -512267 -942898
206310 117168 990143
-644507 421557 -672203
-840370 903373 -611449
961235 -410204 -180071
-164707 542836 868120
-814255 859303 917627
-483058 483495 -899522
139150 -436429 527487
762021 -251343 78192
-369014 149806 112464
-204073 -237683 191069
929679 463583 -187475
-290412 946882 -209765
-486627 -461765 -943534
-753855 -478196 -174615
-428016 797946 -994132
-897385 -713701 173111
574094 758014 295262
-909274 -691458 -639047
226828 -18730 -966766
-480075 -594692 295906
973084 -911699 22698
-983831 -959465 44807
814919 513587 892946
588274 632564 450809
-912014 158593 237448
7326 -48827 98340
-645146 353114 -781643
-779288 -455458 450780
-878384 -551862 861807
47549 -817086 -297686
72526 423273 -215926
354506 -387796 -121033
-683794 281133 750209
37449 -795420 -187235
879758 376350 -446895
-398525 183392 326008
-486432 -553458 -744912
656180 -443229 -727057
-640652 -758048 415803
864466 -264935 -461459
23689 665185 771511
187662 -355501 772173
-491423 845533 -874345
-696653 -505903 426747
305596 -174360 -884021
753468 -163174 -364130
369907 677580 -823219
-6429 -660566 -74011
-56003 625844 -629887
-895728 108157 -600375
-680023 158956 -52041
238985 409934 867225
302632 382457 826898
81577 -438051 -282902
-302446 244388 -597329
-471746 330159 426057
807476 -238160 825404
-921912 992690 136439
670175 280751 931245
-175730 -197071 338959
446546 116366 414710
567137 -21375 432987
-311901 -138310 -219537
696165 890030 -190657
-372367 320784 -431607
234536 288475 -922894
-334109 -951157 626261
661865 -848178 -360377
-528895 11991 -746302
127373 475331 396906
-183676 -660240 212264
545766 -77790 -454186
-324646 203377 -15165
175247 85763 302319
-670957 386977 -77241
113380 239841 477842
604828 -262174 112025
316794 4530 81430
144228 922534 515969
-481753 -95179 -20596
-467626 392724 713866
-774922 66086 456957
592091 -645067 146381
-912212 497902 -936500
-616699 695418 109602
-836690 949055 429584
-688704 -752268 -379321
368044 938776 -325229
-489962 64784 -957155
720623 -656149 558126
-276031 -998523 -391903
131828 608920 225809
-175431 -727431 -766239
-814162 61150 714417
-962744 -838881 -378329
104509 288835 459720
236487 777734 509699
688251 461519 832297
920627 174047 -901242
482551 -634374 -683677
602512 533665 -937884
400076 -622423 -983036
-984975 266000 -517200
-252641 540695 -994401
535486 -618881 894061
-761087 897681 711088
939693 356899 701632
-870680 -708143 -760601
-212802 -127409 76674
730588 183734 -120593
143443 738023 151079
-806733 301337 610109
-572412 -160095 -476032
-592383 247793 303028
870818 331082 -841816
-228907 -812913 -238388
128628 -445695 -355502
499231 207141 -891069
-611925 106040 573227
-547877 885490 -894874
-632616 -27067 309762
309553 -728 147104
-937932 -286979 992246
-528838 812374 149716
-375690 -667134 60006
844769 327443 898839
416406 -946924 -775629
-834264 -993804 -109070
-887148 -333669 -439979
-270507 858978 -632969
-600097 986744 -118840
428318 -717032 242486
-255375 -14083 -216140
563964 136117 354563
-988840 -911469 991766
92963 -845444 82728
143936 -300911 -199521
538980 753353 -286052
112747 943985 -561979
155147 44059 840531
-813846 -314986 -13979
-25745 364081 -13230
370304 228133 -540912
755036 164638 -187494
867085 -439640 -67564
926363 -6016 -935326
-10658 898541 -418924
-691178 208298 466592
277045 -38099 152769
945558 -279720 74729
-327007 -128666 414380
29867 912621 -479635
393195 -241888 -535193
445691 584861 -570697
-494382 486205 -358500
969549 -23840 -797793
-807586 -74477 -637399
659045 -398937 219784
-345409 926839 -178205
-644107 -770943 -538125
615773 817273 -369905
751180 -777945 -38943
305269 77647 -231820
-792470 -653357 -682230
552323 298636 311972
583967 -847095 -338526
72577 -98538 -475563
-213566 828029 366167
314871 -318367 520277
-257958 -985239 916307
786219 898485 174799
-801264 -973911 622331
-341202 916741 -348895
-185347 495776 983278
-554698 878909 -447305
-991364 233012 521709
175416 -769613 -182654
187405 -340088 895745
335751 51947 -311888
-978144 696384 -379265
-905431 -317391 821223
771985 -544794 24363
576727 -255205 -978680
183829 -570121 -941674
568191 631053 -909900
177270 -960413 755343
391715 954744 -449642
725512 -397134 -833235
234898 -506415 863890
627932 -810381 538046
732456 -455587 500801
-263307 159980 55282
-876854 829009 -897908
728774 396434 -653487
731272 177993 29443
404788 975701 513970
-345293 -860918 613197
-60134 842558 -974522
950525 976678 960183
-680568 -170091 314534
-98809 -766780 -690445
509994 886041 -887362
458111 -258506 -623205
-764774 -837948 766015
-285064 776557 234713
-261325 665299 -704570
-45392 -672853 676630
790201 -496754 267510
-654368 -734693 715110
809128 208524 -912015
-836308 613526 -292863
-220017 327055 452062
454608 -864201 465752
904855 467497 -827200
-433479 -207441 -806999
-522935 455516 -641013
723488 -583878 -9016
-685110 236064 -368438
-783101 441709 -643988
-858123 -889101 366301
-450117 631036 -509903
668685 -281809 980009
986139 -574713 -232798
-897637 425382 -979001
460581 -732178 192788
-126775 928307 -708131
801602 501468 -920272
207513 -548624 -709524
-951141 130526 -61658
76948 -472338 -186319
728620 684158 -786130
486508 936011 -692509
595921 -444296 968410
-218159 192412 -560592
-250189 -305313 -849054
-435252 378909 533492
-384607 902973 647106
100464 -633576 284653
-281355 -406785 755829
-934228 -909269 942289
956027 950047 283389
31016 -285773 -825794
237461 -301049 -13330
-619621 -8141 681055
-310082 252417 157589
172506 927308 -707670
-949359 -280457 -612607
234242 396770 972122
527874 137473 -641541
249727 220278 507708
-169420 701377 -21843
-767468 369055 -768203
-681529 -768661 465377
-55644 -686015 -629587
-834281 -868638 577104
-188210 872802 192122
898523 670665 -783186
-799827 -152017 490786
284663 474736 -325455
400082 -534937 -451029
-91761 399214 889310
-590427 425486 924952
-664627 466348 589990
982577 166201 -305184
177422 -821500 577907
147730 203219 -695855
342600 -180506 -440023
195082 184764 -75085
-338762 -428985 73704
-409126 -178655 -18188
881679 655875 724157
-772286 -320281 -983443
27497 -739360 436972
-356424 202217 -868407
-114780 -869664 881058
121381 -440042 364457
675711 622791 -33876
-673635 538916 -894341
351826 -488814 -825622
577772 451708 -487582
302878 -444653 -837816
-590848 742085 -209468
76151 -938229 -706788
-837369 -218338 -699801
938701 345070 -443141
785441 -403208 37375
-829653 -302726 500893
-342507 222481 873927
-708438 742269 369480
610413 -285688 962187
-648022 855735 815541
625410 170296 481081
-700753 -972463 726399
116973 -881380 367018
-320244 -879481 598658
588281 -534950 -129857
564242 -950708 -198041
-735528 -997667 227089
-76762 787854 481756
260387 35600 -80555
899959 686423 -689466
234128 -908089 -470300
912797 -346427 -963921
-6944 91721 -425870
84574 -917771 291294
-126876 446451 522131
-130446 584172 243895
258879 588033 -244340
734010 626828 -256979
849976 737683 -684041
-536424 294527 585514
77705 -686571 -420341
578909 70548 -58711
-587509 120831 275216
-740083 267436 597636
790480 -930195 -962400
-810738 900854 -249271
264560 -389254 -533070
-632329 791922 108020
628837 -936565 -845991
714095 -103581 202247
-756836 306019 953041
622805 271673 -182673
188664 200661 36821
-782907 -553599 936611
-168284 310641 -370880
-983418 983251 48868
226572 -198073 553029
-141602 -852241 -694546
-72885 312338 -781921
834026 -806204 990079
394955 868051 -134041
308039 -766412 -583719
681861 -564001 881581
-388482 -614584 -52343
778254 42512 37279
405101 529794 -960290
681268 571312 938558
-953762 -176842 892335
136307 965161 839721
-233958 -193364 602665
-962595 -905083 519779
-491392 -876854 444752
-799183 596577 -865119
411026 -58676 731413
-918862 -726119 875394
-901293 -735683 -410726
-954167 374927 -236438
779781 564795 -291441
-974346 599265 676295
-254072 873499 -15644
788660 -695795 -141886
847891 945208 31751
364970 626004 525166
917384 941291 -820832
-638942 -941463 -717074
-833246 432339 965411
-914088 876775 177278
418866 -576972 -47603
-61434 231739 656164
-127955 532482 -927940
36131 487692 -835077
152531 980642 -518222
824110 -15090 636395
-895802 185975 965347
968484 346803 214197
566033 191928 171253
566078 618230 331546
35980 853911 -678758
-43452 -812975 68755
591600 451040 -327980
-802771 -105566 -857695
203352 601647 -184649
-170212 744100 -770692
-535787 572174 921197
691949 909955 451591
-117621 -423639 129628
968585 312643 -417207
631136 26541 -196573
641613 -388740 -985710
316907 -491680 709123
-342887 -246862 818152
256614 677540 -203039
-136991 158547 442400
-912731 -926588 643370
789601 992983 -464907
-271015 782635 255763
683214 38142 -11512
418113 522371 483716
-339555 -438283 321751
897376 336856 -844795
-928150 850341 -931520
997438 307312 -240597
-189249 -405278 -255639
-80138 588163 -272909
-825159 48402 700079
-922442 -338103 16180
-389110 -575024 -304550
-762524 705620 -73464
898350 567217 -664902
321210 640263 412097
732329 324222 539143
-208422 -785466 -202740
-967605 129643 -666156
777330 326018 -831011
222329 628360 -721325
-593672 267049 878468
-241003 -557683 -781393
-507108 708098 -222235
-535966 -822016 200216
-911149 330242 666344
716844 -542961 -770015
850259 78108 -593500
899960 981755 -769383
-890994 -926466 -635975
-638652 57073 -667938
729651 -124030 -451389
-890088 349244 804267
726510 -52618 -642502
-137322 -879877 -852648
-534572 777626 -595064
782389 55290 427407
-241243 989109 -197816
743708 -415563 -224069
703239 -421858 340645
-24375 152814 877137
607809 963448 831948
950316 475433 -880240
-760394 555340 -674268
650736 -305938 -18096
18049 -555908 794877
-786229 301051 -729435
-554015 86753 689389
-235162 282830 -892842
339936 -160301 -501074
-578428 -727249 -78529
829390 -699952 213776
600776 201368 -20543
-522470 -763695 -519311
-701840 -907515 129952
813641 -457421 183682
170368 -306329 485143
-831070 -242837 -137495
-427876 505320 500305
905233 930689 -908699
-367896 -554303 -956083
-39182 688285 818213
445233 -404314 -913254
802665 -323956 314549
151773 952901 -636224
41610 -340585 -81712
-205706 620142 -368484
-648918 -327960 329325
514875 -628653 -874471
-119338 123385 733457
-60288 -790935 16515
288314 377229 -823078
-135051 487659 -208317
-582433 -245958 677972
-207157 736301 347586
979340 -104958 -584926
288101 -365802 -276245
62014 -832091 745550
-790122 -417181 -123452
-913278 -715813 624961
-25431 -145368 865871
418115 -639242 306156
-385384 948545 -683768
-3252 756884 -679032
834271 316216 -154627
655632 -837840 -461045
78987 -211125 481469
-872819 -313899 122504
-854291 702148 848623
-127634 729252 359069
-885433 -81368 920440
-91881 943063 -250847
933260 757683 -462638
407658 -129581 -478252
892822 644907 -462738
897212 -193851 524412
675074 -230083 -530696
785216 -609464 840675
-152782 560516 -37635
-461784 -777193 -121945
159942 994657 92606
-228389 -46007 39366
-242500 15656 541530
-363230 947635 129257
225353 -651667 258728
279014 999140 -242228
-559018 614696 -896519
492045 513749 -539059
-764492 947173 913958
974610 801013 -568912
335528 671042 943282
780077 -904632 685104
-502909 -531024 661008
-533621 -625929 97763
665937 556062 308046
-633285 -173753 387341
522723 732586 -360168
-991245 477206 -41162
-163982 45269 685671
-18062 777598 999443
-948176 834837 -446331
-70895 558589 284668
24756 179923 173853
-93654 -939088 638910
-133312 -294007 -517262
-559277 435524 -4030
862813 -799758 380402
609115 -901325 19379
-632538 -704745 683580
-762538 -521237 654
-963925 234840 163520
954991 -726941 -25771
-552066 84275 5628
338526 962424 372228
359584 587626 -550302
-617359 -30901 169207
775617 -322637 -556556
428572 -356679 -46582
-721109 -88380 20335
-928265 387454 921328
955365 -73115 469371
-110891 -914782 585170
-572436 -660622 811588
-369526 196056 518474
-131565 -710198 -982222
21002 625915 270864
-52896 743452 616425
782404 139151 -139095
644409 -456291 927587
165456 -500318 233469
-922052 -530075 -5374
-486217 10324 -712839
-279253 465066 743693
-367978 101636 988725
465122 -790825 -11948
3290 535253 832154
-289035 763007 -773325
-814402 838333 -383637
50053 -691998 844202
81146 -64122 960613
462231 693873 -531176
182068 845294 -679794
-970986 -240592 352920
-216373 169908 89059
783532 626774 -986438
-71531 400868 -739136
-704054 -334996 935939
632655 -952730 -792668
150179 -923183 230859
981218 -691976 -533404
710680 213464 901088
958850 117328 826232
29972 -73901 920231
-634982 673130 -586976
990328 564295 962651
753266 42028 889908
971228 113541 884575
-467608 500508 -240319
840328 -745502 247116
-621020 72939 -149130
570187 356068 -578142
725181 100766 -367568
-969119 -364097 367483
211698 -311055 222020
466992 -756631 160630
234171 966101 -847256
70803 -272061 -833389
707790 -126217 776099
326231 -337539 962040
-488565 789141 576956
109639 839450 704719
-223803 -377020 -474244
489267 561391 378836
313783 -852119 805448
-295205 751339 -104791
632527 -556444 665864
-487024 -302708 -837233
-402113 -431450 792682
-904882 -594911 -739712
-702298 378470 -226527
-43679 662347 878442
858939 211746 -319998
315786 445034 -608850
776836 -890225 379939
-739764 -824047 711299
-60881 -597856 910853
-466609 -146599 -93966
-776096 377520 -752113
957381 186967 517451
410863 -910554 942037
-491850 180917 -394145
569605 288034 486314
-204867 737809 824442
-8674 861320 506541
911513 -443087 876527
867402 -468045 -867934
71577 -209358 -48143
-504638 -241182 446266
203551 834819 -897035
816517 -104841 -301365
-581946 -810793 -890152
728589 527537 746781
594853 -685699 699440
532853 669618 722904
244809 -687222 -315141
311255 -181262 -959946
63571 268575 -428628
-818984 163940 389361
338511 -8917 417950
374609 591946 864081
-823712 -409290 265557
396915 320937 -878357
56643 653261 -301407
82936 115288 -791211
-109036 900621 719044
-28195 -621426 -791107
873285 -556470 -428209
-420696 806236 -171340
-634483 845635 -570012
594800 -322415 767220
295491 -334952 -157690
