1000
397695031 634448038 317370986
592350286 -480781825 743808494
190905788 722222452 208001393
460551964 -956584665 138068012
745239593 717505274 -287141631
-506920099 -757408669 -722987684
210520283 -206982529 503264058
426415623 451154412 835883904
-726022500 -252032341 -972825733
168078675 890774829 926418780
291164633 858958423 -267999750
809986894 -77702258 896398259
-580677683 -123508908 865119587
-57965095 461347402 328454240
-995610664 399589635 905654615
-555803494 -250483887 -620613136
42776241 764955055 97404828
-326199897 -879136733 -117147654
242182894 974410203 540970041
522507471 50332404 712133819
641267991 -716887136 -997208338
347935580 -727210459 -287415139
573879428 50138700 477325433
936753939 -524418319 431214444
-177490217 890710628 451461964
-601557135 378138227 613908885
-303181048 -945754021 601166162
328964276 -642002678 137445888
-967615820 -610295223 -703771308
822433287 821348249 663354852
-139491049 816302397 -777569387
-234789617 -386745086 -583383156
-817296098 575602860 502249513
-689116909 -46884055 -386557152
-928482051 160412047 -93737765
-347103702 340328033 747414506
483354551 278124244 -358633171
628789893 -166460101 -516638038
701402462 788849449 526684122
196366090 79236654 951076788
-425680843 -69343726 348053753
-673601094 510198183 -694375190
-617028940 853910748 489183986
325815967 715223889 -893872694
728734785 927605491 779224864
30717284 153212485 -34581796
475820799 454907388 -452076765
146849344 572907462 487763427
409570393 -514386544 734959527
466407617 -634567031 -249658736
-620434843 -292071433 973068456
-821129140 -672953793 445806461
-603315328 101525580 257275145
72252403 990092766 124674660
915803649 962751721 -772626181
513133842 -363108720 836978161
-49074133 695469030 616713594
-738761178 441710723 284368224
715564739 339308938 -915802787
-800668944 705311916 -630597763
697466727 542689664 -249690372
466234932 558849577 -528392700
-327923046 -267226173 107984826
413806609 912124314 -231151132
-623562215 -978866929 -333650835
-103064262 25069893 589724477
496480970 95194663 243523792
315004713 -65335828 -572721298
-55017851 884072808 802252111
80509926 736031174 -362765243
-94084637 869953506 443845269
817977721 -14000953 -148029820
401788117 527949769 -627169330
995137510 -226885127 -315026791
101033304 608301871 -58591470
698743827 -518494427 -109003297
-869945074 508374271 -531442552
-489957276 -988439031 540491828
-343804226 325849465 729442017
-558074977 -659716389 605657715
-534392987 -714973993 892275469
300159265 438811437 -923705645
281826708 962004934 791144249
360953149 516708842 570070262
-796415080 697595654 612082517
67710980 437650124 57645547
135840875 -567178664 -687919537
-508304721 401406208 415468187
394650589 -154646121 676129322
-530106896 66934653 -139172429
452955143 296385509 876764493
339145878 -414513023 -469474117
-263493930 923685179 588700417
957852480 -951565986 643387843
407268933 220493601 -471681248
936804717 632472234 509196684
-44175689 785054865 -967139088
263317546 -356862623 -209259152
-465715945 -673916995 604719332
603016950 -894872758 646834158
-452798856 605355910 550186560
90594880 621297676 597952804
-115389226 100182457 -299820604
169532892 682166130 9347160
-550545888 196792522 -438415467
590985176 251870929 -224803635
212198273 550259688 -154400601
973351413 -78853456 541995643
-707859279 -34517267 544431349
864132162 216306226 -221620978
-735414785 -682034088 412021938
-139298255 811037553 369445501
-468032467 271997664 988591564
-415287755 408296303 -820323034
-170128236 691953597 -787426802
189975269 52602302 -479227041
-213416338 16314430 503460299
-262650479 647889123 -83122662
253249194 374761849 584374575
875480712 509785872 -784345095
-361403948 -596759836 254940241
314406761 -575873088 315252524
-409770966 940895786 407439173
674471247 -501138611 231101412
637935403 -63485081 874609492
815839492 488349816 -676622857
916837471 -776114777 296717214
729273989 706526320 -154727978
85057616 264339562 -20507533
575231780 -851984148 -814978163
653054237 90167865 -195042691
-370636794 753988443 -983739026
512505122 -729524026 -861854733
-672969525 132654342 -15738742
380267130 746535745 703177531
-626104340 601968654 97247516
-653787117 -694216338 90627177
-422730092 667135626 -951560207
85841983 31789184 509974376
-858794489 572346651 458275410
279040613 -447926047 -48045482
763135737 -837004722 -55871322
4930836 -966572350 -489804724
-108396934 285342250 -315769464
-744142641 10596652 589824994
-769574591 134340779 646326609
-778725345 311334664 534467071
-295021959 -293408129 -608557292
-179601614 -662819044 -127993554
-167156432 -470140048 -768713358
380479047 -702441893 -562397307
-815329411 525913280 -992486137
816145968 794111466 99452909
738655790 -878947866 758950135
770779802 -227106253 -448164952
971964382 -707668025 260777510
-902790473 -164300989 254906910
-48658883 974143437 90666823
-21538087 -615772029 571345033
-481413111 -34057915 455957183
101293359 -548528516 827545324
906545985 -686489482 66809808
823311551 448964871 699729352
-550983756 401815977 -28585863
122120637 -26490683 791189663
276641931 496963848 -162000462
152989496 310009481 -903171545
676294414 536130386 278418609
-123837009 -988240708 80465135
-288401656 -943948251 -613809095
482959469 633383452 -43858702
-868739930 650915243 956367346
420236322 -117958303 -62763403
-732305541 -824265452 -522489404
719418014 871752036 -520478415
735058799 49137597 676853945
-85166637 182706915 -480633647
-266799717 -949869119 641553620
530113174 29829819 -726098979
-334625431 -253812600 -123892044
-714897673 -15399788 107618126
247893196 619513020 654786053
-480294649 643789671 17851467
709365829 595678958 -730091760
88138038 -40794786 550742221
-291700996 -822454714 -51123303
45962576 -218893011 415535776
-693637347 454812139 -453740984
592175838 -578004794 -577333226
318791559 -642946717 -258193906
575914560 -486806352 22619677
914146569 -510714810 -261105951
-493807927 377473500 -9797523
-403762708 -133443933 -278024797
-828759472 988648492 362774440
229935964 376329033 -119126677
982617614 -966239825 -711536583
-268939893 -924873037 -281694062
-96999398 378359195 952617479
314138069 694070815 198822365
988538677 -550268086 304901066
195213951 -136619992 -748314557
-776972157 -987983788 -818940945
540436880 -572336033 -945026516
-967920763 -283023831 400280859
-235880534 975449832 242526538
775123213 231070188 -953276147
-492896116 995016016 -760321383
491991519 935226450 -12359490
-926496449 -942520837 893485014
440275233 -770844655 695787231
-11048841 -521802912 157056313
93304889 545823364 936811632
48704084 -507571585 417585997
190996610 -589795483 373963467
512071156 -725123875 -517554558
28732479 912934107 -952627455
-467901943 -323653798 504538817
-188804858 677648797 624836017
132711394 294311232 930160270
-742826242 -988456123 -670253108
183578042 -323960096 -880057262
-511330926 -716220466 907381792
-544820495 772481813 358812201
209744160 714430466 642699693
415758940 416489646 414851004
116361805 57448206 -687864285
532057698 391581382 -67402248
588567761 407736513 428379307
-571199811 -808252190 -343941993
90204179 -864472438 -948600828
-207554851 -800906630 610056999
733617560 -422450072 457548744
-154194487 308184368 157266955
-206093255 103022355 851905823
-240614423 449580897 -564019274
337021052 158023752 -444263932
760359524 -784244839 -772000089
319830045 402168563 -511182591
-750375167 809412783 -388655819
228375523 -344822279 388661970
-840704278 -817144155 792932865
-105874791 -373972723 -370211264
-300904862 299866911 117945292
-803473852 681810774 -999491415
-439952128 552438283 -274293505
930889483 716878571 370189250
-982036513 138794319 -475766903
-79595572 -917543471 997899052
-114788404 155180199 -494600743
267219423 -663099434 14250970
30985918 330112149 -186722280
687687648 797765827 251337194
495696230 685025013 249576358
393618538 -598608426 121855736
238976419 661949011 -667006532
816562840 696870247 -284300687
-405124340 458033465 650460418
-142756777 -638012198 760198102
330399546 -862458379 -305875888
-35502039 -980203656 -991245832
787372823 -719296547 -845332078
-609025850 -812433101 578401638
980849501 -30738635 -786942195
288524874 -781923227 57062301
176185346 -271780012 -253828513
208686280 -298075373 267030992
-163824108 484925924 154984663
862912583 -965080688 -947535084
-833882296 817591236 -106723196
-603060948 854012827 -732070289
-509425492 -752242121 -218428043
985887127 -549390020 -785605694
675817357 -727664468 -24993302
870640898 456158855 -112748812
-206294221 -356313043 -939130061
334076550 818017356 169319217
-172496037 -533055193 703044085
149567185 687647254 545772548
-471739904 -11871269 339092238
-270894129 931241560 423049750
254642345 -850813934 244460208
-315740021 -708612095 159721030
-936761977 -528917093 -630155620
923274986 863917322 -316146110
-730963171 998075676 -705815571
-560424018 -948700768 439329497
225640763 779619693 -506354583
820327637 872694807 -253751330
671358991 172881719 -650654455
636484030 -931700722 546884681
-407211856 431292416 392292891
461240970 446959778 -689441850
-931744219 -65123726 174042872
-951347254 -133730827 -303030142
844468493 -197001891 -292395669
-605819767 -261249729 -572578938
21513054 -895989320 -560249109
-37394093 263245686 217424600
-750244252 805424574 856222952
936764503 -446442920 565279971
463171212 -605989298 242647305
-691908555 -514554203 -767066868
-631503895 277809301 359336429
322688095 852409452 707241638
-6289838 603688682 -445951361
136919524 41890487 234249589
485066977 956439969 -920076257
659186355 -707414736 333446663
-340583577 -897384429 565525207
-306315139 653969917 574502045
-751877725 338263164 -416612848
853259262 -22196422 -881137791
-8283598 -769511362 -493338714
128419002 806391152 -308520385
965888374 355593192 130687422
220163046 233441972 25980679
640063883 579468081 918488420
-479397884 127325333 -965302656
352305200 731926682 424928335
-617533125 235418215 322852773
-832674166 870952022 920914749
-547824507 -351417794 57085688
-793690446 -780797861 223184654
831679885 -17672424 -977074302
655350529 973357047 465608359
576051362 442426390 629307661
941166306 -458728203 -821867139
757014685 160423195 -214010071
-605075176 -418504513 -229706661
-68379353 599980977 417680078
766045855 -256682613 -365152368
-930108232 -619622245 -93604909
91141467 -564183451 -40362587
54651794 99184282 -163607464
733241049 733321637 -598430335
-678537440 525101760 761383705
-65202285 -585047885 829416554
780301066 -794699561 815655614
642283186 -675737070 787460700
-43069121 -278559947 -856630679
-667416313 949686759 602605275
493639119 147580791 9649338
153698988 -53842961 141032562
-847094232 941874456 -916607723
902376014 -769475284 17478520
532788298 -557880832 549958195
-191504724 -796407910 740005495
20150681 685337935 521357883
-42736720 -186472833 -120558449
508015382 744564828 290780853
544167062 194708004 936731448
271131681 -475893819 847048970
183563091 -684064726 -439887978
-847029431 -795866425 -29646787
-717024133 180084974 86275043
713488025 -226832895 821177501
680188009 450270941 308652216
-590137881 539425509 591755575
711960238 303470037 -328774059
137731250 813316926 942375188
-531429410 -893661359 -967308717
-735466695 -351492460 -515695304
331275596 -928532649 -580151387
-937610215 -158577682 651196590
94640954 706857131 466451512
986064300 524863425 197983812
-572257464 995983125 -312593680
-165280639 169627196 156763114
-199776966 460460507 749492088
527274921 -435473379 -448506960
-397656516 -598173254 -433839839
441386323 370912290 211215128
936842165 -508288631 -649943850
-501836259 603994303 52304443
-353476700 663843817 -301852797
-149737637 -485597408 -242239847
285615041 -967069474 -561162921
213319323 -467985153 497338321
-633274202 274978460 -44178839
-258405096 345277880 186735480
933980415 -635342008 -119255996
166008472 780393944 -609846526
100905035 -661055238 542366153
66636019 -600799061 542364161
537204337 -884859220 -722689044
-213170034 -84752722 993180146
198342255 807155080 270440369
-290799987 46397352 649587332
848761530 -493134554 886257532
-782480168 -756479 332663342
-876044301 191901022 678748064
-174933650 -27493843 -634074959
354263706 -754012109 -646935054
-649126194 -319295420 -225190898
722950757 472929356 -612584275
-4700127 -943643095 -711185866
-626577217 -1044344 -598324082
-888649680 -685701614 -825017794
746329765 -331495555 -741956308
443322466 -588434003 153752389
-838168493 -606573612 -241389729
775655510 -856703179 -348001587
629046309 629924379 -904553271
-502489240 303733602 817245305
526957052 -587537506 590136394
23153174 -938977767 -198048069
-69113202 431552365 153780505
-923921455 860808312 453738158
-703640841 730278980 589118488
-382297168 510478460 -752752970
-899415200 387756449 539019137
-747567555 -893389292 454621259
809146274 -575072418 573174149
-711401701 149903708 -852424312
-952193295 -538394743 -638111464
695331593 -114485750 -223820990
-578656726 947730844 -329338974
752160029 484273479 627584919
341599647 905498116 -6105330
80417221 979602937 749574884
818368914 -103650214 -155777612
-446174965 -455716855 80673651
129576409 991432255 932169122
730399091 272351642 928685259
15212502 -200929679 265677809
-311157511 -675676160 704124255
-837018279 -638554419 921053314
-220061008 -111733439 -142643389
494382065 958757100 -261253211
30763411 688295521 -793981710
131639156 -577985503 -518990872
24713769 739746754 908726399
498402645 -197793779 -521060679
-452544594 -450441562 -99197823
-648438970 661845240 657025799
-573217913 584511821 -363505858
292461657 -719391771 -752776422
998119605 572502447 814475511
241108703 -219694109 982274958
-739552979 -827940761 -370688193
-463228500 860415967 -329839803
264877327 29065945 -906548698
357245958 141531611 161705092
795125658 -803255198 861456305
31386033 -627008903 304056373
948349254 -33516448 384597552
594017548 714260304 -637126650
-549568001 745186728 -373976877
-307556756 132283306 -85596930
756236835 -618312806 -366402324
-210647762 650183544 -486591010
303430703 569411121 694157479
56028546 -422197250 -784914929
-184532337 961018971 257061921
821352755 191681558 -699856456
-776277627 594243669 -586359011
-853038422 523693030 -645884569
-889567437 -247887796 847165369
-43299729 460403349 -794081075
228764632 -837027037 166781867
-360917758 358619305 -380114895
-182633146 -579155866 -113256960
-530887326 -252323572 505719012
-24660008 884369200 284369446
571955629 -735601814 -796352648
945433768 -624072297 835560805
-965416268 320789657 -439237581
-326037245 -234015762 -183059506
-43850401 -904162243 941398594
-707297821 756782053 702973659
-481750720 -285383544 541741511
-991796692 544072890 -764965677
834797314 -33131252 -222671327
-838972237 -168563362 -531699812
665790003 -883242693 -20862876
-345097057 456131048 -233438427
-797756741 -537975257 -102323452
-279377521 -980928954 218120867
-837051778 908593316 -904511638
-360465896 -970416937 -784449616
-782561115 241509406 404771253
-587286117 368836595 270822201
-517862773 -906227642 508131392
-792459760 100224207 987717156
377760523 -679842969 956057398
-802590012 -571846102 155261729
319765292 237149799 -855326628
420189508 476141558 -953226976
-81681427 -575258427 420600983
-127557610 68338498 -821028207
986562159 -713817410 1609806
-255244544 445193179 387898043
-976225390 935317269 535806441
-179248853 793153926 467534341
-457511259 245192167 865174665
588119070 -490220623 690154015
-123974251 -835106087 222851582
267389910 -819067927 -455691819
-632124198 -459119308 288285518
-970831138 -135931738 -202297027
603529966 234084181 -640409077
272121248 -547488439 -859502879
491998258 -29774671 571739729
-845767933 -432041339 490574186
-857179890 -163803451 -667545345
918365773 -848985675 -809003812
872153754 173509215 -330612982
525571804 -537212988 -835990931
665561279 -918224306 744411528
-302989089 -687526226 -127228064
543864218 254364844 901982876
-941411310 -288039779 -747680313
234735917 -483792356 957685828
454315785 337821281 720017162
-631632218 982552408 274448630
-564319302 165507697 -725602726
688631708 430436803 -544609444
60326568 -95729693 555940227
-993823810 943884702 -167346419
-36423964 498218155 350622903
-790828800 529302 -169054600
-815483995 114759230 -248022168
980594712 -795481028 13327961
848142192 862180063 -663149197
12100932 83996560 -623575949
698290871 -393625058 67079773
-784822630 -886406036 -350009628
693416146 -399705887 13752668
-896691248 428431831 997176239
787886818 411740294 724351183
805623506 964065041 -900224960
709987902 605372085 -889765
111520375 327564062 -333879488
866849735 313869068 723954630
529415956 -143814221 -491601624
-888865997 -118588098 408026319
15346456 -942935796 859146142
-387925076 924296811 165800584
873893571 -129957284 878114517
-740990323 503699158 48332900
24795544 -835518831 309717375
-535649894 -879724141 -829148393
286821301 -828974726 -678718850
587421011 -937598509 301009055
-789597463 675526644 630343996
770395570 -360183950 91768303
-860285008 496197017 915876150
818894318 -691933864 275158094
-733483704 789409087 -249608095
-959438965 -683534202 -111081005
-180633785 460821573 700509262
878985253 -853291872 -308181004
-12213296 -400078861 339540261
-983429320 142708128 -755073583
486473513 -351182588 -516762136
-509529133 -874661995 372684366
321149021 432217389 -287927065
-637468187 152830650 765668826
-126911840 -812812473 -804561967
-405860151 -633224927 243223318
-442841003 -420244056 -73815363
-651008323 765630465 794231756
-824195894 907752728 -108809444
45470328 183561902 -499255519
983655173 -361108950 -441458845
-180852477 839129721 -298912531
-870013916 353982059 114956268
833018778 769429176 -177144673
-925787684 -828406511 -237573329
414461917 -204614115 333006734
-987500489 -469515461 -210728906
271743890 -659280490 613922747
170898804 668325172 -210045370
-668866713 -338374478 520064879
-526526185 -880821761 788359185
766756683 -287529381 -637053784
941470714 894177664 479704322
23310428 332713391 17165490
-43798615 327054451 -967256698
103557631 104739307 -212717076
377400603 983068587 -787988835
105398129 711303556 761588324
220627088 665321935 -46915532
-297933131 -98401440 -591134970
-209649482 -990516543 -168790258
615238627 -888530567 -13758097
-523460212 -893490894 -447256183
-909154687 -244132359 243802840
-27108544 -789620282 491840156
-419333075 -262281060 -568368750
986826926 316799080 683189663
-500217316 727161293 -984884267
904132660 230871234 -644912717
-952459446 851262991 875727565
43404454 -892169639 361479546
623547830 -647971413 -228401355
-54919994 -425195950 -151835748
-841903347 -85604965 -706022609
814908507 903753999 -856757662
-850074104 246680106 -363879572
-400172818 69781898 -207868321
376232093 427625771 586185403
-930373404 966529881 -299638340
760525605 -291299224 -135405080
40765116 -452649968 54107457
338536836 29329977 597416429
755940147 -666412090 -927698608
265336541 -86291664 916812463
-295067580 93116809 194704528
-641903724 -255850805 -630246066
-872061343 -93756371 -640126666
766589836 -475494614 91495882
-589292765 229167642 -316758459
-837017868 88673165 261126263
-132068250 382671392 706568057
-779023721 -273522071 54972997
-242417709 385249262 668570378
548097037 -693489756 -777782269
874527221 881190637 870724312
-762559461 97009445 -94561385
-536747916 804041654 -403285737
-627522568 702206699 -89364826
637196694 892167506 291372942
262543345 572903247 -629138628
884617145 -744114343 373101062
186972970 83963752 -741744001
781263792 964110470 175398882
-75723258 574307071 319599642
-29375765 527218907 -52045024
-890294406 -247130933 521887967
807423917 664247509 -933931348
-627681891 -570538544 -61977409
314781142 -472943148 738625748
-336994071 433599298 50184077
966297411 -238997551 -300960390
-124041689 71095591 863229735
-205052584 -728458133 -283882997
-741384180 421263059 -273266876
970055679 307979324 590259741
-323860280 716187863 -434184941
-245962691 635739491 779009728
-367025527 281631430 -300482106
652205759 -895373531 889497854
558043867 -849227132 709816850
753420110 571972250 94108005
-338419013 835063698 232126291
-428885783 890011593 -351970525
29822996 -961512194 223239818
325370657 404130221 614705170
-626477662 15423755 -950892952
-682067328 -831892943 -977187436
18963722 -12465815 -906896019
-485421490 936600636 352453776
-152057873 316028494 -631009712
-379747813 392844807 140430478
-646962918 -780252639 -385160735
-15822601 -109572724 -107984371
-372972335 34572329 -517926991
-245668872 -435054373 -913988742
311352934 743161444 674872163
-499900038 102611926 -650951807
597398504 -641753088 -247220189
-696811532 -730156014 862028626
219385951 -79211973 639701630
-320866178 837922740 -901870038
-252851067 892537388 -463613247
-434300883 -742731259 233312387
-181781643 -626181430 -866666103
-975035704 -492366804 5772466
-846920124 -770724625 24351258
-321197294 -676374132 -414425765
679085506 -38656818 -146538986
-893202520 -955556769 846882313
435304810 -889211932 -727427160
293059034 954230607 -818484283
-673375500 -96371783 -162831795
390092369 -894212693 316531601
-282786392 -259511644 479523379
247992635 -803121747 -797103348
232898340 -280702006 -877101448
-140544366 428820114 643382276
-79126106 -7800799 293873400
318082384 887388849 295687547
258645410 -44759895 -826171286
265059805 310549004 -160584622
695399537 -908288580 105870520
324520821 310573149 225751754
-853215799 -527653512 -399075154
-766928722 -217327608 -267098324
756920310 -192956386 561098103
506098881 263877315 -628376242
558260467 243198068 152855652
-50246520 417816820 97025632
233887608 -779501614 432229759
447599091 94883747 -457951993
-668583644 -877801801 329177833
-265269683 255877903 486839240
866062077 367695777 -323903160
-138918037 -882029608 -343340131
112389496 -973749452 883920600
-701610315 -285666781 -109614096
92633501 181752848 551379125
403710378 -385886648 430504671
258753806 -44325411 -108806355
961932107 -173615341 -872461621
-600322466 868534147 492114630
287089746 274845706 980753058
270105979 -534069668 -537967884
157683026 -22132604 -367242228
-594341665 -86279689 138849589
351957670 -56524834 -312986709
-613346886 -792651543 -531043325
-747096427 16357565 -572360027
654362864 16668844 934669389
-210779791 -353627781 936826225
-112932250 202780924 261592040
44009272 -500460822 -225340200
58969317 -347038503 -486571131
687266758 -740189991 799530981
-21030639 -307735663 -181841795
-207964731 -468593700 -774679217
109460478 781455270 636057285
25345042 908708356 151131575
-307871138 -308938643 -556095031
-673730440 -867207081 -894768270
797961123 928276879 -311723004
-156808821 -909770158 -221616452
-572453798 -189966505 -393668429
292288002 -318352185 -835626050
-268290828 -903901967 428628820
-5560344 -91409812 499801680
180397929 -254258371 395798260
-39271564 -224718012 -62666347
69033828 -490046179 13829127
930782680 533164329 988020189
516055688 -121914954 -906007905
297439470 -111373910 -93997265
125456284 -998972371 -441879660
611343422 -625336625 82050230
82666681 562045890 153729777
-271942196 -225137198 280363470
887579995 808917776 28176006
419500597 120000063 207759320
501308569 -599684029 -72230168
653282835 16843382 -720686517
321815254 853726456 -1274176
-840319020 -463381341 493556914
-678566166 785558744 680317736
944363725 577161505 488944967
-278885099 11154610 -490875587
-61783577 -829254709 -881935574
403116018 -755589492 -79770902
460799067 621470091 -352750591
191972946 337910139 -689664335
84520934 462557462 -483735408
-89405969 814738343 -648357291
-842042741 57923578 -13906031
982178332 -620411205 -205981613
307096885 469262354 -673917319
-560403918 132649808 -269772039
442886463 -18709806 761790738
-849156839 -771370970 594128542
651400631 757608696 47723291
229809381 -966043606 615576122
-195195118 -622897298 873386401
-585373812 -919230434 867740003
-348176245 153463844 -598663631
-284595699 525680460 422687505
-420601710 -899204575 -616566952
51822002 218506497 -851246084
373064902 -844567026 -682620960
-57969758 -491993678 982570786
263855134 -574701534 -439320547
-461230688 -806792868 -948518111
-594481069 -848423880 251730957
147681484 954498767 467076518
-615452473 404871785 711089046
-603009393 -642507459 376486037
-447264055 589892171 598086716
72927293 354663114 -788934185
262350457 -1383043 863103800
-254276808 225865811 -263847006
10719611 363160119 45487552
-120320452 324978065 634729188
-675038056 -775400939 417425303
-990710528 -133343537 861237487
-907841407 -650150069 -313317204
798514559 801401759 212711567
340031762 441321478 -261203372
-855674215 781634034 -581984268
-26716926 -969508089 -721159517
868336703 441780700 -370901021
-124660194 306317153 241243374
-23611186 -198455162 501598238
14979739 898273772 897574649
75296428 -210108831 -326161985
772440294 543070738 550611166
672255470 606519864 -920218324
637166703 199369710 -767679682
995142637 -97346806 854357584
583846016 -758333036 -346743470
-742749877 918418983 -922913269
-250448629 83327169 843289452
924872753 -429062355 749808564
-113909472 -437020168 -766310483
314040964 -627121544 -256495596
730428876 -782905489 -145853619
-871334265 -482603043 -918156645
-825914274 -251583311 -676739548
-302176118 -841824657 -27275768
-275211931 -810488435 561573062
-421777296 872627156 241955180
-654612406 -46586918 503606700
-558131477 333019830 -699058627
354196400 -40165646 -72358417
-600297696 634131981 143063696
-926356752 83691853 193196946
-269944479 -883682765 791520301
-216056294 -448589188 634233473
146248824 -880474189 99779361
6579742 775359356 -449381555
-215764353 -242274903 -255908270
-708092358 -113004861 -901543712
294190807 448074062 -79236472
929522253 -272490975 -322423763
-59430098 -963476111 902275215
558132270 -315307854 -526846090
317122080 -796655481 -941158889
-409902259 139783432 999816850
84001305 779589210 -319758934
710981183 -14869908 -742312291
-712955735 744209322 -878421142
-272051935 -710878393 -640592102
-699596333 827979140 -42892040
-394363700 641842525 689241630
179847504 -167956648 -495092314
-917340940 -257922707 797181503
-327132924 -35770859 449084684
273222503 -236293507 624884718
114129161 -633125224 695691341
515394803 -556095358 -839765894
208932891 -446263831 -452283713
702672545 809230862 -89985747
-695861141 -411798643 837630364
365784391 628470619 -593244484
-829174901 840401737 109625289
506578164 751190592 -678768097
167054151 429622120 -740229689
35205882 -106671454 -214676075
506948139 265699627 -672661354
355768578 -683083864 -954459620
-654543200 636190698 -573242550
-648017985 806019178 291290198
85532857 -743755061 -646440996
-397161102 751406571 714074089
705813490 -128794815 778049822
522374009 -417584717 423432826
863336854 237616826 298995156
-687318228 -833077592 -517288317
341243661 -438769283 182022469
-993957108 168467491 -152956197
145917777 -206548314 -833892851
-109802867 -432486047 -510719199
-138493779 -118052140 433618341
929861887 -368626489 -515406874
-327162255 742046367 839477319
269586552 555436584 782796279
952236053 629274298 49754780
-477867120 49766822 -920052274
-761237595 673077129 159888935
807127810 468824364 93641271
355999862 -250516632 958744006
418178357 458310945 -902673770
775671768 726016208 119990729
-787279404 490236075 -109690587
383962453 -731487510 -704675244
-716789544 781391263 608542859
-698366863 -668009261 554630144
-386169726 -956678428 749964672
-629644939 -849251323 138935843
932817816 -500298559 -768474479
278214161 647503434 651234173
297353788 667563508 194465691
-114299072 -427823193 -604642217
-176532215 -383149263 395537973
646652938 -7198258 -52906611
-388891389 -818948412 730284035
86705363 -477123353 -79596204
165097726 -956649377 -998121722
568673707 643471945 997139111
-89030213 55702412 -766971236
-537341073 796153312 -277621099
314276388 -934048959 -49888117
-8375144 735320720 716400115
-735230728 -278105273 875191327
-421102723 -814488603 283569174
209256118 -334376961 -636420172
-284452433 -430952777 -14754132
-642508564 82597354 -698825394
632257471 -717774228 -183209380
-294083642 -447685094 -962677147
916907107 -187063225 -474494533
-837005598 225924001 -519312428
700869961 879143583 154922683
-901699074 706213755 159882312
911422868 -329526458 94975073
949034212 -265018758 -887112863
427745307 760953262 -204966640
-272600332 -710745023 534112252
553699932 324591801 476134627
-585549709 978817135 996595731
-265289877 -819289282 -151519372
-391413037 606884184 116136957
527354659 -727188310 -452235079
645900068 -491989689 118855776
341378898 881235675 -747021101
810232432 699723116 -220549346
-890626151 -255124005 307059046
90734620 650795937 -87761643
687379654 -182409636 606819598
-441923861 -767646681 707623682
-531786883 -827879771 -65572469
-519700854 615024564 -532604006
382057254 949237545 453034556
834004978 -918976913 -636355351
-763446903 -894828108 927730293
458185135 751946889 529743917
-343295985 -829935937 -930946278
232780100 -726512117 172357334
91502893 -405102163 466095777
268440830 -140614274 -409588831
-774174117 -680512509 -111012890
-749311108 600335154 -529171009
-469410413 -5238750 -537261480
36939547 370328763 805058860
91128805 -124123152 41542854
378314608 -715285262 -485922001
980275781 -354405082 -305053072
-186255614 -6855569 -994935395
-461164160 541068082 -34497404
79894796 588225956 -735777777
710650699 -994340339 483064644
676280498 -351369612 215418851
51946215 -692939916 -610311800
570121751 802513815 244228134
-636470342 -415175646 268154595
895018301 158607688 -703000202
-510545281 -31403874 -85376367
-317143129 336579679 561671004
447494227 -375876539 715636732
695602292 168631024 990540565
570714563 688108039 548221025
-7949891 772062259 -521265387
67071116 119033617 -534550161
387323560 40022149 915419079
-363746980 127551458 -624561926
44902925 -300515755 -979228609
-833850609 879801660 -919349801
-791486395 821401720 -429837446
-322672188 -98596820 -999060194
245519604 916081929 846956021
608769429 637837293 -435806609
-439240311 693251517 435292737
-258534288 -173773844 -142542724
149820337 208793005 445893198
-256783834 285615670 788606010
122801445 -326394202 -960141094
-512153325 793287717 451485349
-678886803 -36643962 136393105
31589715 -897379516 -386773648
-263935254 -771199268 666437144
-507531926 610659218 4572810
186190543 485742814 905666566
75285233 -616594712 -718229033
229211372 -346373076 -642605740
645633832 968885443 -992177382
-631465889 -103704627 709193469
871904791 -561909493 649888914
-635752379 351924180 966597573
-219579920 175792760 -522795626
-951622280 -443975915 857657932
268237166 248867056 -5351934
714744988 957899780 -625397827
-197678938 -358659298 -670617171
-785070256 87341732 710158708
-491631810 293635489 -671043806
104859852 -208649247 495434150
855081849 307647543 -725965351
646875099 588586682 -758706509
137818067 783454809 -82664020
89444554 -61896565 585876798
-346407627 -567243808 -261483627
-220091973 -726249384 816530040
530125355 -82183430 -860966689
934824595 749048480 287514554
-489663650 410957031 -112046110
-969725725 287620314 851555535
-631018388 -926376546 424426976
584411738 -465899193 -498685658
