No
195674 481161 195674 481161
No
No
No
83655 119364 83655 119364
65206 219233 65206 219233
192036 223436 192036 223436
No
18337 -143404 -54105 423093
142318 -5278 -34547 1276
No
9829 -9330 -453866 430769
No
262507 72611 262507 72611
58708 122840 58708 122840
330697 -382172 -518094 598737
322907 -414981 -91578 117692
468872 -270893 -186830 107942
291501 259130 291501 259130
No
569553 567702 569553 567702
166595 -45449 -533670 145587
No
No
No
86878 -170623 -127559 250513
19368 35615 19368 35615
No
No
320421 361826 320421 361826
169512 169170 169512 169170
107532 -262398 -237889 580494
126375 -53496 -191927 81241
255354 -19138 -590312 44243
No
176708 291241 176708 291241
No
205469 -342974 -35328 58966
10147 -11235 -619950 686354
81569 -93284 -233983 267593
36453 -457953 -28481 357824
403970 219842 403970 219842
No
1060 -108847 -255 25725
899710 -881832 -86229 84515
No
819280 168467 819280 168467
63336 86642 63336 86642
277987 -133780 -583800 280953
226197 -5107 -611304 13801
66516 30173 66516 30173
1226 1416 1226 1416
58006 -64224 -652887 722876
15200 -10072 -31067 20566
No
277102 -226634 -209157 171063
387533 698243 387533 698243
95030 144271 95030 144271
180383 -114967 -515417 328502
309798 -71358 -343914 79219
No
17160 -14230 -679947 563880
343259 389622 343259 389622
235082 325065 235082 325065
No
160801 478998 160801 478998
583812 694913 583812 694913
317173 324079 317173 324079
513824 258271 513824 258271
46494 -11375 -164095 40154
No
366791 -441560 -355281 427703
309289 -109147 -432064 152474
364579 -473543 -34491 44798
No
168255 -371705 -56741 125348
No
No
428165 -305243 -425613 303424
9693 11229 9693 11229
251953 518625 251953 518625
11243 1905 11243 1905
101977 9723 101977 9723
No
875513 718923 875513 718923
424448 797798 424448 797798
No
No
No
No
278417 78550 278417 78550
143883 90895 143883 90895
262246 -232626 -70516 62553
387982 404514 387982 404514
20494 -32623 -332677 529585
No
No
11205 24645 11205 24645
399812 319120 399812 319120
No
17649 763582 17649 763582
224982 -201611 -334461 299720
235779 -524292 -68800 152988
146717 151866 146717 151866
453183 -770344 -87294 148386
No
No
204939 109129 204939 109129
237769 212628 237769 212628
No
257707 -183855 -64847 46262
32048 -17288 -476381 256962
123573 34612 123573 34612
No
365913 615032 365913 615032
17866 -467340 -6265 163851
No
81628 86001 81628 86001
684419 109949 684419 109949
30963 -189293 -132088 807520
No
591821 553764 591821 553764
45281 -39138 -144416 124817
No
No
No
322690 -190474 -563331 332519
No
742886 447619 742886 447619
329082 -253816 -5791 4465
152 -5295 -18127 629695
292392 -376487 -283017 364419
65877 642089 65877 642089
155246 25237 155246 25237
19417 -261173 -21814 293433
347647 -76210 -456492 100069
314526 -357271 -93913 106675
308008 108831 308008 108831
No
No
No
135362 -112234 -746661 619084
157713 -323640 -207594 425998
93280 -46738 -316733 158695
267292 10971 267292 10971
639970 -167230 -112849 29490
347718 272343 347718 272343
27688 -31899 -183114 210980
285747 -471975 -60373 99716
458443 -17216 -146734 5512
428878 517040 428878 517040
441002 -116388 -134826 35585
245417 -151851 -685413 424100
80058 -84591 -293755 310390
No
No
526898 604224 526898 604224
No
360759 -193217 -373129 199840
858096 -975128 -15554 17675
No
387392 172451 387392 172451
58862 61117 58862 61117
27846 8377 27846 8377
249356 -100913 -432977 175220
136738 98979 136738 98979
No
55555 68441 55555 68441
90845 48116 90845 48116
439914 -234734 -181739 96974
59210 -55623 -256355 240825
30292 46500 30292 46500
16730 -215352 -16835 216760
No
229755 -23594 -575850 59132
435 7952 435 7952
385675 162841 385675 162841
674144 -651009 -284433 274673
No
No
96964 -437863 -53518 241676
184064 -55857 -184665 56040
No
96929 -165763 -350440 599304
116382 334345 116382 334345
80671 -27254 -229044 77385
71634 -425518 -32090 190617
164193 271023 164193 271023
755346 -216340 -214425 61413
446446 51833 446446 51833
No
No
745320 -163169 -60043 13145
161337 -79497 -207503 102244
No
54802 -128964 -25507 60037
135079 -24462 -318124 57609
No
294575 515236 294575 515236
6628 -379 -328586 18916
291076 35150 291076 35150
No
215030 -301019 -4628 6480
424161 -508478 -58109 69661
297050 16119 297050 16119
No
No
No
285245 -735815 -13958 36004
No
230268 457003 230268 457003
66631 18171 66631 18171
72857 25824 72857 25824
No
343844 317823 343844 317823
11643 -133650 -1919 22077
29812 -44475 -541963 808536
101328 -617 -679925 4140
102418 -317890 -21825 67737
3784 -19649 -168427 874421
660697 -565088 -215024 183908
211262 144590 211262 144590
No
24395 71233 24395 71233
134750 760931 134750 760931
79074 309580 79074 309580
51186 -54526 -869248 925987
No
535440 -568332 -153139 162548
29243 -28816 -57800 56959
310996 -58007 -611623 114080
413998 95276 413998 95276
78434 131525 78434 131525
No
217175 -525162 -132518 320448
73755 -540182 -156 1137
410579 -306008 -159590 118942
325374 -20550 -672422 42469
610475 388348 610475 388348
No
392869 -376044 -190464 182307
137065 298227 137065 298227
276429 196284 276429 196284
372285 -122783 -77170 25451
193565 111507 193565 111507
399744 -339280 -505290 428859
89184 -150283 -22246 37486
299615 269544 299615 269544
116117 377447 116117 377447
141592 180132 141592 180132
4872 161924 4872 161924
No
234321 424962 234321 424962
391568 606761 391568 606761
106548 36982 106548 36982
140402 652734 140402 652734
11238 -62362 -126983 704661
887076 -320983 -93658 33890
No
No
321756 275537 321756 275537
No
581066 60794 581066 60794
41872 243595 41872 243595
48575 -61174 -240657 303087
21356 33203 21356 33203
21870 44490 21870 44490
211421 36660 211421 36660
29307 32482 29307 32482
64091 -63558 -47511 47111
No
502868 48587 502868 48587
128948 110302 128948 110302
262013 -382479 -24883 36320
102406 -367517 -107415 385490
51951 364609 51951 364609
No
No
129971 155392 129971 155392
171451 -134527 -156344 122676
6166 -44287 -14533 104446
126179 -451503 -47007 168206
210971 -162086 -71215 54713
208110 -310138 -223740 333433
42361 -547465 -23140 299074
74854 -21933 -890011 260790
240819 220153 240819 220153
No
No
No
No
No
2916 360068 2916 360068
No
281317 704783 281317 704783
115160 -354623 -6904 21260
250095 -49670 -470594 93459
825939 839799 825939 839799
95287 53819 95287 53819
64004 -437331 -2910 19880
90159 -29176 -444418 143824
No
55657 -168567 -45138 136721
No
54412 -28716 -334223 176395
No
74832 -325185 -67750 294408
508676 493188 508676 493188
323693 43338 323693 43338
No
No
No
56951 655799 56951 655799
290500 -60411 -385604 80186
122411 -29964 -246851 60427
20449 24259 20449 24259
46750 57526 46750 57526
27025 75304 27025 75304
98117 -47813 -187976 91602
49513 -122028 -51262 126338
No
No
177056 174702 177056 174702
57226 -426381 -3448 25696
No
9387 -636282 -3746 253993
No
347192 27392 347192 27392
305746 780 305746 780
627615 204480 627615 204480
559979 -389066 -249189 173133
11796 42066 11796 42066
13831 114143 13831 114143
110802 -328834 -52676 156337
No
678955 -11397 -28711 482
770863 -14469 -59739 1120
43215 228507 43215 228507
167530 -426416 -120721 307272
720877 702003 720877 702003
256477 -235742 -516624 474854
5086 -2722 -220253 117718
56346 -1607 -427619 12180
351244 325763 351244 325763
375038 223135 375038 223135
47357 -537292 -700 7930
No
No
691815 -424754 -291496 178970
855538 -591120 -43291 29912
56231 132929 56231 132929
456519 334641 456519 334641
No
204469 -178535 -346221 302304
380676 -527843 -272494 377840
209539 -114640 -315989 172879
13202 63973 13202 63973
No
84317 256076 84317 256076
80094 -76702 -2208 2115
136059 822485 136059 822485
146436 -313682 -192569 412506
135980 -287072 -253061 534250
No
No
118387 211336 118387 211336
179762 -141085 -45202 35472
No
58729 -166875 -129192 367090
No
No
204097 196044 204097 196044
No
66883 102254 66883 102254
200845 186837 200845 186837
320147 750204 320147 750204
501660 152215 501660 152215
305282 289279 305282 289279
158369 158224 158369 158224
255924 81597 255924 81597
8564 25964 8564 25964
70362 173322 70362 173322
73814 -63377 -163869 140696
16897 -33886 -446686 895793
No
28752 -30298 -433013 456329
80345 -126660 -397851 627195
No
56086 -70521 -657615 826864
23709 -17956 -355298 269091
No
5483 66453 5483 66453
446962 -360818 -147730 119257
381151 406814 381151 406814
923118 -946561 -36347 37270
450231 -714389 -63356 100530
No
41459 238418 41459 238418
39163 5874 39163 5874
No
15512 -26542 -212217 363102
No
89540 5211 89540 5211
412193 -70628 -11080 1898
No
28561 69471 28561 69471
No
No
163304 354874 163304 354874
88995 -78216 -3248 2856
383890 568333 383890 568333
No
37531 122463 37531 122463
2644 -93 -662541 23596
203931 107649 203931 107649
472358 274533 472358 274533
331650 -456699 -174253 239954
No
59029 272573 59029 272573
674603 -368283 -2977 1624
180745 -1759 -479821 4670
127129 11375 127129 11375
3814 31581 3814 31581
2159 9236 2159 9236
221339 -129035 -188595 109950
210989 -166950 -171468 135682
374233 69693 374233 69693
No
263274 376179 263274 376179
58399 197997 58399 197997
No
279194 -666455 -1557 3720
189330 -168829 -7741 6901
28476 -109271 -29707 114002
1551 41132 1551 41132
115767 -261063 -22543 50838
No
308361 357945 308361 357945
43471 -35346 -245004 199190
835855 -293608 -115302 40501
723557 564619 723557 564619
3541 156123 3541 156123
147943 -39643 -327388 87730
29266 -8142 -135794 37777
No
99090 158175 99090 158175
8540 -17447 -77223 157800
135107 234254 135107 234254
67565 -31938 -172276 81442
No
No
No
84719 -428809 -10460 52944
36053 42931 36053 42931
No
295243 270996 295243 270996
39384 72154 39384 72154
250848 222453 250848 222453
No
No
No
No
452069 496489 452069 496489
340351 -94086 -658172 181945
No
156250 -37681 -86227 20796
No
291349 -334367 -547532 628377
241165 -87259 -47670 17250
524569 -159506 -253165 76981
399490 -595747 -62029 92504
148436 -785162 -25611 135465
226247 172101 226247 172101
290643 -328140 -243022 274372
558012 358676 558012 358676
4992 18483 4992 18483
370016 172889 370016 172889
150422 130151 150422 130151
369937 313647 369937 313647
178831 -470849 -178068 468844
415993 -511473 -292150 359207
56374 -94158 -71035 118644
No
311694 -60581 -426329 82862
35893 96094 35893 96094
No
209519 500885 209519 500885
113171 -297667 -52370 137742
137567 -38737 -675346 190170
No
109272 -263361 -97869 235870
No
526382 325686 526382 325686
14842 -346902 -12225 285714
400 169882 400 169882
201329 -658006 -85650 279926
103083 67105 103083 67105
7181 -4044 -104008 58571
27351 -70560 -300092 774209
No
No
No
No
481608 292894 481608 292894
151033 90219 151033 90219
6097 -110545 -7986 144830
99781 -413413 -36336 150551
900088 -976494 -11381 12346
112808 12404 112808 12404
No
734237 -525304 -19116 13676
770818 -92065 -173167 20682
6445 -22676 -37614 132471
No
258725 18295 258725 18295
35356 -57392 -192777 312912
59153 -271279 -23166 106239
No
326 50354 326 50354
811913 9630 811913 9630
99931 331595 99931 331595
10927 79454 10927 79454
No
30704 -78038 -97962 248969
687406 -22497 -225215 7370
71733 116606 71733 116606
431991 -329198 -152870 116493
467400 475260 467400 475260
5083 206754 5083 206754
No
195362 322738 195362 322738
471533 175728 471533 175728
760551 -635424 -10392 8683
198804 -149789 -618469 465984
No
38743 -152321 -38904 152948
320970 -389310 -332387 403160
28688 -53057 -269948 499266
98532 67926 98532 67926
32505 23946 32505 23946
61711 15917 61711 15917
181528 179533 181528 179533
No
No
No
579573 215711 579573 215711
441958 165229 441958 165229
191430 120815 191430 120815
No
24419 5566 24419 5566
167549 92325 167549 92325
42496 -274672 -9451 61079
No
309009 -881522 -8382 23909
496353 703343 496353 703343
12900 29156 12900 29156
509999 164445 509999 164445
50469 -45443 -159882 143954
229876 42429 229876 42429
774338 -317698 -180406 74017
No
271090 125742 271090 125742
138511 107326 138511 107326
203089 326509 203089 326509
112094 184493 112094 184493
310830 328768 310830 328768
No
25354 -104165 -152639 627107
787397 -326666 -188304 78122
255995 -102674 -604923 242619
93654 6683 93654 6683
403623 -392814 -573055 557711
No
479325 -61766 -287455 37043
No
190977 338442 190977 338442
No
719537 264133 719537 264133
574847 225795 574847 225795
284323 -19182 -388530 26210
255988 407207 255988 407207
525750 -468270 -208943 186098
No
No
307504 206866 307504 206866
No
344752 -667280 -122745 237575
No
266391 305817 266391 305817
9481 11748 9481 11748
No
138635 245783 138635 245783
No
121887 86941 121887 86941
56303 133594 56303 133594
No
14033 29610 14033 29610
382580 240664 382580 240664
41319 5642 41319 5642
147214 -235325 -103520 165476
272988 103257 272988 103257
27916 203423 27916 203423
No
212945 -226785 -129134 137525
816408 -424343 -119603 62165
53234 71399 53234 71399
84252 95523 84252 95523
284151 -232845 -21162 17344
No
570981 243201 570981 243201
No
No
794293 -816097 -114976 118131
885434 -891007 -64613 65020
239991 26050 239991 26050
No
4240 -322795 -3901 296826
98933 121535 98933 121535
192837 -35874 -270817 50379
120961 -409456 -159496 539903
180951 -106826 -17434 10295
36873 -141591 -100600 386283
169566 -192233 -50712 57494
607075 146641 607075 146641
87381 181711 87381 181711
317546 -281551 -451115 399978
417003 -33823 -269012 21821
743202 -713807 -125436 120474
74480 16061 74480 16061
474723 -636011 -195942 262512
78930 -415288 -73087 384539
430839 -258342 -43897 26321
157793 118015 157793 118015
304640 70025 304640 70025
162890 226037 162890 226037
101118 144112 101118 144112
133093 -786845 -33108 195732
No
3565 -2595 -199654 145135
No
No
367203 -289974 -61782 48788
24563 -56250 -154092 352876
No
269065 -648787 -51216 123499
239756 8916 239756 8916
174025 306729 174025 306729
No
159429 43976 159429 43976
29609 -32125 -39590 42954
166551 208184 166551 208184
171659 123554 171659 123554
No
248883 169530 248883 169530
355916 283380 355916 283380
141099 11453 141099 11453
18991 -72831 -199347 764538
116799 -317732 -228271 620969
251823 490546 251823 490546
240595 -659378 -62131 170275
64096 98679 64096 98679
124984 119288 124984 119288
117719 251520 117719 251520
750507 568337 750507 568337
No
749015 -539738 -223448 161015
551686 73217 551686 73217
35200 -12818 -844281 307426
161603 177714 161603 177714
No
9683 -7139 -987984 728389
217079 21151 217079 21151
22135 -161903 -13465 98484
221846 -290860 -464577 609099
270926 69852 270926 69852
82758 218061 82758 218061
No
266521 24560 266521 24560
No
No
No
No
142731 -164459 -594952 685517
21881 39854 21881 39854
230657 26106 230657 26106
64021 -525350 -6527 53559
63067 306649 63067 306649
220272 609567 220272 609567
35979 30576 35979 30576
No
148315 100805 148315 100805
399130 318695 399130 318695
876882 588765 876882 588765
17758 122423 17758 122423
181961 450023 181961 450023
97447 -223396 -174226 399409
No
No
170212 92208 170212 92208
794551 794686 794551 794686
45828 52419 45828 52419
96314 -16002 -755927 125600
68075 15883 68075 15883
No
438989 -199736 -429062 195219
271607 109166 271607 109166
102122 123461 102122 123461
No
No
127688 -97637 -402106 307464
No
No
334538 -47245 -630623 89062
No
493654 -525023 -411429 437572
25909 -14520 -13948 7816
423264 567009 423264 567009
No
725361 -917904 -758 958
696407 -853175 -39276 48118
182432 464278 182432 464278
7394 -10209 -180871 249718
No
256791 74692 256791 74692
No
No
195281 -113851 -117721 68634
No
469573 -318684 -471890 320258
156821 302243 156821 302243
797794 831746 797794 831746
No
225972 59908 225972 59908
76412 18360 76412 18360
235137 -17422 -252555 18709
268130 -41706 -712512 110825
No
125489 604459 125489 604459
41218 -115105 -74383 207723
169157 -498876 -22771 67157
11362 -10403 -297753 272636
39805 -1678 -814106 34302
363360 -19421 -449615 24031
No
30299 -230399 -75267 572372
No
No
423491 396561 423491 396561
343029 -260846 -566926 431103
No
203598 -630759 -109045 337826
610 -14513 -25931 616623
18150 29959 18150 29959
2089 1345 2089 1345
16820 -23366 -230042 319521
No
147476 127428 147476 127428
57954 -57088 -868634 855643
623601 -495876 -369382 293725
No
No
403801 -323207 -118570 94906
8469 -6562 -429814 332993
No
455318 496980 455318 496980
No
384541 -179565 -20737 9684
318892 43449 318892 43449
No
177430 -484080 -160673 438362
281609 -190560 -5903 3995
170231 183959 170231 183959
185066 -293106 -382151 605244
No
67997 -153585 -256225 578744
No
17914 133698 17914 133698
No
575435 -203604 -52925 18725
91736 203940 91736 203940
No
No
211788 -138089 -199220 129894
No
No
77116 -839468 -992 10791
No
No
45761 512058 45761 512058
42211 248325 42211 248325
No
13677 188854 13677 188854
86237 -13458 -793640 123864
170311 117078 170311 117078
45603 -645304 -9687 137085
21809 5319 21809 5319
405017 724835 405017 724835
337311 562298 337311 562298
25875 4133 25875 4133
550628 -347373 -412820 260436
278216 -556112 -197217 394204
191862 262704 191862 262704
115982 246696 115982 246696
111201 3609 111201 3609
42933 112122 42933 112122
50829 324608 50829 324608
6146 5107 6146 5107
60914 129178 60914 129178
547959 -435827 -179290 142601
195736 231932 195736 231932
No
No
No
40447 71945 40447 71945
136397 75857 136397 75857
66427 -227335 -176410 603735
No
172200 -167491 -758489 737742
527684 -350227 -26619 17669
No
155176 170883 155176 170883
57865 143371 57865 143371
715031 -113887 -237870 37886
No
308475 102323 308475 102323
No
No
72011 69655 72011 69655
103970 -7925 -159675 12171
26029 -19896 -351200 268418
34197 9470 34197 9470
39496 -93530 -206462 488903
673292 189430 673292 189430
39910 372397 39910 372397
5813 4579 5813 4579
744458 55482 744458 55482
107989 -204526 -309192 585596
49703 -63415 -666110 849863
No
61426 40177 61426 40177
704957 286416 704957 286416
111926 480 111926 480
228635 -603207 -87581 231064
No
No
205628 -571764 -108271 301055
621319 755949 621319 755949
No
44736 -486821 -36632 398612
493145 48046 493145 48046
656204 -808266 -101479 124994
93706 294800 93706 294800
215229 -297968 -429678 594854
120897 559552 120897 559552
84002 246468 84002 246468
No
No
108291 -64343 -668902 397441
912892 -146794 -81765 13148
13608 -67554 -32399 160835
No
No
287928 99568 287928 99568
428888 -119769 -70682 19738
No
286180 -274091 -227569 217954
37507 30274 37507 30274
303178 -368884 -497835 605726
86823 -43411 -248698 124353
863424 744542 863424 744542
295104 -279481 -235920 223428
31010 -26437 -594919 507184
168742 -202084 -16612 19895
82645 -301222 -91108 332063
543890 -388083 -188696 134640
3564 7403 3564 7403
1637 5945 1637 5945
No
567402 644433 567402 644433
243673 30927 243673 30927
12108 -1665 -167815 23091
33835 -3375 -435709 43452
239877 -108766 -54130 24546
106026 136153 106026 136153
444068 479079 444068 479079
No
No
467690 -684202 -53547 78336
10624 43608 10624 43608
659143 865924 659143 865924
49567 324702 49567 324702
No
72901 -44611 -220912 135181
30596 -611271 -305 6088
250775 602863 250775 602863
264161 317406 264161 317406
40165 -327714 -48215 393395
148766 356417 148766 356417
No
No
277080 -240094 -53231 46124
61897 116666 61897 116666
120336 -22291 -589862 109274
114157 -3830 -511758 17172
No
100169 -563221 -38982 219183
No
No
48287 -83994 -481788 838058
6483 305253 6483 305253
149503 89772 149503 89772
No
No
256003 -1572 -279250 1718
61775 23400 61775 23400
669116 650015 669116 650015
465902 33698 465902 33698
No
No
207782 -44755 -214865 46279
95604 -385842 -24692 99651
129017 164300 129017 164300
118321 -147915 -195066 243851
247376 44140 247376 44140
No
No
20189 3284 20189 3284
333230 472519 333230 472519
5200 -17308 -21483 71527
20164 -164781 -38500 314644
64969 26337 64969 26337
63578 59974 63578 59974
164157 -288091 -400138 702237
8110 -145334 -12904 231299
75332 -644381 -38209 326847
No
272618 307294 272618 307294
63636 541810 63636 541810
95738 -153311 -260330 416876
92338 -664531 -8428 60650
2891 -7696 -361206 961423
No
No
13219 -3205 -952882 230966
No
42411 237823 42411 237823
8631 8339 8631 8339
No
75821 -9902 -763629 99737
283828 -168482 -93192 55321
8370 -7294 -553021 481973
504480 185768 504480 185768
19995 7856 19995 7856
No
No
326486 -304288 -104964 97825
440057 -669342 -154854 235540
No
639217 42155 639217 42155
28454 -115424 -42128 170889
128297 -91038 -94220 66855
379274 330965 379274 330965
693775 -622817 -130272 116947
579723 -59036 -18133 1845
114223 -363559 -32376 103050
No
27082 -138673 -159885 818708
223681 100929 223681 100929
75393 204965 75393 204965
173378 -342864 -114656 226741
549185 152493 549185 152493
No
174566 359113 174566 359113
No
No
68770 -143893 -51821 108426
344995 -84120 -489824 119431
73314 570983 73314 570983
462985 -332306 -347808 249640
343289 -474120 -184248 254469
11284 9788 11284 9788
192378 -153085 -477240 379768
No
133516 229273 133516 229273
29757 -7045 -238818 56526
No
1148 43534 1148 43534
102775 -65039 -489171 309570
No
No
377399 -32724 -275862 23919
No
870086 105340 870086 105340
107761 -4888 -513665 23307
No
53398 27863 53398 27863
185839 139435 185839 139435
63385 116932 63385 116932
120986 106733 120986 106733
