0 2 0 2
No
No
No
3 1 3 1
No
0 1 0 1
3 -1 -1 2
No
No
0 -1 -2 0
No
3 1 -2 0
No
3 1 3 1
1 -1 3 2
No
1 0 1 0
1 1 -3 0
3 0 3 0
4 1 4 1
0 -1 4 4
3 -1 -1 0
2 0 2 0
No
No
0 1 0 1
1 0 1 0
0 1 0 1
1 -1 4 1
0 -1 -2 2
1 -1 -2 0
0 5 5 0
1 0 1 0
0 -1 1 4
1 1 1 1
1 -1 3 0
0 2 -4 0
1 2 -2 0
0 2 0 2
No
No
No
4 -1 -1 0
0 -1 -5 1
No
0 -1 5 1
2 -3 -1 2
1 1 1 1
0 -3 1 2
No
No
0 2 0 2
1 -1 -3 0
2 0 2 0
2 1 2 1
1 1 1 1
0 2 0 2
2 1 2 1
2 -1 -1 3
3 -5 -1 0
No
No
2 2 -1 0
0 2 -4 0
2 0 2 0
4 3 4 3
No
1 -1 4 0
4 -1 -1 1
No
0 1 -1 0
1 2 5 0
0 -2 -2 0
3 -2 -5 0
1 1 1 1
0 -1 3 0
2 -3 -2 2
0 5 -2 1
0 -5 2 3
3 4 3 4
0 1 -5 0
4 -1 -1 1
No
0 1 0 1
1 -1 3 0
No
No
0 5 2 1
1 1 1 1
1 1 1 1
0 1 -1 0
0 1 0 1
0 -1 -5 2
2 1 -2 0
1 0 1 0
No
3 -1 -2 0
2 -1 -3 0
2 -2 -2 1
0 5 -2 1
1 0 1 0
2 3 2 3
1 -3 -5 0
3 1 -2 0
No
0 1 0 1
1 -5 -1 0
0 1 -2 0
0 -5 -2 3
0 -2 -1 2
0 3 -3 0
0 1 0 1
No
0 2 0 2
2 -1 -3 0
0 -1 4 0
1 0 1 0
0 -4 -1 1
No
0 1 -2 0
0 -4 4 0
0 -1 4 2
1 3 1 3
3 -2 -5 0
2 -4 -1 0
0 -2 -1 2
1 -5 -1 0
No
0 -5 2 1
0 -1 -2 0
0 4 -1 1
1 2 1 2
0 1 -3 0
0 -1 -5 2
3 4 3 4
0 4 2 0
3 3 3 3
No
0 1 2 0
1 -1 -2 1
No
1 -1 -3 0
0 -1 -5 0
No
1 0 1 0
3 -2 -2 2
0 1 0 1
0 2 -1 0
0 -1 1 0
0 -1 3 0
No
0 -1 1 1
0 3 -1 0
0 2 0 2
No
1 0 1 0
1 1 5 0
No
2 1 2 1
No
0 1 -1 0
0 2 0 2
No
2 3 2 3
0 1 2 0
0 -2 -2 3
0 1 2 0
2 1 2 1
2 0 2 0
3 3 3 3
No
No
No
0 2 1 0
2 1 -1 0
0 2 -2 0
0 -1 -1 0
No
No
2 -2 -2 3
No
0 -2 4 0
0 -1 2 4
0 1 0 1
2 1 -2 0
2 1 -2 0
1 1 -4 0
0 -3 2 1
0 5 1 2
0 -2 -1 0
0 4 -1 0
0 2 0 2
3 2 3 2
0 1 0 1
0 1 0 1
3 -1 -1 2
No
No
0 1 0 1
1 0 1 0
0 1 2 0
0 1 0 1
0 5 1 2
0 -1 -4 4
2 0 2 0
2 5 -1 0
No
1 0 1 0
1 -5 -1 0
2 -1 -2 0
0 1 0 1
No
2 -5 -1 0
No
0 -1 -1 2
3 -1 -2 2
1 -1 -4 1
4 -2 -1 1
1 0 1 0
1 -1 -1 0
No
0 5 2 1
1 -3 -2 1
0 1 0 1
3 2 -2 0
0 4 -4 0
No
3 -1 -1 0
0 -1 -2 4
No
3 0 3 0
2 0 2 0
1 0 1 0
No
2 0 2 0
0 -1 1 0
2 -1 -3 1
2 0 2 0
No
3 0 3 0
2 -1 -3 2
0 5 2 1
No
2 3 2 3
No
1 3 -1 0
0 -4 4 0
0 -5 5 0
2 3 2 3
1 2 5 0
0 1 0 1
2 -3 -1 1
0 2 1 0
0 1 0 1
No
No
3 -3 -1 0
0 1 0 1
No
0 1 0 1
0 -1 2 0
1 -1 -3 2
No
0 -1 2 0
No
0 -1 4 2
0 -1 4 0
3 -2 -5 0
1 2 1 2
1 1 -3 0
No
0 -4 -4 0
0 -3 -1 2
2 -2 -3 2
0 -5 -2 3
3 4 3 4
No
0 2 0 2
2 0 2 0
1 1 -2 0
4 -1 -1 0
0 -4 1 1
3 2 -5 0
0 -1 -3 3
0 -1 -1 0
0 2 0 2
0 -1 -1 0
2 0 2 0
1 -1 -2 3
0 1 0 1
0 -1 -3 1
0 4 0 4
No
No
1 1 1 1
No
3 -1 -2 0
2 0 2 0
0 1 -1 0
0 -4 -2 2
0 -2 2 0
0 -1 1 0
0 2 0 2
3 -3 -1 2
3 -2 -2 2
2 1 2 1
No
2 0 2 0
1 -1 -4 0
No
1 3 1 3
0 -4 2 2
0 4 -4 0
0 2 -2 0
3 3 -1 0
0 2 2 0
0 1 1 0
0 -1 4 4
1 -2 -1 1
0 3 -1 0
2 0 2 0
3 0 3 0
0 -3 -3 0
3 1 3 1
2 2 -1 0
0 1 2 0
0 -3 3 0
No
No
4 0 4 0
0 -2 1 0
3 -1 -2 0
3 0 3 0
0 -1 3 0
2 2 2 2
2 2 -4 0
No
No
No
0 -4 2 2
0 -1 2 0
No
0 3 0 3
1 -1 -4 1
No
No
1 3 -5 0
0 -3 -1 0
0 -4 -4 0
0 -3 1 1
0 1 0 1
No
1 -5 -1 0
1 1 1 1
2 2 -1 0
0 3 1 0
No
1 -4 -3 2
2 -3 -1 2
1 -1 -3 0
0 1 -4 0
0 -4 -4 0
0 -2 -1 2
1 0 1 0
1 0 1 0
0 -1 1 2
2 -5 -1 0
No
1 -2 -2 2
1 0 1 0
No
2 2 2 2
1 2 5 0
No
0 -1 -5 0
2 1 2 1
No
1 0 1 0
0 1 0 1
No
No
No
No
0 -5 -2 1
No
3 -2 -5 0
1 1 1 1
No
2 2 2 2
4 -3 -1 1
2 -2 -4 0
1 -1 5 0
No
0 -1 -1 0
0 -3 3 0
0 1 -1 0
0 1 0 1
0 -1 1 1
0 1 0 1
1 4 1 4
2 2 2 2
4 0 4 0
No
4 3 4 3
0 3 0 3
0 1 0 1
3 -3 -1 0
0 2 -2 0
3 -2 -2 0
1 -3 -1 0
3 2 3 2
1 -4 -3 2
0 -5 5 0
No
2 0 2 0
2 1 5 0
3 2 3 2
No
No
4 -3 -1 0
0 1 0 1
1 -4 -3 2
No
No
0 2 0 2
2 -3 -1 2
2 0 2 0
0 -2 -2 0
No
4 2 4 2
0 -5 2 3
2 1 -2 0
0 -4 -4 0
1 0 1 0
0 -2 -1 3
0 -3 -1 1
No
1 -2 -3 0
1 2 1 2
1 0 1 0
2 1 2 1
1 3 1 3
3 0 3 0
2 3 2 3
2 0 2 0
0 1 -1 0
No
1 -1 -4 2
No
1 0 1 0
0 -2 -2 0
0 -3 1 1
1 0 1 0
No
0 -1 -3 0
1 -1 -4 2
0 1 0 1
No
2 3 -1 1
0 4 -1 0
0 -4 -2 0
0 3 -1 1
0 -2 -2 3
0 1 0 1
0 5 -1 2
1 0 1 0
No
No
2 1 2 1
1 0 1 0
0 -1 4 2
2 2 -4 0
0 -4 -1 0
No
0 2 -2 0
0 -1 -5 1
2 0 2 0
0 -5 -5 0
0 1 0 1
1 -1 -3 0
2 0 2 0
0 2 0 2
1 -2 -2 3
1 -1 -2 4
2 1 2 1
0 1 0 1
No
0 1 1 0
4 -4 -1 0
0 -1 2 4
0 -2 -2 0
1 5 -1 0
0 -1 1 2
3 1 3 1
0 1 -1 0
4 4 -1 0
2 -1 -2 2
4 -4 -1 0
3 -1 -2 0
0 1 0 1
0 1 -2 0
No
0 -1 -1 1
0 1 0 1
2 0 2 0
0 -1 -2 4
3 -1 -1 0
2 -1 -3 1
0 -3 1 0
No
0 5 -1 2
No
4 1 -1 0
0 2 0 2
0 -1 5 3
1 3 1 3
0 1 1 0
0 -1 3 0
1 -1 5 0
0 -2 -2 0
0 1 -1 0
1 -1 -2 3
2 -1 5 0
No
No
0 -3 2 1
No
No
1 0 1 0
1 0 1 0
0 -1 -1 0
2 1 -3 0
No
1 1 1 1
0 -2 1 0
1 1 1 1
0 1 2 0
No
0 -1 1 0
No
2 0 2 0
2 -3 -4 1
No
0 -1 -1 0
0 1 -4 0
0 1 1 0
4 4 -1 0
1 0 1 0
0 -1 -4 2
0 -5 -5 0
2 1 2 1
1 -1 3 2
2 -1 5 0
0 1 0 1
1 -2 5 0
0 1 -3 0
0 3 0 3
1 -3 -5 0
1 1 1 1
0 1 0 1
0 1 0 1
No
1 0 1 0
0 -4 1 0
2 -4 -1 0
0 -2 -1 0
2 -1 -3 3
0 1 0 1
2 -2 -3 2
No
1 1 -4 0
1 0 1 0
2 3 2 3
0 3 1 1
0 1 -1 0
0 -1 1 1
0 -1 -2 0
No
1 -2 -3 3
3 3 3 3
2 1 2 1
4 -1 -1 0
1 -2 -3 1
No
1 1 -3 0
No
0 -1 -1 0
0 1 -1 0
1 2 -3 0
0 -4 4 0
0 -1 -1 0
2 1 -2 0
1 -3 -2 1
0 1 2 0
1 -1 -4 0
0 4 2 0
1 1 4 0
0 -1 -3 1
1 -1 -2 0
0 2 0 2
1 2 -2 0
No
1 -1 4 0
No
No
2 -2 -1 0
0 -2 -1 2
2 3 2 3
1 2 -3 0
3 -1 -2 2
0 1 0 1
2 0 2 0
0 -1 -1 3
4 4 -1 0
3 0 3 0
0 1 5 0
3 -1 -1 0
0 -1 5 0
No
No
1 0 1 0
1 2 1 2
4 -1 -1 1
No
No
0 -2 -1 0
0 3 0 3
3 -1 -2 0
0 1 -3 0
0 4 1 1
2 0 2 0
1 0 1 0
4 1 -1 0
No
2 -2 -3 2
0 -4 -1 0
0 -5 3 1
2 0 2 0
3 5 -1 0
No
1 -2 -1 3
No
4 1 -1 0
No
3 4 3 4
2 4 -1 0
0 2 2 0
0 4 1 0
0 1 0 1
No
2 -4 -1 1
No
3 0 3 0
0 -1 3 0
3 5 -1 0
2 2 2 2
No
1 3 1 3
0 1 0 1
1 0 1 0
0 -1 4 4
2 0 2 0
0 -1 -1 0
1 0 1 0
3 2 3 2
No
0 2 0 2
0 -1 -5 1
0 1 0 1
2 3 -1 1
0 -2 2 0
0 -1 1 0
1 -1 3 0
3 -1 -1 0
1 0 1 0
2 2 2 2
No
0 5 1 1
No
0 2 2 0
1 0 1 0
No
0 1 0 1
0 -1 3 4
3 4 3 4
0 -3 -2 1
2 -1 -3 0
0 -5 -2 3
2 -2 -1 3
0 -2 2 0
0 -1 -1 0
0 1 3 0
1 -1 -3 0
0 -1 4 2
No
0 -1 -1 0
No
0 -1 3 1
3 1 -2 0
0 -2 -1 2
1 2 5 0
No
0 3 1 1
0 2 0 2
0 5 -2 1
0 -3 -1 1
0 3 0 3
1 0 1 0
1 -1 -2 4
0 2 -4 0
2 1 2 1
1 0 1 0
0 -1 -5 1
No
No
4 2 4 2
No
0 1 0 1
0 -4 -2 2
0 1 4 0
1 0 1 0
3 -2 -5 0
1 -1 -2 1
No
No
4 2 -1 0
1 -5 -1 0
No
No
3 4 3 4
0 5 1 1
4 -2 -1 1
0 5 -1 0
0 4 -4 0
2 2 -4 0
0 5 1 2
1 1 -4 0
0 -3 2 1
0 -4 -2 2
2 -1 -1 1
1 -1 -3 2
1 0 1 0
0 -1 -4 0
2 -2 -3 1
No
2 0 2 0
2 1 2 1
2 0 2 0
2 -1 -1 1
0 1 0 1
No
0 -5 1 0
0 -1 -3 0
0 1 0 1
3 0 3 0
2 0 2 0
3 1 3 1
0 5 1 0
1 -4 -1 1
0 -1 5 3
3 -4 -1 1
1 -3 -1 0
No
1 2 1 2
No
0 1 1 0
No
No
3 3 3 3
No
0 1 0 1
2 -2 -3 1
0 -5 -3 1
No
0 2 1 0
4 1 4 1
1 0 1 0
1 -1 4 0
1 -1 -2 0
1 0 1 0
1 -1 -4 3
1 -3 -2 1
2 5 -1 0
0 5 -1 2
2 0 2 0
0 1 1 0
No
No
4 0 4 0
1 0 1 0
0 1 0 1
0 -5 5 0
0 1 5 0
0 1 0 1
1 2 -2 0
0 1 -2 0
0 5 1 2
1 4 1 4
0 -1 4 4
2 -2 -1 0
4 -1 -1 0
2 -1 -3 2
1 1 1 1
0 -5 3 1
0 -4 2 2
0 1 0 1
1 0 1 0
2 1 -1 0
0 -1 1 0
0 3 3 0
1 -1 -2 1
No
0 3 -3 0
1 -1 -3 4
0 2 -4 0
No
0 5 -1 2
0 4 0 4
0 2 -2 0
3 0 3 0
1 2 -3 0
2 -1 -3 1
0 -1 5 0
2 2 -1 0
4 1 4 1
1 0 1 0
3 -2 -2 1
1 -4 -1 1
0 -1 1 2
3 -3 -1 0
0 -5 -2 3
1 2 -3 0
0 1 -1 0
0 -2 -2 3
2 -2 -2 3
1 1 1 1
No
0 1 0 1
0 1 -1 0
3 -4 -1 1
0 1 2 0
No
0 5 5 0
0 -1 2 0
2 -2 -1 0
0 1 0 1
4 3 -1 0
0 -2 -1 2
0 -2 1 1
1 -1 -3 0
No
3 -2 -2 0
2 2 2 2
0 -2 1 0
1 0 1 0
1 0 1 0
2 2 2 2
1 1 4 0
1 0 1 0
0 -1 -4 4
0 -2 2 0
2 2 -4 0
0 -1 1 4
4 -4 -1 0
No
0 1 0 1
0 1 0 1
2 0 2 0
2 -1 -3 1
0 -2 -2 3
0 -1 -5 2
1 2 -2 0
1 0 1 0
2 0 2 0
0 1 -5 0
0 1 0 1
0 -1 -2 2
0 -2 2 3
2 -3 -4 1
1 1 -2 0
3 2 3 2
No
No
0 1 0 1
2 2 2 2
2 -2 -2 3
2 -1 -1 3
0 1 -1 0
0 1 0 1
0 -1 2 2
3 3 3 3
0 2 0 2
1 0 1 0
0 -1 4 4
0 -4 -1 1
0 5 -2 1
No
2 -4 -1 1
2 -3 -2 2
0 -4 1 1
No
0 5 1 1
1 3 -1 0
0 -4 4 0
No
1 4 -1 1
No
1 0 1 0
1 -3 -2 1
2 1 -2 0
1 -3 -1 2
No
No
0 -5 -3 1
1 1 1 1
0 1 0 1
0 2 -1 0
0 1 0 1
0 -1 5 3
0 -1 -1 0
0 2 0 2
1 0 1 0
0 -5 2 1
3 -1 -2 1
1 -2 -5 0
1 -1 3 2
2 -1 -3 2
1 0 1 0
2 2 -1 0
0 1 -1 0
0 -1 -1 1
0 4 -1 1
0 1 0 1
0 -2 -4 0
0 3 -1 1
0 -1 1 1
4 1 4 1
0 -3 3 0
0 -5 1 0
3 -2 -2 0
0 1 -1 0
0 1 -1 0
1 0 1 0
1 -1 -2 3
0 -1 1 2
0 -1 2 4
0 -1 -1 0
No
No
No
0 -4 2 0
0 4 2 0
1 -1 -2 4
1 0 1 0
No
No
No
0 -2 1 3
3 3 3 3
1 4 -1 1
3 -3 -2 1
1 0 1 0
No
No
1 -1 3 2
No
1 2 5 0
1 0 1 0
1 0 1 0
0 1 0 1
1 -2 -3 3
1 0 1 0
0 1 0 1
No
0 -2 -1 1
0 1 0 1
1 0 1 0
1 1 1 1
No
0 1 0 1
1 -2 -5 0
No
3 3 -1 0
2 3 2 3
0 -1 2 0
0 -2 2 0
0 1 0 1
No
No
No
1 1 -1 0
0 1 0 1
4 -4 -1 0
1 1 1 1
0 2 0 2
0 -2 -2 1
3 0 3 0
0 5 2 1
1 3 -5 0
