6 -5 -48 26
45 45 45 45
No
66 -2 -13 1
No
76 14 76 14
0 -2 25 64
7 38 7 38
No
43 17 43 17
6 -23 -5 22
6 -7 -15 6
6 19 6 19
6 7 6 7
53 70 53 70
No
2 4 22 0
6 -10 -42 55
4 -38 -5 44
7 -12 -11 23
58 -36 -34 21
8 24 8 24
No
11 -9 -19 14
40 21 40 21
No
8 24 8 24
No
16 33 16 33
No
No
No
47 23 47 23
No
3 4 3 4
3 -11 -14 52
No
3 8 3 8
20 -34 -21 35
21 31 21 31
No
18 17 18 17
6 27 6 27
No
68 -18 -3 1
24 -35 -35 50
46 -20 -21 9
26 22 26 22
8 23 8 23
14 20 14 20
28 11 28 11
No
24 4 24 4
26 14 26 14
5 -2 -27 7
73 -15 -18 5
0 6 0 6
2 1 2 1
30 89 30 89
No
49 -52 -7 7
21 26 21 26
41 70 41 70
11 5 11 5
2 6 2 6
20 -6 -45 12
No
15 -10 -72 52
No
3 -4 -55 63
1 -1 -63 80
No
No
No
No
No
No
1 0 1 0
15 -12 -14 15
67 -3 -31 2
No
No
86 74 86 74
21 31 21 31
24 24 24 24
0 -46 -3 11
66 44 66 44
28 -13 -49 25
No
No
5 -12 -24 63
3 3 3 3
No
0 1 0 1
No
No
No
20 10 20 10
11 5 11 5
11 18 11 18
8 26 8 26
37 -40 -25 25
18 5 18 5
No
46 -6 -18 1
No
No
30 -18 -51 32
5 -17 -19 56
28 35 28 35
7 17 7 17
No
52 -21 -1 2
No
No
No
No
No
0 7 0 7
0 4 2 0
No
No
3 1 3 1
No
29 -87 -2 9
No
48 -64 -16 23
45 49 45 49
No
No
55 65 55 65
30 -38 -18 21
6 11 6 11
No
53 27 53 27
4 -40 -5 54
40 46 40 46
3 -8 21 2
66 55 -1 0
1 0 1 0
11 11 11 11
0 1 0 1
71 -63 -22 19
10 -37 -9 25
No
40 7 40 7
1 -2 -40 46
4 5 4 5
35 40 35 40
56 -32 -9 6
4 -7 -20 3
39 11 39 11
No
19 -11 -74 38
3 -5 -64 82
16 3 16 3
No
10 -3 21 3
38 6 38 6
81 -5 -10 1
0 -9 -1 7
No
0 46 1 8
No
No
21 56 21 56
6 -8 -10 11
18 -10 -69 34
No
8 42 8 42
34 12 34 12
61 -67 -30 32
No
18 47 18 47
23 -4 -7 3
3 1 3 1
34 -1 -51 2
No
9 11 9 11
No
13 19 13 19
22 -21 -19 18
17 -16 -61 63
24 17 24 17
No
1 -4 6 30
35 -19 -12 7
62 18 62 18
No
9 2 9 2
33 6 33 6
No
30 22 30 22
No
31 56 31 56
9 12 9 12
No
63 -24 -9 5
2 5 2 5
5 -3 -2 9
61 -11 -28 5
18 18 18 18
7 3 7 3
50 28 50 28
0 -95 -2 57
No
No
No
2 -1 -2 12
24 -83 -5 15
3 13 3 13
10 31 10 31
No
0 -71 -3 25
No
No
No
0 1 0 1
26 -18 -1 2
No
26 -39 -3 5
No
3 2 3 2
38 -19 -30 16
17 67 17 67
12 -41 -7 23
1 3 1 3
23 32 23 32
84 74 -1 0
58 62 58 62
1 -9 -8 11
11 2 11 2
60 26 60 26
35 -18 -18 8
No
80 47 80 47
No
13 3 13 3
No
No
24 -43 -7 15
No
38 -19 -28 16
1 -1 4 0
0 -42 4 36
28 -36 -19 26
14 28 14 28
10 5 10 5
1 -1 -27 44
6 -14 -19 39
15 20 15 20
31 19 31 19
17 -43 -14 34
No
98 -22 -1 1
4 -3 -55 17
13 6 13 6
2 0 2 0
No
8 -11 -63 86
21 23 21 23
No
21 -13 -2 1
37 -6 -6 3
24 -26 -7 7
2 -3 -27 28
6 -6 -27 41
47 42 47 42
49 -2 -8 0
No
No
58 26 58 26
No
No
15 -28 -11 23
39 -11 -56 15
29 19 29 19
11 -52 -4 21
No
20 -30 -7 14
No
No
No
24 17 24 17
3 9 3 9
19 -19 -40 35
58 48 58 48
62 -58 -5 4
69 -34 -6 3
33 -22 -3 3
16 19 16 19
No
No
No
4 -5 -24 22
6 -6 -71 69
No
88 -12 -10 1
91 -14 -2 0
No
No
4 -4 -55 66
1 11 1 11
No
55 20 55 20
No
38 -4 -15 2
4 0 4 0
48 -36 -25 18
33 0 33 0
0 -10 -3 39
No
No
No
No
No
No
11 1 -5 0
9 -9 -5 4
2 2 2 2
No
No
39 -22 -26 16
0 84 1 29
1 3 1 3
32 19 32 19
No
4 1 4 1
10 -1 -4 2
25 -37 -32 46
35 16 -4 0
62 42 62 42
46 66 46 66
8 45 8 45
No
6 53 6 53
10 -8 -5 5
4 7 4 7
27 -18 -38 29
16 30 16 30
No
18 -10 -37 18
No
12 -2 -11 1
40 -10 -19 6
21 55 21 55
51 71 -1 0
24 -49 -15 34
24 24 24 24
26 16 26 16
No
No
1 -16 -6 70
3 18 -27 0
30 -18 -7 7
18 5 18 5
0 -21 6 3
1 -1 -70 83
No
No
58 65 58 65
13 -11 -62 45
52 -49 -20 18
No
No
No
83 57 83 57
No
3 24 3 24
1 -5 -3 1
No
75 91 75 91
No
28 -61 -3 4
1 46 1 46
7 -10 -12 5
9 -19 -4 8
10 60 10 60
0 -4 -2 29
No
1 -7 -3 14
35 8 -4 0
28 -14 -32 15
24 -14 -13 9
No
36 39 36 39
32 22 32 22
No
No
0 4 0 4
12 10 12 10
44 48 44 48
30 -38 -23 30
42 -31 -13 10
2 3 2 3
16 2 16 2
0 37 0 37
61 8 61 8
33 -56 -17 31
2 -12 -2 5
No
1 -1 -3 16
9 12 9 12
25 -45 -4 9
16 -10 -52 29
No
1 0 1 0
8 -5 -3 11
No
40 28 40 28
0 2 -2 0
0 -1 -73 80
No
21 -45 -10 19
18 17 18 17
No
6 4 6 4
No
21 26 21 26
32 -75 -5 11
No
No
25 -39 -15 22
25 -17 -20 14
7 0 7 0
No
24 24 24 24
2 -3 -83 84
No
2 15 2 15
12 14 12 14
No
24 0 24 0
12 5 12 5
42 36 42 36
10 7 10 7
No
34 -27 -37 31
9 5 9 5
18 -10 -74 37
3 17 3 17
No
21 -6 -71 23
No
No
3 6 3 6
No
8 -1 -1 7
1 5 1 5
42 -61 -17 27
No
9 -28 -20 53
No
70 -50 -22 17
6 11 6 11
No
57 69 57 69
No
22 6 22 6
12 20 12 20
1 2 1 2
71 -61 -13 10
7 -25 -11 42
No
38 -31 -7 7
0 30 1 10
10 3 10 3
27 -24 -23 19
16 -72 -3 13
No
49 -17 -19 8
21 -26 -2 1
2 16 2 16
No
0 -1 -32 78
46 -30 -20 11
0 3 0 3
11 53 11 53
34 -25 -51 38
0 1 0 1
36 71 36 71
10 2 -29 0
No
No
6 -36 -5 29
44 -54 -35 41
No
No
7 -5 -28 19
25 -30 -12 16
96 40 -1 0
19 12 19 12
8 13 8 13
21 64 21 64
No
8 6 8 6
27 -9 -73 24
56 -56 -34 35
17 -4 -24 9
16 -27 -1 0
17 -35 -10 15
20 -17 -26 15
18 25 18 25
No
No
3 4 3 4
No
51 50 51 50
5 1 5 1
88 -41 -11 5
29 -24 -38 34
18 -2 -32 0
0 -4 3 7
0 -2 27 71
No
0 1 0 1
No
3 -30 -7 24
45 26 45 26
16 -67 -18 63
No
9 1 9 1
21 0 21 0
4 19 4 19
No
27 38 27 38
1 0 1 0
No
80 -32 -8 3
No
36 -28 -53 40
62 -63 -27 27
31 -38 -10 10
25 19 25 19
4 9 4 9
2 1 2 1
No
28 -10 -18 3
No
14 24 14 24
No
12 -14 -49 65
16 6 16 6
6 9 6 9
22 -27 -35 40
49 -27 -38 19
11 -13 -18 20
No
67 49 67 49
No
21 -36 -32 57
No
19 48 19 48
54 -33 -16 8
No
24 22 24 22
0 -48 6 15
No
No
No
17 -13 -3 8
21 7 -5 2
39 16 39 16
No
25 36 25 36
No
25 -43 -14 21
8 -9 -25 31
6 3 6 3
No
43 -50 -41 47
0 13 0 13
20 -30 -5 4
7 6 7 6
71 75 71 75
No
No
91 -43 -8 3
81 70 81 70
21 -31 -14 20
22 29 22 29
7 51 7 51
30 -56 -2 7
No
No
0 -2 37 42
31 24 31 24
18 3 18 3
63 -69 -19 20
64 -21 -22 8
90 39 90 39
8 19 8 19
3 -4 -2 22
21 -40 -5 5
No
13 24 13 24
79 -67 -14 12
29 -2 -37 0
10 31 10 31
0 97 -1 14
No
67 70 67 70
25 9 25 9
No
3 -2 -70 67
68 77 68 77
No
No
1 4 1 4
39 16 39 16
No
1 -3 -28 36
0 -2 29 55
25 3 25 3
52 41 52 41
12 -8 -47 37
6 -6 -6 5
6 10 6 10
64 -41 -29 18
73 -35 -18 8
18 22 18 22
18 0 18 0
No
8 9 8 9
No
4 -1 -86 10
7 -3 -1 2
No
66 53 66 53
8 6 8 6
5 33 5 33
13 6 13 6
0 -5 10 84
2 -2 -36 33
9 0 9 0
7 6 -5 1
26 -18 -43 26
19 -27 -46 65
14 4 14 4
43 35 43 35
4 5 4 5
14 -8 -57 33
32 -16 -11 6
33 -11 -16 5
12 -14 -54 59
27 53 27 53
41 -26 -28 17
9 -35 -6 26
12 23 12 23
No
11 2 11 2
No
No
18 -49 -13 35
50 -6 -47 6
8 0 8 0
2 20 2 20
48 78 48 78
No
68 -13 -27 5
No
No
22 -6 -57 15
No
23 24 23 24
No
No
1 9 1 9
21 -15 -68 48
8 3 8 3
3 -60 -3 29
7 -25 -22 67
78 -34 -7 4
2 0 2 0
2 38 2 38
22 29 22 29
4 -7 -3 3
24 4 24 4
1 1 1 1
No
8 -7 -4 4
71 -69 -14 15
17 51 17 51
10 -16 -47 70
4 7 4 7
47 -82 -9 17
No
54 17 54 17
No
No
No
0 26 0 26
32 -35 -37 39
0 -37 2 4
No
12 5 12 5
22 68 22 68
13 -25 -1 0
18 -46 -7 22
46 68 46 68
0 1 0 1
4 52 4 52
12 -7 -5 7
23 -19 -77 64
No
No
6 -1 -47 20
2 -2 -29 48
12 17 12 17
No
21 11 21 11
No
15 3 15 3
No
59 56 59 56
11 3 11 3
No
1 -2 -16 3
2 -3 -80 94
No
1 1 73 0
No
15 43 15 43
7 -2 -60 8
No
37 -26 -6 4
11 -21 -39 68
5 -2 14 11
23 30 23 30
43 29 43 29
7 15 7 15
29 -49 -13 22
36 21 36 21
30 13 30 13
No
No
16 -28 -34 65
63 -13 -34 6
No
50 -80 -7 11
2 54 2 54
76 -65 -9 8
82 81 -1 0
No
1 4 1 4
36 -32 -8 7
18 9 18 9
37 24 37 24
3 0 3 0
No
13 14 13 14
23 -21 -38 37
0 -25 2 7
1 3 1 3
No
2 -3 -7 22
No
13 36 13 36
No
52 -94 -2 3
55 29 55 29
9 0 9 0
22 -20 -6 7
No
31 24 31 24
23 -49 -18 36
54 8 -1 0
6 -3 -6 4
44 -51 -21 25
2 1 2 1
80 71 80 71
27 18 27 18
44 60 44 60
7 -8 -17 2
12 2 12 2
5 0 5 0
4 4 4 4
17 15 17 15
46 -12 -9 2
34 -54 -14 23
No
18 -26 -12 21
31 12 31 12
15 -9 -72 46
38 -76 -4 9
No
30 -5 -36 8
No
5 -4 -82 64
1 2 1 2
47 7 47 7
No
10 5 10 5
20 4 20 4
No
19 -6 -6 6
60 -31 -25 13
5 20 5 20
No
2 -2 -7 17
2 -2 -96 55
No
No
30 49 30 49
No
51 87 51 87
1 -5 -3 78
47 -22 -22 12
0 8 0 8
15 -24 -28 39
42 -20 -3 2
33 32 33 32
19 -5 -35 14
36 -14 -40 17
No
44 -61 -17 23
10 41 10 41
No
1 -3 -3 32
0 4 0 4
8 -50 -3 9
36 27 36 27
4 6 4 6
14 40 14 40
35 -56 -1 3
54 26 54 26
6 0 6 0
11 -21 -3 4
31 -28 -64 59
No
10 -11 -57 68
24 -20 -17 14
0 9 0 9
45 83 45 83
1 -1 -82 43
6 -6 -22 35
28 -27 -1 4
2 -26 -1 21
0 -17 1 51
50 7 50 7
No
19 -13 -33 18
10 20 10 20
8 -3 -29 14
36 30 36 30
3 -8 -10 32
38 32 38 32
No
7 -5 -37 24
4 3 4 3
No
3 -4 -82 92
27 -7 -15 4
No
1 8 1 8
31 45 31 45
No
No
57 -52 -42 39
60 99 -1 0
11 13 11 13
20 44 20 44
3 36 3 36
38 57 38 57
No
No
2 -14 -6 53
21 -18 -5 3
45 -18 -52 21
17 7 17 7
22 6 -24 0
23 -35 -42 64
10 44 10 44
No
0 -68 -1 23
No
55 -42 -39 29
21 -11 -44 20
No
No
No
3 4 3 4
1 17 1 17
No
No
14 2 -22 0
No
40 27 40 27
0 -13 -1 44
34 -31 -7 7
6 4 6 4
6 -38 -7 56
4 3 4 3
48 -21 -39 17
25 -11 -2 0
47 -47 -4 2
31 -8 -20 5
29 11 29 11
No
No
No
1 -4 -28 82
12 7 12 7
28 3 28 3
44 -61 -8 12
No
38 -8 -24 7
No
No
0 -1 -84 54
No
20 -15 -33 27
No
9 -5 -4 1
0 6 0 6
7 7 7 7
35 2 -47 0
55 -38 -16 11
No
21 -36 -20 37
30 -67 -4 12
4 -3 -75 43
No
No
42 -10 -55 14
No
29 36 29 36
17 -20 -17 21
0 -2 -21 44
31 -7 -56 12
33 -19 -55 30
4 -5 -21 18
No
14 -4 -34 7
29 -67 -11 24
16 21 16 21
No
32 -37 -5 6
22 20 22 20
No
No
2 -1 -1 0
0 5 0 5
No
21 8 21 8
No
1 -4 -21 67
16 64 16 64
26 5 26 5
3 -6 -28 71
No
39 53 39 53
6 7 6 7
No
No
No
No
54 66 54 66
57 48 57 48
20 -25 -26 28
27 7 27 7
41 -12 -28 8
1 -2 -23 77
36 -40 -49 54
2 7 2 7
17 -10 -14 8
No
42 42 42 42
No
0 47 1 6
17 30 17 30
55 -45 -29 22
45 -43 -1 0
3 -9 -33 68
20 29 20 29
7 6 7 6
38 54 38 54
48 61 48 61
29 58 29 58
30 23 30 23
15 -20 -18 27
No
No
0 -5 9 74
5 -5 -2 11
5 3 5 3
No
58 24 58 24
5 -1 -92 34
No
No
No
32 1 32 1
10 -1 87 1
25 29 25 29
3 -3 -30 32
No
No
4 0 4 0
22 -56 -5 12
