1000
-853 -110 -170
-781 883 -304
373 740 -839
380 147 771
53 905 863
397 382 616
-894 -749 -570
754 -876 -876
-974 148 -542
724 585 740
-503 585 -97
-571 -110 -756
109 -792 -883
34 110 930
-629 -949 359
-248 363 -494
-480 390 -494
186 -406 -298
578 -742 -496
43 -889 517
669 105 -884
-896 -168 292
-792 367 -250
795 -994 -802
-397 -884 -794
-111 -261 186
-199 -506 -725
-973 -519 -797
-95 -162 386
-484 -100 -38
-114 314 563
-636 -15 504
948 967 433
-640 897 -652
-463 742 -694
143 -442 894
977 -807 21
573 40 573
-451 -997 -621
-670 -651 -988
-549 -713 -176
51 -790 567
-383 -273 -550
-749 -553 -738
-150 901 28
-944 -949 -856
-182 550 124
906 596 754
-14 663 -534
-691 331 108
-241 111 -937
-184 -364 827
-614 444 -617
656 -639 263
536 -915 -259
-16 479 -428
509 -477 391
-810 -383 -336
-185 -773 -880
-816 96 792
-373 240 -318
504 -143 753
-283 338 -79
-300 680 944
780 992 342
185 -117 -16
911 -596 181
741 987 254
43 -769 -77
316 -626 -202
-474 294 236
-105 787 -931
311 -912 -559
-493 -382 2
306 568 350
124 772 -490
193 -33 380
956 296 -769
270 -165 253
922 77 -313
761 -339 997
-365 165 574
335 495 -222
221 -823 -553
795 319 -870
-171 -956 -405
-326 135 -729
764 572 643
-9 -259 -625
-886 -328 621
-842 718 -476
844 33 -893
-760 531 289
-345 -263 24
636 -167 566
246 -791 454
-473 10 257
409 513 807
-486 593 -577
-918 -775 -811
512 790 -597
195 -624 -680
769 714 -613
487 -369 97
329 807 -366
184 -155 774
656 -746 -560
696 -177 -359
155 -749 353
-672 856 -740
737 956 -940
749 -575 -467
875 -496 -263
-402 610 -804
-30 518 951
-835 425 396
-777 -724 973
-424 105 115
121 505 380
-887 -484 -151
576 -270 367
-635 308 -966
-474 -997 955
-965 74 924
652 -702 -62
-226 -632 -937
-637 753 349
-343 314 687
-599 -508 618
-456 -696 895
-454 -459 -466
-148 664 431
293 -781 201
-641 847 464
-108 -858 787
-430 194 964
-883 -795 -990
154 35 -925
-937 -967 -800
-365 -584 -436
792 724 -196
15 647 -985
315 39 720
-497 -539 609
-902 -444 -438
233 -104 -650
-662 851 417
687 -390 -74
859 -158 -226
129 -401 195
4 269 739
433 -948 822
604 743 -753
538 -516 507
659 -261 -34
744 -639 371
-906 560 -988
-88 -319 242
-592 -669 711
268 -509 -396
512 -560 484
-133 792 861
923 183 247
-500 -623 -728
-152 389 -816
905 -868 -680
8 -529 669
202 127 -660
-706 -196 798
746 -146 -939
-793 -817 800
-341 35 391
-387 767 724
814 664 957
-479 -57 -208
349 -948 555
-128 962 988
651 817 890
-546 786 -824
131 -776 974
132 -455 -300
425 -436 -521
892 261 -826
116 -404 -157
545 -792 -302
-371 -494 -36
508 -210 361
797 -750 -205
-776 -723 -181
-435 -684 -393
-954 -882 541
361 178 -624
-149 -553 -95
296 342 -561
542 195 -68
-320 -405 -619
777 864 820
290 501 -978
626 -276 238
-999 874 712
-173 726 413
201 555 998
-293 -655 364
-506 -76 847
758 32 297
-952 341 -75
-85 -996 -895
322 41 -542
256 -940 -260
593 988 112
-465 166 -71
359 -278 -770
567 674 -370
-199 -296 724
-586 210 390
-997 331 -69
795 212 230
445 -15 -97
-916 343 -142
-446 779 -156
-884 -121 621
-931 666 608
155 125 -362
-491 858 -40
185 -348 474
-215 -470 394
-895 -650 -423
479 -75 -548
568 -767 -47
934 543 500
265 958 616
823 -437 -922
809 784 743
660 -310 591
975 -135 -714
870 251 -713
-671 586 -521
420 317 -725
82 362 -612
-254 621 -925
-251 -273 -15
-942 348 -621
971 579 -499
959 -692 -173
490 663 519
-594 107 525
109 951 -82
920 533 -144
-380 226 -738
646 -320 848
521 -297 808
-651 -278 917
272 210 888
111 -811 369
78 -287 906
-715 -819 -173
520 -980 -854
-876 -415 645
401 771 787
869 160 -577
-100 -310 517
999 -178 454
711 -18 164
-675 -52 -233
-53 43 81
-179 938 -705
-84 -341 937
-182 -142 -965
834 681 -642
-187 -315 799
-786 -452 -884
-860 -820 721
556 -741 695
273 -996 273
205 492 143
-698 -159 -658
-820 -635 209
575 -317 -55
539 767 672
265 99 -820
819 -237 -484
-853 36 -59
-941 672 838
-96 -763 677
-392 246 496
-902 394 217
939 -992 -683
-886 618 601
818 -766 11
-167 343 -187
-347 193 474
-822 964 -107
973 846 971
-288 -48 -136
-76 287 -322
-992 310 -39
-587 565 -226
410 269 -178
-986 -456 899
-943 -714 -198
151 -695 -50
481 -89 243
-140 426 -652
572 924 -372
-106 -408 -686
-522 800 -639
-349 510 373
-827 -217 680
-528 -201 -778
782 901 341
882 810 291
800 -903 -484
-702 -1000 15
234 21 598
513 609 428
-783 68 -272
110 -554 126
-144 -939 -145
781 902 -486
472 -252 291
382 -90 -633
968 264 227
-820 864 -57
-25 808 -883
542 -233 -441
262 769 980
-725 973 -404
-942 -918 743
648 -958 -376
425 -168 250
905 -112 -449
364 773 932
-709 504 556
-287 -761 -1
104 -942 -470
871 287 620
931 990 -676
987 363 590
818 290 152
542 -740 -978
164 611 -202
-393 -529 -878
-40 355 580
-480 683 217
105 -877 -194
-995 -89 -96
71 668 315
-660 -653 -287
940 404 265
-704 232 -136
-290 576 606
279 211 -956
-557 961 -490
-992 563 -817
-323 412 227
-898 41 -762
-462 155 645
556 -508 810
394 -590 -448
767 -469 242
-152 508 -137
-586 -887 777
776 66 -170
338 496 -526
-155 227 403
676 828 7
-464 150 -741
851 -656 -422
616 198 -547
799 -112 886
369 -398 384
-961 -211 657
-201 -396 974
580 -187 79
825 291 550
197 -563 -419
541 413 613
-61 166 609
-642 750 -688
311 -507 -405
-76 -592 589
-581 -965 660
-481 759 -653
894 -839 971
-341 -659 -386
-916 -899 -982
511 758 932
-687 514 -481
-569 -832 823
-226 -263 -592
960 325 -590
433 -476 -489
-757 -676 -449
58 -929 459
-983 391 -642
905 -292 682
231 -769 -711
-547 442 895
-86 -887 -14
117 697 -217
666 891 -1
-486 -833 649
553 405 -91
314 609 577
445 -868 863
-159 -519 -922
643 -916 240
232 -962 -126
673 603 848
-414 173 -292
702 453 450
469 468 297
993 -180 -111
129 -275 688
183 -154 -113
-413 -513 -87
369 -256 2
-843 881 -153
-645 -278 -799
949 253 519
416 587 11
461 845 -744
-980 955 245
-956 -184 442
359 -880 -771
371 -788 396
559 -601 506
-358 -654 -167
-698 -226 55
462 418 306
-444 177 488
817 620 -632
-816 101 -54
-633 -88 -800
154 -333 874
-160 539 -366
-110 709 -853
-833 45 888
-263 63 142
-196 874 812
815 -769 159
118 867 -98
345 82 -468
153 399 -211
-864 87 -824
-591 -855 -877
-449 -172 -987
589 986 711
-39 957 -326
-612 -233 865
-286 44 -875
-346 348 276
-624 -621 563
-471 36 -862
540 -65 81
-30 -537 142
-690 -358 774
-292 28 764
492 932 -786
-474 685 327
-668 -510 -129
-961 188 -32
704 -418 -84
-966 764 720
492 944 327
634 -206 -99
-742 679 698
-588 672 -776
-942 -372 264
-697 -384 -535
534 257 999
693 -40 496
-150 320 484
-281 640 343
-182 395 364
-689 458 -74
748 303 200
-592 -33 -97
-550 -503 -660
-3 787 245
948 241 -653
-296 523 -947
788 524 650
-451 -593 -584
156 298 -475
-419 278 567
617 -606 -58
-931 -176 256
898 -837 774
620 -422 386
-602 570 -475
781 623 -854
-705 -829 216
582 -482 -820
693 -71 -277
-597 493 -835
-899 659 -480
-742 248 618
766 -768 679
-833 -254 936
-179 -77 -290
69 322 -743
-54 72 923
94 858 747
-505 -530 763
384 -786 -776
-37 571 -281
-18 758 110
531 918 -132
-141 -32 -44
-203 -857 -485
486 395 1000
-247 -646 -838
742 227 -126
-414 507 317
390 -578 55
79 -960 -143
102 865 794
940 635 -446
-90 793 -982
-54 -853 654
783 -410 -944
-628 684 286
-768 -336 -908
-820 -53 -19
-599 -123 -638
-413 786 -137
108 438 251
613 125 492
-985 454 -540
849 896 -943
640 621 573
625 894 -134
-531 -935 485
225 -75 -481
845 813 22
806 -379 850
-374 -773 -368
-484 803 -360
979 -558 -412
-913 777 -160
410 54 309
-938 -690 -135
303 -247 -514
-282 -945 633
-858 -98 617
-950 -656 -700
589 418 100
-116 -6 877
-624 485 755
-557 -899 -410
-220 563 32
-957 -382 385
-240 161 -976
667 359 -416
38 -718 745
-634 154 662
13 -594 -36
51 -885 -94
66 -153 -695
54 761 416
591 -460 622
517 542 645
-380 54 -635
-573 501 -830
778 -696 29
-722 260 -662
997 -930 391
807 -87 66
301 273 152
-364 -400 -27
46 474 432
965 -921 -506
69 -105 -41
598 -531 -512
-805 -847 365
-933 -242 802
-353 -574 347
-397 -52 302
-49 -322 -414
-368 -378 744
254 927 -53
-531 -983 799
643 574 201
-432 -324 -21
-969 -724 899
883 -436 794
-399 345 -663
-727 -727 233
-393 765 -630
-98 326 -761
-967 36 -216
752 -971 -568
679 705 -625
-204 11 -938
-960 -785 466
528 684 -169
576 609 -630
-234 10 285
991 -663 -227
280 -660 397
416 -389 199
-322 -291 -287
-383 -929 895
851 4 901
-988 270 424
-130 -405 -100
-878 877 184
-816 -675 -378
-765 399 -2
941 362 403
851 536 202
-484 -1 -77
135 704 962
-982 311 -98
64 -401 706
171 546 273
-4 -218 56
765 931 380
-482 -628 -390
-1 -502 -558
-978 -41 -745
-158 612 -636
739 83 588
973 725 200
656 215 784
-419 848 146
54 -142 -933
-701 66 574
172 -933 -370
534 742 -617
-937 -47 110
258 -36 804
-118 -382 775
69 730 -50
-412 241 260
-493 -7 643
-35 598 -362
-296 -602 -481
-870 981 899
19 -123 -14
290 -164 -592
-151 247 -158
707 -396 90
135 342 517
-385 -469 -851
35 108 -465
-531 -222 -589
-90 -665 -292
919 15 932
-354 562 81
-668 -880 -791
704 -364 59
411 51 -145
-518 745 90
-447 -815 -477
-248 109 389
574 -603 63
797 -182 -622
378 -642 179
956 -968 144
914 264 858
528 6 746
-397 366 396
303 -494 802
568 -381 -821
203 -612 570
580 -641 569
-384 -188 -685
-275 -449 786
485 330 -719
970 -979 -389
185 137 -234
661 703 204
679 -419 344
-805 711 824
802 -888 -32
287 425 858
716 924 -306
-726 -255 -744
-560 451 40
-109 -733 -526
-109 122 300
192 -961 -943
-572 103 849
289 -609 -275
622 -775 850
335 258 633
-768 -294 -978
-237 979 -853
735 -854 -42
-221 -760 -999
-458 -561 -710
-856 532 -643
-215 -710 855
-902 723 245
-575 -292 894
-400 822 -978
-198 426 -291
-628 183 -334
727 -203 776
69 240 952
105 -399 284
-97 -454 -242
685 810 981
-850 -276 17
-134 -288 -581
-381 -510 320
620 -235 -194
-301 -611 -314
-981 -77 327
-565 596 -455
-842 -329 193
450 862 -134
449 891 613
-181 797 -883
673 -180 128
475 -291 219
-152 155 320
-37 619 60
240 -244 398
584 -665 176
-598 -616 -370
964 -98 949
940 -212 -130
-498 104 697
-404 826 842
703 494 -56
265 661 -638
-299 389 210
25 577 642
175 -301 -300
278 -255 495
-68 -478 577
211 645 398
-128 828 -709
794 805 -387
-693 -938 666
-171 136 448
-818 81 245
-262 -178 -300
-698 -623 445
231 -377 164
-779 -934 601
572 577 512
-194 475 -961
-437 805 108
508 -440 -356
941 -767 307
-589 -888 494
-858 -258 644
495 -114 131
-789 -327 855
966 673 377
908 436 -899
21 -305 923
-370 468 -748
242 -37 -886
275 427 188
-708 -812 -526
-200 596 -949
909 144 642
-198 -983 326
-762 -663 -350
-133 -316 485
266 469 -230
417 -877 132
-228 -836 -111
271 -439 -382
765 277 -492
224 -651 165
294 -663 128
-967 977 -680
880 -448 882
973 -120 225
586 -931 235
-486 -350 -217
709 -188 -803
-796 883 -612
397 -308 714
-26 551 112
-584 -23 -427
597 -376 366
-776 -869 56
-980 558 72
-583 632 -117
-691 829 -396
-882 609 -861
221 804 885
944 -614 -501
685 583 -121
-631 -947 -521
323 -294 -136
-386 -412 739
-867 -20 -203
-766 377 348
-537 -569 -956
-951 467 -869
469 -661 -791
183 909 823
-334 -390 153
431 -280 -85
-186 -781 -782
412 -101 -934
-466 -274 890
871 -686 772
944 -975 604
690 -385 -905
-875 -65 636
-629 -684 -900
276 278 -519
-208 832 -693
-116 162 -599
677 -618 -231
221 958 945
-830 844 -266
68 -895 146
-383 -501 461
-827 -68 929
-352 -632 413
-383 -88 -917
-147 584 341
432 539 -205
-518 -930 -649
-851 598 -228
363 -949 691
884 858 -235
-928 -445 -465
-626 -924 -580
427 -203 400
538 602 951
772 -844 -42
-760 762 -31
378 -758 122
-289 770 256
688 -973 913
-216 379 -803
442 -737 -646
392 260 401
397 -845 -399
956 853 -31
-993 335 -920
140 598 337
912 584 -288
-446 -100 505
542 -828 301
229 756 75
781 162 -770
14 -962 211
666 86 299
-486 216 -181
152 81 -131
532 208 -620
-593 233 888
350 -713 -246
-970 460 759
367 870 922
-497 387 -28
516 397 609
303 -993 890
835 -335 -436
-900 -406 -532
-302 257 840
825 -890 -534
-200 -108 193
-248 763 633
-92 479 -808
-669 -566 922
-550 32 59
621 -355 -944
465 -676 -398
673 411 -469
331 -214 146
387 -48 763
-32 -925 -498
790 664 -72
38 604 105
-208 876 603
-43 406 -341
447 505 -716
123 -733 -112
-500 985 954
-600 -791 -665
-446 276 293
730 28 638
-537 417 -806
19 241 730
-581 -398 -326
-854 953 906
901 300 -10
-554 -190 -974
-682 -28 -222
-557 -82 711
-249 944 491
515 134 -487
-531 -563 -99
49 -268 -866
311 -83 929
-576 -403 402
-235 774 21
-202 -535 207
428 -816 -866
107 -296 617
-521 -784 502
625 -987 -320
199 -212 391
507 -707 -978
-910 578 -98
412 -369 288
814 -743 902
380 -128 997
426 169 -308
709 -671 -303
993 -891 462
116 982 500
652 -402 -752
996 -572 -828
476 -923 -800
-40 -485 818
-179 -12 357
-613 -588 238
603 -309 -353
-612 -554 -113
121 485 -938
8 -205 -119
767 -938 284
-560 -563 -185
-72 -705 86
431 -906 881
-657 896 -469
-211 226 -38
555 423 197
838 -927 754
417 -434 110
187 -763 -72
-231 589 292
-736 198 46
880 -1 580
242 -114 697
781 -827 468
552 744 813
504 849 -117
-632 299 226
386 -615 411
992 318 496
931 -799 791
-591 -664 817
-247 111 605
-800 196 539
981 -376 -779
715 -165 -616
968 -99 -858
-807 -276 903
-851 -227 429
106 940 -649
-58 180 -679
-892 527 511
-271 334 -279
105 898 -955
-894 -565 -715
-102 419 612
957 -800 885
-845 92 -727
954 -221 23
224 -959 -98
829 351 -3
16 -869 -189
10 -522 354
355 -109 -810
837 387 -738
568 642 -252
-806 -270 -973
994 -983 27
-842 -799 727
782 -475 -677
-325 -181 -329
436 -764 191
-357 346 -382
32 69 -817
-199 -364 -917
-532 -403 -801
99 880 822
108 247 -685
-193 211 146
-165 670 -536
-12 696 -403
153 -372 -952
-510 -647 -632
-637 490 380
-335 -1000 195
758 -476 362
587 642 511
-118 -565 973
-237 -804 325
734 -990 623
-969 487 318
392 83 -91
-326 -700 890
-627 -872 -769
-735 447 -713
