1000
79925 -8781 72814
53998 50534 97982
54116 51423 -49587
86221 -58217 61721
-6534 4462 80078
-95980 19154 -17006
-26701 -64894 52785
73528 7420 -22412
56468 47118 -81971
-3375 6118 81499
16272 -56978 823
16791 -16262 -48697
-12578 -37650 -5256
7699 -60440 -51840
-18004 61306 -85574
-22072 -94001 -59029
56030 94579 -27862
-80485 -89989 -81607
98276 80143 -41646
14904 -31881 8065
-45386 81471 10475
28071 31248 42797
-50017 -73231 36473
37319 -64574 -82784
-92861 25524 67418
-55799 56986 91624
65685 93351 -62754
-69340 88037 58698
4214 69847 16038
32382 -15616 -58108
83648 27011 94176
-78419 52728 43190
-257 -42371 -23536
76178 -14503 -74500
-10524 71552 2065
58438 -14295 -36155
19959 15930 -47811
-22094 23297 48815
-12754 70564 36221
70855 48509 73762
-99328 -85080 -21969
-71992 -40410 -70845
-61061 71959 5554
-37648 -48908 9219
90455 -47873 -1234
44015 -80279 -2813
77346 -93712 96518
69983 -49333 79221
-23601 -60678 -65874
70060 8231 10896
63130 -94485 65616
57960 19087 -6967
-4197 -30666 -56203
69150 82837 77326
92182 -84255 -34672
-40649 4795 15595
26427 -20040 -31738
-81119 42944 -57341
55657 98618 -93347
-23305 34022 38623
83214 76126 14553
-66013 91736 -88010
-81611 -27795 78252
12597 -67567 -4425
64761 -17220 41821
-43056 51694 26938
-76404 114 3476
-39682 34964 -55206
-29364 2019 38672
76281 -67197 -36037
12733 -64446 -98238
90428 -41357 37042
79672 87132 43667
45852 -62656 64669
-10565 -64356 -64472
89554 -22310 52750
51405 50212 86799
-60193 31455 -34976
-72492 34553 5054
-89708 36922 76053
-77105 1202 -83775
-82527 -37882 86111
84398 8339 50888
83745 79970 -85609
88287 -28070 85120
92848 -87931 36947
55245 -49746 -11184
52971 -81344 37952
15896 40130 -81295
83649 52424 -5107
93495 -44798 40621
-45705 -81315 39040
-88849 -46048 -23111
-92595 2756 45659
10877 -65355 -12568
-45571 43047 30762
61447 -15122 92411
-72472 -15316 -55656
-87721 70695 -58291
89805 10255 84626
-95775 99875 51423
74286 4475 8288
-35053 -96853 63515
-88977 3429 -59472
48889 67430 78682
51876 -49496 -86811
34794 -40805 -88737
48857 15583 5396
39681 -58341 -20571
-27320 -92554 -37819
-95874 29675 8762
-24543 -43963 951
11198 30922 -67831
74267 -83068 -82675
-75189 98981 52325
65919 -6346 -14811
-11658 15830 58789
-87406 63689 45804
-43219 90325 -70100
76949 53239 76889
10809 -72430 -93321
7421 -78345 -35439
21372 -70461 -483
2574 -68879 96197
-38916 -43391 -35274
-79361 15508 -43662
31664 40399 -78630
57660 23730 -80661
-4551 7241 -99536
99331 -17322 91015
-5685 90390 67316
15646 35355 23884
-14250 60655 -8286
99322 -13611 34130
-36053 24982 86436
-7070 27100 38497
-34149 22213 80758
-13621 63815 -37780
-35346 52447 21062
-2060 -97981 -38976
-31998 -48244 -10372
-66173 -87059 11204
-43904 -20193 96490
36945 70099 -61078
52211 -16581 -11820
21835 76823 -77861
-38196 -57116 85151
-23585 77110 -64530
-38179 47134 44932
-68115 72182 -98876
51130 91118 -34721
-49586 16383 27675
-75302 5050 -29207
54965 -34645 -79499
-41306 73726 -86336
-85914 11927 -42027
21148 -53050 54469
57252 14191 -13222
-88057 -1125 -2802
-97984 -24427 -47656
-98504 25833 15833
902 -51261 58043
-35117 -99443 -1038
41078 30673 -89359
61252 25372 -82561
94515 -95908 -86701
-58449 -50885 24349
-62113 -22725 -38174
-19312 -1232 -73178
13728 99387 -8404
70400 21212 -37838
-92762 -22041 -94709
-7369 38438 3281
-49446 1278 91062
87577 -77202 73292
-15102 29475 89296
82329 -18120 -12168
78566 -43360 -76522
-66618 45543 5184
-44344 98604 -80095
-15634 -88485 -48494
-28198 52300 87762
97816 56739 -16597
-38930 -96191 -51179
47744 -94504 54923
-80755 62044 -66900
-21636 26038 42375
-70549 -1494 -64627
-83888 19354 -9439
-99187 -81279 59700
15602 64017 57746
22242 -89787 65321
68579 29229 -85764
-57970 -34350 -24134
-81499 -64135 -56177
-62616 50644 -75849
-80078 47831 -26903
-46079 -21557 -67824
90187 82088 89279
99284 39167 -84230
-2370 -61351 -52566
-21078 -97255 18870
13785 -89270 21272
-11762 88388 98228
-95219 -32219 28666
7559 4195 61555
45767 50667 31687
-22469 -88185 60876
24227 65267 -69720
-87638 -65636 93090
-754 -6672 84485
-66542 -61654 78370
32527 68833 62751
-40597 -80458 -86992
66620 10538 13831
11709 -58722 44177
-81220 23031 -89930
26759 14881 67227
11982 42624 72984
86426 -435 -79699
-96282 87882 89295
72578 31132 -58127
-37323 38824 32759
28059 42144 82150
-35364 13759 87351
-53998 86536 63204
-94315 5086 -66199
-77706 49655 48350
85047 -21226 -82016
-94760 -551 50295
-34863 -96851 -71231
87875 -44726 -7683
-25102 -20728 8531
59157 83303 -82779
-89191 16277 -46377
-45481 86753 -16823
-83048 -63317 40671
78785 9608 -49404
-88391 -63639 -96883
26891 -52197 28271
-74556 65462 25532
-66742 95939 -22123
-75372 46812 20611
-52033 -54312 -27922
7694 -8460 -80661
85922 42054 64978
46873 -67344 80437
-48826 -96064 -40423
-11861 89945 -47834
-64938 -74315 91748
-36374 -34097 61631
-67042 -43697 79721
199 56336 92963
32883 -46265 -96922
61939 -74075 60086
44738 38836 34172
-43450 76470 -43728
-22034 -33843 -90551
53553 19989 27012
72320 -45055 -68197
-16765 61013 94457
-51092 35881 71295
-43105 -24295 -32044
55583 63029 19246
-25485 -7830 -3807
-10960 -83051 17347
42622 68289 9073
58976 38441 63026
6311 41004 64921
84572 -51667 -3792
3862 34658 62796
-99847 -88179 8509
-61424 -73863 20780
-98203 -88530 45705
79648 -85790 2693
-66262 21643 77498
21915 -11401 -53609
-89172 -56481 -24147
-78580 10311 -84851
21478 39202 -46409
-93962 21244 93663
39551 71315 -62188
40137 2781 -34936
14149 -73427 -29489
73236 18153 -79423
2090 -4561 -27311
-25291 -94678 -74814
-90739 -98987 -70645
-2476 -31895 -88727
32544 -20987 -27839
54320 -69217 -44464
-64034 11905 -34621
46673 -3563 87286
82544 37791 61291
27898 51720 -83715
42757 -67350 -38789
27207 -16756 -67328
-21625 18239 -60354
40265 98888 53621
7740 19330 -75616
-93433 20208 -44390
-47030 -28799 74143
-25574 -31986 -27480
-8035 -48583 -58971
34347 -90824 -99427
-69696 -24429 73858
-75036 -4386 -63728
-78572 -28108 47485
98090 25366 81901
13853 -62238 17098
29978 87864 39752
64419 -65757 -81694
21381 84954 86806
-66654 4639 -51628
60341 57432 -206
-31961 -37701 99934
87814 86843 -70689
-42849 18702 -79759
-43729 66127 14455
-11731 59903 92074
5460 -31722 -89871
-55376 -94697 79562
76840 97881 17970
-92457 -41033 -99898
-69774 -28418 66215
36680 46105 -69650
12414 -73679 -34290
1762 -24535 16603
-96613 -72917 -96619
-97211 -62536 11007
57654 69226 36068
60355 -63777 -52724
61074 -5212 -79553
-17287 -25827 -50762
39836 -74489 61327
-46214 77724 -3393
-86414 -98866 -29102
83895 81140 81590
-45337 -2445 -4306
-96669 -50741 -74872
36905 -90644 67334
90229 -10119 -90084
-5735 -15226 -53388
-40418 36324 90718
-52836 97170 16712
13222 71152 88154
-84254 -16178 -45211
-41474 89436 56344
-36325 -44637 18450
52338 -47544 -52530
82826 -17064 30218
-11982 -42911 30806
67456 -63593 -67459
99782 -26634 45109
-66640 4299 -94147
-7506 -54297 58142
-25201 77924 -6885
16913 80691 48524
-34901 78114 -8102
8786 -46746 -54574
83121 -22388 42071
-82435 37409 -47630
50420 16651 99091
-22154 12059 26048
14299 -50733 73527
18714 -88174 -18874
-56767 -92751 64752
-39949 8471 94009
47345 22846 54013
75753 77837 -74673
-61999 9297 -77897
57202 31388 -24588
-77670 77806 -63534
-10843 91378 -68695
-26008 -96285 73974
-80809 -17196 36343
59168 -33652 20339
40073 -20720 -16224
49842 46272 -20492
51753 17509 22330
-41466 2445 60581
41191 -89892 -1823
36656 10537 -91849
13468 12503 74088
-95017 -82865 -74547
-47672 60604 87304
-20462 -53717 -94732
-81779 17526 57532
37305 88332 50166
86051 76962 49972
-66103 41004 -92529
10094 76335 32871
5664 -96457 -29908
-35071 98630 70291
66134 -24393 32323
30988 47250 -53905
-89850 -91914 94691
23550 78221 -70502
-28582 -30605 52379
17136 94127 -17363
-70004 78486 -84551
-30347 45026 21520
-19191 41926 -18867
53523 -35928 28440
-21777 25374 74277
76283 5012 26934
-16618 -69936 -21616
96552 -99227 -97537
47735 -87986 39237
76311 1750 -36850
43653 -35731 -46235
86631 -14536 -50386
91513 -25335 91416
53289 -90987 -79712
54183 -86568 78976
-13189 7483 84901
50869 -80377 -5876
-23466 -4848 2629
-70323 -67431 -97556
15013 -44740 -19423
-14825 -91175 -33166
-62630 -96644 8770
-4697 -98317 83840
69396 60251 -8889
-25 -32453 95456
71056 -37506 -62300
74336 -20779 -14013
73647 -8431 61894
84320 13135 62332
-83227 61081 40985
32290 24472 -69676
61490 58116 35384
49023 82555 23232
-47506 85375 -80252
-6800 -25045 85233
-69192 -62889 -46166
-80973 -71875 -91963
-65398 99708 -7802
2289 75000 -64849
-64516 59253 -61752
60293 32625 37333
-93158 60225 -24546
23902 -62199 55967
-14211 -57641 96991
92848 77112 48345
49534 47222 93842
32880 -48494 66874
6643 94519 52670
-7804 -75111 45245
18961 -21313 -32319
-53314 -97946 -87107
37192 75423 86197
-32416 70571 63348
66408 -82784 -44710
3060 63576 -47268
20810 -46535 55491
40459 80017 24900
-49374 -52355 66399
-19096 -871 -8089
37578 -52739 88603
29305 -44998 -13951
74589 32864 80517
-70697 19700 -9229
-55386 -35491 -62915
48149 -92120 -80137
-14515 -93637 54327
-248 -89451 -42548
-88061 -52076 -65090
-2076 66936 88316
-18038 37990 -18364
82501 22814 37932
70863 -91136 -88972
-52416 87884 -2283
-29691 -29047 94026
57334 -49759 -68252
-49179 -33724 -85392
16744 45714 -60677
-23029 -53957 62341
16460 84291 67950
88959 29608 3496
61010 56717 8266
44543 75034 26089
-78937 -25251 -76866
-21643 6147 -67831
16332 -54279 58927
9294 4610 94060
36547 -1624 97230
75488 21872 -97527
-47212 98615 49412
79934 -5366 -62573
64904 -16323 -19204
87307 40804 52248
32944 -64557 -2458
-73913 -35009 -20143
28522 -40114 -18561
-44752 72999 -70651
-47088 88244 -74714
12503 -71766 -90964
14896 65724 88753
63388 53026 84448
66859 50187 2294
88955 71208 60546
-41000 51124 -93047
-28877 -49249 52632
5237 12217 -49617
-23448 94015 -60443
-8772 45973 89774
20890 43836 74565
-22342 -40331 62049
-29882 -13818 94600
53820 70016 -46124
46502 -23113 31386
48075 96753 31598
-81094 3997 56159
79930 48901 -36198
64403 17291 -88863
-61898 -64903 -36788
12526 15162 -12236
51594 -27826 -11980
62233 52945 -1012
-95764 97149 55556
-87519 43230 -24155
88310 59671 -5929
79720 54009 -83868
-35545 -58954 -36928
-39052 13460 -29735
-99674 50261 20433
1639 -53496 -47866
60843 47944 -22508
83133 -40046 -15338
16969 63284 -48251
-39337 -52743 21542
-79141 5407 87692
4052 92612 -82397
-36665 10210 30161
-50497 72907 37886
32965 -85226 -49449
666 -4888 -87451
46936 15577 52467
-23374 96541 5121
64608 6079 -9899
88567 -96110 -11185
78059 18785 88850
99637 81473 37396
79164 67593 -60688
-60441 33588 -958
-94619 67012 91309
18332 -7546 527
38695 -66442 16840
-44991 -3334 24983
49261 67156 56755
36794 -7009 4950
28286 -98591 56896
-66786 -43052 -12213
-1049 -54874 98970
35090 -70118 -33251
-64524 48996 45666
28146 -26950 35606
-79179 -70911 -11038
-57233 -93627 -50873
-38253 36724 99709
-50517 32558 46295
8348 -37536 76686
47660 -24638 -25473
28023 -87077 28630
71778 -39264 99666
90785 53852 90108
-73918 -81072 -92120
-25883 22398 -8398
-81372 -38009 18349
81917 60238 -60480
22786 76761 34286
-81143 -35793 20726
-13289 -81668 2271
-44165 63049 4407
-47358 99971 11588
-8222 60296 -39499
18683 -70784 -40515
-15802 90988 -1044
-90668 -11570 92664
-88166 3498 -60532
695 -5748 89041
-36368 -52944 -55531
-76738 -22710 -30348
26178 62285 -65684
-73656 53583 31408
84952 33314 -4745
-68061 -91920 -94041
87502 68106 -35813
76678 -58302 54919
-17374 -52012 -23033
-41010 27702 83375
-49591 -18902 83012
47987 35134 92132
-63888 75171 1324
56429 -22575 -9070
-94640 95413 -26751
-40600 76875 -98568
97522 36833 -53862
81682 -61495 80493
-78636 34173 74693
97421 62329 -42674
56305 36936 -93607
34851 -7498 -44328
96803 -87323 -21997
90570 32648 12031
-7339 84572 -27238
19117 -2941 -12551
-85207 -67251 65858
-38426 4930 -31857
89447 23314 -22283
55130 25288 92269
83844 85252 -82126
80810 89151 59878
32010 -22724 31788
-53824 -97238 -20617
-22949 19172 53195
-29751 64377 -29254
-3033 -81699 10132
-46045 -77519 -79291
-10358 99466 88191
92530 -624 -51421
-34236 18557 -29496
-25913 66395 3896
-50803 81251 -85047
53790 -20443 -43312
-51116 75590 -96513
-16315 56911 42271
-84380 16465 -71132
-84600 44564 64111
-35430 -72405 60731
-55963 74467 -97123
25102 19291 81510
-8742 -30731 -27926
44113 34604 -90662
80600 -48042 -74617
26493 29572 -19480
95013 22446 71705
-41126 82714 62099
72340 6715 19123
14894 -2074 96061
-6849 -93679 6473
-20232 -80503 42045
404 66471 77006
-17398 -66203 -58967
25408 79620 -79529
-38536 -96224 43357
59417 -9586 31506
32869 -88135 -17277
-57434 -25407 30798
29986 -29745 -27238
-64254 -73635 -54213
-65720 37269 70744
-65739 95911 76696
56847 26246 38235
-81045 13824 -12120
44773 -51393 -95097
68147 -90406 -52980
27905 62268 74402
62053 6206 -7359
96587 -53616 84526
-8735 60935 -93234
89273 88403 -94265
-85001 50360 -17874
-83476 66185 -19766
54789 -66052 -18509
-37 -14740 28274
83377 -93333 -97647
-18828 37097 4290
-52349 14467 84683
50721 -10817 42923
10371 -21936 -8552
36758 -82687 61517
-97448 -17073 -42926
-448 89177 -80492
30242 33435 -57583
45548 -41941 -45419
10806 -14951 -455
67451 28435 10836
53509 -21325 54579
-72067 5462 -81995
3596 80806 -5156
90191 62206 31411
98918 95523 -10784
52082 -36450 21989
-58371 24160 -47679
14089 68225 90081
-98357 94544 -64300
-81537 -4723 70852
90522 81950 73460
84245 69608 -24907
-87510 17849 63237
-73409 -2836 -30847
-52860 89215 -91831
29274 94337 38929
-14998 40826 -63300
12674 18600 -92248
-12109 -10479 7734
58529 75689 -60968
-48881 -4478 63959
65620 36819 -74821
-59725 -1464 85955
72210 23751 40973
-47020 65438 56854
-10596 -26189 51977
-92400 79981 -11237
-81489 23317 38612
-42715 6175 -95754
86099 94600 44490
52782 -79599 7613
67371 -27436 -26174
-84487 -22401 82954
11476 17895 18652
6547 -98344 -76569
-2838 70547 49797
89390 27268 -31624
87693 -13104 24218
83491 -68497 88650
55743 -86668 -27513
81252 -22931 61389
-86701 -25623 48767
27687 -59641 46199
44235 -57783 35701
-37978 1646 63026
-34069 -19620 72632
-63756 47962 -45717
72029 85323 -10842
56653 -53357 99117
-21279 74829 71756
8750 -97294 -16455
-57370 84278 -51737
-76245 38364 -62820
-27225 -71881 -64076
-53318 -95712 78088
-13936 23050 -49885
-48380 -62473 57110
93628 8290 -37324
29083 10246 -46438
58667 -48088 -9610
-45783 87198 16473
44323 -49247 -96142
-31818 -50324 -10393
-91092 37176 30752
43968 -38647 1742
-59784 96527 -82736
10875 -61827 -73056
-79306 -10306 -21929
53102 -75505 -44477
90643 65428 97258
-61612 -1952 66325
69640 -93549 38337
-65203 5145 -96420
-45719 -40560 -4095
-72659 -65168 55727
38774 12489 -14136
-21538 23208 -22921
-62297 -61390 -49494
11575 40389 15334
99642 -66914 50386
25971 -74969 63298
-97964 -85786 29657
83991 -63679 37386
-88705 89854 -41212
-38517 31611 -2433
-79686 20796 -22244
33606 28800 -26859
-75250 40373 -42022
-6753 37742 69718
51760 81349 -7815
8054 93884 -80953
-23174 -19380 90862
90472 -8488 -27140
-3814 9944 -75101
-67039 54851 24111
17176 90820 16179
99995 58023 -2753
31103 23070 -7815
58418 13661 -3607
-36017 61944 -93854
-16735 97486 -77660
-5010 -82089 83502
-23757 87762 41676
84252 22989 -67236
65574 82260 -78134
-98639 92640 -93748
46410 13274 -55532
74106 -63916 -93045
-26514 -81085 50751
-89526 48962 -64535
-59298 -29061 58744
63663 -38351 65376
22376 61935 73328
-93517 -91362 6173
-95790 75225 1284
-18167 -20327 81291
-26575 20034 -85453
31868 -67003 14352
-80493 81268 10782
25133 -48091 -86432
-51835 -32238 -70238
40697 -744 3240
-6465 57164 -57875
48857 -9647 -26236
-63358 9446 85509
52216 -79213 -91204
-63435 -26023 97371
68743 -99565 -4798
24880 -37056 56287
-85147 12676 47120
95942 10941 -67284
-1561 76122 -6885
46693 -3784 71221
72408 -70989 60191
6599 98203 -72505
-21388 -46270 -22064
-56273 94945 79942
-17024 97112 -42806
-13036 99284 25730
-58027 14950 37859
-12748 92210 12048
10618 47521 -17336
-25690 86059 47131
51336 -7101 -44842
-62645 -83964 74287
24861 54372 10017
1466 24384 64145
74350 48170 7577
-30459 17818 -30877
1141 69077 44966
37764 -61159 -12352
-52156 96907 70950
57666 -91308 74243
13655 18948 -77017
-98651 46551 67241
-87870 -41459 42883
74705 32212 -41881
81876 98278 80312
-83264 68633 -732
-3220 -70868 -30108
25032 -88130 57541
60627 68544 56872
56583 92691 94810
-32254 -20880 76090
-48386 -84327 -58611
87250 -26733 67653
-78812 47352 94755
-58171 80764 94560
-60443 55112 -84970
44039 -13897 3385
61671 -94558 34470
41291 -26936 46604
-1588 13901 78849
81540 -23824 -85240
79760 9682 35254
38507 92251 -17851
-17202 -56475 -74844
53859 -58825 -75414
-40879 16823 -69397
77273 13009 47057
69837 -79864 41934
-33482 31624 -37136
51798 -14342 79647
-42102 -43038 -93842
61720 -3076 92798
30474 -690 -9352
64646 -93581 469
37465 -41218 53184
84474 31133 18321
68689 86864 18895
20990 -31847 88881
80678 35050 -12249
84209 43046 -705
23261 31296 28045
-11649 -53755 1781
-46601 -14818 32357
-83126 21421 -64890
-5798 -30489 88494
13288 -4932 -11024
37911 -49340 -28358
48339 -25419 -88776
89046 -43980 34980
-61050 -22198 -45562
63723 6584 -18738
-93391 -50986 12792
-48846 -18935 -99307
28533 25582 -12179
-90621 65753 -65871
13174 -63558 43203
35955 78465 23867
-95031 -24434 -17027
-4879 -97567 -80177
-48047 5199 -3550
65499 32583 42060
99673 87530 -4865
13731 56443 9360
-11270 80841 84870
34917 1609 84862
-83367 -61537 -33049
-56174 -94854 53261
-64619 62561 -30366
-55790 25163 -7055
-51811 53746 -21771
-2911 34621 61472
48444 -32206 -64748
-67496 -49306 19299
28542 551 -81444
-18437 290 75092
82560 -46151 -77846
-57078 28386 92778
431 -41843 -90314
-86515 -52476 95652
48385 44529 5526
45697 -2263 -71798
70613 -34231 53014
-99431 -39933 82348
17778 -60280 88424
-39802 -36336 72992
-86924 87928 59638
-23391 -5837 -27541
19712 -66360 28376
97930 -55640 62435
79619 -68715 -56910
89588 -28656 -88249
15514 -74270 96723
-23986 -42528 1685
67227 53785 -80647
-82813 -57501 6288
-96103 -66390 7621
71396 -74619 -10947
-49922 30667 49239
-52469 -22570 -78483
-80666 -12969 -53686
-28003 -31561 -93603
-88916 6125 37818
54868 50530 76080
-72282 -22931 61617
93385 57468 60472
29386 34915 -3568
-48141 32800 34209
-45517 1048 88994
-90953 -26796 -30795
-28765 27157 79631
17778 6888 -63069
9938 -82403 -13016
19698 -24053 -23813
57910 98495 -31238
-9757 59260 88295
82089 71963 75038
98249 40039 -82570
21866 49955 -21028
85759 24564 25162
36902 3479 -62384
39631 74733 -55792
26561 92805 12250
64248 -18869 -58145
91945 -69110 -44024
2003 -7533 63492
83274 63871 -11076
76625 99 -78208
-27032 -66772 -78096
25828 -64185 31627
21989 -67695 41295
23842 88842 -66519
-97354 69664 -35373
38836 37899 -17340
-49172 9290 -22075
-35156 -33803 66259
59084 -95250 75714
75007 82317 -5464
-99024 -2715 85897
9768 85621 -51821
-61551 -72994 45885
477 10457 -26606
-6559 -97224 66624
-2758 68058 -19803
73705 11125 80656
85575 79118 -77357
-22598 -8555 45912
21005 73646 -34257
10346 70019 -22214
-40714 -39394 18130
18673 79533 -81378
-19704 -98921 -56217
-46620 56177 67976
-39095 90944 14872
98293 65208 -24025
97781 18876 -73558
-1966 -12825 -94523
-18575 -32047 99792
-86127 -33704 42749
61009 -45844 78231
40542 55231 -56002
-75029 77412 1790
36295 16151 18240
27673 60687 -6188
1360 55933 37980
-51731 53318 16285
-36703 86750 -33458
20697 -8811 10824
-24823 -37386 58768
