10 -76 -100 777
603 533 603 533
337 -171 -403 202
144 -367 -3 13
631 -36 -274 17
92 -94 -290 303
443 -528 -306 366
0 1 0 1
39 253 39 253
140 -172 -445 552
434 373 434 373
36 -180 -74 391
377 53 377 53
50 -7 -5 10
443 -294 -506 335
163 110 163 110
No
125 58 125 58
184 144 184 144
839 40 839 40
No
No
346 746 346 746
34 28 34 28
2 0 2 0
43 -19 -44 18
263 -102 -243 97
371 -694 -148 279
146 -88 -16 7
No
No
1 -76 -4 136
79 -77 -888 871
343 244 343 244
64 39 64 39
No
603 730 603 730
1 0 1 0
837 -378 -160 73
52 -52 -599 618
225 -173 -488 376
197 12 197 12
5 -5 -268 378
No
168 28 168 28
588 -584 -361 360
93 31 93 31
187 -283 -111 170
417 8 417 8
99 207 99 207
61 124 61 124
No
No
241 247 241 247
766 449 766 449
386 12 386 12
206 219 206 219
321 -678 -62 132
151 -35 -622 150
No
6 8 6 8
113 393 113 393
17 14 17 14
No
No
103 163 103 163
519 793 519 793
No
338 19 338 19
37 19 37 19
No
586 77 586 77
7 3 7 3
234 -302 -148 191
3 -1 -281 152
No
23 123 23 123
No
No
41 -495 -36 427
302 675 302 675
No
No
355 96 355 96
29 -75 -290 720
103 -18 -853 153
54 125 54 125
No
127 -2 -132 7
No
27 31 27 31
19 -513 -14 331
488 699 488 699
128 -168 -135 177
118 446 118 446
34 10 34 10
1 73 1 73
303 -240 -210 169
244 199 244 199
152 -179 -623 739
No
No
599 -646 -115 123
79 104 79 104
774 -316 -33 13
16 14 16 14
172 152 172 152
No
500 103 500 103
No
192 -149 -764 588
417 544 417 544
299 528 299 528
2 0 2 0
No
No
651 -700 -73 77
50 203 50 203
120 -28 -385 93
273 -500 -211 387
No
294 603 294 603
568 -271 -429 203
62 821 62 821
268 249 268 249
No
386 327 386 327
247 272 247 272
250 -296 -258 303
No
274 -270 -185 184
No
46 17 46 17
619 469 619 469
No
14 36 14 36
210 -232 -585 651
No
618 -598 -349 339
No
61 -67 -120 131
150 -5 -497 10
6 -30 -7 75
53 -50 -24 21
63 -127 -159 324
78 181 78 181
502 391 502 391
No
70 382 70 382
216 69 216 69
252 -1 -17 3
558 254 558 254
711 -579 -32 25
No
55 139 55 139
No
278 448 278 448
19 -6 -10 2
183 -163 -486 429
310 164 310 164
No
327 56 327 56
8 -39 -175 884
455 -364 -168 136
292 112 292 112
52 55 52 55
282 3 282 3
42 -72 -85 130
63 -231 -35 122
No
578 -562 -239 231
24 245 24 245
341 173 341 173
No
14 -114 -43 365
735 270 735 270
338 46 338 46
349 -277 -468 374
No
274 45 274 45
370 108 370 108
87 86 87 86
2 -10 -259 882
No
386 266 386 266
72 -54 -422 317
No
235 250 235 250
590 -633 -133 143
155 -98 -73 47
No
160 -328 -18 33
86 -23 -467 126
No
56 -156 -139 386
No
No
45 -28 -456 262
89 201 89 201
260 298 260 298
497 119 497 119
No
77 -35 -578 258
No
No
95 265 95 265
655 -55 -341 30
22 -186 -19 136
10 3 10 3
560 -336 -428 257
23 64 23 64
66 88 66 88
394 -332 -280 235
276 -188 -20 11
90 253 90 253
100 301 100 301
No
No
278 742 278 742
182 104 182 104
29 -217 -92 667
244 342 244 342
No
56 32 56 32
138 72 138 72
No
No
38 250 38 250
509 377 509 377
11 -18 -532 916
212 -58 -746 207
258 488 258 488
751 -774 -33 35
No
No
202 -703 -49 167
275 314 275 314
153 -205 -164 215
72 -18 -109 23
143 57 143 57
111 -102 -162 149
No
142 -239 -437 732
173 240 173 240
660 -487 -3 3
31 177 31 177
863 -99 -88 10
74 -128 -459 792
18 27 18 27
88 175 88 175
290 506 290 506
163 -385 -115 266
99 -124 -6 12
91 12 91 12
122 30 122 30
No
No
410 -867 -5 9
200 -103 -571 298
147 -802 -13 67
No
174 974 174 974
No
27 -346 -25 329
22 29 22 29
507 96 507 96
204 -53 -137 31
No
205 -252 -22 26
53 -34 -262 153
4 -5 -222 388
No
557 417 557 417
1 0 1 0
No
26 -110 -133 588
No
146 265 146 265
320 -224 -447 315
38 -110 -61 155
No
11 259 11 259
514 721 514 721
748 -95 -15 1
64 104 64 104
No
799 757 799 757
No
No
149 72 149 72
27 51 27 51
No
827 -950 -19 23
No
42 10 42 10
No
113 117 113 117
14 -22 -255 388
No
216 -285 -498 658
575 125 575 125
29 154 29 154
29 8 29 8
No
95 -23 -109 30
No
53 37 53 37
6 -26 -211 801
No
No
No
31 28 31 28
No
No
No
0 -4 68 779
258 51 258 51
No
No
No
No
No
No
3 -1 811 24
218 509 218 509
761 -258 -8 4
171 127 171 127
No
165 112 165 112
50 125 50 125
87 707 87 707
96 -44 -677 320
44 63 44 63
586 -221 -175 66
77 9 77 9
62 -186 -225 685
884 -832 -106 99
No
64 -180 -81 229
61 46 61 46
498 -134 -113 30
48 -34 -481 359
21 4 21 4
425 299 425 299
516 62 516 62
6 -66 -83 929
409 -43 -259 28
41 -41 -612 619
No
17 51 17 51
129 66 129 66
48 -68 -163 211
936 542 936 542
267 469 267 469
359 282 359 282
35 748 35 748
60 183 60 183
No
213 143 213 143
218 356 218 356
No
312 -207 -575 379
23 -273 -10 115
41 -29 -207 140
179 124 179 124
No
No
526 683 526 683
No
74 520 74 520
124 114 124 114
108 -495 -103 466
No
14 43 14 43
No
498 175 498 175
79 -102 -334 439
39 18 39 18
No
15 10 15 10
No
635 -383 -330 198
743 470 743 470
338 359 338 359
492 -254 -167 87
851 -866 -48 50
432 -290 -326 221
83 110 83 110
465 -319 -367 250
247 -210 -16 16
61 -182 -4 10
111 102 111 102
89 -99 -587 658
88 5 88 5
330 828 330 828
94 289 94 289
706 213 706 213
223 278 223 278
619 -60 -268 26
576 -97 -121 20
No
542 -317 -291 169
128 -175 -277 378
221 -113 -388 201
39 19 39 19
No
744 522 744 522
128 31 128 31
305 -339 -298 334
45 106 45 106
20 -30 -131 204
297 -297 -171 172
53 293 53 293
97 43 97 43
97 116 97 116
507 -408 -6 5
34 49 34 49
251 240 251 240
237 -547 -41 98
52 -193 -201 756
405 -287 -182 129
266 -146 -579 315
143 147 143 147
No
91 38 91 38
668 314 668 314
360 334 360 334
No
No
No
No
44 -59 -576 758
32 258 32 258
16 -106 -72 527
10 2 10 2
292 86 292 86
156 23 156 23
24 464 24 464
10 44 10 44
308 70 308 70
622 659 622 659
778 -106 -89 12
40 -174 -42 171
No
No
No
147 -378 -25 71
485 -289 -501 300
No
101 -269 -132 343
No
138 138 138 138
No
No
No
No
16 -33 -163 312
4 69 4 69
No
47 33 47 33
No
100 511 100 511
No
4 6 4 6
No
No
No
No
40 -102 -22 55
79 -142 -305 555
217 -447 -40 87
32 542 32 542
No
17 8 17 8
393 182 -2 0
266 400 266 400
266 -656 -37 92
1 -15 -32 577
303 -330 -200 220
443 2 443 2
86 -341 -155 607
270 151 270 151
No
46 -34 -547 417
No
203 308 203 308
160 163 160 163
64 -340 -112 591
342 366 342 366
19 27 19 27
No
105 -133 -518 648
804 -684 -25 21
40 50 40 50
33 326 33 326
392 473 392 473
2 2 2 2
61 185 61 185
No
180 -594 -74 239
27 -59 -50 120
No
No
No
No
No
486 31 486 31
36 1 36 1
No
28 -122 -4 19
433 -102 -424 101
215 -262 -180 224
No
184 -602 -43 140
No
No
703 58 703 58
347 -40 -518 62
No
240 26 240 26
367 -24 -486 30
92 178 92 178
No
No
5 -77 -48 743
37 -175 -86 424
223 117 223 117
No
84 -408 -41 205
178 385 178 385
1 -2 -895 847
357 -367 -264 273
838 -586 -56 39
920 -523 -15 8
No
458 -476 -355 369
223 472 223 472
187 -90 -586 284
No
170 299 170 299
184 216 184 216
No
No
229 283 229 283
296 -89 -19 5
No
18 -25 -310 450
No
No
340 439 340 439
861 -533 -38 24
266 104 266 104
285 -715 -97 242
47 64 47 64
339 -631 -20 36
No
6 29 6 29
180 4 180 4
No
No
205 -14 -556 40
82 104 82 104
191 -181 -351 336
No
No
No
11 28 11 28
103 110 103 110
10 92 10 92
No
No
30 -2 -207 21
449 471 449 471
No
349 394 349 394
No
16 -65 -226 868
547 -337 -27 16
46 -357 -6 40
No
150 -148 -39 36
383 -105 -544 149
913 -494 -70 37
527 -590 -47 53
No
413 -554 -311 415
310 626 310 626
57 64 57 64
No
60 30 60 30
No
0 -6 36 961
712 552 712 552
485 -468 -220 211
6 26 6 26
No
No
56 -54 -147 138
No
349 522 349 522
No
65 69 65 69
197 -217 -94 105
769 -318 -160 65
3 -413 -1 438
122 448 122 448
7 -2 -74 24
693 694 693 694
108 -130 -117 142
No
157 -407 -205 534
278 -441 -258 410
0 77 0 77
174 -32 -530 103
2 6 2 6
199 30 199 30
91 -28 -91 29
95 -2 -14 0
323 -265 -608 500
221 -169 -93 72
56 1 558 0
33 -769 -8 209
66 16 66 16
51 -447 -32 292
375 -503 -350 470
169 -512 -46 144
538 266 538 266
No
52 561 52 561
920 170 920 170
No
21 -421 -26 516
2 -8 8 35
No
560 -53 -170 16
107 184 107 184
5 -444 -2 49
540 31 540 31
No
No
64 10 64 10
76 138 76 138
127 77 127 77
162 289 162 289
No
No
33 -15 -75 20
No
No
8 -428 -7 491
No
No
No
No
345 240 345 240
466 -255 -349 192
27 65 27 65
81 77 81 77
20 91 20 91
No
230 227 230 227
33 -111 -99 346
No
306 333 306 333
376 229 376 229
289 433 289 433
42 13 42 13
411 371 411 371
No
20 -14 -429 261
No
152 151 152 151
115 -157 -22 28
196 -184 -507 477
40 64 40 64
82 94 82 94
52 47 52 47
234 -156 -191 131
No
79 -222 -6 20
161 200 161 200
25 -3 -708 106
70 65 70 65
871 175 871 175
61 347 61 347
391 186 391 186
425 340 425 340
159 -204 -99 131
43 -109 -6 19
111 26 111 26
108 93 108 93
259 -74 -501 147
4 -2 -557 456
No
105 -33 -37 10
140 175 140 175
2 -7 -290 568
210 101 210 101
No
127 434 127 434
127 451 127 451
No
No
288 -61 -166 36
No
No
No
No
No
66 -32 -545 269
51 -654 -26 327
43 40 43 40
201 -515 -128 327
61 -32 -370 193
557 -280 -334 169
432 97 432 97
116 433 116 433
240 391 240 391
55 56 55 56
517 31 517 31
No
474 416 474 416
219 -212 -89 87
No
No
No
323 159 323 159
No
479 -193 -182 72
132 102 132 102
118 -4 -459 21
No
210 227 210 227
No
8 -2 -637 209
No
767 -757 -38 37
No
96 124 96 124
20 205 20 205
29 -41 -60 90
534 -599 -89 99
97 59 97 59
733 -612 -201 167
13 -12 -564 560
169 67 169 67
No
53 62 53 62
350 429 350 429
658 -437 -230 152
No
No
30 -75 -79 188
440 -631 -233 335
No
73 2 73 2
64 49 64 49
26 194 26 194
10 -6 -417 269
No
No
No
48 -10 -935 188
No
51 -23 -265 110
No
259 123 259 123
No
227 141 227 141
83 -231 -194 534
No
No
909 899 909 899
No
45 363 45 363
593 373 593 373
No
93 355 93 355
267 240 267 240
98 124 98 124
250 12 250 12
4 -83 -19 501
182 288 182 288
636 -568 -233 208
99 174 99 174
75 69 75 69
718 598 718 598
21 29 21 29
597 -163 -207 58
No
176 -207 -407 478
331 -220 -616 411
46 51 46 51
No
9 -380 -11 487
348 708 348 708
468 -440 -101 97
161 326 161 326
462 329 462 329
No
No
5 8 5 8
21 -4 -760 182
60 254 60 254
71 -124 -66 109
108 136 108 136
641 620 641 620
45 83 45 83
No
108 -98 -576 531
No
No
No
237 260 237 260
169 -38 -789 183
403 396 403 396
397 30 397 30
161 -124 -340 259
33 -415 -35 412
No
75 -316 -13 67
97 25 97 25
148 -119 -391 313
No
No
713 272 713 272
No
305 -635 -140 293
212 -143 -250 170
No
No
No
No
257 128 257 128
516 194 516 194
922 651 922 651
16 7 16 7
282 170 282 170
No
463 218 463 218
538 -603 -315 353
35 101 35 101
No
65 -102 -8 12
No
No
687 -208 -69 21
88 -429 -74 352
No
No
No
5 -11 -76 141
9 -26 -43 107
215 551 215 551
696 342 696 342
No
76 -31 -794 336
338 434 338 434
262 -339 -135 177
No
No
126 -278 -77 172
67 82 67 82
No
No
622 203 622 203
342 64 342 64
46 -56 -520 613
No
226 398 226 398
98 68 98 68
119 -196 -292 477
36 55 36 55
No
189 -6 -736 26
284 -338 -48 57
No
No
159 16 159 16
82 -74 -423 373
452 76 452 76
No
245 -185 -546 415
No
11 -264 -3 101
No
216 -14 -25 5
104 -151 -294 430
760 682 760 682
290 -871 -10 30
46 -129 -49 148
11 -260 -3 81
37 -260 -45 297
525 139 525 139
87 -338 -47 177
296 -279 -267 252
130 27 130 27
19 60 19 60
205 -294 -198 282
573 174 573 174
44 -17 -491 185
No
3 -1 299 106
458 -305 -326 216
568 360 568 360
133 123 133 123
521 375 521 375
9 14 9 14
144 160 144 160
222 242 222 242
No
81 -206 -88 220
45 48 45 48
22 24 22 24
326 -38 -165 20
79 130 79 130
137 240 137 240
836 432 836 432
No
9 -164 -3 15
14 -15 -574 598
No
No
357 -91 -128 30
62 3 62 3
876 716 876 716
126 -125 -437 435
No
763 362 763 362
133 97 133 97
118 110 118 110
No
304 274 304 274
402 386 402 386
477 117 477 117
422 166 422 166
68 253 68 253
0 -580 1 300
No
673 635 673 635
No
116 -69 -167 99
222 470 222 470
111 69 111 69
80 -248 -79 248
121 140 121 140
657 -586 -7 5
109 248 -2 1
No
169 443 169 443
No
3 38 3 38
43 -129 -49 140
127 -478 -100 373
No
No
104 177 104 177
91 73 91 73
333 -40 -565 65
550 -869 -15 25
413 102 -6 0
505 603 505 603
59 534 59 534
54 233 54 233
128 30 128 30
105 -248 -246 581
477 9 477 9
192 3 192 3
10 40 10 40
19 -43 -24 50
255 -226 -66 58
No
628 635 628 635
76 -81 -723 761
414 683 414 683
177 -316 -4 9
No
192 197 192 197
37 -29 -32 3
343 -185 -21 14
278 -365 -125 167
No
92 -43 -155 65
55 51 55 51
No
No
No
19 -14 -628 496
No
83 -28 -117 39
111 176 111 176
551 -503 -91 84
54 -13 -511 105
No
No
161 321 161 321
22 -105 -61 287
285 -134 -65 29
787 -565 -85 62
No
