413020
2287366
863129
4046897
1538300
3250107
1583560
2832724
3555037
3611321
7212172
482151
1030897
974030
3579455
954683
3753845
1418777
1495620
3361125
2281608
4709686
930250
4621023
1472592
1319704
5299110
598152
1236262
3811815
94471
3317814
1390570
6832968
7409979
2849502
1805890
4750585
2131188
3394711
7612463
1253643
1649413
354555
7255055
1375842
3973818
5740896
6931419
724377
3858514
1509158
1631502
6335551
4629042
1902857
7078327
2611094
3444057
4637468
100639
244415
4456794
1939846
4003596
4006055
4064373
4532588
3941704
4784040
706747
4899362
3491744
4866808
4497728
405709
1588229
4516281
674802
4037269
6357352
975960
2154869
2342033
2153309
2330161
5505795
3151729
4779052
7642325
3685441
3479775
651214
794697
5425888
256270
6905928
7245205
1820399
768328
2769986
1024774
1941262
3354957
2106502
2946625
7220289
4546250
4892139
785006
4396462
2280647
766574
5103694
3487433
2918951
4262160
2042091
519115
878028
175423
3427037
4353127
1289599
4775411
3073568
125447
6735659
4827132
2369486
4697124
2830641
3388655
3084194
1956216
723707
937665
4174786
3023877
3743245
2082497
2075579
3553137
1435800
2390981
2334139
1423131
2313701
3886026
4655158
3817186
509745
996125
3741501
7376378
4130379
4570745
1130085
564912
6424272
63509
3001501
205019
2015684
6241843
3850880
2765595
4857900
2765346
6470856
3778575
1872428
2682413
4843666
4357292
738906
4131032
111009
924092
5526683
5183626
376562
4575046
4725012
3127596
3669205
6507225
1735196
4830434
7241492
3072231
310337
6445962
3536271
1138923
805991
894110
1873358
5301129
3797681
1891598
4512286
4346007
1865575
1068254
1097113
2458451
676589
1109160
5175166
495339
2662815
1488929
3305152
4353032
503879
3156495
3477202
3931414
4714957
4674586
2678915
3343592
3974980
4882787
4183498
4057664
5522974
186504
3784745
2493126
6795937
2512819
2012106
3903899
6670
3847847
548609
2964648
2874136
4237232
2640190
3528696
229327
4902340
7244590
1487993
3601000
5261463
3862647
2513362
5016868
4332335
58941
2102981
4472440
4040241
3748308
3378703
6503860
6631848
6934770
132481
5037911
2112141
2616506
3825562
4149578
7164193
6695363
4213775
4206898
5875828
5182973
3395001
4293697
5323117
4245132
1520515
5696964
4801427
6778425
4206930
1043962
5456247
1421383
16066
6272018
6894137
3450908
3351036
5945038
3035969
2671372
2687280
5493488
593084
1351049
1009893
5972185
20907
3438075
3177436
3396064
3408135
3776312
1206204
3910753
2149811
1105588
260004
3113326
4808219
4741645
6990024
3360880
3899318
1872625
1171981
2422357
3085516
695986
1401499
6701639
2731421
3514331
5696470
925844
130164
3003076
5569542
1482154
1937245
2547035
53128
2867081
1216930
1324320
4207797
1214779
6694433
2316123
228150
1712965
3686782
6811696
87609
3477873
3540031
472017
1817900
6565469
1481868
3075270
5268864
6582733
6174150
7594598
3578306
3480648
1384476
6825471
1506887
3285347
2699802
1877886
2101441
4264381
1
4975959
5587312
1655900
4107116
6866895
3626537
381355
6358620
1781237
6568281
115643
2907860
4071461
431902
566329
4524653
3413754
5136532
2072442
63210
6239111
6639075
2695230
1621619
3825312
5618426
2844421
2670358
1912739
1848661
6728552
5894380
2617437
2206430
430619
5436380
4390055
1582267
2256219
163359
1174407
4323680
4076874
2168453
2617084
7539768
4388535
4406105
5136170
2444215
3431822
5652282
2031246
4128650
3859772
2406706
1405891
3574024
3762158
4927457
1692013
2869051
2111658
4262353
4722226
4706447
2354069
2083780
2547308
5479921
5506035
699008
2014793
5866525
382960
2772611
1266841
7156841
1013221
2270002
6746414
4952037
4910488
4387959
3436680
3299359
1023112
5074394
4735441
1926138
772801
6215053
2200669
4098615
1102201
1821273
65153
987927
6629569
1649369
4600891
7187930
2581129
4973368
1766860
1076575
2893932
6613673
48559
1007901
3699079
1633202
7064070
3850524
3746706
3333820
4491391
2266797
3566998
1035155
1533286
1313412
1320930
2038234
723452
5043825
1681091
462718
3802409
3000393
307024
3779125
3567451
4595054
2962023
2235453
1482567
4525411
2643905
566800
388454
237051
7087664
5404380
91213
5924601
7667735
3014904
1432295
2718117
5157268
1751240
2437239
4864681
2020170
3857776
1022371
5165968
3353279
1893681
5441529
348130
94875
2470782
4730712
281809
3287192
1554451
2902211
1999950
1870106
3729948
2513343
4374904
6791429
2302937
2856136
192585
444153
3919629
4104113
5198491
3495788
6346533
4806418
662714
4080774
5223509
6381781
2275527
2409770
1806673
243336
278988
236033
2743833
4934824
5050286
5930836
3759462
1058863
1253606
4007094
1171814
3173983
1371319
4842346
1541203
336209
1806577
4211057
2968779
263618
3417232
581744
4214619
2938497
3650629
1886596
49478
4023995
3124397
2298293
5295783
2908596
4376269
4449577
476334
1764362
6242057
4272155
1682789
2602967
6457999
4960017
36639
3618402
6901309
3093615
421940
3149672
2242546
3095621
656167
5806861
1442406
4331745
339257
5816449
4525146
910722
6287932
6986008
849062
2948931
4516411
2068766
2365714
3150711
3855437
1282703
1365158
1803797
450684
2340305
4870138
6943148
4469251
4991290
1726659
517801
4401536
279127
2328083
6124547
4640184
3870023
1604660
4472767
2451545
6416287
3339117
1376388
6051883
173885
2365416
3226499
6947402
5374048
648754
1276917
7226080
2993067
4652689
1935290
5845713
1078293
2167676
438091
1411563
897304
5148369
3451808
3695086
5060684
1262690
2513041
207087
4812434
4034328
3742183
3451783
5185765
1876639
384163
1191620
6161806
3348762
944812
5006140
3645270
4796952
5653204
1890294
3418293
5467968
4761181
4153694
421239
4736260
152856
1966627
4255099
4428520
5529661
747640
2161651
3990544
1371590
5714419
3858396
729320
4107382
1467564
6848279
2698533
2174116
4872329
6447433
5449377
3230319
4156725
4273458
5184597
3684305
4518442
4137150
7061947
1415718
1159643
3388884
2159788
1884085
2134676
6740126
1750313
2134286
622093
6757445
3622996
1019621
3320571
3149852
5114909
5621368
2576023
1285952
2279670
4297633
4195292
7446794
2869294
3631513
1390150
3549080
5051566
2815572
912497
807425
2664104
5171362
5014084
3310383
141396
4707761
5055069
7252378
465088
2981155
2860422
1742195
1342739
629776
6002296
4189062
7679926
6758928
396498
775468
7612467
6403413
1300109
1106673
4415933
1726231
1934624
1533072
2600831
3383373
5138868
4473140
6927517
233374
5384050
4017395
193938
2200275
1476318
1183881
1885652
6838540
7528005
1038677
5470438
6641951
398476
252413
2107363
4901981
6324822
2016806
5532843
3465432
909800
6460967
3027545
720809
767616
3330636
1124579
1849342
2370731
1755785
4357539
4260081
2253938
6411373
1814047
5167892
7590633
176579
2520376
3411911
637254
333033
764577
4800158
2864335
3113904
585162
1229849
4998388
2044804
16696
696364
4472097
5120336
43801
4656451
6372706
1192826
784334
2455296
3988867
1778950
3466836
4019984
4303354
360981
2390662
4177895
549455
1814242
6053798
2440959
4400113
3869675
6271039
53744
3881517
1670951
3933838
6902678
5460693
2950166
1767197
2449288
1137630
79038
2223315
3636551
3275155
1089096
602373
1462533
364504
4506670
2985423
4333237
4868562
240092
2595398
901748
515976
1187952
3352184
1833078
4118605
7202946
5795415
2755450
1362513
6287
346686
1508436
7293575
3220530
3904326
1473413
6318787
6162031
5585207
7628214
6086352
7338635
416121
4212274
4650141
1245026
3804477
5040378
1447402
2858716
2783011
2795138
6259164
5177068
5497600
1678504
1355859
2542210
2437027
4045850
2493401
6638790
4362637
385544
1983792
94624
448939
4490728
1503824
7491873
7025126
1144291
3036128
627947
3955079
6487987
3729802
3966977
2591
7217498
6364304
4857145
3863353
3989962
6255744
4079418
6977146
4925379
1692424
2606363
7097165
1638957
7224779
6275362
6944815
187040
3423724
3317536
4481750
4775340
746416
147086
2522133
2883149
1403538
3527190
542959
3136524
5008086
28391
2402529
812257
3340534
3113382
1442591
853392
1897814
3209979
1
2829612
1943893
1757938
1918763
7162260
1167859
5928293
3588013
4151090
