72767
67012
71374048
31854417
155271
79534308
16348
130059
45212367
63573
21226967
121072
69296871
1404656
38551
73906990
27607427
99832203
144111
106711
155633
13252
95048644
51346920
91136973
92923219
67183
63044705
13314767
10976394
80382927
63537817
96852314
37410906
49683527
111551
36978967
61340347
125839
183457
13224531
83859453
44782
88855790
36248
12949021
35067
6797637
21947185
181723
50018
10427
129203
66705019
86640131
14706
74883
3542
39214370
28424
106664
72145750
26917177
184010
4330883
41723229
192786
71792
22085307
106713
77404
131050
97881192
63602
23657
67350
2276
96966
40837
28694755
23411
36556
68920414
456826
35021707
108841
2298474
703136
143315
31689
124886
128159
76605707
60262
160995
39905345
41625
78514057
53797
72118663
