100
524 842 198469
748 659 198469
765 787 100000007
497 809 100000007
670 45 198469
15 766 100000007
318 989 198469
731 82 198469
754 443 100000007
746 888 198469
442 535 100000007
620 104 198469
564 185 100000007
832 313 100000007
368 632 198469
705 291 100000007
628 614 100000007
46 921 100000007
178 178 198469
644 645 198469
785 266 198469
570 905 198469
735 994 100000007
702 803 100000007
912 913 100000007
199 181 100000007
48 859 198469
122 297 100000007
531 601 100000007
824 491 100000007
146 829 100000007
674 624 100000007
795 960 100000007
25 943 100000007
524 932 100000007
958 340 198469
658 513 100000007
965 165 100000007
730 273 198469
307 336 198469
29 395 100000007
676 162 100000007
267 551 198469
898 724 100000007
443 376 198469
939 178 100000007
826 39 198469
787 308 100000007
65 720 100000007
980 746 198469
57 186 198469
299 802 198469
354 581 198469
482 985 100000007
101 743 100000007
765 124 198469
296 875 198469
648 948 198469
569 284 100000007
764 419 198469
736 437 198469
982 422 100000007
584 217 100000007
249 877 198469
482 169 100000007
248 485 100000007
236 396 198469
160 340 198469
830 603 100000007
853 36 198469
924 548 198469
371 509 198469
905 822 100000007
928 489 198469
773 230 198469
393 62 198469
638 421 198469
914 808 198469
778 937 198469
144 232 100000007
541 467 198469
884 801 198469
33 919 100000007
844 436 100000007
43 47 100000007
224 437 198469
383 34 100000007
268 184 100000007
183 213 198469
387 10 198469
533 142 198469
375 37 198469
675 360 100000007
296 20 198469
84 310 198469
932 576 100000007
232 181 198469
988 640 100000007
929 25 198469
306 992 100000007
