1000
868 355 7689691
274 719 7689691
815 133 5083607
60 790 7689691
348 190 7689691
255 402 7689691
154 438 5083607
581 473 5083607
335 935 5083607
417 544 5083607
316 252 7689691
561 360 5083607
237 434 7689691
305 844 7689691
827 523 7689691
111 291 5083607
366 330 5083607
859 380 7689691
827 10 5083607
111 482 5083607
426 365 7689691
816 885 7689691
798 452 7689691
337 912 7689691
508 910 5083607
495 549 5083607
987 400 7689691
521 586 5083607
112 333 5083607
438 848 7689691
114 846 7689691
403 1000 5083607
191 433 7689691
280 435 7689691
243 670 5083607
152 964 5083607
955 716 5083607
220 790 7689691
828 644 7689691
539 573 5083607
87 725 7689691
453 194 5083607
979 863 5083607
39 89 7689691
227 651 5083607
814 706 7689691
693 574 7689691
215 594 7689691
112 792 7689691
321 656 5083607
825 976 7689691
559 894 5083607
86 65 7689691
989 982 5083607
631 207 5083607
729 805 5083607
830 811 5083607
38 976 5083607
424 829 7689691
977 389 5083607
498 537 7689691
408 137 7689691
283 663 5083607
154 502 7689691
743 981 7689691
506 940 7689691
836 806 5083607
482 40 5083607
867 891 7689691
324 830 5083607
303 607 7689691
504 694 5083607
574 135 5083607
236 833 7689691
668 201 5083607
788 821 5083607
891 945 7689691
524 661 7689691
904 922 7689691
677 544 5083607
696 407 5083607
227 412 5083607
401 575 7689691
725 675 5083607
308 141 5083607
432 866 7689691
865 529 7689691
236 70 5083607
643 161 5083607
948 566 5083607
651 298 5083607
308 41 7689691
690 339 7689691
871 372 7689691
678 808 7689691
927 46 7689691
715 241 5083607
483 723 7689691
502 84 7689691
119 139 7689691
565 805 7689691
536 550 7689691
972 53 5083607
906 76 7689691
208 919 7689691
113 281 5083607
815 644 5083607
326 145 5083607
672 27 7689691
319 564 5083607
164 472 5083607
343 555 7689691
876 945 5083607
62 489 5083607
703 464 7689691
782 188 7689691
870 637 7689691
245 646 5083607
596 494 5083607
932 429 7689691
453 924 5083607
363 391 7689691
180 632 5083607
910 520 7689691
637 393 7689691
123 406 5083607
846 246 5083607
596 775 7689691
375 536 7689691
93 624 5083607
628 211 7689691
687 887 7689691
465 826 5083607
945 57 5083607
265 174 5083607
954 427 5083607
61 391 5083607
476 89 5083607
148 865 7689691
305 206 5083607
354 572 5083607
33 654 5083607
299 823 7689691
693 980 7689691
12 233 5083607
133 253 7689691
1 828 5083607
984 488 5083607
333 666 5083607
187 529 5083607
714 295 5083607
626 894 5083607
306 806 5083607
597 20 5083607
702 463 5083607
681 850 7689691
179 101 5083607
690 480 7689691
94 889 5083607
686 401 7689691
113 10 5083607
366 287 5083607
17 358 5083607
857 270 5083607
609 813 5083607
969 817 7689691
502 679 5083607
915 712 5083607
248 720 5083607
297 727 7689691
377 326 5083607
608 189 5083607
874 446 7689691
103 930 7689691
846 92 7689691
796 224 7689691
753 597 5083607
859 701 7689691
119 732 5083607
594 558 5083607
335 250 5083607
868 802 5083607
704 783 5083607
69 870 7689691
207 227 7689691
665 780 5083607
508 585 7689691
786 613 5083607
669 114 7689691
934 986 7689691
575 520 7689691
739 959 5083607
502 257 5083607
293 575 5083607
518 839 7689691
132 803 5083607
303 309 5083607
809 557 5083607
473 611 7689691
504 855 7689691
574 541 7689691
974 243 5083607
284 236 5083607
520 846 5083607
247 382 5083607
896 58 5083607
979 33 7689691
168 47 5083607
369 300 5083607
89 459 7689691
885 964 5083607
622 935 7689691
864 367 7689691
864 686 5083607
578 690 5083607
711 824 5083607
70 889 7689691
700 523 7689691
219 158 5083607
382 46 7689691
219 75 5083607
333 558 7689691
35 118 5083607
525 58 7689691
904 719 5083607
874 605 5083607
923 174 5083607
747 264 7689691
287 950 7689691
106 173 7689691
373 879 5083607
259 435 7689691
44 886 7689691
61 78 5083607
16 519 7689691
249 282 5083607
112 159 7689691
769 864 5083607
839 249 5083607
210 302 7689691
67 938 7689691
524 956 7689691
695 115 5083607
951 852 5083607
138 841 7689691
857 664 5083607
138 861 5083607
446 247 7689691
706 633 5083607
396 825 7689691
651 736 5083607
237 424 7689691
207 401 7689691
884 902 7689691
247 261 5083607
103 3 5083607
475 119 7689691
343 366 7689691
249 731 7689691
711 13 7689691
315 21 7689691
884 499 7689691
858 529 5083607
986 758 5083607
220 430 5083607
181 944 5083607
147 121 5083607
188 155 5083607
499 569 7689691
776 671 7689691
600 113 5083607
459 878 7689691
723 523 7689691
675 414 5083607
243 607 5083607
234 186 7689691
677 113 7689691
698 605 7689691
648 560 5083607
613 737 7689691
716 295 7689691
251 612 5083607
511 370 7689691
49 530 5083607
513 907 7689691
992 451 7689691
736 597 5083607
890 175 7689691
300 819 5083607
381 710 5083607
180 927 7689691
817 521 7689691
631 436 7689691
33 769 7689691
471 270 7689691
668 569 7689691
263 224 5083607
372 286 7689691
992 731 7689691
461 873 5083607
688 742 5083607
526 179 7689691
309 52 5083607
403 205 5083607
944 110 5083607
281 865 7689691
350 609 5083607
824 342 7689691
418 875 7689691
865 342 5083607
143 772 7689691
41 713 5083607
875 791 7689691
687 77 7689691
459 616 7689691
195 218 7689691
176 169 7689691
85 387 7689691
86 341 5083607
832 369 5083607
919 240 5083607
764 732 5083607
641 83 7689691
803 828 7689691
630 63 7689691
742 380 7689691
968 180 7689691
828 980 5083607
725 843 5083607
332 97 7689691
387 122 7689691
284 765 7689691
881 780 5083607
830 310 7689691
760 560 7689691
365 182 5083607
898 846 7689691
71 949 5083607
459 813 5083607
536 63 5083607
57 342 5083607
797 490 7689691
413 537 7689691
295 531 5083607
763 467 7689691
154 637 5083607
883 466 5083607
239 281 5083607
110 716 5083607
23 955 5083607
783 22 5083607
674 412 5083607
88 321 7689691
149 149 7689691
912 670 7689691
295 915 7689691
105 342 7689691
884 812 5083607
748 830 7689691
658 982 7689691
525 287 5083607
95 890 5083607
204 695 5083607
636 970 7689691
424 169 5083607
177 20 5083607
202 952 7689691
861 778 7689691
345 414 7689691
661 936 5083607
76 378 5083607
16 929 7689691
723 74 5083607
507 147 5083607
100 882 5083607
959 651 7689691
326 837 5083607
817 872 5083607
234 942 7689691
709 436 5083607
735 656 5083607
443 596 5083607
435 814 7689691
474 204 7689691
77 225 5083607
143 523 7689691
299 870 7689691
559 234 5083607
225 756 7689691
690 97 7689691
393 166 7689691
887 577 5083607
654 43 5083607
541 638 5083607
356 255 5083607
315 18 5083607
786 754 7689691
831 470 7689691
508 635 7689691
661 540 7689691
375 127 7689691
228 6 7689691
257 99 7689691
605 499 5083607
151 848 7689691
16 232 5083607
823 247 7689691
188 648 5083607
455 795 5083607
276 120 5083607
783 730 5083607
781 816 7689691
717 162 7689691
466 870 7689691
64 625 5083607
883 747 7689691
140 276 7689691
68 750 7689691
523 343 5083607
380 29 7689691
405 396 5083607
49 129 7689691
11 690 7689691
66 91 7689691
852 190 7689691
122 190 5083607
907 742 7689691
759 311 5083607
865 204 5083607
675 670 5083607
602 320 5083607
924 818 5083607
513 413 5083607
364 806 7689691
381 928 7689691
22 408 5083607
808 64 5083607
788 434 7689691
938 28 7689691
591 63 7689691
668 742 7689691
903 995 7689691
6 994 5083607
716 884 5083607
742 246 5083607
57 899 5083607
727 151 5083607
976 930 5083607
974 680 7689691
728 159 5083607
873 623 7689691
955 358 7689691
706 334 7689691
818 472 5083607
285 106 5083607
244 537 7689691
729 227 5083607
613 795 7689691
700 469 7689691
554 64 5083607
516 587 5083607
682 212 7689691
47 351 7689691
63 228 7689691
248 269 5083607
753 590 5083607
680 499 5083607
22 600 7689691
995 908 5083607
357 929 5083607
972 887 5083607
34 410 7689691
668 190 7689691
160 678 5083607
822 505 5083607
680 967 7689691
978 250 5083607
722 425 7689691
120 190 5083607
306 871 5083607
565 555 5083607
227 204 5083607
200 386 7689691
840 240 5083607
155 556 5083607
282 141 5083607
101 994 5083607
804 133 5083607
443 346 7689691
275 578 5083607
971 747 7689691
407 556 7689691
112 157 7689691
356 735 7689691
414 471 5083607
917 991 7689691
80 752 5083607
507 293 7689691
315 487 5083607
604 91 7689691
369 405 5083607
690 164 5083607
293 848 7689691
403 784 7689691
709 191 7689691
749 237 5083607
693 900 7689691
497 498 7689691
159 329 5083607
837 381 5083607
795 259 5083607
613 133 7689691
275 338 5083607
291 631 5083607
487 524 5083607
591 861 7689691
230 631 7689691
164 666 7689691
660 593 7689691
77 717 7689691
902 466 5083607
897 895 7689691
401 173 7689691
248 456 7689691
265 883 7689691
116 625 7689691
957 798 5083607
4 333 5083607
786 626 5083607
276 271 5083607
738 884 7689691
249 84 5083607
399 57 5083607
3 664 5083607
930 718 5083607
293 72 5083607
922 475 5083607
47 483 5083607
545 211 5083607
410 165 7689691
125 777 5083607
893 448 7689691
862 26 5083607
132 336 5083607
832 533 5083607
339 359 5083607
906 888 5083607
446 968 7689691
139 431 7689691
365 154 5083607
462 133 5083607
922 271 7689691
31 664 7689691
687 866 5083607
154 929 5083607
345 6 5083607
189 207 7689691
597 668 7689691
46 769 7689691
687 955 7689691
629 830 5083607
137 88 7689691
655 495 5083607
913 53 7689691
531 910 5083607
368 178 5083607
204 405 5083607
811 564 7689691
195 643 5083607
639 973 5083607
137 584 5083607
743 136 7689691
214 141 7689691
946 625 5083607
308 651 7689691
584 100 7689691
868 273 7689691
698 124 5083607
559 489 5083607
995 892 7689691
250 605 5083607
650 561 5083607
447 697 5083607
209 409 7689691
116 387 7689691
260 953 7689691
730 347 5083607
826 493 7689691
590 519 7689691
163 679 5083607
359 126 7689691
611 380 7689691
808 854 7689691
544 48 5083607
643 316 5083607
316 294 5083607
109 634 5083607
641 10 7689691
783 59 5083607
536 121 7689691
378 785 7689691
900 844 7689691
278 79 5083607
597 162 5083607
58 777 5083607
22 509 5083607
168 741 7689691
734 822 7689691
382 798 5083607
32 258 5083607
787 666 5083607
67 703 5083607
971 426 7689691
415 109 5083607
735 471 7689691
447 249 5083607
157 125 7689691
537 512 5083607
975 601 7689691
82 299 5083607
493 596 5083607
154 795 5083607
135 44 7689691
443 313 5083607
315 863 5083607
489 64 5083607
162 273 5083607
684 101 5083607
361 743 7689691
992 608 7689691
124 37 5083607
12 933 5083607
541 469 7689691
926 873 5083607
901 288 5083607
413 102 7689691
380 58 5083607
524 1000 5083607
61 978 5083607
109 925 5083607
866 747 7689691
950 171 5083607
230 467 7689691
435 987 5083607
716 935 5083607
219 505 7689691
322 430 5083607
248 237 7689691
387 510 7689691
909 200 5083607
410 472 5083607
112 733 5083607
492 38 7689691
59 243 5083607
304 276 5083607
527 282 5083607
786 991 7689691
899 118 5083607
977 494 5083607
116 790 5083607
301 224 5083607
199 432 7689691
124 153 7689691
526 830 5083607
759 527 5083607
92 563 5083607
644 753 7689691
830 841 7689691
328 518 7689691
11 903 5083607
722 568 5083607
939 836 7689691
632 413 7689691
333 226 7689691
661 511 7689691
838 630 5083607
546 242 5083607
560 442 5083607
592 479 5083607
915 942 7689691
215 287 5083607
603 42 7689691
887 51 7689691
281 46 7689691
488 102 7689691
804 499 7689691
285 722 5083607
12 686 5083607
125 391 5083607
637 833 7689691
948 429 7689691
188 773 5083607
717 17 5083607
611 117 5083607
730 152 5083607
496 688 7689691
922 809 7689691
769 530 7689691
490 897 5083607
573 553 7689691
688 888 7689691
807 687 7689691
110 594 5083607
27 658 5083607
84 903 7689691
969 776 7689691
333 521 5083607
808 85 7689691
884 295 5083607
481 624 7689691
593 634 7689691
344 229 5083607
176 961 5083607
556 624 5083607
478 138 5083607
249 262 7689691
414 645 5083607
922 606 7689691
286 185 7689691
850 746 7689691
589 995 5083607
286 206 5083607
57 344 5083607
340 803 7689691
429 149 5083607
398 504 7689691
575 840 5083607
859 701 7689691
524 884 7689691
949 271 7689691
731 46 5083607
768 665 7689691
171 975 5083607
206 518 5083607
659 864 5083607
118 700 7689691
724 998 5083607
778 897 5083607
75 71 7689691
250 880 7689691
42 732 7689691
346 368 7689691
633 144 7689691
105 347 5083607
560 318 5083607
365 277 7689691
748 846 7689691
121 879 7689691
577 487 7689691
103 383 7689691
946 961 7689691
424 755 5083607
733 694 5083607
832 673 7689691
38 124 5083607
610 417 7689691
294 749 7689691
819 45 5083607
580 773 5083607
818 577 7689691
33 353 7689691
282 448 5083607
131 712 5083607
20 985 5083607
467 185 7689691
355 217 7689691
267 5 7689691
341 265 7689691
641 145 5083607
619 394 5083607
110 721 7689691
765 279 7689691
180 796 7689691
334 159 7689691
133 300 5083607
492 443 7689691
979 571 5083607
822 159 5083607
615 157 7689691
546 893 7689691
261 786 7689691
100 468 7689691
14 758 7689691
592 484 7689691
912 378 7689691
351 465 5083607
533 651 5083607
785 696 5083607
548 922 7689691
685 424 7689691
790 336 7689691
649 520 5083607
917 492 7689691
424 131 5083607
441 457 5083607
618 808 7689691
263 193 7689691
768 246 7689691
972 163 7689691
930 412 7689691
150 271 5083607
180 777 7689691
558 839 7689691
928 440 5083607
912 418 7689691
135 235 5083607
957 92 5083607
144 872 7689691
683 479 5083607
60 1 5083607
377 942 5083607
216 163 7689691
132 328 5083607
272 510 5083607
160 24 5083607
528 706 5083607
201 694 7689691
430 527 5083607
678 33 7689691
389 505 7689691
175 940 7689691
610 358 5083607
825 431 7689691
854 597 5083607
475 720 5083607
531 502 7689691
885 610 5083607
255 123 5083607
316 753 5083607
439 562 7689691
1000 680 5083607
774 642 7689691
413 357 7689691
508 322 5083607
408 149 7689691
512 155 5083607
562 320 5083607
622 142 5083607
760 751 7689691
867 718 5083607
336 161 5083607
609 407 5083607
99 858 7689691
923 178 7689691
862 138 7689691
421 706 7689691
173 316 5083607
628 379 5083607
94 718 5083607
899 455 7689691
852 367 7689691
705 397 7689691
454 426 7689691
826 46 5083607
944 862 5083607
733 131 5083607
958 525 7689691
337 883 7689691
812 952 5083607
448 350 7689691
254 484 5083607
654 645 5083607
159 545 5083607
637 906 7689691
699 542 7689691
732 511 5083607
402 237 5083607
458 249 5083607
30 393 5083607
673 363 7689691
112 950 5083607
196 333 5083607
497 37 7689691
49 462 7689691
182 353 7689691
446 596 7689691
881 370 7689691
427 895 5083607
395 120 5083607
543 313 7689691
927 35 7689691
390 753 7689691
981 143 5083607
193 317 7689691
929 705 7689691
625 622 7689691
132 166 5083607
240 338 5083607
173 191 5083607
127 41 5083607
317 891 5083607
589 204 7689691
479 410 7689691
629 515 7689691
205 566 7689691
624 712 5083607
959 520 5083607
548 302 5083607
151 676 7689691
99 941 5083607
982 35 7689691
697 289 7689691
485 111 5083607
739 946 5083607
371 248 5083607
418 376 7689691
958 385 5083607
308 85 7689691
213 69 5083607
159 11 7689691
224 119 7689691
927 521 7689691
616 447 5083607
878 74 5083607
110 411 5083607
633 862 5083607
654 551 7689691
241 124 5083607
261 72 7689691
428 106 5083607
788 738 5083607
246 800 5083607
714 221 5083607
882 311 5083607
261 129 7689691
88 540 7689691
39 950 5083607
507 377 5083607
340 742 7689691
303 393 5083607
158 853 5083607
233 166 5083607
899 815 7689691
888 869 7689691
942 351 5083607
383 592 5083607
931 258 5083607
32 311 5083607
648 730 7689691
426 574 7689691
705 558 7689691
125 392 7689691
100 778 7689691
90 504 5083607
737 16 5083607
969 888 7689691
557 366 5083607
325 225 5083607
259 676 5083607
327 645 5083607
209 380 7689691
441 361 5083607
325 716 5083607
518 787 5083607
451 566 7689691
924 452 7689691
817 742 5083607
535 380 5083607
203 253 5083607
374 678 7689691
942 932 5083607
838 676 7689691
84 550 7689691
425 116 7689691
497 816 7689691
438 550 7689691
985 776 5083607
731 182 5083607
234 880 7689691
548 297 7689691
922 968 7689691
389 971 7689691
63 244 5083607
974 536 7689691
306 629 7689691
386 676 7689691
724 227 7689691
30 708 5083607
971 429 7689691
407 69 5083607
484 147 7689691
43 725 5083607
161 28 7689691
692 249 5083607
481 727 7689691
854 907 5083607
676 360 7689691
158 683 5083607
746 105 7689691
769 387 7689691
350 776 5083607
744 586 5083607
1 908 7689691
591 157 5083607
678 259 7689691
703 979 7689691
745 169 7689691
381 754 5083607
5 140 7689691
958 322 5083607
