71366681
45391805
79165386
69705811
6883042
148709
65240077
22276777
196
73443354
73003888
174221
162239
52193268
99681
152317
162533
73394688
915
32522688
95479868
63542484
47781084
107605
92972036
43118728
24377756
37372397
173872
87504919
38379
96010147
42505322
112988
97522
22066315
110072
55572365
19741
96543
94517
31345760
29283531
154405
73440366
43950683
48
12898742
117993
93221023
60803122
112266
76271772
29163255
44856895
157213
99292172
163456
61903432
185858
21923125
52004958
58392656
35146210
124992
96027593
85782808
81382
14925
29117272
90410
150437
92173752
63946558
43170
751352
173804
58688
88428
36310079
93340758
135293
123311
142384
138899
16696528
3089250
66531638
88633404
1264219
57594109
74430649
37012165
195098
22158635
106797
67662
24521
68595132
161723
