1000
4 625 5083607
23 627 5083607
37 563 5083607
727 869 5083607
115 430 5083607
708 956 7689691
381 575 7689691
169 368 5083607
509 559 5083607
114 204 5083607
925 550 7689691
812 926 7689691
586 169 7689691
197 428 7689691
62 890 7689691
55 514 5083607
589 404 7689691
471 977 7689691
37 814 5083607
511 387 7689691
743 754 5083607
449 910 5083607
102 303 7689691
989 696 5083607
158 507 5083607
749 225 7689691
721 890 7689691
519 500 5083607
64 185 5083607
904 599 7689691
14 980 5083607
474 927 5083607
469 685 5083607
737 136 7689691
756 680 7689691
514 288 5083607
518 264 5083607
590 978 5083607
237 927 7689691
478 924 7689691
907 770 7689691
373 562 5083607
618 217 5083607
988 405 5083607
404 372 7689691
687 726 5083607
334 75 7689691
210 688 7689691
703 395 7689691
340 358 7689691
482 970 5083607
120 972 5083607
261 844 5083607
366 547 7689691
13 420 5083607
706 396 7689691
574 17 7689691
305 652 5083607
431 974 7689691
219 465 7689691
231 212 5083607
727 129 7689691
313 293 7689691
122 459 5083607
556 493 5083607
872 817 7689691
151 909 5083607
459 656 5083607
33 842 5083607
65 610 7689691
941 192 7689691
425 836 7689691
78 549 7689691
753 245 7689691
816 205 5083607
755 728 5083607
32 601 5083607
813 528 7689691
316 641 5083607
252 280 5083607
609 458 7689691
201 78 5083607
509 850 7689691
940 125 5083607
716 479 7689691
949 520 5083607
805 606 7689691
613 77 5083607
881 14 5083607
499 118 7689691
521 258 5083607
552 404 5083607
974 987 5083607
976 605 5083607
824 444 7689691
994 723 7689691
77 341 7689691
88 190 7689691
273 367 7689691
241 263 5083607
540 142 5083607
449 948 7689691
372 173 5083607
151 432 7689691
419 397 5083607
288 760 5083607
503 695 7689691
880 205 5083607
681 146 5083607
19 731 7689691
404 425 5083607
484 242 5083607
551 374 5083607
506 36 7689691
27 179 7689691
933 135 7689691
635 604 5083607
566 644 5083607
596 843 5083607
410 799 7689691
4 314 5083607
804 897 5083607
934 47 5083607
933 210 5083607
882 781 7689691
705 216 7689691
660 63 5083607
932 175 7689691
786 15 5083607
100 269 5083607
760 696 7689691
60 61 5083607
657 178 7689691
245 890 5083607
188 761 7689691
544 662 7689691
31 968 5083607
832 218 5083607
749 940 5083607
24 561 5083607
213 511 5083607
709 671 5083607
889 289 5083607
675 240 7689691
349 998 7689691
306 598 5083607
702 538 5083607
805 54 5083607
866 367 5083607
631 841 5083607
321 285 7689691
964 648 5083607
936 503 5083607
916 537 5083607
65 433 7689691
43 427 7689691
735 197 5083607
873 74 5083607
842 784 5083607
190 272 7689691
591 400 5083607
550 945 5083607
18 447 5083607
224 246 7689691
717 717 7689691
657 742 5083607
83 961 5083607
938 588 5083607
31 8 7689691
915 100 7689691
980 80 7689691
652 136 5083607
609 127 7689691
738 1000 7689691
605 543 5083607
235 14 5083607
112 280 5083607
263 329 7689691
142 234 7689691
358 74 7689691
703 175 7689691
756 914 5083607
578 326 5083607
973 629 5083607
578 493 5083607
742 769 7689691
637 997 7689691
992 659 7689691
257 643 5083607
855 594 7689691
29 207 7689691
50 199 5083607
859 296 7689691
650 153 5083607
429 507 5083607
924 139 7689691
68 924 5083607
122 191 7689691
101 439 7689691
974 180 5083607
695 773 5083607
621 91 5083607
945 635 5083607
405 463 7689691
431 842 5083607
433 970 5083607
206 223 5083607
477 751 7689691
904 485 5083607
520 378 7689691
443 728 5083607
431 452 5083607
979 820 5083607
249 517 5083607
205 57 7689691
709 58 7689691
475 619 5083607
18 850 7689691
699 902 5083607
663 184 5083607
138 956 7689691
115 993 7689691
72 497 5083607
728 354 7689691
897 229 7689691
668 185 7689691
64 895 5083607
137 239 7689691
395 235 7689691
540 744 5083607
454 363 7689691
301 127 7689691
134 574 7689691
456 501 5083607
745 89 5083607
115 2 7689691
598 625 5083607
553 314 5083607
13 352 5083607
358 197 7689691
428 709 7689691
278 408 5083607
215 930 5083607
178 306 5083607
599 817 7689691
469 133 7689691
17 920 7689691
723 61 5083607
320 365 7689691
19 218 7689691
961 256 5083607
163 669 7689691
553 632 5083607
79 866 5083607
27 852 5083607
163 930 7689691
355 664 5083607
363 464 5083607
781 598 5083607
307 730 7689691
711 724 7689691
129 869 7689691
357 320 7689691
312 304 5083607
701 325 5083607
790 103 7689691
978 103 7689691
115 665 5083607
722 962 7689691
168 534 7689691
110 919 5083607
90 737 5083607
26 233 7689691
77 133 7689691
284 483 5083607
429 952 7689691
283 610 7689691
180 848 5083607
948 757 5083607
637 561 7689691
329 292 7689691
971 427 7689691
469 201 5083607
143 668 7689691
50 375 7689691
524 195 7689691
456 485 7689691
346 863 7689691
927 5 7689691
763 941 5083607
893 642 5083607
139 982 7689691
598 65 7689691
845 25 5083607
918 936 7689691
307 962 7689691
667 510 5083607
419 132 5083607
326 839 5083607
181 853 7689691
203 302 7689691
581 869 5083607
728 311 5083607
877 920 5083607
401 602 7689691
812 912 7689691
947 356 5083607
99 694 7689691
705 677 5083607
430 849 5083607
635 571 5083607
988 172 7689691
536 341 7689691
473 382 5083607
242 382 7689691
979 449 7689691
29 946 7689691
836 151 7689691
80 933 7689691
779 765 7689691
659 314 7689691
181 896 7689691
580 875 5083607
63 430 7689691
484 452 5083607
499 920 5083607
228 417 7689691
547 225 7689691
350 843 7689691
180 314 5083607
780 403 7689691
210 860 5083607
367 278 5083607
878 218 7689691
272 873 5083607
822 348 5083607
392 774 5083607
110 450 5083607
552 965 7689691
148 959 5083607
589 231 7689691
145 686 5083607
3 674 7689691
726 751 5083607
459 377 5083607
579 114 7689691
298 643 5083607
181 555 5083607
127 275 7689691
332 647 7689691
177 56 5083607
664 80 7689691
56 787 5083607
982 172 5083607
202 449 7689691
692 374 7689691
552 21 7689691
791 705 7689691
75 491 7689691
975 61 5083607
668 347 5083607
197 995 7689691
126 654 5083607
483 524 7689691
59 313 5083607
123 514 5083607
505 755 5083607
810 960 5083607
1 626 5083607
34 15 5083607
745 944 7689691
513 90 7689691
878 208 7689691
485 907 7689691
303 231 5083607
398 480 5083607
542 260 7689691
590 542 5083607
482 112 7689691
279 995 5083607
311 8 7689691
314 213 5083607
456 377 7689691
106 260 5083607
848 725 7689691
761 886 5083607
869 522 7689691
462 345 7689691
34 122 5083607
798 98 7689691
487 994 7689691
331 782 7689691
706 806 5083607
487 221 5083607
276 47 7689691
212 179 7689691
172 44 5083607
869 423 5083607
78 300 5083607
206 984 7689691
847 188 7689691
640 189 7689691
265 688 7689691
365 83 5083607
181 258 7689691
821 255 7689691
61 327 5083607
104 407 7689691
266 264 7689691
750 721 5083607
171 596 7689691
944 153 5083607
49 825 7689691
627 131 7689691
662 546 7689691
171 494 5083607
406 856 5083607
702 743 7689691
851 205 7689691
277 294 5083607
164 607 7689691
845 56 7689691
578 415 7689691
479 629 5083607
16 940 7689691
527 693 5083607
811 350 7689691
200 914 7689691
126 324 5083607
404 205 7689691
836 252 7689691
959 612 7689691
307 457 7689691
42 348 5083607
168 539 5083607
693 395 5083607
758 643 5083607
487 398 5083607
142 126 7689691
64 480 7689691
682 749 5083607
646 439 7689691
9 992 7689691
271 416 5083607
886 538 7689691
407 981 5083607
572 194 7689691
556 636 5083607
576 913 7689691
349 83 7689691
543 240 5083607
521 951 5083607
67 489 5083607
611 538 7689691
15 391 5083607
172 981 5083607
858 80 7689691
399 146 5083607
495 512 5083607
809 34 5083607
202 801 7689691
438 70 7689691
566 860 7689691
661 216 5083607
420 25 5083607
291 925 5083607
419 452 5083607
921 485 7689691
636 815 5083607
380 220 7689691
683 23 7689691
208 726 5083607
812 331 5083607
421 463 5083607
230 101 7689691
942 98 5083607
489 240 7689691
497 711 7689691
504 802 5083607
225 673 7689691
761 245 5083607
368 645 7689691
978 333 7689691
91 548 5083607
458 583 5083607
965 523 5083607
15 717 7689691
639 833 5083607
809 478 5083607
464 951 5083607
621 37 5083607
623 804 7689691
587 970 7689691
102 867 5083607
458 716 5083607
642 627 5083607
327 838 5083607
956 660 7689691
551 1000 5083607
978 929 5083607
159 221 5083607
735 681 7689691
199 678 5083607
128 157 5083607
200 521 5083607
444 416 7689691
122 301 5083607
624 873 5083607
992 888 5083607
713 572 7689691
399 286 7689691
100 473 7689691
160 346 7689691
405 16 5083607
596 933 7689691
732 425 7689691
381 96 7689691
372 578 5083607
176 980 7689691
422 555 7689691
273 746 5083607
61 457 5083607
99 247 5083607
779 946 5083607
657 15 7689691
318 715 5083607
561 648 7689691
673 625 7689691
254 881 7689691
86 202 7689691
888 124 7689691
353 102 5083607
307 501 7689691
939 246 7689691
106 529 5083607
451 99 5083607
48 282 5083607
476 754 5083607
22 672 5083607
895 341 5083607
362 881 7689691
316 648 5083607
320 706 5083607
890 528 7689691
224 161 7689691
879 265 5083607
418 483 7689691
942 2 5083607
160 279 5083607
926 852 5083607
296 705 7689691
782 303 5083607
780 148 7689691
999 405 5083607
396 356 7689691
720 629 5083607
617 237 7689691
166 437 7689691
925 4 5083607
572 884 5083607
380 573 7689691
113 227 5083607
990 264 7689691
168 932 5083607
522 352 5083607
411 267 5083607
498 650 7689691
778 536 7689691
297 813 5083607
837 214 5083607
367 895 5083607
43 271 5083607
426 542 7689691
259 942 5083607
114 347 7689691
376 731 5083607
346 838 7689691
792 884 7689691
605 202 7689691
556 996 7689691
275 791 5083607
936 102 5083607
278 262 7689691
896 925 5083607
970 58 7689691
577 874 7689691
791 249 5083607
340 70 5083607
470 111 5083607
137 734 7689691
866 444 5083607
82 864 5083607
627 49 7689691
200 391 7689691
576 99 5083607
256 729 7689691
912 170 7689691
77 846 7689691
877 973 7689691
866 353 5083607
788 852 5083607
650 679 5083607
386 333 7689691
994 948 5083607
13 185 5083607
850 747 5083607
129 709 7689691
346 818 5083607
681 611 7689691
771 799 7689691
210 22 7689691
401 12 7689691
866 746 5083607
79 619 7689691
96 567 7689691
635 471 7689691
294 71 5083607
805 370 7689691
874 727 5083607
650 151 7689691
796 145 7689691
638 409 7689691
799 209 7689691
315 726 7689691
156 168 7689691
234 906 5083607
660 860 5083607
848 979 5083607
199 751 7689691
940 211 7689691
175 184 5083607
172 833 7689691
172 92 7689691
660 488 5083607
636 199 5083607
225 9 7689691
357 821 5083607
355 856 7689691
63 494 7689691
982 891 5083607
509 435 5083607
945 897 5083607
936 624 7689691
879 486 7689691
908 506 5083607
515 639 5083607
531 407 5083607
487 167 5083607
293 419 5083607
566 534 7689691
140 323 5083607
562 441 5083607
465 707 7689691
379 200 7689691
114 19 7689691
983 484 5083607
784 768 7689691
932 758 7689691
951 671 5083607
732 939 5083607
566 599 7689691
348 28 7689691
507 470 5083607
782 896 5083607
87 615 7689691
165 359 7689691
172 4 5083607
156 896 7689691
913 326 5083607
547 364 7689691
436 994 7689691
940 747 5083607
586 61 5083607
701 802 5083607
64 722 5083607
683 724 7689691
357 791 7689691
359 811 5083607
880 91 7689691
937 357 5083607
667 153 7689691
751 44 7689691
637 78 7689691
622 682 5083607
690 735 5083607
708 542 7689691
91 173 5083607
378 705 5083607
713 887 5083607
896 811 5083607
62 188 5083607
598 389 7689691
41 624 7689691
935 255 7689691
443 434 7689691
312 717 7689691
947 896 7689691
644 658 5083607
518 806 7689691
935 777 5083607
865 14 7689691
839 536 5083607
205 181 5083607
507 731 7689691
465 888 7689691
211 997 5083607
832 175 7689691
987 402 5083607
346 89 7689691
741 444 5083607
929 55 5083607
385 14 7689691
108 899 5083607
747 723 7689691
595 360 7689691
728 101 7689691
545 753 5083607
41 829 7689691
556 449 7689691
9 492 5083607
460 254 5083607
825 253 5083607
189 666 7689691
853 377 5083607
169 715 5083607
527 444 7689691
649 347 7689691
881 76 5083607
638 305 7689691
893 519 7689691
289 453 5083607
428 183 7689691
896 283 7689691
270 781 7689691
987 986 7689691
213 598 7689691
460 182 5083607
90 677 7689691
746 954 7689691
194 512 7689691
250 962 5083607
341 99 5083607
884 801 7689691
346 910 7689691
364 509 5083607
650 310 7689691
23 44 5083607
846 123 7689691
146 911 7689691
380 676 7689691
564 851 5083607
770 672 7689691
162 218 7689691
242 888 5083607
521 657 5083607
115 931 5083607
479 165 7689691
74 584 5083607
151 7 7689691
466 93 7689691
661 943 5083607
144 134 5083607
80 212 7689691
587 483 5083607
511 785 5083607
284 715 7689691
235 979 7689691
382 10 5083607
619 811 7689691
968 341 5083607
630 111 5083607
983 402 5083607
682 541 7689691
902 673 5083607
585 936 7689691
542 232 7689691
592 821 5083607
473 739 5083607
741 570 7689691
152 530 7689691
481 643 7689691
370 300 5083607
570 467 5083607
533 498 5083607
993 703 7689691
276 865 7689691
690 508 5083607
354 491 5083607
373 303 7689691
933 6 5083607
970 786 7689691
463 860 5083607
350 988 7689691
47 246 5083607
678 353 5083607
715 952 5083607
61 191 5083607
485 901 5083607
726 291 7689691
172 853 7689691
529 257 7689691
149 305 7689691
898 456 7689691
866 435 7689691
621 575 5083607
735 556 5083607
329 385 5083607
116 783 7689691
206 778 7689691
417 685 5083607
427 221 7689691
601 123 5083607
907 957 5083607
787 48 7689691
161 87 5083607
726 627 5083607
27 657 5083607
925 116 7689691
424 421 5083607
698 769 5083607
518 84 5083607
960 504 7689691
902 273 5083607
924 866 5083607
329 548 7689691
100 662 7689691
582 697 7689691
100 329 7689691
290 427 7689691
554 208 5083607
879 351 5083607
830 163 5083607
760 740 5083607
243 116 7689691
476 818 7689691
132 323 5083607
780 200 5083607
850 51 5083607
789 905 5083607
372 836 5083607
850 862 5083607
509 736 5083607
102 40 7689691
904 567 5083607
61 725 7689691
770 718 7689691
15 372 7689691
34 96 5083607
210 25 7689691
347 908 7689691
859 220 5083607
170 640 7689691
732 216 5083607
464 727 5083607
268 745 5083607
697 425 7689691
790 337 5083607
208 113 7689691
757 420 5083607
97 550 5083607
263 981 5083607
445 892 5083607
87 478 7689691
349 354 5083607
552 143 7689691
612 329 5083607
140 49 7689691
264 886 5083607
185 981 5083607
301 268 7689691
470 244 5083607
97 894 7689691
124 623 7689691
218 233 7689691
552 844 5083607
539 642 5083607
45 436 7689691
658 255 7689691
585 293 5083607
234 716 5083607
155 148 7689691
617 74 5083607
370 901 5083607
492 258 7689691
225 408 5083607
373 724 5083607
497 927 5083607
375 890 5083607
724 74 5083607
591 673 5083607
451 569 5083607
209 559 5083607
315 100 5083607
276 868 7689691
896 838 7689691
864 456 7689691
521 647 5083607
704 27 7689691
630 809 7689691
756 487 5083607
349 668 5083607
855 454 5083607
75 169 7689691
536 717 5083607
388 902 7689691
156 622 7689691
183 630 7689691
690 63 5083607
99 60 7689691
435 411 7689691
398 478 7689691
912 893 7689691
954 767 7689691
580 520 7689691
606 420 5083607
792 990 5083607
335 978 5083607
318 375 5083607
48 539 5083607
11 192 7689691
180 290 5083607
716 292 5083607
194 709 5083607
298 660 5083607
111 173 7689691
541 328 7689691
472 686 7689691
409 723 7689691
841 559 5083607
758 389 5083607
20 427 7689691
297 478 5083607
740 379 5083607
12 730 7689691
311 350 5083607
314 635 5083607
36 614 5083607
280 837 5083607
229 829 5083607
328 560 5083607
840 867 5083607
475 235 7689691
841 726 7689691
389 110 5083607
976 339 5083607
253 853 7689691
205 603 5083607
140 568 7689691
423 788 7689691
997 714 7689691
854 403 5083607
355 44 7689691
637 720 7689691
634 806 5083607
710 886 5083607
382 390 5083607
986 247 7689691
308 397 7689691
393 413 7689691
37 461 5083607
100 859 7689691
117 819 5083607
989 651 7689691
947 804 7689691
154 594 7689691
996 56 7689691
652 145 7689691
913 731 7689691
330 709 5083607
287 437 5083607
417 548 5083607
282 27 7689691
631 607 7689691
717 411 5083607
961 350 7689691
724 680 7689691
348 921 5083607
38 411 5083607
681 14 5083607
113 708 5083607
298 507 7689691
811 254 7689691
459 342 7689691
919 251 7689691
291 686 7689691
532 725 7689691
333 55 7689691
710 767 5083607
89 765 5083607
909 611 5083607
1 574 7689691
103 631 7689691
631 26 7689691
180 159 5083607
922 93 5083607
831 425 7689691
26 505 7689691
105 985 7689691
681 743 5083607
75 637 5083607
