100
496 846 198469
440 175 198469
444 297 100000007
633 916 100000007
202 421 198469
934 384 100000007
664 773 198469
534 766 100000007
230 147 100000007
832 185 100000007
110 915 100000007
212 82 100000007
448 912 100000007
322 212 100000007
488 926 100000007
273 758 198469
913 644 198469
375 498 198469
159 746 198469
654 178 198469
3 876 100000007
417 297 198469
355 538 100000007
615 869 100000007
448 287 198469
248 944 100000007
831 188 100000007
928 175 198469
365 196 198469
936 923 198469
286 525 100000007
343 375 198469
917 704 100000007
242 149 198469
627 741 100000007
416 86 198469
490 73 100000007
790 20 198469
498 63 100000007
924 15 198469
355 111 198469
79 193 198469
54 818 100000007
162 366 198469
515 206 100000007
696 141 100000007
851 422 100000007
457 725 198469
270 282 100000007
242 804 100000007
733 901 100000007
590 245 100000007
455 278 100000007
393 811 198469
168 769 198469
682 533 198469
429 332 100000007
852 260 198469
138 594 198469
754 225 198469
240 721 198469
202 624 198469
491 128 100000007
473 169 100000007
31 306 100000007
697 948 198469
132 640 198469
595 638 198469
279 96 198469
177 115 100000007
211 22 100000007
876 365 100000007
824 995 100000007
44 703 198469
598 862 100000007
336 102 100000007
172 394 100000007
594 330 198469
960 318 100000007
416 881 100000007
963 7 100000007
263 466 198469
554 312 100000007
593 298 198469
648 457 100000007
346 583 198469
270 962 100000007
257 734 198469
368 860 198469
985 832 100000007
726 528 198469
609 821 198469
711 781 100000007
333 571 198469
120 46 100000007
556 49 198469
900 928 100000007
290 657 100000007
843 556 198469
484 991 100000007
