1000
345 907 7689691
696 634 5083607
488 54 7689691
4 217 5083607
235 968 5083607
899 891 7689691
109 746 7689691
890 804 7689691
195 779 5083607
542 872 7689691
677 54 5083607
446 54 5083607
493 655 5083607
214 54 5083607
390 131 5083607
339 747 5083607
203 619 7689691
638 945 7689691
473 856 5083607
30 801 5083607
227 786 7689691
278 123 5083607
864 387 5083607
67 195 5083607
551 814 5083607
399 374 7689691
878 149 7689691
624 328 7689691
570 362 5083607
31 666 5083607
792 401 5083607
599 46 5083607
15 683 5083607
773 587 5083607
69 384 5083607
653 135 5083607
522 87 5083607
927 729 5083607
917 943 7689691
665 43 5083607
310 760 7689691
897 377 7689691
762 685 5083607
452 441 5083607
879 907 7689691
182 751 7689691
711 785 7689691
736 282 7689691
310 713 7689691
305 170 7689691
237 179 5083607
69 224 5083607
936 377 7689691
317 503 5083607
745 109 5083607
87 779 7689691
179 892 7689691
879 515 5083607
477 659 5083607
659 584 7689691
122 39 5083607
709 371 7689691
806 251 5083607
882 54 5083607
399 751 7689691
222 534 7689691
197 118 7689691
947 6 5083607
668 184 5083607
854 165 7689691
912 609 5083607
768 160 5083607
503 520 5083607
726 690 5083607
935 927 5083607
719 270 5083607
166 675 5083607
73 101 7689691
194 711 7689691
618 347 7689691
96 323 5083607
929 922 5083607
796 232 5083607
832 757 5083607
927 887 7689691
181 97 7689691
487 886 7689691
54 554 7689691
62 579 5083607
47 371 5083607
50 12 7689691
288 410 5083607
808 469 5083607
342 470 7689691
555 727 7689691
500 756 5083607
814 256 7689691
444 3 5083607
62 555 7689691
951 479 5083607
544 474 7689691
261 271 7689691
450 80 5083607
922 855 5083607
512 109 5083607
467 353 7689691
711 955 5083607
533 517 7689691
436 8 5083607
259 516 7689691
508 168 5083607
31 716 5083607
768 976 5083607
222 646 5083607
642 469 5083607
462 32 7689691
964 257 5083607
895 950 7689691
169 492 7689691
959 238 7689691
604 503 5083607
441 746 5083607
993 807 5083607
812 342 5083607
216 422 7689691
933 649 5083607
79 918 7689691
7 410 5083607
75 448 7689691
536 597 7689691
424 915 7689691
246 571 7689691
471 673 5083607
882 740 7689691
451 132 5083607
837 927 5083607
61 808 7689691
813 171 5083607
110 211 5083607
462 346 7689691
777 832 7689691
756 267 7689691
342 250 7689691
203 279 5083607
188 406 5083607
600 299 7689691
763 589 5083607
496 995 5083607
987 417 5083607
39 224 5083607
164 123 7689691
264 617 5083607
367 240 5083607
734 880 7689691
491 995 7689691
488 936 7689691
279 124 7689691
151 264 5083607
566 879 5083607
744 590 7689691
911 635 7689691
973 25 7689691
991 320 5083607
137 494 7689691
943 896 7689691
71 590 7689691
372 827 5083607
930 449 7689691
913 21 7689691
196 414 7689691
13 765 5083607
447 339 7689691
306 846 5083607
162 76 5083607
28 89 7689691
194 926 5083607
627 132 5083607
127 978 5083607
819 85 5083607
585 802 5083607
313 26 7689691
941 155 5083607
9 611 5083607
284 826 7689691
67 963 5083607
540 569 7689691
544 944 5083607
41 377 5083607
930 837 5083607
132 937 5083607
772 322 5083607
695 38 7689691
825 271 7689691
698 376 7689691
974 289 7689691
870 901 5083607
21 796 5083607
456 724 7689691
950 598 5083607
938 470 7689691
89 46 7689691
806 579 7689691
394 429 5083607
486 772 5083607
61 674 5083607
623 288 7689691
8 453 5083607
308 330 7689691
768 731 7689691
894 282 7689691
375 626 5083607
269 734 5083607
992 651 5083607
535 286 7689691
98 695 5083607
571 442 5083607
309 208 5083607
61 10 5083607
293 467 7689691
215 558 5083607
958 153 5083607
781 803 5083607
846 891 7689691
179 539 5083607
686 581 5083607
235 47 7689691
745 752 5083607
565 260 7689691
183 43 7689691
208 904 7689691
62 647 7689691
921 10 5083607
183 987 5083607
888 899 5083607
322 800 7689691
343 801 5083607
204 722 5083607
906 905 5083607
162 989 7689691
980 708 7689691
940 816 5083607
857 341 5083607
305 857 5083607
994 45 5083607
312 147 5083607
67 794 5083607
948 541 7689691
931 123 7689691
648 555 5083607
670 575 5083607
815 229 5083607
830 611 5083607
472 452 5083607
338 818 7689691
641 18 5083607
813 665 7689691
446 209 5083607
702 951 5083607
109 735 5083607
834 570 7689691
975 200 7689691
85 341 5083607
386 367 7689691
957 332 5083607
968 502 5083607
69 255 5083607
79 20 5083607
220 743 5083607
377 320 5083607
9 13 7689691
7 614 5083607
224 174 7689691
68 692 5083607
465 706 5083607
440 380 5083607
178 741 5083607
129 658 7689691
223 764 5083607
784 231 5083607
710 804 7689691
446 969 7689691
111 629 7689691
943 338 5083607
761 397 5083607
930 479 7689691
29 365 7689691
557 619 7689691
605 591 7689691
954 223 5083607
911 365 7689691
622 657 5083607
916 382 5083607
83 689 7689691
589 75 7689691
866 110 7689691
696 817 7689691
703 549 7689691
99 261 5083607
193 179 7689691
534 106 5083607
459 668 7689691
298 956 7689691
722 395 5083607
166 820 7689691
73 338 7689691
631 726 5083607
307 591 7689691
709 641 5083607
59 498 5083607
239 283 5083607
768 341 5083607
538 291 7689691
298 350 5083607
443 614 5083607
41 840 5083607
980 170 7689691
957 419 7689691
162 936 7689691
652 785 7689691
402 41 5083607
646 248 7689691
388 574 5083607
624 826 5083607
308 138 5083607
772 311 5083607
961 668 5083607
585 653 7689691
542 346 7689691
501 895 7689691
246 942 5083607
573 732 7689691
978 420 5083607
789 952 5083607
569 708 5083607
53 714 5083607
691 107 7689691
863 351 7689691
443 594 5083607
688 24 7689691
178 301 7689691
44 575 7689691
981 670 5083607
29 819 5083607
820 738 5083607
276 783 7689691
284 23 5083607
30 755 7689691
713 192 7689691
659 550 5083607
999 68 7689691
924 995 5083607
512 920 5083607
70 428 7689691
103 293 7689691
228 671 5083607
604 506 5083607
632 51 5083607
51 337 5083607
561 778 7689691
753 720 5083607
583 381 5083607
675 241 7689691
357 620 5083607
676 624 7689691
229 639 7689691
306 595 7689691
969 809 7689691
410 830 5083607
912 804 5083607
975 366 7689691
442 772 5083607
736 699 7689691
720 933 5083607
416 305 5083607
110 521 5083607
538 238 5083607
479 122 7689691
839 450 7689691
780 717 7689691
935 961 7689691
283 602 7689691
239 320 7689691
582 553 7689691
295 394 5083607
996 661 5083607
562 425 5083607
885 126 7689691
392 829 7689691
162 439 7689691
922 472 7689691
739 994 7689691
116 228 5083607
476 578 5083607
340 863 5083607
923 675 7689691
761 205 7689691
367 790 5083607
641 878 5083607
971 261 7689691
242 612 7689691
691 979 7689691
388 347 7689691
196 522 7689691
917 625 7689691
594 920 7689691
335 864 5083607
456 245 7689691
508 223 7689691
264 614 7689691
928 642 5083607
100 581 5083607
734 946 5083607
688 959 7689691
82 668 7689691
475 980 7689691
723 217 7689691
578 916 7689691
586 82 7689691
262 189 7689691
855 981 5083607
842 500 7689691
98 550 7689691
35 101 7689691
855 144 5083607
929 407 5083607
912 506 5083607
391 363 5083607
900 827 7689691
50 984 7689691
867 4 5083607
717 995 5083607
308 339 5083607
695 966 7689691
768 484 5083607
962 565 5083607
108 24 7689691
874 393 7689691
194 575 5083607
318 124 5083607
807 846 7689691
330 155 5083607
341 261 5083607
231 647 7689691
782 386 7689691
320 336 5083607
264 534 7689691
319 867 7689691
215 806 7689691
627 348 5083607
901 199 7689691
62 611 5083607
599 673 7689691
114 410 7689691
962 943 5083607
222 830 5083607
181 755 7689691
144 349 5083607
746 757 7689691
726 275 5083607
758 489 7689691
474 165 5083607
194 334 5083607
512 174 5083607
663 938 5083607
645 914 7689691
935 283 7689691
803 485 7689691
143 166 5083607
902 638 5083607
770 369 5083607
208 59 7689691
365 310 5083607
181 931 7689691
603 809 5083607
780 159 5083607
252 489 7689691
292 200 7689691
47 924 5083607
218 971 7689691
561 986 5083607
683 110 7689691
390 333 5083607
876 459 7689691
713 936 5083607
631 333 7689691
779 885 7689691
870 773 5083607
964 79 7689691
933 675 5083607
309 512 7689691
126 357 5083607
340 255 5083607
517 710 5083607
790 326 5083607
270 237 7689691
783 733 7689691
895 346 7689691
481 371 5083607
232 733 5083607
385 572 5083607
993 335 5083607
313 181 7689691
198 640 7689691
895 101 7689691
623 307 5083607
202 415 7689691
861 662 7689691
546 243 5083607
350 761 5083607
944 515 7689691
944 136 5083607
625 608 5083607
323 875 5083607
652 764 7689691
428 254 7689691
82 126 7689691
796 608 7689691
732 280 5083607
297 385 5083607
943 648 7689691
913 716 7689691
131 601 7689691
625 279 7689691
740 956 7689691
691 89 7689691
609 142 5083607
831 508 7689691
160 533 7689691
68 411 5083607
829 238 7689691
550 503 5083607
161 295 7689691
218 854 5083607
216 882 5083607
399 640 7689691
818 508 7689691
366 40 7689691
746 869 7689691
920 634 7689691
694 514 7689691
522 945 7689691
234 496 7689691
8 614 5083607
798 283 5083607
699 819 7689691
419 68 7689691
784 179 5083607
75 657 5083607
377 160 5083607
596 905 7689691
753 740 7689691
979 686 7689691
240 191 5083607
473 995 7689691
577 943 5083607
682 839 5083607
4 627 5083607
940 421 7689691
549 252 5083607
654 12 5083607
144 651 7689691
902 437 7689691
653 451 7689691
945 428 7689691
501 108 7689691
382 278 5083607
782 857 5083607
118 596 7689691
508 945 5083607
221 685 7689691
410 128 7689691
153 625 7689691
143 601 5083607
28 179 5083607
423 457 7689691
532 710 5083607
703 764 5083607
28 705 5083607
308 868 7689691
459 807 7689691
957 251 7689691
194 381 7689691
729 581 5083607
981 125 5083607
533 892 5083607
493 295 5083607
760 629 5083607
248 649 7689691
935 25 7689691
506 42 7689691
734 589 7689691
564 916 7689691
286 388 7689691
819 257 5083607
394 250 5083607
158 503 7689691
838 694 5083607
666 103 5083607
685 324 5083607
155 896 5083607
856 713 7689691
789 72 7689691
107 331 7689691
60 345 5083607
865 639 5083607
805 33 5083607
142 738 7689691
746 629 5083607
37 435 7689691
979 10 7689691
48 458 5083607
378 117 7689691
976 363 5083607
225 678 7689691
940 887 7689691
454 369 7689691
910 413 7689691
145 938 5083607
511 211 7689691
242 885 5083607
467 992 7689691
53 54 5083607
415 19 5083607
350 603 7689691
508 390 5083607
622 206 7689691
123 738 5083607
100 919 7689691
26 380 7689691
396 948 5083607
177 731 7689691
447 491 7689691
922 532 5083607
400 870 5083607
762 703 5083607
134 104 5083607
846 819 7689691
27 502 5083607
102 778 7689691
771 171 5083607
813 36 5083607
759 459 5083607
584 344 5083607
85 991 7689691
870 327 7689691
299 888 5083607
30 333 5083607
434 305 5083607
654 892 7689691
536 644 7689691
120 67 5083607
757 17 5083607
595 889 7689691
659 482 7689691
641 804 7689691
396 561 7689691
582 626 7689691
815 204 7689691
747 953 7689691
919 886 5083607
893 581 7689691
186 690 5083607
659 937 7689691
596 407 5083607
12 687 7689691
254 150 5083607
644 828 5083607
197 700 5083607
908 31 7689691
345 368 7689691
353 59 7689691
200 426 7689691
459 271 5083607
968 446 5083607
240 726 5083607
505 821 7689691
361 12 5083607
429 697 5083607
705 948 5083607
639 866 7689691
93 784 5083607
735 731 5083607
979 81 7689691
947 763 7689691
448 477 5083607
70 971 5083607
147 17 7689691
860 96 7689691
465 895 5083607
839 301 5083607
203 590 7689691
912 378 5083607
683 609 7689691
736 848 7689691
686 830 5083607
382 601 7689691
519 400 5083607
321 383 7689691
733 28 5083607
965 211 7689691
344 279 7689691
574 799 7689691
600 508 5083607
435 428 5083607
241 756 7689691
27 199 5083607
350 931 7689691
423 212 5083607
615 314 7689691
300 7 5083607
987 351 5083607
169 963 7689691
977 38 7689691
905 206 7689691
178 982 7689691
55 128 5083607
148 532 7689691
992 748 5083607
76 753 5083607
365 128 5083607
27 494 7689691
560 42 7689691
347 705 7689691
116 981 7689691
897 899 7689691
473 969 7689691
928 67 7689691
628 347 5083607
883 390 7689691
692 644 7689691
17 692 5083607
550 954 5083607
190 333 7689691
75 896 7689691
379 905 7689691
973 968 7689691
542 344 7689691
744 948 7689691
411 12 7689691
418 806 5083607
172 148 5083607
415 355 5083607
565 219 7689691
778 45 5083607
882 148 5083607
375 362 5083607
927 159 5083607
37 753 7689691
183 887 5083607
134 194 5083607
991 548 5083607
123 566 5083607
600 444 5083607
479 356 5083607
571 178 7689691
306 947 7689691
332 119 5083607
613 365 5083607
673 360 5083607
178 618 5083607
333 193 5083607
930 886 7689691
569 219 7689691
418 409 5083607
28 837 5083607
361 291 5083607
941 568 5083607
350 829 5083607
276 306 5083607
358 904 7689691
580 512 5083607
400 634 7689691
315 781 7689691
719 575 5083607
356 209 5083607
622 878 5083607
81 995 7689691
703 271 5083607
96 792 7689691
306 256 5083607
269 134 7689691
558 498 5083607
409 899 7689691
587 860 7689691
299 219 7689691
432 30 7689691
263 184 7689691
696 273 7689691
84 627 7689691
1 784 7689691
939 790 7689691
701 299 5083607
508 190 5083607
3 667 7689691
500 193 7689691
416 302 5083607
492 357 5083607
769 755 5083607
707 581 7689691
129 696 5083607
679 821 5083607
763 804 7689691
772 593 5083607
674 654 5083607
154 32 5083607
89 601 5083607
158 924 7689691
978 805 5083607
605 104 5083607
875 840 5083607
653 567 7689691
509 490 5083607
343 260 7689691
25 975 5083607
690 988 5083607
211 255 5083607
728 519 7689691
4 155 5083607
986 461 5083607
24 483 5083607
308 142 5083607
454 557 7689691
446 814 5083607
826 143 7689691
703 493 5083607
267 396 7689691
657 507 7689691
383 267 7689691
476 165 5083607
208 93 5083607
971 177 7689691
691 976 5083607
642 748 7689691
494 51 7689691
771 98 5083607
271 873 7689691
947 953 5083607
521 73 5083607
5 470 7689691
504 472 5083607
680 279 7689691
584 835 5083607
146 712 5083607
456 810 7689691
403 679 5083607
953 948 5083607
906 7 5083607
870 687 5083607
15 871 7689691
13 404 5083607
651 501 5083607
400 851 5083607
972 611 7689691
320 558 7689691
887 975 7689691
383 599 5083607
682 811 7689691
878 901 7689691
671 218 5083607
689 881 7689691
119 745 5083607
421 737 5083607
957 657 7689691
643 525 7689691
274 999 5083607
537 59 7689691
293 835 7689691
36 985 5083607
987 794 7689691
301 75 5083607
102 843 5083607
346 425 5083607
561 242 7689691
305 281 5083607
473 827 5083607
434 8 7689691
894 476 7689691
423 695 7689691
884 48 5083607
989 216 5083607
463 472 7689691
858 488 5083607
596 806 5083607
525 760 5083607
44 312 5083607
394 706 7689691
300 922 5083607
773 104 5083607
166 179 5083607
547 144 7689691
953 795 7689691
941 373 7689691
628 206 7689691
721 254 5083607
658 18 5083607
938 73 5083607
208 146 7689691
381 766 5083607
146 863 7689691
399 402 7689691
199 790 5083607
674 47 7689691
736 769 7689691
122 125 7689691
704 521 5083607
546 491 5083607
57 968 7689691
366 160 5083607
515 635 7689691
8 310 5083607
235 535 5083607
2 886 7689691
964 765 7689691
126 746 5083607
878 307 5083607
24 276 5083607
578 602 5083607
14 196 7689691
807 215 5083607
440 846 5083607
540 658 7689691
249 962 7689691
919 948 5083607
629 254 7689691
411 316 5083607
881 154 7689691
670 670 7689691
811 571 7689691
766 722 5083607
395 245 5083607
142 256 7689691
579 815 5083607
104 538 5083607
806 490 5083607
910 550 7689691
566 392 5083607
525 479 5083607
548 713 5083607
266 984 5083607
955 205 7689691
103 243 7689691
666 619 5083607
917 430 5083607
906 631 5083607
717 944 5083607
660 26 7689691
608 346 5083607
856 856 7689691
477 623 5083607
122 182 5083607
378 455 7689691
826 635 5083607
751 391 5083607
837 979 5083607
837 516 7689691
534 576 7689691
616 233 5083607
820 36 7689691
751 779 5083607
372 415 7689691
966 788 5083607
674 90 7689691
352 660 7689691
6 405 5083607
764 69 7689691
18 507 7689691
126 229 5083607
826 416 7689691
55 429 7689691
691 312 5083607
877 333 5083607
230 130 5083607
373 55 5083607
587 847 5083607
15 17 5083607
283 58 5083607
362 581 5083607
384 717 7689691
969 208 7689691
359 173 5083607
793 287 5083607
413 766 5083607
268 940 5083607
623 521 7689691
411 594 7689691
242 593 7689691
621 86 7689691
166 993 7689691
189 295 5083607
518 443 7689691
17 508 5083607
945 863 7689691
442 45 7689691
597 680 5083607
633 958 7689691
67 346 5083607
528 836 7689691
318 743 7689691
669 770 5083607
947 553 7689691
