100
784 373 198469
235 480 198469
419 161 198469
149 369 198469
1000 379 100000007
828 621 100000007
693 800 100000007
132 223 100000007
471 938 198469
556 958 198469
625 276 198469
907 501 100000007
687 131 198469
74 680 100000007
719 150 100000007
328 114 100000007
265 298 100000007
505 897 100000007
195 300 198469
852 384 198469
856 60 198469
448 707 100000007
907 987 198469
79 26 198469
910 331 198469
427 201 100000007
201 994 100000007
308 518 198469
127 749 100000007
993 805 198469
694 41 100000007
54 219 100000007
302 988 100000007
535 136 100000007
367 211 100000007
41 229 100000007
87 237 100000007
881 432 198469
244 614 198469
861 520 100000007
568 821 198469
449 164 198469
543 424 100000007
240 270 100000007
642 455 100000007
222 294 100000007
950 920 100000007
712 860 100000007
585 381 198469
799 995 198469
166 987 198469
170 342 198469
242 346 100000007
926 645 100000007
916 561 100000007
940 472 198469
510 990 198469
401 387 100000007
401 742 100000007
845 263 100000007
640 985 198469
759 551 198469
266 858 198469
727 888 100000007
39 139 198469
786 652 100000007
737 595 100000007
715 871 198469
657 179 100000007
101 927 100000007
114 904 100000007
358 528 100000007
304 383 198469
665 734 198469
158 344 100000007
529 919 198469
358 925 198469
946 345 198469
78 458 100000007
769 633 100000007
9 926 100000007
434 177 100000007
491 661 198469
440 887 100000007
487 264 100000007
478 715 198469
788 124 198469
388 156 100000007
232 82 198469
585 439 198469
686 194 198469
677 701 100000007
697 837 198469
645 493 198469
310 442 100000007
397 282 198469
575 87 198469
605 852 100000007
898 385 198469
102 388 198469
