7583824
867723
5282272
1750540
985000
663154
1762634
5570583
2607876
3530616
2177381
1818389
986797
4991069
4851773
646580
7489351
2648352
4353491
3035557
2939754
4467217
4791345
655136
1886085
3921474
2126001
7450137
4919538
894772
722652
979767
2249825
1488349
4883043
2012332
1561495
75605
2104779
18238
4497458
2559223
3354517
1841413
4957168
1304617
5118708
5708029
5618665
6841867
3830384
4267702
5054565
955134
4618375
6751320
6986338
1691817
198553
6716808
1439848
6491587
12686
1061627
6697344
6526775
1697983
422865
4007965
7498985
3416960
3085834
70465
3676371
4737540
318599
1490590
5756938
1025780
2015122
1314482
2792785
2634006
2617938
6746996
5458547
4746054
6922333
3328332
3628415
5612371
9390
2687501
6836598
713527
2904273
1712108
4519566
2397845
3662189
2558834
6067801
744890
3008474
4454029
6612686
4867673
6524098
1708329
3955136
1445382
106383
633463
3100963
2078504
932667
4956658
6684886
3529532
6330135
1356631
789250
197809
544835
967908
966675
6293172
355425
1017371
6749927
1420844
4850181
257060
2476370
34077
3248954
5559628
1111728
374331
3500229
6123617
1377730
5364548
4268068
1153598
6087452
1123581
1817661
95939
2169429
2553728
1496364
725028
863207
6087709
5590120
3751134
4829223
1119690
2417409
6789546
664897
3531973
6338541
4651230
5994437
2282826
734081
7419098
6347927
1481801
2292984
1674259
3601643
1322925
963434
2240714
3338766
4878454
4701
1642734
1996967
195746
595656
2715545
1567804
2487398
248594
1026950
4565572
4335679
1399247
6439273
1374376
3285412
3359838
4273360
5194471
3210549
4149942
1455757
1621655
3557505
1125795
1574648
513255
4409601
983702
568544
4462190
1431395
18002
4473735
3905890
1865096
933297
3988879
168364
791506
2112962
146401
3897464
103640
2028428
3589800
7382952
125925
3087279
4205910
504264
7489790
3338582
3398696
1393256
4148910
4795803
596791
4554998
5321661
7631507
404210
2843949
944119
4800206
1148635
1356829
6267204
3026070
2476911
2005094
3286245
4939741
2052793
4847060
237893
4290215
615503
369746
632657
4344886
6272625
3500891
197257
958050
4327223
4177210
1447740
1389082
4519608
203490
2014971
793416
3328681
3048102
3136046
4875244
5048236
1529691
2140866
4092448
6744327
3857446
2020311
3226547
6624505
6734060
6046475
5897061
2291392
4511644
1315087
404058
669
3325768
6466406
3268431
3910644
4222861
5151664
2212760
62246
1114492
3319171
774123
6012102
532419
5114483
4985750
1881981
872110
1637320
1769674
4471412
3728645
2144375
6687516
7178977
1671349
1905285
3708409
6676346
1263697
2941365
3643984
2390784
3946743
2830139
7027895
6736040
4784198
956426
3609453
1291204
1345488
967507
6024770
389856
4936260
4178091
7610033
4410245
2157462
1301270
4422447
6844370
4939094
4109
148454
1943192
7575203
2873695
4873032
7107902
5254185
1621777
440908
1068982
1153867
2527853
3368055
4717321
2356253
1313533
4638347
4675371
3630960
3382933
153973
2135677
3345698
784881
308143
612620
183427
1239437
5042234
4176283
5771105
64032
5788758
5991778
3534997
1043472
3764335
4801083
2984327
6937799
7085463
1117833
4093256
5936239
3646056
922302
3233863
2413419
1855856
2931518
1772823
618994
3752772
4746569
2173749
4387544
3070188
5306978
924079
7056744
1802078
4105978
3488028
5003048
4153398
4989682
3378900
5166174
1670477
5528828
6909481
3477906
3888903
3357226
5804840
2363246
3292580
2208137
3128298
189545
5770681
1715394
1595254
3079907
2865001
5377218
1446251
2817908
3991376
2190829
1237004
4729487
5529837
3728417
2313264
2067006
5336030
4827548
1648184
6620603
549934
1043299
2811064
1319253
2635317
5096956
4187207
631329
7228896
469931
5863126
318050
6541497
1567330
1665086
1142404
2385213
1518895
7242151
1838010
4615880
161071
4926980
5628579
1575251
3385859
452274
3602142
6227344
5784011
2924123
7605206
837579
6236466
820186
2586564
2580247
2930323
6321930
3355801
4948169
3475485
3069591
4079208
647105
4841995
2575519
3457823
6135375
3401096
4491651
429079
2524914
4484574
4692920
5263842
6031082
1335828
3481785
291885
4292028
3195948
724289
937995
3567510
2355702
335412
2384948
6751018
5299665
2711704
2172613
165223
2994773
881831
3607012
3108223
269810
4237608
84033
5162222
2322392
4596610
1889826
467357
1841324
2854432
1740637
4583545
3424915
2723503
3140327
2346636
6691113
7658710
830468
4362920
4179316
972877
3387058
4049883
4196809
1540132
6064741
5542663
4247551
2651718
720349
2330653
807404
3313392
1339753
4128581
7543356
3093854
576133
3586494
4285432
772700
3282476
3107414
2249685
3955522
745236
2856242
3282757
554649
1855175
3813800
2697620
1539446
6016067
6597263
634585
359603
2109499
4786260
1853206
2361085
1103923
3659375
5336496
3179645
4109010
5454530
7072727
2087660
3951325
3429475
3409712
773895
1469745
5026304
5714376
4153631
6182204
1005068
3525269
2641127
2438790
5051153
2704459
1459493
2016132
2524771
795780
4732804
3373382
4048669
5439424
3272176
4622404
3114611
2267734
2936110
4987824
4778639
2689969
2688178
618206
7640611
7410168
3473251
2820864
939248
3203077
3821630
3808573
2106280
2100394
4482782
3623228
895844
2369245
1224356
1912302
3763255
5071185
1701870
4639002
3786344
39736
3572411
1438056
1483175
707112
246068
2444123
5099346
1840220
4642271
3045745
1047987
4975112
2579871
6600589
278681
1899532
1505627
4380961
3721846
103227
227614
456583
4860964
2089566
3941286
2316151
6989288
3725603
626615
3690747
4006580
2916542
1505398
670511
5831526
1218537
4370882
7569012
24523
4152240
4454326
155096
700784
3638844
5348720
1327287
3438973
2496228
4396999
4260382
4587305
2916644
3885258
4383980
1171988
3415492
4717790
5876510
2650716
2745304
3025140
779779
6506659
6803250
4343702
6625265
4327411
2597911
2826731
4205438
802667
649010
1292457
6045831
4732428
2640074
3593857
2007257
1600642
3064298
7152993
36284
3958532
668555
3290043
5742281
7466348
7172278
6996764
6413800
2307514
2341323
3253901
3528188
4836863
2063739
4749809
384084
539936
3507733
153874
222988
1226243
2212502
2680183
3103910
6343167
2593144
3068110
1038257
940538
760109
2194837
2867204
1403072
4153731
3774094
4961658
135422
1558521
4559396
4070354
364227
4607070
2400247
4993804
3091737
955924
1471075
4530427
2996975
6229760
3531389
6447328
4486013
6247015
516451
806464
283691
3061428
1
4172976
1595189
743297
223446
7135248
2282135
1673573
2406422
3863232
3771148
4139851
7341606
1306730
4424878
4842299
2102661
4916974
2221753
563418
4169682
2072675
4844259
4169741
1574257
3039298
3341295
7369242
644956
1672602
1479265
259280
5289468
3189235
5512192
4821653
7255126
4334857
2664175
106949
537408
1556505
1975321
2868848
3000095
2417773
34863
3336694
2315242
566556
4794872
862611
127597
1463102
6134205
4394053
3673929
3509201
849731
7287470
4702829
3929552
3556031
1279256
1970695
3508470
2767724
2243341
2046200
3397125
6130693
4039027
516145
5011915
1943869
4226930
1008918
1627614
2146215
7688441
2607794
4569977
3362465
114299
1810340
1131632
3431011
2494304
7495918
2141289
4969377
6458903
3271171
3552066
2864719
919533
6278140
2326356
290430
5045035
5326975
1848476
1015538
4759464
3717673
2313060
4215594
3462657
725365
705164
1378329
375628
1751057
6672533
5660364
3709063
3618116
418829
1535010
70201
3954542
2294883
887
4235021
4516542
3740299
4915622
3376494
994792
3703824
590234
4048586
1651463
598640
6097274
3567170
2653337
5638825
1278594
4649896
3088644
991757
1405040
2166839
3631244
5868706
1820597
3366551
4231589
1634456
4721722
2768398
749891
4065962
2342201
660834
7287331
174015
2982614
2414493
3622656
431902
3182187
2445452
2162231
665509
144700
1335655
5308629
4586873
3580750
3467446
5756023
4097180
2660408
6572710
4119242
4567543
150500
2292998
1490370
1273568
1910573
136208
1963613
834961
2545338
161412
5835567
1408490
4646016
479152
272922
3943371
371841
2106397
4783784
3071871
1013834
3943927
4833350
2775185
7232108
149523
1080672
323169
3570195
7012973
3414371
3287235
3606367
