72157
30693
90089307
45989493
108734
64348939
133975
64285680
13184874
21087305
13189804
44403837
75316688
32343198
61424611
71588
141039
144029
116758
76384
385003
106164
13466539
45426177
187848
24120999
44686766
20508
32471
37182
7035727
84844
9541722
36295
73477081
80504
49653554
175864
22295005
33271
53160
165262
21409867
88014
7092085
22084516
89161972
32839
70306886
85556929
77400641
81113790
34447537
44073
30079
36408
91729104
30293
1113
123280
47335
120573
39615622
57334359
9137034
72576
157559
58956
87456
57241943
4512408
21832252
6550813
48023
3053147
63006653
45912402
101061
65891634
20205536
58258162
126823
78913133
191207
58175291
109843
77844255
56205
111329
98054036
159084
40830
44140416
107123
30965165
110892
45920001
37089060
180009
77992082
