1000
3000 2390 249 3177 3209 4009 1512 1166 4649 606 2571 2286 2221 2355 976 856 857 2739 3043 1020 4678 3366 2765 1663 1509 3472 497 407 2158 2883 2556 978 2281 3682 3396 2698 4147 1921 4923 2062 3372 1139 1721 2980 45 4709 713 4561 2514 494 1276 1588 4651 1770 3458 839 3307 4986 972 1480 620 4793 4929 4205 110 2405 4712 782 3156 3398 1954 1818 3037 4089 3606 2527 663 3556 1146 4266 480 3562 2153 934 1234 2854 2736 287 4837 2263 1906 3032 4856 2644 673 3524 2833 1360 4282 2163 2368 4781 1323 4921 591 4548 2634 3502 273 4279 420 3119 1150 3397 4915 1955 1326 4369 203 2956 3907 1063 2684 4179 2436 2586 3303 3479 2467 4005 1821 4309 2673 1210 4845 1128 1911 1830 4764 791 2692 1135 80 1491 984 2402 4650 1189 169 1180 4079 945 4997 1281 15 1441 3674 2256 115 1400 2429 2176 2586 514 778 2985 1577 1998 2519 1933 2038 4571 4567 4188 4656 2662 3669 747 421 3588 3916 3913 2482 2575 1921 4616 1117 103 3026 109 4655 392 4892 2058 148 3432 4409 1249 219 1686 3122 4988 4404 3597 4357 1017 1855 2545 1206 3943 352 1003 1181 3899 1512 3010 1712 2292 924 1705 3834 2370 4567 3486 2214 4273 500 890 518 1533 1841 3423 1746 95 2026 2957 4937 2828 1210 2941 808 608 1492 186 686 4542 1510 3887 1315 734 1227 1471 2944 470 4718 4967 2689 4339 4984 1878 4259 4826 4636 4035 2958 1039 1284 2806 2444 1267 4681 3142 1788 4146 1606 4401 1771 2985 3060 250 4327 4957 1482 3819 2212 2211 1934 3996 2854 4631 2938 2942 2553 1881 946 1271 4536 951 2072 2125 1337 4365 282 3306 3187 1217 949 3118 3192 2542 2675 702 1764 314 2751 4095 3826 3458 841 1832 4001 1870 1222 1521 2688 3008 333 1697 3215 4797 3006 1339 1486 4240 3849 3785 2216 4884 1519 3321 2250 3924 1295 4099 3197 742 4963 161 778 4068 3215 2251 2354 1526 1754 2329 685 396 3573 2766 53 2601 3791 2311 1411 1895 596 3547 1462 1232 4279 3652 3374 2267 2886 311 985 140 2641 2319 2082 2254 383 4989 3560 2387 1472 1386 1952 880 1786 3358 1668 3390 3477 4162 4509 4047 4060 2685 157 1507 4017 1913 1149 877 3107 3827 2911 2548 4855 3215 4400 656 3370 2468 1005 1430 4765 687 2879 4778 503 1813 1122 1853 4751 836 3482 1823 1761 104 3664 3038 1294 788 430 4869 3924 2978 1640 1861 319 4492 2485 1029 2009 3777 1761 652 2788 4022 4716 2327 4805 1716 4161 4678 706 4754 2259 2828 4791 1378 3934 4089 369 3082 595 2924 4977 2259 1127 4681 4755 432 2726 1046 2211 2072 993 858 850 13 3520 3731 906 126 2978 4006 626 2866 3450 661 2385 3768 4479 782 4277 566 3104 596 3450 2345 256 1872 2927 1537 1501 135 4507 1828 4731 3018 4717 2314 597 4875 1156 1565 507 877 2365 1345 4921 640 2096 4672 3360 1139 354 4809 1806 4442 1971 3228 2193 3970 754 539 3954 865 2695 1371 1427 4795 4271 3802 1249 1938 3690 83 410 3259 3871 1111 211 2712 344 671 4411 3488 1478 4183 1719 3994 3 2501 2631 466 2134 2695 2110 3248 4257 2545 4106 4042 591 1071 327 3621 4688 1276 2234 2282 2093 988 2298 1639 1303 2420 3900 2350 4702 2263 4477 1748 2499 2717 388 3345 2226 1922 893 2989 3480 1064 685 1332 616 1842 2905 745 3099 4165 3986 3952 3070 4762 2718 2868 4277 3969 382 3583 2000 4226 3431 287 4867 4466 2469 398 184 3607 1353 1454 364 155 2637 1711 1357 4693 2801 162 2139 4396 3263 3758 2756 4875 2606 2868 2208 4112 2202 1160 2330 2269 539 1917 1961 854 2911 1151 3340 684 59 558 590 2065 2402 909 1015 2081 2801 1790 1580 4512 3111 3570 1525 3766 3744 4363 3164 2233 124 395 4927 2380 249 4158 1419 2976 2543 2731 3505 3549 1197 3826 2725 602 1828 4587 4359 4603 3896 1324 83 4350 4987 3165 1603 3600 3900 3489 995 4475 4578 661 3614 3886 3236 775 4271 3017 337 3107 1411 2907 4248 1242 3840 690 1813 4158 573 2847 4071 4854 3012 1961 918 4726 1626 1201 4947 643 4761 556 4573 2006 1706 4826 4393 2516 1912 1309 3049 2428 4191 42 1886 4578 1677 1753 4623 446 984 3164 1652 3867 1265 3103 747 635 1899 4935 3056 4600 3131 4971 895 3428 4019 1903 1034 68 3637 1129 2354 883 3387 1611 1212 4097 842 4901 883 4564 4782 3058 3884 4565 2015 2087 3123 4672 2576 2099 4757 1938 1108 1060 1748 4548 4433 484 902 2563 2149 3888 1812 2146 1626 1960 4633 4482 4917 2320 34 2731 3239 2963 1076 2850 2149 108 1069 3194 441 1765 2390 4285 2389 581 3184 3771 660 1252 1765 3566 3493 4155 2088 2075 4563 3197 1890 2079 3375 685 954 406 283 2194 1536 480 4427 186 1718 442 4739 2256 971 1990 2901 4659 2937 694 2116 2401 4227 1401 2314 3526 1200 1811 4319 4377 4608 2383 1611 4048 3685 3667 1139 4261 1709 2151 1579 2375 856 367 4466 2747 4519 3041 4533 4984 1454 1746 2960 4009 59 2432 2255 3230 450 906 2898 3633 953 4398 2792 940 3974 1164 4212 2223 169 4544 2631 2258 1939 4301 4913 854 3421 4800 1432 990 816 4797 1510 3681 409 2697 3916 3493 1116 4824 4114 2317 3785 4084 1196 2801 1120 546 1446 1626 4365 848 2951 4606 1485 2012 4869 873 395 2523 3019 4460 2222 4273 3813 3712 4232 839 2998 3248 2527 1746 535 4256 3995 1940 2134 3689 3836 3058 24 1786 1893 1200 693 3127 
1000
modify 370 927 9
query 898 984
modify 568 576 3005
query 615 989
modify 948 978 298
modify 114 859 2507
modify 738 998 4023
modify 358 506 3552
modify 658 831 2045
modify 609 671 3199
modify 782 834 4988
modify 638 689 4733
modify 398 692 4792
modify 807 884 831
query 836 849
query 742 903
query 242 447
query 340 973
query 658 765
modify 259 544 2174
query 923 933
query 843 990
query 67 913
modify 677 866 349
modify 2 366 2035
query 364 547
modify 731 834 2732
modify 376 473 3160
query 571 938
modify 770 981 4706
modify 797 892 934
modify 948 974 4040
modify 815 825 2430
modify 660 693 1483
query 25 894
modify 863 894 959
query 720 754
query 659 958
query 438 610
modify 14 54 2989
query 305 743
query 945 988
modify 965 982 3525
query 609 742
modify 970 997 61
query 588 648
modify 472 754 2601
modify 250 812 2564
modify 570 655 1898
query 383 585
modify 648 864 721
modify 801 876 4196
modify 949 972 4000
modify 834 866 2898
modify 621 838 2477
modify 312 678 4369
query 851 969
query 1 970
query 590 788
modify 617 933 4157
modify 246 725 3330
modify 975 982 54
modify 923 926 4169
modify 96 401 2231
query 413 823
modify 468 525 956
modify 834 954 1640
query 870 984
modify 126 327 3573
modify 872 930 3090
query 93 763
modify 23 772 2546
modify 969 976 4540
query 120 463
query 892 996
modify 964 996 2239
query 566 897
query 699 930
query 336 843
modify 568 953 4786
modify 718 738 4459
modify 771 807 2464
modify 680 730 4189
query 384 435
query 586 869
query 875 888
modify 622 914 909
modify 313 654 2900
modify 860 992 3481
query 571 835
modify 344 958 1539
query 382 401
modify 887 975 4181
query 147 905
query 71 572
modify 483 522 2311
query 939 977
modify 626 819 4946
query 451 458
modify 446 813 740
query 723 810
modify 715 821 2395
modify 575 832 3897
modify 174 552 2642
query 473 473
modify 590 986 3990
modify 335 621 3491
modify 559 938 4471
modify 973 992 1942
query 352 449
modify 1 325 708
modify 850 930 2318
modify 129 968 2734
query 831 911
modify 503 666 3966
query 752 847
query 549 716
query 579 937
modify 514 568 3827
query 88 140
query 27 62
query 401 878
modify 50 259 2248
modify 163 322 3917
modify 4 687 1647
modify 725 826 2491
query 326 462
modify 72 715 2638
query 806 899
modify 530 948 1295
modify 52 128 4821
modify 143 396 1171
modify 766 937 3229
modify 484 510 457
query 536 717
query 125 861
query 208 571
query 226 569
query 771 945
query 736 903
modify 660 832 759
query 192 891
modify 155 834 2807
modify 585 912 3646
modify 823 962 4324
modify 984 992 115
query 126 673
modify 916 949 2747
query 930 962
modify 354 474 3884
modify 932 989 194
modify 561 862 3121
query 931 957
query 766 948
modify 351 766 3698
query 459 736
modify 247 989 946
modify 139 511 2476
modify 822 1000 2829
query 449 895
modify 96 614 4684
modify 738 985 1581
query 410 893
query 641 828
modify 681 951 606
query 413 684
query 637 925
query 863 975
query 193 951
query 537 957
query 352 898
query 604 648
modify 739 817 3501
query 892 935
modify 288 722 2036
modify 419 908 3500
modify 613 915 3968
modify 257 637 2926
query 415 606
query 711 734
query 825 946
modify 522 988 1137
query 825 992
query 40 105
query 796 878
query 950 960
query 861 977
modify 340 852 2118
modify 831 980 2797
modify 554 563 2230
query 153 751
query 202 992
modify 754 860 4302
query 706 857
modify 978 979 3724
query 755 829
modify 351 431 513
query 401 887
query 267 516
modify 317 340 776
modify 117 357 3437
modify 211 893 4341
query 468 916
modify 433 911 2586
query 714 971
modify 482 845 3832
query 267 710
query 622 897
query 382 788
query 346 512
modify 7 905 1399
modify 737 818 3735
query 711 912
query 259 287
modify 762 852 2990
query 50 564
query 155 855
query 348 630
query 528 652
modify 381 386 4032
modify 273 517 3759
modify 202 306 1335
query 307 742
modify 939 984 3173
modify 923 962 3922
query 485 713
query 378 997
modify 418 521 477
modify 709 871 2660
query 877 896
modify 734 825 1267
modify 272 387 1116
modify 377 552 100
modify 635 938 2578
modify 494 873 4357
modify 190 903 2625
query 408 991
modify 858 958 1774
query 219 320
query 991 994
query 424 475
modify 75 587 4376
modify 683 928 4338
query 977 993
query 545 569
query 520 624
modify 894 940 2227
query 798 874
query 393 656
modify 334 895 1466
query 428 695
modify 433 938 2277
modify 301 737 4680
query 275 402
modify 502 763 3714
query 739 790
query 740 961
modify 185 645 77
query 228 654
modify 882 975 1370
query 514 634
query 247 402
modify 112 765 4900
query 521 551
modify 943 991 4919
modify 495 856 3350
modify 749 969 4829
modify 130 712 60
modify 451 921 1977
query 803 954
modify 704 997 252
query 467 664
query 731 931
query 376 769
modify 532 599 2794
modify 839 964 2533
query 423 791
query 714 818
query 493 581
modify 699 869 164
modify 515 525 4272
query 89 979
query 835 839
query 718 789
modify 453 590 299
query 905 982
modify 239 973 4512
query 657 832
modify 126 441 4662
modify 736 830 4333
query 301 759
query 845 979
modify 23 518 4312
modify 60 411 94
modify 443 773 2061
query 210 874
query 835 902
query 157 713
modify 990 994 3537
modify 231 450 593
query 991 993
query 644 719
modify 903 975 4792
modify 23 224 970
query 359 878
query 939 988
modify 411 920 115
modify 86 242 4490
query 574 711
modify 171 927 4215
query 897 938
query 760 794
query 307 648
query 983 1000
modify 222 692 2011
query 799 811
modify 491 513 4889
modify 260 944 2689
query 53 277
modify 583 607 1150
modify 251 344 2223
modify 246 473 2388
query 681 863
query 849 862
modify 647 794 1279
query 888 984
modify 482 862 3508
query 235 833
query 478 764
modify 975 976 553
query 432 537
modify 598 997 1933
query 144 392
modify 640 917 2657
modify 781 988 3780
modify 574 732 1105
query 122 464
modify 807 898 2572
query 857 895
query 647 922
query 137 996
query 634 841
modify 647 882 3490
query 259 885
modify 281 495 3114
modify 91 789 3063
query 803 908
modify 235 373 573
query 858 985
modify 564 712 192
modify 625 973 1616
modify 669 893 1498
modify 576 914 3748
query 370 819
modify 82 972 3755
modify 857 864 4592
query 406 611
query 815 943
query 210 775
query 770 787
modify 640 871 3402
modify 967 995 480
modify 306 582 751
query 812 970
modify 458 807 4751
modify 628 924 247
modify 240 347 4392
modify 795 940 2196
modify 869 993 3551
modify 37 827 4016
modify 337 442 3010
query 916 929
modify 913 941 1184
query 711 932
query 535 959
modify 348 466 1630
query 510 535
modify 819 834 4422
query 446 606
query 731 838
modify 593 664 3652
modify 138 387 2941
modify 813 964 229
modify 696 753 1340
query 446 448
query 754 931
modify 548 576 2358
modify 47 334 999
query 217 888
query 227 486
modify 331 478 264
query 604 850
modify 239 594 2480
query 135 946
query 49 611
query 809 936
query 1000 1000
modify 816 849 3144
query 641 795
query 987 994
modify 398 479 1308
modify 341 938 2433
query 965 970
query 581 803
query 876 965
query 513 884
query 718 756
query 986 995
query 154 233
modify 658 893 461
query 325 714
query 863 965
modify 41 106 4445
query 838 995
query 578 889
modify 654 829 4252
query 667 892
modify 658 662 5
query 619 838
query 481 651
modify 182 881 4996
query 79 684
modify 658 715 1117
query 215 790
query 914 923
modify 524 611 2236
query 694 760
query 465 554
query 117 882
modify 744 888 3283
query 586 586
query 291 350
query 322 778
modify 733 970 3961
modify 239 593 4804
query 608 625
query 87 766
query 30 924
query 844 846
query 927 958
query 837 851
query 995 1000
modify 133 594 1799
modify 171 699 2969
query 227 760
query 997 1000
modify 214 278 3153
modify 467 472 3774
query 390 570
modify 181 965 1571
query 23 76
query 525 769
query 330 373
query 269 407
query 607 806
query 968 981
modify 569 974 510
query 161 234
modify 87 600 1085
query 317 940
query 393 1000
query 792 835
query 24 62
query 858 918
modify 561 920 863
query 24 683
query 380 390
query 613 848
modify 295 724 4130
query 765 862
modify 248 623 2997
query 507 601
query 965 987
query 837 928
modify 639 642 495
modify 413 612 4741
modify 978 989 1594
query 459 558
query 652 926
modify 577 853 2956
query 308 422
query 822 825
modify 155 476 855
query 304 444
query 692 798
modify 666 786 4058
modify 675 899 1381
query 989 993
query 661 806
query 996 996
modify 699 757 3825
modify 423 547 1077
query 547 942
modify 233 516 806
modify 285 461 4322
modify 393 896 1588
query 639 835
modify 5 105 242
query 974 989
query 708 996
modify 263 477 3579
query 541 836
query 669 936
query 453 475
modify 303 353 4085
modify 81 412 4456
modify 612 919 2610
modify 238 778 1203
modify 811 924 1185
modify 708 915 2739
query 967 971
modify 355 882 1194
modify 346 588 3818
query 828 849
modify 821 867 2044
query 25 730
query 799 843
modify 974 976 1418
query 223 673
modify 831 999 29
query 64 600
modify 853 956 2562
query 455 970
query 565 671
query 294 445
modify 9 414 1175
modify 962 985 2458
query 541 879
query 541 801
query 42 829
modify 76 941 464
query 351 687
modify 624 881 3737
query 729 805
query 210 823
modify 835 991 2165
query 841 984
query 552 715
query 605 899
modify 45 232 3547
query 11 706
modify 787 859 2181
query 838 874
modify 293 994 3756
query 995 996
query 806 946
modify 778 944 431
modify 657 777 894
modify 607 990 3285
modify 563 715 3208
modify 897 972 2886
query 958 990
query 638 994
modify 404 597 2875
query 530 645
query 812 829
query 410 560
query 473 524
query 837 995
query 103 214
query 129 433
query 172 181
query 892 930
query 855 878
query 962 988
query 475 551
modify 510 853 4256
query 723 836
modify 957 980 297
modify 129 845 1574
query 688 754
modify 719 986 1641
query 111 827
modify 393 717 2552
query 407 445
modify 833 962 109
query 125 575
modify 910 988 4848
modify 425 609 3961
query 943 987
query 407 687
query 35 781
modify 867 948 4561
query 458 637
query 68 488
query 5 879
query 508 559
modify 675 798 4621
modify 443 784 868
query 460 595
query 101 940
modify 671 932 1096
modify 243 737 3165
query 746 827
modify 988 999 3144
query 125 605
modify 73 571 138
query 404 720
query 398 816
modify 982 985 1254
modify 476 703 250
query 876 948
query 407 782
query 971 998
query 943 980
modify 80 487 3856
query 565 790
query 500 588
modify 506 771 3200
query 214 575
query 48 684
query 645 646
query 317 493
query 732 938
modify 728 884 3588
query 361 371
query 225 468
modify 830 877 1975
modify 849 920 2921
modify 723 958 476
modify 236 859 3919
query 102 362
modify 263 329 4868
modify 227 844 1961
query 686 696
modify 214 220 221
query 459 558
query 673 992
query 980 981
modify 867 873 2705
query 188 294
query 646 809
modify 413 713 70
query 157 663
query 45 553
query 164 484
modify 394 684 761
query 128 808
modify 805 841 664
query 21 707
modify 27 471 3415
modify 614 640 4990
modify 535 892 3056
modify 192 728 2169
query 694 723
query 912 914
modify 327 579 3464
modify 476 850 1953
modify 815 974 170
modify 397 639 830
modify 1 925 3813
modify 722 822 3977
query 109 255
modify 950 955 3216
modify 444 832 4480
query 385 780
modify 894 899 4526
modify 474 623 1628
query 757 906
query 399 886
modify 567 846 3680
query 626 966
modify 106 848 2183
query 201 676
modify 961 991 4750
modify 934 997 4538
modify 367 666 3388
modify 356 739 3967
modify 379 549 317
modify 580 710 2016
modify 793 957 2370
modify 120 313 670
query 637 800
query 648 790
modify 744 937 2438
modify 957 966 1198
query 337 856
query 915 996
query 507 694
modify 858 903 3356
query 647 797
modify 234 717 1777
query 853 892
query 857 996
query 600 881
query 532 631
modify 634 963 1332
modify 150 731 4459
query 232 503
modify 134 558 3664
query 550 577
query 867 878
query 106 654
query 614 673
query 639 985
modify 348 675 4702
modify 969 978 39
query 668 885
modify 245 741 2646
query 155 910
modify 42 603 3543
modify 553 858 1905
query 677 840
query 739 913
modify 774 953 4675
modify 776 850 1491
modify 38 719 2163
modify 426 662 4935
modify 787 872 3097
query 879 940
modify 492 600 1297
modify 410 493 643
query 575 580
query 698 756
modify 111 474 1765
query 205 643
modify 586 756 995
modify 659 936 3497
modify 67 987 660
query 845 937
query 775 875
modify 16 988 930
query 886 937
modify 194 369 2661
modify 545 864 2254
modify 638 953 2808
query 838 884
query 461 720
modify 726 780 4759
modify 901 995 2342
query 793 816
modify 724 765 2746
modify 209 607 3498
query 727 975
query 294 552
modify 759 870 3281
modify 700 937 4811
modify 433 908 3950
modify 237 807 40
modify 488 880 2634
query 522 883
query 896 996
query 301 839
query 555 876
query 555 814
query 192 740
query 315 347
query 383 522
query 154 979
modify 330 471 3531
modify 346 473 1877
query 55 146
modify 649 992 3934
query 847 947
query 388 693
query 180 291
modify 999 1000 1666
query 480 857
query 376 902
modify 928 983 2252
modify 815 817 3132
query 339 509
modify 730 831 2226
query 990 997
query 210 648
modify 784 943 3136
modify 140 446 1278
query 474 881
query 708 923
modify 556 993 2539
modify 634 915 4168
modify 686 987 3626
query 408 999
query 163 304
query 460 728
query 766 794
query 40 111
query 106 552
modify 506 898 2819
modify 822 864 1454
query 847 852
query 854 949
query 776 943
modify 58 626 4655
query 25 612
query 719 765
modify 448 759 1881
query 135 928
modify 414 552 530
modify 335 832 1282
modify 506 812 4937
modify 892 998 288
modify 14 580 1755
modify 963 994 3063
modify 403 539 4454
modify 862 987 3174
modify 842 950 2893
modify 571 975 4724
modify 841 929 2383
modify 386 501 542
modify 629 951 3470
query 517 983
modify 149 389 1105
query 944 944
query 843 982
query 618 991
query 326 572
modify 126 995 1715
modify 424 456 2593
modify 820 971 3615
query 803 844
modify 828 995 3961
query 146 310
query 159 403
query 218 700
modify 678 760 3712
query 469 630
query 415 713
modify 533 998 1381
modify 773 918 788
query 62 824
query 953 967
modify 670 853 3758
modify 557 986 4760
modify 630 947 385
query 340 462
query 635 918
query 614 809
query 348 796
modify 274 424 2184
modify 403 421 1723
query 735 997
query 121 797
modify 471 665 3461
modify 528 627 811
query 314 614
modify 104 421 350
modify 281 437 447
modify 976 981 1882
query 729 841
query 635 710
modify 204 427 2208
query 824 922
query 694 772
query 441 776
modify 317 932 4930
query 88 197
query 101 224
modify 826 860 4594
query 959 970
modify 601 880 1449
query 437 888
modify 645 724 3700
modify 651 766 1396
query 718 759
query 345 805
query 185 900
query 386 602
modify 957 996 4743
query 723 785
modify 800 845 4093
query 821 974
query 414 567
modify 457 489 644
query 602 796
query 318 531
query 850 959
query 200 243
query 366 760
modify 126 208 3620
modify 241 706 3701
modify 166 498 3046
query 406 679
query 106 922
modify 665 731 3292
query 353 469
query 265 680
modify 886 952 4410
query 817 988
modify 273 692 1417
query 632 910
query 915 959
query 601 953
modify 271 916 4296
modify 414 982 4718
modify 945 973 1027
modify 755 958 1440
modify 619 791 159
query 844 896
query 654 840
query 546 580
query 285 785
query 848 993
modify 97 441 990
modify 672 973 182
query 454 458
query 871 942
query 459 588
query 427 901
query 149 633
query 644 901
query 429 446
modify 121 147 1621
modify 805 893 154
query 228 681
modify 107 368 1365
query 512 613
modify 396 747 1215
query 723 884
query 616 733
modify 666 788 2605
modify 61 513 4481
modify 837 837 3185
query 903 986
modify 699 777 460
query 338 939
query 959 977
query 525 998
modify 986 987 4932
query 169 169
modify 428 858 4538
modify 570 960 1718
modify 938 977 4818
query 333 990
modify 969 997 2437
query 908 919
modify 9 276 623
query 516 701
query 561 868
query 194 732
query 681 778
query 31 506
query 801 932
query 258 945
modify 133 723 3210
modify 803 876 3199
modify 111 360 4755
query 458 538
modify 980 992 2924
query 938 972
modify 280 496 3019
query 177 423
modify 908 985 93
query 618 755
query 822 965
modify 691 718 3058
query 1 859
query 159 528
query 903 964
modify 231 402 1198
modify 233 624 4185
modify 161 789 3759
query 331 706
modify 295 350 3417
query 296 712
modify 969 971 1459
query 280 957
query 449 990
query 890 902
query 594 970
modify 830 869 1284
query 162 612
query 990 999
modify 45 839 3907
modify 178 389 4340
modify 17 465 2710
modify 978 990 381
modify 993 1000 4577
query 686 944
modify 61 265 3389
modify 915 926 4699
modify 309 845 2407
query 775 787
modify 337 675 2675
modify 804 900 455
query 317 623
modify 470 966 1874
query 317 565
query 568 888
modify 454 863 3964
modify 233 632 331
query 768 929
modify 331 805 3978
query 784 875
query 279 365
modify 862 978 789
modify 181 300 1318
query 958 993
modify 681 825 2260
query 783 851
modify 254 860 1867
query 532 991
modify 678 844 4936
query 898 901
modify 838 903 868
query 494 657
modify 492 750 1846
modify 642 969 1242
query 625 819
query 664 688
