16130
198550
46966
45499
77969
181253
47029
32707
1029411
587132
463820
756201
590778
176032
642286
272135
887323
266830
726153
195246
65360
28723
79590
914388
769862
211172
3350
11474
494792
163242
433458
71910
12600
31020
120480
596795
12642
236556
18060
23590
114990
31968
446238
238616
9765
352517
225197
219379
46818
443511
574651
580341
267509
279443
658550
139452
639928
19460
1567551
261380
88072
336485
571240
159252
214109
81780
869595
503050
9189
986933
765323
13560
134326
10029
318542
2184
493202
124681
274347
930869
161525
514824
1381709
388320
760854
30
123708
68018
936129
26758
510142
49910
35650
8412
174720
14164
148381
216449
433519
184262
31584
8554
528243
961200
1084092
638358
729997
97452
111250
302191
214208
132530
1648703
562110
533590
1459728
36027
86263
406916
123844
28021
338506
1065368
77679
4003
232752
471225
355104
3768
766615
73185
541554
69376
197187
794933
517894
24160
958900
233630
986547
290713
414264
111549
246825
209340
16500
152452
237917
27600
1203450
84465
653940
133400
306696
667245
105615
642535
526780
96718
10470
54925
832418
665091
13317
86382
76428
87066
592081
122854
518618
34770
23180
384788
472872
215574
826912
92720
400400
95038
935942
87668
934012
53089
105564
79760
347012
187156
90543
303872
175015
118105
832492
254619
50099
93586
13275
757733
484118
781881
32504
610991
220186
646179
223858
18668
117565
144399
32484
433264
190578
132012
407908
211220
62168
381133
201577
296649
22065
124293
556077
238688
10130
54431
1377
359899
4284
74206
582563
51459
830249
87052
72180
14916
674949
287133
514328
82038
52941
439951
878155
586493
60947
608463
288736
