100 900 981 875
12 0 1 2 0 -1 -2
32 13 31 8 -13 -31 -8
3 3 5 6 -3 -5 -6
34 698 381 127 120 539 -593
18 635 646 384 507 -952 230
67 727 693 226 305 -635 -520
29 713 680 586 -403 -626 -699
95 479 968 162 -866 479 -80
81 767 51 43 718 -814 -752
53 721 361 777 339 316 -806
52 200 927 465 -154 559 -133
12 784 551 139 11 -28 378
97 588 0 193 678 622 -158
76 98 0 571 283 560 -840
36 333 21 442 40 331 608
15 556 182 339 -352 194 -484
19 780 231 43 -174 674 -351
88 411 855 13 -418 -723 644
39 802 423 803 35 -44 -395
40 185 176 742 104 873 739
49 499 527 817 325 -465 662
38 835 136 90 -294 366 34
64 670 384 262 467 281 316
62 612 320 425 -17 -656 763
34 717 225 549 798 718 -64
46 530 408 172 -223 -271 48
5 531 184 337 58 404 -112
26 38 707 33 19 -17 -324
97 681 954 827 -195 114 -617
46 394 214 565 -341 324 -20
26 237 103 816 -544 -640 212
58 62 131 80 -298 -283 -631
92 161 458 381 -114 259 -157
30 828 521 360 525 909 299
5 452 728 209 -842 254 -301
95 264 396 259 -678 908 677
48 774 141 622 -26 -612 243
2 892 658 211 -312 397 539
92 890 563 821 -176 218 632
6 785 422 364 623 878 542
45 93 280 163 3 545 574
82 886 513 357 237 -104 -88
92 242 406 136 506 475 -518
17 240 520 449 354 -584 392
89 322 132 814 5 -308 473
11 427 389 221 438 316 -158
70 284 594 179 811 -19 371
4 35 325 387 333 705 654
48 746 179 782 539 -26 249
35 66 330 60 789 250 -51
93 104 795 442 -595 -729 403
42 0 882 442 550 969 -237
64 374 618 813 -384 119 -409
23 13 46 113 -227 -683 370
45 66 658 716 22 74 440
70 632 619 739 310 182 -6
88 520 761 388 -99 724 -185
77 864 436 789 500 -46 -152
46 727 962 152 691 -172 -852
24 348 351 746 -704 -10 688
73 35 171 840 -314 107 -348
60 216 727 24 398 305 331
66 894 228 66 -703 -744 729
100 350 917 6 -462 10 -195
77 313 217 287 -593 549 622
60 812 880 165 -116 348 -833
76 308 449 282 -423 -90 798
46 808 98 286 31 -575 109
22 166 113 221 665 -234 867
42 681 20 345 -291 797 -733
26 47 198 424 -298 -789 68
26 186 114 678 -564 370 -505
18 23 177 144 -726 -881 -852
84 114 227 379 131 696 274
85 303 971 482 -92 164 -768
74 667 878 342 581 -341 -261
73 612 474 725 -5 -642 -112
98 670 954 283 -135 -420 -684
2 345 377 583 716 -817 -868
29 618 916 816 -203 -508 460
80 613 572 131 88 -481 -103
45 291 515 433 -522 795 -641
41 95 65 630 -1 -706 60
95 473 11 492 -58 687 59
37 515 332 101 223 -744 -786
43 168 756 579 -600 -616 618
69 887 846 160 15 -628 43
79 165 391 559 736 -300 372
92 824 804 391 -182 -206 840
48 172 750 830 795 227 487
56 245 884 556 -25 -554 668
68 331 458 802 621 339 277
17 197 357 641 643 744 494
29 334 468 640 -519 -823 700
46 181 382 273 551 -857 -437
25 690 822 704 69 658 -608
21 781 889 139 379 563 343
50 893 502 232 816 670 785
69 44 97 297 86 441 -25
3 571 753 327 276 797 -725
