100 1000 947 800
1 1 0 0 -1 0 0
1 0 1 0 0 -1 0
1 0 0 1 0 0 -1
71 914 484 553 -741 835 -553
10 544 428 78 -922 -314 406
29 61 479 385 640 -532 -729
59 432 504 201 -359 920 -658
62 595 803 36 -130 82 -235
20 668 276 24 181 605 136
95 685 643 79 405 251 598
30 93 92 707 -124 679 617
47 122 23 572 -48 -278 150
38 363 472 773 -779 652 596
33 177 535 796 -825 -209 136
29 856 511 89 -801 101 35
59 376 116 369 575 7 753
35 750 821 185 715 -620 181
52 842 74 368 416 -81 -149
68 899 291 239 -824 365 771
18 751 377 36 707 182 -388
83 500 250 644 606 -488 -463
33 809 493 4 -267 -214 589
31 624 787 329 421 -853 655
66 755 287 652 -895 821 -746
27 866 803 342 -422 -345 -313
84 913 272 525 -555 445 468
91 297 296 218 -55 -711 478
46 331 542 346 -902 -546 -25
69 407 892 19 -377 -498 -761
63 827 617 278 544 706 -348
73 22 358 85 -512 -925 -29
89 380 47 434 713 436 675
78 912 915 287 -62 897 -690
61 616 179 493 303 618 -702
17 482 558 181 -557 585 -12
30 237 221 76 -438 -103 -404
91 915 103 622 -438 523 -790
9 13 471 57 656 245 -765
40 667 68 713 523 167 -418
85 880 801 103 -315 111 218
5 927 6 7 -7 -877 -253
67 547 208 630 367 289 95
82 564 714 482 -166 -818 710
58 438 646 442 729 643 -767
87 436 727 81 173 -409 -218
28 542 25 615 527 269 -485
57 586 12 412 -934 662 135
6 87 400 615 -211 435 -497
17 869 934 178 138 -310 -254
39 232 558 29 125 465 515
7 18 680 107 -788 -790 468
83 49 112 645 421 -278 -113
19 999 444 72 -816 -331 257
27 871 239 159 -374 592 -616
72 680 322 779 -757 506 616
91 459 571 483 -41 -591 399
11 14 322 155 -586 531 745
100 3 712 300 333 -163 -719
56 210 725 509 981 143 561
38 296 80 661 -932 -332 -307
62 58 392 147 361 788 477
11 306 908 308 -342 -166 -490
97 907 524 12 -378 391 374
18 819 154 131 -126 -120 297
28 857 676 623 959 82 508
30 553 427 313 -665 532 732
88 97 409 29 -598 558 407
23 718 680 590 782 151 765
96 100 924 670 948 -265 170
8 465 843 734 -219 -250 757
38 712 807 530 533 499 -374
31 950 486 137 823 571 -258
55 697 875 389 -973 -856 -354
78 504 147 131 658 293 -496
79 859 166 423 -120 331 -739
16 499 431 213 668 -402 706
52 106 906 634 422 38 722
50 86 92 661 -414 252 765
51 720 669 234 63 364 -50
90 411 565 323 -390 -661 560
74 10 83 361 798 121 -525
31 996 204 255 730 -113 607
78 428 319 333 -500 -361 434
4 115 624 297 -725 -604 395
78 219 221 44 -630 -292 394
20 783 687 97 -467 733 -374
86 122 548 753 493 465 -551
78 848 101 473 227 -168 -476
62 912 378 477 -69 149 1
71 977 439 20 -152 824 90
82 731 56 551 -190 -618 775
24 928 660 289 -303 26 301
17 792 683 276 -60 880 -319
27 415 714 746 -1 674 -255
97 582 485 611 377 868 768
13 756 490 547 -278 670 -221
1 564 271 174 -757 -681 -721
93 504 205 756 -173 832 63
24 63 804 734 68 -916 790
73 235 138 664 -756 -131 -152
