100 971 941 937
55 212 12 847 -212 -12 -847
60 481 172 285 -481 -172 -285
77 399 532 212 -399 -532 -212
26 294 330 936 -785 -193 -235
27 379 771 123 799 -328 -176
9 176 699 798 -936 -238 -925
77 794 908 774 -826 -706 -427
2 386 193 777 -873 -865 384
97 220 634 432 290 -218 -888
27 734 688 631 -812 -210 -894
39 350 444 804 124 -611 547
62 892 500 671 -93 -384 638
30 674 475 531 -262 170 -324
6 424 40 237 -213 -386 721
37 415 846 293 -462 723 -31
51 473 736 212 -873 759 383
9 354 866 378 45 678 302
84 37 314 34 468 -57 28
43 804 30 62 867 -769 279
86 514 650 75 -905 -51 -100
68 849 761 126 154 -324 -335
34 916 38 620 -511 912 228
54 887 604 583 -462 -273 -528
69 564 870 867 622 -499 -849
50 620 840 822 872 931 -56
41 697 409 9 812 41 326
21 900 786 822 850 206 872
19 944 573 886 -675 -37 -712
8 808 99 800 -109 744 316
93 322 60 743 -176 -645 460
37 507 310 301 59 -57 -850
99 836 372 99 -75 -303 294
87 406 592 411 -183 -720 812
64 367 50 349 -749 -581 48
34 800 819 88 -51 -282 585
34 788 589 250 696 -228 -582
26 520 887 113 -343 704 -453
74 448 472 250 -217 -803 -479
70 341 859 731 -311 661 22
14 855 309 916 -117 -285 -389
43 354 168 925 -258 912 259
66 394 503 91 364 140 -72
63 929 704 680 -243 300 3
79 397 147 412 -626 -152 -806
76 329 145 422 -291 -855 -833
72 883 759 226 783 -123 236
85 377 170 711 -383 -773 364
63 123 1 809 -547 -393 799
59 574 330 21 -963 -171 526
45 332 763 237 -397 -415 -208
68 305 255 37 516 -385 -266
5 582 348 236 -301 77 47
46 157 244 551 89 -629 -601
40 87 905 587 866 198 934
13 35 464 216 926 -544 -398
20 768 345 238 873 -220 878
76 427 263 555 860 463 -62
68 751 590 141 700 239 -262
47 336 819 888 828 167 499
69 102 753 825 624 -758 -908
24 960 282 97 -539 430 851
10 132 559 68 687 -16 769
87 446 364 667 -824 207 380
77 803 307 568 -941 -903 -572
59 335 599 142 -932 487 832
12 753 361 134 798 696 -723
41 146 723 127 585 -394 -277
49 81 921 410 410 535 856
33 71 760 163 14 -25 -302
41 176 394 465 765 29 290
92 595 165 738 83 -695 358
4 174 814 288 -361 145 447
17 400 913 391 -100 910 -318
9 497 572 54 -307 -765 -524
65 798 541 500 -894 99 -246
60 843 533 754 -957 279 -924
88 664 938 573 -709 572 -285
41 833 34 856 381 -167 -148
26 369 637 482 624 -250 771
50 316 848 355 329 -552 -374
4 564 869 775 45 -842 -844
10 825 525 37 -388 221 192
29 385 471 483 -617 -435 -525
35 667 461 453 -186 -866 121
68 465 638 667 787 -12 490
82 36 672 149 835 326 90
9 717 33 141 -960 684 -459
34 684 163 207 545 -525 379
80 308 511 763 697 420 -117
2 899 300 319 327 -720 -161
90 678 690 797 893 -69 -209
67 532 922 89 -498 815 -143
44 854 452 26 -175 821 -162
94 469 97 933 839 911 618
70 614 259 739 -747 -880 658
26 248 364 223 741 -876 -229
21 426 711 442 184 639 930
14 879 776 904 -525 322 -660
2 483 426 570 429 914 635
66 557 433 719 685 -587 533
