100 907 947 967
60 398 231 274 -161 -555 44
11 287 510 143 -201 -457 -693
34 117 107 161 -610 551 334
12 541 575 157 -233 54 820
57 699 632 823 147 467 -664
12 719 664 760 334 -431 498
43 820 261 90 -611 -536 94
15 778 20 170 650 -636 -142
26 42 22 4 -488 -217 -825
45 838 905 294 783 812 -592
49 558 6 343 788 -908 714
48 719 773 646 -125 740 862
73 244 512 368 -44 -673 -216
68 765 94 362 122 292 -50
17 551 223 273 269 -778 628
12 427 498 456 713 -207 -767
74 161 339 164 668 -274 142
15 129 115 632 857 312 441
32 271 865 98 -96 -117 432
71 348 227 852 130 -792 148
2 866 843 887 -835 -718 542
85 620 808 714 -418 -476 42
90 252 799 573 776 843 324
62 295 426 303 74 -592 210
67 100 790 760 -15 -623 180
30 427 384 350 146 -122 143
39 190 730 168 -829 645 713
7 338 741 107 317 131 -412
15 462 495 386 -5 -535 153
61 412 619 148 292 -944 -650
52 188 322 708 -169 473 -661
100 590 57 548 -611 -906 865
15 799 165 111 -383 -259 -174
10 550 927 142 -210 65 43
5 377 83 739 -415 587 -299
66 677 511 955 801 -351 525
40 560 132 95 -426 55 -474
60 719 698 4 -783 373 261
43 17 412 442 -377 -863 -229
77 318 604 776 -390 -278 124
19 588 235 60 -264 -802 -171
37 409 246 920 134 -183 -870
44 622 281 627 -668 -714 346
95 307 235 800 563 -213 -414
43 88 853 73 807 621 627
8 412 10 365 -336 -906 -20
83 169 574 196 -441 832 93
29 622 244 268 -121 -598 299
95 425 890 793 480 -846 -619
38 606 93 107 101 371 511
77 747 111 624 873 740 -730
22 162 811 847 752 -35 -45
36 122 315 362 108 -141 218
2 279 355 381 -776 105 -321
18 829 844 765 -720 -516 943
27 196 586 220 -303 -601 814
21 130 732 162 -547 -476 -180
55 695 132 381 666 543 -191
76 33 630 277 -629 936 243
7 156 244 605 625 782 519
98 378 909 346 518 -654 -572
99 564 428 856 224 -139 232
70 415 119 368 -533 732 -808
65 904 918 495 87 559 510
90 382 624 335 538 386 -914
34 624 556 651 -447 -285 573
92 283 25 16 867 -519 339
18 539 266 630 -284 -549 -454
45 69 457 186 -452 -217 211
34 130 887 390 -433 -199 -914
76 906 594 146 558 849 418
93 457 720 60 808 -67 -224
87 537 14 325 260 -173 -82
30 375 266 762 414 -94 -14
99 766 270 666 -880 -9 -136
23 198 87 953 826 199 -565
48 591 166 843 -794 913 -853
81 38 399 409 445 -56 -312
44 33 136 120 -739 -852 421
8 505 619 385 496 -893 151
7 632 315 885 -899 -325 848
75 652 731 882 48 392 -132
51 696 776 60 -156 -373 -498
38 772 707 89 -848 112 -783
67 906 349 153 773 -312 -663
66 726 632 562 39 -188 529
80 685 13 751 -709 59 400
18 520 12 5 676 888 215
59 599 12 876 -254 -320 -853
14 854 867 126 -618 -107 953
52 558 390 136 -865 576 111
48 439 612 491 106 864 -911
4 778 525 3 507 -279 246
17 770 30 57 -522 603 354
9 592 563 171 829 -251 -900
12 37 442 136 -600 -483 -221
32 777 640 114 785 758 796
90 438 171 127 -163 -318 183
42 491 294 874 -743 479 501
97 643 562 358 -811 229 -670
