100 971 967 953
82 270 24 723 -270 -24 -723
96 436 544 42 -436 -544 -42
5 671 875 492 -671 -875 -492
53 942 527 664 655 873 -501
39 767 335 781 -953 262 -612
96 509 622 693 785 -657 46
51 513 460 775 -79 -463 213
93 240 8 771 612 -911 744
90 768 811 664 761 -693 448
55 344 374 82 456 -554 -391
12 872 424 432 552 -795 760
31 915 486 614 -637 203 -914
74 374 788 451 65 -450 636
22 419 755 197 223 -129 -731
21 333 35 381 831 170 299
75 702 59 417 209 -901 477
53 634 14 844 489 -860 36
80 522 592 218 -647 -317 383
10 939 397 447 877 -851 153
55 433 376 533 630 304 748
38 103 478 677 -792 857 -58
21 135 47 847 227 -841 440
49 955 183 330 -772 -104 286
51 734 673 663 133 -954 180
99 660 185 220 150 -398 -768
75 544 534 240 -690 810 -582
98 69 756 854 580 190 388
44 335 469 406 511 -517 278
38 385 459 757 440 -965 308
24 267 137 475 -159 -216 120
26 813 844 34 369 737 690
50 398 888 774 -477 525 -517
42 710 658 810 598 -341 127
41 282 261 759 -623 -636 936
79 595 886 70 -820 890 -692
49 552 110 644 -155 481 888
75 12 790 479 749 -432 -199
15 486 183 504 -675 96 -244
93 90 922 693 -350 507 325
64 922 71 151 -78 -158 -110
39 727 0 698 467 -890 -553
54 461 939 453 888 -310 -196
90 729 295 440 811 703 -247
51 393 791 938 289 354 -299
63 822 686 765 80 420 -453
34 392 644 803 -135 462 628
82 778 492 720 934 1 142
61 561 414 682 344 327 694
25 83 400 472 -514 628 -7
70 624 345 164 160 863 347
31 477 776 393 -593 -627 -640
88 420 400 264 -234 615 -237
55 360 51 21 -223 51 -533
62 941 933 58 811 -246 -125
76 37 115 67 -608 570 729
24 729 492 501 -371 692 327
5 105 595 892 -394 -520 -447
52 545 601 298 35 -195 680
99 173 265 873 219 -36 -35
89 100 891 468 -36 -198 -57
77 210 371 144 447 741 488
69 41 290 223 -151 667 -334
12 380 858 668 384 -665 850
24 324 840 642 -592 -577 65
59 193 260 546 -13 171 562
75 301 371 44 202 -878 -218
34 28 840 106 -212 713 721
66 739 687 516 70 394 -703
41 458 102 630 522 862 344
48 424 860 739 -48 -203 -727
35 85 59 949 883 813 -158
73 446 955 27 -351 648 -659
81 873 742 135 -477 229 387
32 611 907 731 -385 -333 -821
5 51 257 345 630 378 315
93 323 352 142 -964 -500 492
74 908 842 814 -716 477 612
72 708 17 302 612 641 705
43 490 92 216 596 -345 -508
93 793 139 638 -883 -597 -903
6 908 313 27 133 785 427
34 314 559 536 -921 -704 -478
80 445 101 742 -155 795 51
63 671 726 458 -328 609 804
16 888 214 745 -33 -631 -569
61 592 56 502 -715 887 222
41 386 792 424 646 641 -670
36 674 896 371 -298 579 -13
55 783 234 803 849 244 -858
61 524 341 150 -178 216 555
71 782 528 210 885 336 -641
68 606 770 331 -101 141 -321
56 756 399 200 -621 329 190
46 856 722 697 -4 889 892
63 27 899 842 -15 -177 888
30 237 60 742 27 582 -411
7 39 915 829 -504 145 -95
59 518 135 759 -397 -440 532
74 605 287 126 147 602 -898
48 288 846 862 -735 -736 593
