50 0 1
27760123291212 100000000000000
4784894 10000000
50034654 100000000
31021135804 100000000000
363934798 1000000000
21487627226935961 100000000000000000
51025238866260 100000000000000
98468 100000
3 10
2030734749 10000000000
27666157 100000000
76451799498 1000000000000
9574515449866 10000000000000
328298750 1000000000
35933591652096 100000000000000
904885 1000000
9127834032762030 10000000000000000
9146 10000
775075854507 1000000000000
88892438227 100000000000
678668168790331759 1000000000000000000
2858 10000
988057693699833387 1000000000000000000
646 1000
752 1000
37 100
333024739022171 1000000000000000
95150086198 1000000000000
4055583721639811 10000000000000000
5561523606 10000000000
64363527 100000000
440201 1000000
629 1000
4 100
1607539 10000000
35373841680758 100000000000000
85707832159 100000000000
67374385 1000000000
55160325 100000000
289 1000
31569 100000
71001063287761979 100000000000000000
265 1000
8309000 1000000000
72002 100000
308660063 10000000000
4 10
809105657 1000000000
61706461266 100000000000
129430781477 1000000000000
