50 0 0
159404140234974815 266944039267037038
291719581961778381 474185517883258037
103824507640473207 281722779032276336
146692056069855604 262876191220207173
923214563699843852 982231309154468345
393741226749676969 900782053035831011
596817312880020636 620220839069680661
321176151237222280 963792307358703959
89989034493547772 235835883687778381
608805376906447772 759079607842169893
45221433315841568 78220601054011461
98769631593989267 104057752868624615
36587262470584319 321750654390972923
281468129163481360 350319912071478313
294089413866119022 744734329896491542
238078221590901058 245163098644105766
746608694021575349 848188090677867191
163475062880127986 360757939369699301
35310717787774642 191641552443837828
695837169587052605 980109328003739483
173164717857693564 851639132570170450
456668772465325850 816469684763100034
141680035985 2011573963528202
76269465639816153 364706934155307645
256379140022739839 344928294040625321
297740340120966063 320483304927636945
524368652048392479 849246301243066850
208793388436434227 963290037373573691
121223006695518380 243930676540678465
166645778308734423 190818256828669045
68965227394918480 962177395131493780
794241149707424195 931809299885832611
650711860132098570 737086836209759727
229564139070434088 830318118999814307
56392699248278883 115770974368187847
99509474950406646 340166193142867045
21981259625189150 142845174101720944
184988414998755708 280604206112760104
209983598575960844 348515419805096576
58287678490867090 63913474950743190
273768534831834795 336843553345273057
238230941157956445 358604809148081199
509419262800769864 540055385710581974
82372494132670319 745386966629471136
395877473698474684 778730350609158729
105592012443580095 838469666107852070
12443336719477662 278589529781002191
486977376455294204 918616902144838653
508489985328077034 608397630117895545
178436963568240707 833262220289463884
