0
0
0
0
0
0
0
0
0
0
0
83375
0
0
0
0
0
0
0
0
0
0
0
0
0
0
0
0
0
189858
0
100159
93239
0
0
0
145447
0
0
0
10086
0
0
1111954
0
0
0
0
0
0
92308
30917
87129
0
35965
0
0
0
0
67648
0
236589
0
0
0
0
0
0
0
0
302769
80971
0
0
25861
0
87674
0
80524
60854
63588
0
0
0
0
36638
0
44380
170361
0
0
1590569
0
49600
0
389954
86361
211062
126331
0
0
0
0
0
134122
54825
268796
912731
0
0
0
1118833
40883
0
0
0
0
51045
81804
1603
95968
0
0
238226
0
284226
606022
101662
394318
90979
0
213144
101690
0
0
62916
0
0
200634
0
0
8020
0
75525
6577
182606
178463
0
1603
81588
0
0
0
0
13074
0
0
0
0
49984
251399
238226
0
0
0
138480
0
0
2994995
0
0
86044
0
0
83341
1925587
173018
22757
2013406
0
0
93239
640665
0
28639
0
70617
0
0
178463
19893
1443
6577
62121
19893
0
0
0
29793
0
0
0
541108
495919
138480
0
0
0
43876
80519
100164
0
0
0
0
17792
47757
6331
0
0
31297
3684136
247340
70608
218980
772961
0
0
6331
0
2560
101691
124663
39427
231888
0
71545
0
0
1316124
0
113996
0
14427
0
225255
95167
173563
0
0
144306
0
2560
0
36638
87925
114091
0
103845
30917
0
962543
80417
88657
298779
0
0
151585
439070
0
37586
96105
0
6331
0
168075
162497
0
88822
94306
292550
98250
0
95968
6577
0
437767
62916
129649
75525
0
12876
175186
72968
29793
126703
0
0
0
0
0
0
306478
36638
22381
303268
322016
2705426
287539
0
242924
106535
4285
150916
66186
29793
73756
35114
0
80944
0
0
0
345875
0
0
42946
0
0
20706
162494
0
95450
0
78423
279665
0
295995
84191
169421
4285
48641
36638
500032
98250
46613
232855
0
0
0
0
0
0
64701
96490
209268
3654368
278798
39862
1566859
31995
73756
0
196072
54825
238226
0
37618
4918
138459
255508
232354
0
100202
205050
56171
368263
5816519
287539
0
4185341
35652
6759
131100
0
151585
90979
0
89214
416198
63451
0
0
18791
0
0
62543
0
138459
111240
148272
2160709
126182
977418
78423
63451
1956897
4669821
418940
0
0
182216
18130
200668
482769
0
92413
93222
70581
8707
113373
20706
98849
354585
104137
0
43694
34874
481709
188681
43153
48615
97728
49847
877642
0
126462
361324
0
0
136343
0
130808
57637
0
71545
136645
117028
0
239448
0
0
1561727
161563
354585
155467
0
1418435
86044
0
0
74126
86969
72120
21725
89029
267557
6331
85852
0
65534
126462
0
22381
6331
1626240
95968
81125
22757
61719
90786
608170
273021
101672
1094647
155625
1284749
8020
205266
0
0
105229
11743
0
103456
0
126462
139200
57391
77887
143511
225223
0
153743
181988
543607
