99690
96696
99690
99690
99876
99967
99967
66090
94900
94900
99967
94900
97511
95141
51188
97511
95141
95141
99967
99690
99967
99395
99967
95824
95824
99967
99967
96696
89601
95141
99967
99967
95141
99967
99690
99545
99690
94825
95141
99967
99967
88362
99967
99395
99545
99967
99967
96696
94900
99545
99690
99967
99690
96696
97511
99967
99967
12642
99876
99967
99967
95807
99967
99690
96435
99967
99967
99545
99545
99690
99967
99967
90984
96696
99395
99395
99967
99967
99690
99876
77032
99690
99545
99395
84675
99690
99967
90373
99876
99967
99876
99545
99690
92582
99967
95824
99545
99395
99395
99395
99690
99545
99395
91114
94825
-23280
99690
99967
99967
99967
99967
99967
99967
99967
99967
99967
99967
95824
95141
91114
99690
99545
99967
99545
86309
99690
99876
99876
99876
99967
99690
99967
99967
99545
95824
95807
99967
99690
94615
95108
99967
77771
99395
99876
99967
99967
99545
99967
99690
99545
96696
99967
99690
99395
95606
99690
99395
99278
99967
-66911
99545
28133
95606
99395
87686
99395
99876
99967
99967
99876
41343
98935
99967
99690
99690
99967
99545
99690
99876
99545
99967
99967
99967
99545
99876
99876
99545
95141
99967
97511
99395
99967
99876
99967
99545
99545
99967
99967
99967
87218
99967
77091
95606
99690
99545
99967
99395
99967
99690
69090
79653
99967
99545
91114
99967
99545
-18758
99876
99690
99717
99967
98894
99967
99545
99967
99690
95824
99967
99545
99967
90984
99088
99967
98894
94825
95606
99876
99690
91265
94615
99967
99967
94825
99967
99690
66090
98894
99967
99876
99967
99717
99395
66090
99395
99967
99395
99545
99967
99967
99967
99545
99395
73787
95824
28133
99967
99876
99545
99876
99967
99690
99690
99088
94900
99967
99876
99967
99967
99967
74181
73787
99395
95824
99088
99876
99967
99876
99967
99967
99690
99967
99967
99967
90373
95824
99690
99690
94615
99876
99545
99395
91843
99967
98894
99967
99967
98894
99967
99967
83926
99690
99967
90978
99967
99967
88314
99545
99395
99545
99967
99967
95108
96696
70751
99088
86400
94615
99967
99967
75872
41095
99967
94900
99967
99967
99545
99876
99876
99395
94246
99395
99545
99690
99395
99967
99395
97335
97335
95807
99690
99395
99967
51207
99876
99967
99545
98894
99967
89119
99395
99395
99967
99545
99967
99967
99876
99690
88362
99690
99690
65569
89119
97511
99967
95747
99876
99967
64303
94900
99395
99967
99967
99690
99876
99967
97335
99876
99967
99967
99967
97335
99967
99967
80326
99967
99967
99967
95824
97335
99545
99967
99690
99967
99545
97335
94900
99876
99967
95747
99876
99967
99545
99395
99545
99967
99545
99967
99967
99876
99545
97335
92582
99967
99967
99690
99545
99690
99278
97511
99858
99690
99088
99858
99967
99395
99967
99967
99967
99967
94900
99967
99967
99876
78769
99876
99395
99876
99967
97511
99088
97335
99967
99967
99967
99967
99395
95747
99967
99967
99858
99278
97335
94900
99876
99690
99858
6282
99967
99876
99858
97335
94900
99967
99967
99967
99967
97335
99967
99858
99967
99967
95747
92358
99088
95747
99967
91843
98279
95747
99395
99858
99088
99967
99858
99967
47171
99967
99967
88362
97335
99858
99967
