100
902.34 3.59
900.39 61.49
895.05 115.68
885.89 172.75
875.04 228.77
859.44 281.61
841.67 332.56
816.44 387.88
790.68 435.22
762.36 485.25
732.06 532.59
695.02 575.00
659.26 620.31
618.98 659.56
575.68 696.10
530.57 732.09
485.63 763.74
437.09 790.59
388.05 818.54
335.94 841.67
281.11 858.83
227.36 873.79
172.43 887.71
114.16 896.71
59.20 901.24
4.19 903.21
-52.10 900.58
-111.67 894.62
-166.21 887.73
-221.27 874.35
-275.00 859.02
-329.55 838.04
-382.19 816.98
-432.05 791.00
-477.62 763.40
-525.50 731.95
-569.43 698.27
-611.36 659.61
-654.75 617.82
-689.27 578.34
-724.61 532.46
-758.05 483.99
-784.42 437.10
-810.66 385.86
-833.76 333.91
-854.20 281.01
-868.64 225.69
-882.94 171.80
-889.30 117.28
-893.34 60.26
-897.67 1.05
-897.15 -52.28
-889.21 -108.87
-882.32 -165.05
-869.29 -220.77
-852.73 -273.30
-835.05 -326.65
-810.94 -378.80
-787.25 -428.66
-758.36 -477.60
-725.92 -526.83
-691.17 -571.81
-654.40 -613.49
-611.89 -652.93
-571.45 -688.97
-525.67 -723.60
-477.38 -758.11
-429.89 -787.11
-380.59 -813.03
-327.99 -835.17
-274.61 -851.33
-222.12 -866.74
-167.61 -881.58
-110.46 -890.73
-54.64 -893.49
1.49 -897.82
60.74 -895.17
117.76 -891.30
171.83 -881.14
225.84 -869.57
281.02 -852.65
333.28 -831.86
386.77 -811.50
436.95 -785.97
486.61 -755.93
531.95 -726.61
578.07 -690.96
620.78 -653.44
660.93 -614.79
698.09 -570.72
731.90 -524.71
764.20 -480.18
790.24 -429.80
817.48 -380.54
840.88 -327.08
860.32 -273.44
875.91 -220.28
888.34 -164.78
895.75 -109.88
900.77 -54.01
