100
901.80 1.75
902.17 58.48
896.65 114.03
886.27 170.43
873.11 225.08
857.13 279.98
841.38 334.87
816.25 385.96
793.18 435.57
761.76 485.85
731.50 530.12
696.71 576.89
659.97 617.40
619.96 657.44
575.11 695.67
533.78 729.50
485.71 762.68
435.27 789.88
385.30 817.60
332.95 839.76
280.19 858.04
228.12 874.80
170.31 887.48
116.16 896.65
59.23 903.08
2.26 903.92
-51.90 899.94
-108.63 894.02
-164.98 885.38
-219.70 872.78
-273.51 857.36
-327.51 841.38
-381.97 818.83
-429.50 792.08
-477.82 764.36
-527.51 732.17
-570.52 696.00
-612.61 660.93
-654.07 619.63
-690.65 578.41
-725.94 531.56
-757.78 486.59
-787.02 438.30
-809.37 387.75
-834.99 334.48
-853.86 281.32
-867.42 228.65
-882.10 171.36
-890.28 115.57
-894.15 58.25
-896.84 3.86
-895.18 -53.71
-889.16 -109.20
-879.29 -166.75
-867.93 -221.24
-851.44 -274.66
-833.07 -329.95
-812.74 -381.00
-784.52 -432.29
-757.01 -478.05
-725.10 -524.53
-689.47 -570.43
-651.29 -612.30
-611.34 -653.16
-571.92 -692.44
-524.22 -725.72
-479.44 -758.79
-430.00 -785.91
-380.80 -811.09
-327.97 -833.88
-275.15 -853.16
-220.22 -868.81
-166.10 -882.64
-111.38 -890.72
-52.61 -897.22
1.10 -896.30
59.41 -894.21
117.18 -889.25
172.14 -880.80
225.90 -870.71
281.02 -854.35
334.82 -834.62
386.51 -813.08
437.46 -784.54
485.78 -754.93
533.67 -725.84
577.60 -689.41
618.22 -653.83
657.53 -611.11
695.30 -570.36
732.33 -524.69
762.96 -478.26
793.00 -431.54
815.60 -381.01
841.56 -328.42
859.88 -273.92
874.57 -222.75
888.85 -163.89
896.47 -107.91
900.40 -55.45
