100
903.32 1.48
900.33 59.43
895.88 115.63
885.87 171.40
873.93 227.16
857.80 280.73
839.97 334.30
816.58 386.13
791.09 436.39
761.18 485.52
731.57 532.66
695.30 576.59
658.26 620.13
617.49 659.83
576.94 698.36
533.24 730.78
485.96 762.18
436.15 791.77
385.83 819.19
332.61 841.20
281.15 858.23
224.92 874.88
170.78 886.86
114.72 897.50
59.24 901.76
1.32 903.77
-53.81 902.46
-110.75 896.55
-166.18 888.33
-221.99 875.03
-275.35 859.42
-328.55 840.05
-380.57 817.58
-429.39 790.91
-480.68 761.94
-527.61 732.50
-569.74 695.04
-613.12 660.77
-652.81 617.84
-692.10 578.48
-725.36 532.09
-755.94 486.70
-786.58 437.89
-811.25 386.87
-834.62 334.96
-852.34 280.92
-867.60 226.08
-882.93 172.87
-889.28 115.57
-893.94 59.34
-895.63 1.70
-896.84 -54.52
-889.94 -111.62
-882.98 -166.32
-867.83 -220.07
-852.63 -276.73
-832.28 -329.82
-809.94 -381.29
-786.20 -430.12
-757.09 -480.89
-724.39 -526.40
-689.03 -569.73
-651.61 -614.34
-612.63 -651.38
-571.97 -689.35
-525.75 -725.35
-477.32 -756.07
-431.10 -784.84
-378.74 -811.68
-327.85 -835.15
-276.19 -851.09
-221.58 -869.78
-164.51 -881.06
-109.99 -889.47
-51.83 -894.36
3.97 -896.36
60.91 -894.34
114.19 -891.46
172.49 -882.10
225.92 -867.52
282.90 -852.28
332.84 -832.00
385.21 -812.44
437.21 -786.13
487.21 -756.83
530.60 -725.54
577.80 -689.74
620.83 -652.41
657.62 -613.47
698.31 -571.18
731.01 -525.26
762.03 -479.23
793.63 -428.60
818.20 -378.25
840.37 -327.87
860.58 -274.05
874.99 -219.30
886.51 -164.22
897.70 -109.59
901.42 -52.58
