100
901.86 1.35
900.45 58.88
896.89 114.19
888.63 173.12
874.54 226.49
860.54 279.45
839.78 336.29
817.55 385.73
791.43 438.01
763.82 486.81
729.98 530.94
695.76 576.09
659.67 617.89
620.02 659.57
577.94 695.78
533.23 730.83
486.21 764.09
438.22 793.23
384.62 815.92
332.43 839.25
279.30 859.11
227.10 875.15
170.17 887.58
115.66 895.56
58.05 901.20
1.36 902.36
-53.61 899.66
-109.74 895.56
-166.60 886.72
-221.36 873.05
-273.57 858.70
-328.78 838.29
-380.00 818.21
-430.35 792.51
-480.34 762.53
-527.55 731.17
-570.55 696.63
-614.11 659.35
-651.86 620.42
-691.50 578.15
-726.41 530.54
-756.34 485.90
-787.34 437.97
-811.57 384.75
-835.74 332.60
-854.78 282.18
-869.15 224.98
-882.30 172.91
-887.94 115.93
-895.44 59.58
-896.98 2.84
-897.06 -55.27
-888.73 -108.56
-879.61 -164.20
-867.72 -219.41
-853.14 -276.04
-835.76 -326.67
-812.25 -382.14
-787.46 -432.39
-755.16 -480.68
-723.35 -524.90
-689.58 -569.27
-652.19 -614.25
-612.53 -653.38
-569.94 -690.61
-526.86 -724.14
-478.73 -755.78
-431.53 -783.81
-378.92 -811.50
-326.86 -834.12
-276.04 -853.76
-218.85 -867.74
-167.35 -881.27
-111.44 -891.75
-54.77 -894.01
4.31 -896.70
57.88 -894.13
116.05 -889.83
170.05 -881.41
227.87 -867.99
280.90 -854.62
333.31 -835.57
385.03 -810.76
438.25 -786.51
485.54 -758.55
531.30 -727.01
576.38 -688.59
618.10 -652.47
658.13 -611.91
695.92 -569.49
732.77 -525.95
761.75 -480.76
790.46 -432.36
817.86 -381.24
838.29 -327.10
859.66 -274.10
874.00 -218.89
886.89 -165.23
895.52 -108.21
901.41 -55.09
