100
903.19 1.48
901.28 60.66
895.35 116.24
888.50 173.20
873.65 227.79
859.75 282.28
838.26 332.56
816.41 385.86
790.23 435.74
761.92 485.95
729.90 532.14
697.27 578.56
659.24 617.75
620.50 658.79
576.68 697.16
533.29 733.09
484.52 763.11
436.08 792.59
386.50 816.55
334.43 840.73
280.68 859.27
227.47 875.94
171.24 886.41
114.03 897.67
59.42 900.93
1.93 902.62
-54.45 902.94
-110.84 896.37
-165.78 887.66
-220.71 872.91
-274.31 859.51
-330.30 838.64
-379.40 818.85
-429.46 792.00
-479.58 761.21
-525.20 729.92
-572.59 695.56
-613.34 657.07
-653.46 620.08
-689.03 576.07
-723.67 530.62
-756.50 484.00
-787.57 435.07
-813.33 384.95
-834.26 334.62
-854.51 281.57
-867.85 226.19
-881.91 173.08
-891.03 115.00
-894.71 61.08
-897.97 2.91
-895.68 -52.35
-888.10 -110.52
-881.73 -165.30
-868.41 -219.63
-852.84 -275.45
-834.74 -327.02
-811.74 -378.70
-783.77 -429.69
-757.46 -480.29
-724.28 -526.62
-691.45 -572.66
-652.47 -613.41
-614.79 -653.03
-572.04 -689.07
-524.71 -724.29
-478.00 -758.53
-432.36 -784.46
-381.90 -813.16
-329.86 -834.25
-275.31 -851.50
-219.72 -870.68
-165.11 -881.67
-110.34 -890.77
-52.17 -896.71
4.85 -897.51
61.51 -894.17
115.74 -888.17
171.02 -882.19
227.40 -870.68
280.75 -852.29
332.65 -833.89
385.37 -810.99
438.52 -785.70
485.94 -758.16
531.90 -723.61
575.69 -692.01
619.45 -651.25
660.75 -614.64
696.19 -571.17
732.87 -524.53
764.15 -479.32
790.47 -431.91
818.74 -378.99
839.98 -329.63
860.55 -273.57
876.20 -219.60
885.25 -167.13
894.61 -109.07
899.56 -54.96
