100
901.33 4.25
900.21 58.05
895.47 116.89
885.68 172.36
874.92 226.38
859.79 281.87
840.45 334.75
816.42 386.55
791.11 435.18
764.20 486.74
731.26 531.33
697.89 576.82
659.90 617.73
618.09 657.71
578.25 694.66
531.23 730.76
483.42 763.71
437.00 790.38
387.30 815.37
334.03 841.65
280.90 859.70
226.70 876.67
172.20 888.23
117.75 897.50
60.52 899.58
1.69 904.51
-52.00 901.79
-107.85 896.39
-167.34 886.84
-222.02 875.28
-274.12 860.59
-329.57 840.14
-381.59 818.88
-429.18 791.94
-480.86 764.07
-524.12 729.82
-569.65 697.37
-613.32 658.81
-653.78 617.75
-689.93 576.92
-724.90 532.04
-755.81 484.81
-785.71 436.57
-813.05 388.07
-834.03 332.36
-852.39 281.02
-869.43 228.40
-881.09 170.43
-890.90 114.58
-897.21 59.69
-898.76 2.63
-893.54 -51.52
-890.17 -110.32
-880.66 -164.22
-869.00 -221.40
-853.30 -273.50
-832.86 -329.60
-813.07 -378.97
-784.13 -432.52
-755.35 -477.93
-727.04 -525.73
-690.76 -572.43
-652.89 -613.13
-612.21 -654.52
-571.00 -689.83
-527.42 -725.95
-480.63 -756.16
-429.37 -787.53
-381.77 -813.31
-329.83 -832.73
-273.90 -852.04
-221.09 -866.91
-167.11 -882.31
-110.32 -890.00
-54.38 -895.90
4.78 -898.60
60.08 -895.09
115.85 -888.51
173.57 -880.72
228.45 -868.27
283.09 -852.79
335.94 -832.17
387.71 -809.85
436.26 -784.34
483.83 -757.35
533.53 -723.68
575.27 -691.46
620.17 -653.37
659.54 -611.63
698.27 -570.65
729.88 -525.36
763.26 -479.20
791.55 -428.68
816.52 -379.50
840.95 -326.55
858.22 -274.45
873.62 -220.46
886.86 -165.35
896.75 -108.70
901.29 -52.89
