10327
86368
-70855
-44801
90990
-79271
44927
-40278
88154
72604
-27513
83219
-28814
-31511
-3693
236876
62089
104388
71096
-152244
35339
-30847
86601
115048
5373
51037
-71327
-60042
66279
-120695
49605
47903
-28295
-27032
-89714
-84185
-511974
43887
153632
-70116
-100317
-15229
-120067
29522
-46451
175678
-23824
-64805
6819
6015
74466
-169846
-46451
14930
81521
-15248
272876
-172575
138039
30703
70509
-15229
-62591
13473
-59501
-54040
-80529
113902
10327
94406
3747
11541
-58893
-36944
92812
18650
-1138
3747
-69692
-136275
-10899
7225
-70645
7930
55332
46852
32392
-99269
-66890
-59729
27088
7225
40381
3433
107556
-143328
11845
-74950
-12225
-211966
79952
-59501
-166160
-89226
2267
-71520
-142160
281844
67549
-99258
101156
-141357
190675
-24042
-95822
50026
30087
-128332
-48216
62089
27088
-58789
104508
-10915
-5393
294
85584
-11040
-89422
159059
59042
-41734
182222
-47271
-2919
-41734
77140
255323
67496
-17911
-93053
-88177
-40203
-67460
34242
68461
-77058
76623
-18400
116859
83880
235252
-134956
-9182
-99332
-243527
117951
13172
-47312
143206
-62591
76684
-44801
6822
-182720
-62928
91418
6819
110463
-75460
-60679
-6258
-9182
-8645
74989
128777
-50671
206682
65112
274433
2756
-51268
-118246
106628
-95822
-65359
243930
-303325
-54219
76623
17171
136066
127631
-33295
-535867
-73969
-41526
14346
-14638
18598
27088
101602
-42698
-51482
-152244
52322
21771
-42691
-28098
57295
48309
3433
46529
67549
87835
-3057
-112835
-13982
-35246
-29753
142060
-35994
42118
-128056
28777
-119497
886
40180
21024
64616
76763
-24837
-44726
-130023
121258
-97531
92224
34006
-81338
20087
-5849
76824
-33140
113495
117683
59881
-122824
209510
59881
-34200
-42281
-29366
607
-31485
70509
35202
-130542
-51605
35714
-63378
387030
-73573
16029
102152
204525
-41593
-202866
31088
35749
77140
-220955
-55067
-10646
31065
-80781
96349
-34848
6730
-10646
-80715
161714
-5521
120980
-45378
-4822
1209
-112835
91841
-88821
-10915
85883
-47312
102152
-167938
192890
111954
-160560
-24837
611816
-151346
6822
-42468
76319
180834
40767
-64805
21771
-23604
90787
90787
97689
-220945
6791
-91322
86654
-151346
-99332
75275
-77297
95655
-65093
50026
96194
-10899
-67849
-77487
39179
91576
61554
221658
-46004
-28280
14346
23935
182222
-75493
351898
-50193
86694
-37015
135695
-262379
-134818
71097
-17911
43653
186526
-87615
-70664
-43116
39179
39404
-117436
-166160
-29620
6769
-24795
76824
1903
-99332
18483
57226
39620
-18373
-84983
156151
-42339
142060
-105979
-167938
-2165
-139914
19553
14939
71097
-80715
-209210
-142160
-77297
334745
78680
144786
-53515
-38654
-84290
-47103
239747
20138
-175077
-43779
31046
193832
-159433
262479
52643
-54040
1903
-101262
-58698
121518
22037
92212
-30862
-36592
57809
-6695
9266
-47493
-47493
-33442
-65967
-39792
117802
-38806
323895
33499
9937
-202866
-889327
-71074
-55267
107875
-84290
-12062
-30606
-77671
126289
59982
92212
-29623
-59152
11845
18581
-12500
358343
81565
-79991
10878
-34602
-11930
-207857
-27831
30380
-22222
-47493
20266
46205
-70664
81200
26749
-98169
-16274
83638
-70353
75504
90081
-77861
294354
100075
25674
67247
-169885
-52153
-23475
9937
-58327
-33442
10956
-65359
-206794
42118
29766
-24079
192890
-168133
-13986
-10899
98129
-99332
42627
-143942
120056
120980
18539
49605
91411
-115420
228039
-6258
-98602
64751
194428
96364
53123
-77489
-97219
-119497
126838
-22594
64045
13473
-139914
57381
-77176
-63169
-93167
-25969
