83057
-32940
58567
-77397
33341
46803
-67375
-36134
-29708
18922
37498
-32940
173685
72269
-229858
-216207
83452
-94257
111236
-235447
29451
17629
-574116
53164
-82785
97797
-106503
97698
121886
-58492
17629
-95259
78762
-1502224
-158536
47928
-150615
37031
-65527
-65275
-78109
16831
55579
-67290
85798
-34317
571539
80698
449342
-42855
-7383
-23111
14946
-72226
31428
96225
81834
-13432
-81794
50743
-160471
38620
-155033
16831
-9592
-61922
-137831
-63219
48679
56776
-191822
-65275
4370
28136
-25840
125135
-15992
-38371
126626
33352
-65464
54578
-25840
-91528
-51992
-109600
-103956
-351171
125280
-82207
-39490
288282
57614
3937
-117441
61313
106166
-52328
-114926
42918
-75715
-83912
-106503
43624
-129266
-2927
3027
111023
-36950
-162098
-6812
62172
72523
21601
156337
13902
626067
-61356
-35511
-258669
-78109
-35975
5730
-180679
22429
87663
-72791
121886
122666
115771
-75102
3075
44305
26247
102160
143506
-105663
23758
-18401
-81100
20689
-88795
-10604
-324340
94534
75263
36161
58567
-11856
37498
-138044
87975
106166
-1384311
-26918
7622
3262
38600
-77713
28164
-309509
93558
144631
46803
8383
-72234
-93706
15115
-319267
3937
-309509
75649
48692
-1081360
48692
-93706
-223844
3937
-64568
-39102
3540
-46553
32306
-25279
26710
99872
-11073
26902
-109592
-9667
-239134
54761
-31377
-91345
-12684
26758
31761
14340
4370
-26836
-127310
-45221
37391
-317552
111236
-25289
-54566
18172
23322
66156
-67375
-8421
-116090
-54425
257005
-82207
-2721
31807
-66540
15259
-3131
-68512
-32778
15654
-14890
-4745
-81203
15857
121886
47755
43487
-24231
-19158
-142311
23037
48679
-79090
-165717
-64085
30377
380638
-13424
-64568
-16718
-11507
-95558
-182470
65846
-43590
-58227
96225
32557
-15429
16484
25209
8110
9537
145284
-130968
445320
104853
-72889
31748
-258587
19096
-165717
73794
-61446
32306
4592
-94332
-3131
-109592
-18401
-30441
130932
-70249
93033
-25950
-39976
140613
-4826
-228654
-33299
64042
-175139
-95951
93558
-28919
-70249
-70249
-103619
25209
-7050
-35681
1099878
156132
46818
-76712
-1555389
-7383
-9592
40716
156132
63710
-77397
-95031
-17105
-83527
-60503
-43590
-82120
-23497
44305
-54687
-69698
-7383
8383
21415
-150641
-14947
30151
-160223
545852
580
97536
-52969
86812
14834
-133575
40840
-58194
-83912
-24154
-107457
198451
-136633
-35131
-159412
79020
-31774
29338
23322
-558889
-18165
-56343
-74718
-79130
-315096
126626
477963
79493
-49493
-959
65846
-5340
130358
-27409
5240
58253
-11924
-83518
-50448
-24231
-77713
-86865
61431
-336835
-78342
-39490
-21043
-74718
-123934
24570
-53326
99971
133999
-82923
306152
-61437
38600
-135534
-121478
567412
124189
48156
-45221
-173765
28053
55396
18671
118956
78824
-90861
77908
-32250
688325
9113
12440
12444
-98016
-112021
20689
-83527
-19038
80269
123262
91249
-987417
13140
432080
-48044
-35839
-25289
-71586
-46389
-34995
-116090
-108720
-123666
-100013
-149500
123850
72269
69776
-88448
-25225
-5470
57076
-56343
-157425
182944
-46475
-33979
53200
141407
59292
249946
-218808
-19825
72752
26710
2729
115771
-75102
-28607
97079
-95493
-89153
-87093
-21965
17033
-10228
-29937
46699
-1344
15654
39360
25152
57137
-62974
64010
29796
-18173
-376934
-95712
63016
-105272
-13424
5549
415244
77164
61601
-25279
-959
-179446
-235
153343
125820
63668
61431
-52092
59569
151679
-457685
-141605
109794
99510
