25 50 0
22 3 51014631
10 3 977987968
23 19 603421802
23 4 297151921
7 8 328827256
12 8 745847724
20 23 775384745
23 21 108592968
14 1 870474891
3 25 787317837
3 7 788446488
11 10 479879245
23 14 394751268
12 21 640461189
16 21 371443686
19 24 7792964
1 22 570777999
25 23 366100254
12 15 275749095
3 4 100660749
18 5 526692949
24 23 336799321
13 8 410905879
18 14 92302683
19 10 807806522
3 9 744206739
15 16 656223641
2 14 681263428
25 19 392804350
18 25 652191700
22 17 147709286
8 15 336514418
21 15 830919744
13 11 76307758
9 13 549515105
8 2 610658484
15 22 425566353
25 1 709525401
3 12 901217441
11 19 287475981
13 16 312489512
7 11 433655034
11 25 49867387
6 20 504305479
14 25 937232493
21 7 511663363
18 20 369030634
11 4 845437669
6 9 619668035
5 23 100928747
