100
2709 2525 773 4020 1428 1385 187 759 2216 4772 1513 280 4237 4009 4186 276 67 157 2819 2896 4050 4962 916 4319 2245 641 3623 4521 2121 2968 3595 2897 4542 2130 4777 2466 205 2879 3469 1595 4299 3559 2806 2438 1661 3199 1247 3887 1178 1050 4874 4407 1237 3317 1295 3038 461 3386 3460 3214 3045 4739 4887 824 1738 2430 2769 1890 3260 2069 625 4099 932 344 1510 1848 4013 632 4508 4662 2099 4512 859 2518 4497 3976 1251 680 771 4180 1473 1826 4776 1230 3112 2196 3943 3430 2633 3434 
100
modify 12 97 3285
modify 31 88 4366
modify 20 40 1605
modify 74 96 1262
query 96 99
modify 7 91 1937
modify 14 33 464
query 68 94
modify 82 86 1474
query 77 79
query 68 89
modify 10 45 237
query 11 39
modify 48 83 4034
modify 12 77 746
query 100 100
query 38 66
query 15 71
query 12 95
modify 83 95 836
query 67 91
modify 56 73 3121
modify 9 62 1389
modify 11 58 987
query 87 97
modify 97 100 3203
modify 52 94 4058
query 30 32
query 65 100
query 15 77
query 2 69
modify 1 9 956
query 66 70
modify 40 43 3471
query 16 27
query 72 100
modify 23 80 3447
modify 48 55 2146
modify 67 82 2408
modify 71 73 4443
modify 19 35 2046
modify 50 72 4200
modify 55 74 2208
modify 18 22 592
query 26 48
query 50 67
modify 52 71 2764
query 79 81
query 59 73
query 76 92
modify 91 93 1796
query 65 68
query 65 83
query 36 97
modify 20 84 1054
modify 68 92 4796
query 13 32
query 57 99
query 32 46
modify 7 27 3687
query 31 92
query 40 93
query 81 98
modify 26 47 3365
query 71 96
modify 50 99 3965
modify 8 46 789
modify 62 64 3116
query 61 70
modify 96 99 2378
modify 61 74 2619
query 6 25
modify 55 80 4687
query 31 45
query 77 98
modify 69 89 463
modify 92 100 3739
query 26 40
query 31 62
query 2 31
query 71 75
query 75 98
query 79 80
query 95 96
modify 30 71 2238
modify 14 19 2456
modify 29 40 2620
modify 33 90 3238
query 70 70
modify 36 93 4137
modify 73 98 4824
query 97 100
modify 88 92 2933
modify 68 89 3238
query 80 87
query 93 93
query 67 67
query 41 94
modify 47 70 2595
query 22 93
