50
1014 2578 2189 3754 2130 2375 747 1604 4007 3205 1531 1114 1523 1236 1329 2268 2611 4706 2037 2581 2219 4066 4097 4867 3002 2061 272 768 971 1737 2185 2726 1099 84 938 2742 370 451 4631 2676 3109 4066 2762 640 4941 4629 4327 4930 4941 2383 
50
query 48 50
query 25 38
modify 40 47 416
modify 29 37 4967
modify 42 43 3896
query 22 37
modify 19 27 929
modify 10 16 2728
query 38 50
modify 28 31 4725
modify 24 39 2138
modify 47 47 1582
modify 11 33 1694
modify 33 49 3708
modify 31 37 4411
modify 19 25 4084
query 28 31
query 16 22
modify 24 32 2658
query 49 49
modify 4 40 307
modify 5 28 3222
modify 4 28 4991
query 43 50
query 46 50
query 49 50
modify 8 36 3413
modify 37 43 679
query 47 50
query 32 44
modify 14 25 3414
query 44 46
query 12 17
query 11 24
query 48 48
query 43 46
query 31 43
modify 16 32 2703
modify 42 45 3521
modify 32 50 1583
query 25 31
modify 19 30 1211
query 49 50
query 11 34
query 28 47
modify 23 44 4771
modify 13 48 79
query 40 42
query 25 30
modify 21 26 2360
