27957700015265918
15076613465289174
370793157898653535
256033246657576203
11381742014795556
398078170713882390
20930744614732539
279875649661503037
515249276030009587
176582993338731753
203459801544039649
10116941052951022
25278790380734
79033257630067562
91665842191485563
185999511211823
99856334010237971
107786768974060366
122817998045939931
56543873209146616
144153292919661359
64044020628938464
137816194554958233
88992846680956751
18021913855501534
415538063783927989
20674766891985782
3385232899759384
89685877415785451
4485567087254992
177366036077883903
2604546354708968
683961187384764171
16611137871415615
35789547149782720
278184701103133062
37553118246193663
70222987179097297
126361394873427869
139590528794556042
58295452704290
17307342476689436
29415578963975938
562076265960762980
414851217189549433
55595688158131837
119461895964460754
52454635816081083
17381080415688942
363247417319202285
9907845398794197
137070504412659185
10062447415468888
9464504137521989
367327524289862963
65214489801642770
55070136975630708
47224934748880858
34520577315658156
152898687817806330
222412602909641741
5609262900202614
675257664789096595
465409414096996293
191114896162065827
11083182232077474
187029020538617894
17327330933519693
656560594336758
120098499590260842
88698884002884325
562872699472223416
162411885703697555
11825843434395856
136473982280849580
344555181811011918
911233110491310
42243241083853478
239560348446298996
29060281495103758
68602367913726500
251818856402607726
41314923036040922
511462062709022981
27316628457698358
337959567981772225
219073553969081496
100977629948108351
190123898253220337
64049599455386710
2750364251844388
71841990696571590
1192029040143212
21007115503270395
619631380039471
339669138929587729
8163653846826905
14848346169450417
27920256738887413
53052086155014503
