353748725076870347
12438600858259027
18299749477624956
113522373800457097
210995570637287013
25814030571788651
35322354173367328
430527330124953620
304962325225716813
47445121125100094
3746838055163219
38784821665615267
110810541157684095
16569196975090753
2105723138930168
100710373715161131
102877464904097298
15042686578227316
27500593511714988
10433055706628741
1414317154499379
4064514842344433
24675550472071217
203089984837135891
48877611283446435
288853673142492412
72910504283909966
12632902475556200
194593733507262317
61371942616344755
636957478523440191
480890731329339978
41057404234513815
26315548272444675
82682853492362944
150102685968681153
18479227769389575
28070597159635985
6252827671279050
62987420631131619
591695065236279
1164795199037481
518933079644126551
334941288992240129
94951316341419463
286088596150353209
205584422995897681
124759323044100035
145424130728734070
232543896642409924
51380026827228951
155578942751300807
42582359992154511
145616452581205575
763627538198672
15257770004644055
12108112694849059
69412044780373530
1263409619024663
34937499420360608
332597104260062364
12670091424881856
78905011128039342
63415959884822002
649120691086645
218955415670943711
58224702607499008
910423437606128
151788476326439741
180410410766241096
17131143556445174
242932301897003090
58934739349156478
151210510352721556
22352823078106398
29219959058217431
729038647444691507
9100485045775903
410663163128413655
161100610483901529
136837528737611833
13893120884717090
405962407907582335
5845142844052263
6094149912307776
179773378290443399
37972913795160213
125434984837850229
5560630035733005
31059093501269934
137490933737251556
55457463009664743
4267760589160353
8834965624305089
749294728216132908
207264903336921690
3270632985670862
242157755120023012
201959049118228761
1206953148388980
