321564817744667703
3753985338504831
166508710621082570
61989731762117842
73634671583001057
53811941205286825
24128402029628036
25905296204333949
351094607461049
268821837336731561
184482905313332623
32030703240265016
54929651021767787
28428059439712270
68449441530858884
24745696582814555
249210598370013565
108942703228687506
214574612478951441
25786005881443564
49607844165998289
194699588031171791
123925168025669588
10872343409446113
343065292085855878
500088687722552095
638033741005223
69571180522618350
147580469362172835
125128176294888590
21381956574207956
1349555127744971
437479771131209461
308395650185293378
253999170095754702
167374756718924774
95000184312671467
161088998073315622
30562884488869010
77666966748515337
8522163441542741
103474197572899699
332330836199125610
6351399761085771
67121272343030068
4298411437808086
78420997659676654
31991663697672580
3762828609604825
36665652958501585
142298593212540557
193560961844113606
11055851019755971
18231197708027221
391661667140926133
165822241681524892
265543295333869205
65202287554672554
68535519263291586
62140916792225268
207666711368476351
23091734531537261
69573072053624269
21456839547709054
150673852663791999
20080090801179855
11759608020599501
19243327555130322
2413626375318
77653747038557596
36934272306023019
94511094051291896
6847300919736609
215515526404157635
36508214161879186
92992650360183325
284675135658663199
161272020188399848
134180505060985699
50858963016648183
697086093918902
85813548349571624
26210733449251134
195641993795970092
81198325493513227
61909319624489221
74311504551320391
671855930887244537
239411616309715
95570427035404756
45981975574255648
550727756377222693
306692551077262710
76919886681953322
94949625957132172
4786672775617709
126293371306619580
107390005084527296
162543298203248071
6074890764806848
