100
96981685517767520 107531762463356730 164460074793360112
142339644768400201 211734491032089795 249364006321714812
84887289045159659 159771791946499485 163247292463601949
31084989548589257 170448764478055724 477465342531439000
268955839383483484 504974619286852003 602488523088483475
311238640653238758 437358118928092754 510198920437161727
49987907706695408 51748825077633549 55036494553800852
226414263103111115 279485721384490549 548124612578514254
724604504687196911 748114487425996582 751944003370282914
11615066202981667 15448004301951759 132365545206231020
571588661106975762 590890511618488904 629587283944791285
139205229949911320 141801580594396573 145292061290804407
654212224961825612 714911649416542168 854180030078965740
415779155826926071 583342296114548820 713646878751973018
566322958279824648 567954028118759776 603349179946311638
772228067750540665 777714970893438667 777923025788944779
22843802726765274 50735569210151050 269792313361711764
349766571113708138 416793153786733993 502048728042518573
30151253605421793 47516838888673704 238823276835102206
389980540721374676 504157986019914206 520689863225856207
60321594356305106 72661042610170005 75852225686858743
337540502921649152 366582536384680474 676357309840125870
384329323977633107 426735005981515800 809275099837164596
95048319757873893 286557348335738085 512841916576715280
459620481371517179 464047325304302579 508914966383596133
24182544119919876 67272324832184562 70459348548231967
131581521221403259 688459504772647857 932443157680805302
339600450109527189 612040551873626464 847289499102770912
134632615206682580 174973360655339388 341285381507093154
163133234487916959 183087673745573135 190142582805201025
217953307457560593 500820872417029916 686161946767460535
243012504077833677 313510308709236216 318012416287261845
153829976249485935 346509940874942265 398155313578784579
371247239116821084 456747731118570839 569374701189245975
251795501301692734 285866614050446166 391712452246933089
9266260217242824 253259876596342274 462801516517020840
290021963482092690 304207564857585191 500337418720735649
383381538886942888 413332605837647960 503377518198744212
927556954074888862 954012150915516275 959797911188573612
237730312829751513 252912140145714349 457112175079188999
23138773761636974 419354340790317265 419955727288746772
330859631702350543 403248150455163533 437965128091646483
91186526831290712 252286598415302743 508021550833657134
302714110166410893 430012441993156234 548298923114435625
668381814151090251 698661748455948353 909744889576154705
125424145330682761 203026364724463449 819542184468022967
226765174263440627 359617166355502467 783553561965639420
138110540806508826 378805474940509606 398527330161031759
226036898588874204 762629929523532324 861412976500786374
25593322749408417 39952491676319755 577765601131612649
116038615095886416 152408497444067368 245084388628108799
616725435881216948 623860980198165735 629307113224840103
347409953487725962 416713294043274041 478864115234963925
85125322759887495 334622116056205784 586494280860399380
22676941263471997 84851739532040520 110677529906467712
98389230032996667 100462617778804569 113919378161676906
904756024223959 44469383397182640 87747026991558650
48601210543971578 63175978562484741 214814332162247143
658651418889445623 741099367804269972 932083238690426570
44056879374225929 63320703492476007 78986665441832379
713370904805230479 835401783635384580 871083958077231221
272858870072010920 397785183025807002 790615633929534619
782597824922600301 907889564373544662 975088437930227516
4665585252066243 109264669082088916 170437891140856058
88687002716916501 171618135703223244 588936187207793341
1320650603430601 52773316021226017 60129032920842276
218249010716613502 560690986606038040 671746507953462990
77028087439041047 203169371065462987 319972915351300808
327461183756233490 346543325481259500 606663318567863415
223035677735852902 257672362987519192 308027722052857876
326289522702555666 532475645739986206 779963853221291591
321360734989691147 461111151063422572 700755734142295442
83760313333329314 85814857823101427 148412532966124738
57655242670262942 246675395798857520 413353195433567557
176682682964962529 293157670311699051 868242202806283378
331587189928120763 561096866479055340 618229044742465305
363253982345698557 479728944584589943 534884750738250160
90725194602529334 436603669803510834 750687545546705798
261045174829409560 284693204618928960 327602851830909781
364068753901222207 462617914107436436 498864068999761966
671899845052764303 860897047375962263 907348529852046826
720557284270274 3976544646424371 12382850196007700
10284638117467734 24514310236739179 25537240029046054
735246480668075811 797359474315773150 859913137561702740
5165761758235277 128439455107885487 142656456010111422
117490423568863667 119324597768769980 309309019166241831
44878565188124432 52236449899964338 62104147712199174
146637913447189953 751820197053439415 871467040161320049
204782392065430830 318018980002547346 351556422476259373
855365345988287210 860058972045387365 879631092641717884
875446039344334124 881256191141711359 932771041443300244
271180227256441135 502947330634848858 753419096567553506
86907093470510189 97613861999288485 106548491800477126
758680743784167 9344021911873799 19562229876588017
611912475167448100 738878595348214306 852832504208857272
16983676164470191 75195111960396718 863110211141478194
13996271142638070 598278391093607413 825250613194767733
91151247716380141 685963147615474807 888802346287378102
121550026852561270 663422739511573930 766070015016071175
329451299789705073 485559340234495828 498897823545660367
