10550075912936411
69387381303689595
74884175189793827
139363774904583268
236018690323848520
126119292314405997
1760917146989342
53071430943879435
23509980872559672
3832927298970093
19301850511513143
2596350644485254
60699424356412557
167563140287622750
1631069838935129
5486897170930003
27891727603385777
67026570231425856
17365585283251912
114176754098539531
12339437440424900
29042033345066523
42405654871978694
191509021859400193
4426843932785401
43089753890018287
556877815589644599
272440083848195276
40340745448656809
19954433359416177
282865076639469324
70497801175402540
192679954257456331
85500491117013756
34071112748753433
243993606470056251
14185601352747702
29950977371185073
26455188878003414
15181827315962837
396214919028680292
72388076384812991
161100071044012032
127298324795945342
30279934304858103
77601726825860049
132851991516061841
240694904274160781
536593008539778121
14359165240511339
36369870198180953
7135539152388788
69303340522370480
249496772391187410
62174758360892364
2073382188559903
43564569312158682
14574767906538764
82447948914824350
19263824109034079
122030598894154102
124926311479236083
125291615034944362
104599004514822674
82931126074306744
51452665417795417
342441644113424539
126141283626421941
19082141725026011
34636685251666291
206185961794294541
139748736457731426
2054544282412114
189020063549074579
116474984197456523
229509676550934578
116474952168971387
345876335342981501
23648029789519401
98549140622214230
188997202323197961
3255987362154098
14229642599271446
62112960470097340
123273602940690211
1834174199906314
7357884711839907
605173945668749463
113236564609116517
4693624978828156
5810151797377236
231767088448487724
10706768393994297
8585341057497633
126965814221086207
58211433995926528
584282099248146944
594811738007094667
541872697430494261
156108032482166756
