100
59991041300556891 87948741398766808 143537570998933506
172169679399400499 187246341464689672 263101119139408071
13538231598859414 384331426924057588 530957407537626406
308161027592945320 564194393689881522 873762994334407668
65523036634197342 76904779628192897 136590614246943665
43152414882061994 441230585654523583 526064002559081500
119649463977674763 140580208812727301 141174262464960505
202600286304378255 482475962507961291 709193238949125283
104361205553303011 619610631343312597 869837308741472622
220702441810359809 397288246826275561 818490364401461189
79826453988137978 283286256527505626 411571887662618774
91301022249591001 101417963302542022 333214210141319074
355196869148230431 355222147938611164 355328507361127588
348178939862665640 427212331862013201 496621532638867734
742247258880423425 833913176875467387 890711731672534482
16308645625220068 16494645136431890 17038164251741061
221868114609495109 321724462616533079 365186553086530813
333059317667990209 440846091502050574 930041118400363922
318370178791709689 441188195947947219 626423289315372792
220424624639367368 276968501245900223 295994569933088082
207989169165930762 352142482821592120 562588131926064615
394167094772019231 458211115400957694 678383725229712909
636033478420446143 773849685417004375 790575433185670300
108208206335089134 197201053196045884 728969697335865370
392900715571917348 410922629427418881 506300718762006169
356620354712209950 772158421568137938 930313132165948999
528784021750436492 549458791100022273 567858616158919756
301379573334700120 304764806234459503 313237389366470529
139675769343693702 229361646759479152 309065566825219058
187535566418750726 192021135521544917 194771835824385552
618588855304433840 795954898380717742 918836596338270565
269583855716445728 272188402071154695 722394721758753264
156132883835301417 840094644528993587 993039345891910823
186379964069527792 202991777480943406 224963780019490870
423279467531452920 459069015129133239 755947522270873845
199122329266193502 477307130344494563 520250611415526703
4921564534480595 42474684832674257 46593373020625379
245510161748495819 315733154111593115 609921904534541533
131081765984201141 257443191823389009 265290682054918531
521159729714910245 660750259338906286 966163869555103845
12552779931926 70848524236215 84774325588120
193344721995494316 210652183272183751 266144742187282249
418298136724236557 447713715688212494 703667291126910519
224149950112760027 786227439132569406 998558457105292963
203203631984581570 618054851562918202 674821902760318531
214477763961165157 270073452119296993 430438584235833906
331074102431196671 450536175342857424 516784246749361657
249752425779655874 302207062608236956 537815387981581195
346974553159460637 364355991893229578 408517438608899097
104603715862977960 467851630846180244 731711452613419657
65762051455715639 75669898128529675 97053900781927294
123656801098345372 260727322791004556 480294551564452737
181147462036256621 191209909479373508 216103766659419308
111270252157370661 120734782214892649 122623395322215388
192374255389206469 559701781078749431 754754742462860062
5886591204275436 71101088295918205 589820536907033810
278674818050399820 333744959007342527 716480025300126914
310021670721320397 357247178244601254 750824644515497201
447035883490904162 481556460806562317 634406225592115653
611018886244149920 763934584061956249 860626116454399123
13332690986105030 235745294041546770 374791839654067012
341879036406810387 347488299859973000 350085682828472031
203003395877534044 878261111055110638 971676298949496932
2023772508441297 467477807405437589 772304136717249543
593502616395186234 784618043398852060 846023369455686045
676026366909153262 687109549141230735 841161066000714012
51247875501621956 238276896040239849 895059953269317108
135813236317134885 153140581480734577 165300098384646261
147969071514861988 148625632158158745 161430085695674670
340582616710132619 460681116300393460 930444728446531165
300380686811984110 389079599568788434 397552050868550799
253794743307489719 816669922141761134 857718155499058206
309796952643123082 472208989341764636 556302478930370720
192372021144456770 204197864578852625 981387568378115613
238830330114364192 375304315256781771 451283234751351955
146450844434400993 491006026373412910 965197022929980629
139248026137883825 140159259248375134 143629849843319995
786837860395150023 829081101479003500 948623002690267983
211667662237851150 451228096945910145 469017694988008682
165889750876731241 194950034829434998 207448322509430133
31512572687358889 100114948895485388 138888104169075685
404048896542057160 655867761368664885 777149633633149242
495811271566351575 537126195332299696 544291784096363508
184750414168957949 696212514202780929 935551138258828284
355214411876717031 382531054600783388 404325981203491061
395265348756400370 733225309751727794 745268439040280367
406198606447924291 625272269903085786 702699213997915401
189208197182682898 290185827130791248 357385520919875764
484462294469447902 674586195210988238 732143159581201922
93692872170204246 157742586884898723 162042666732794680
6424425616730442 9174789868574829 28875202526781728
433968871078257426 505810989176813015 820586076363717551
12498892850782908 13690931867845159 20787582290112823
733255188762701330 754262305432371724 756350369633317020
792822986101642340 793442617481681810 875074971560800164
6277142145127970 345946289531115698 937040584827315738
38557639254674187 46721294326221091 58704812695866193
9318881657784735 24167232236227151 104628810324101338
106226543222115056 134146799961002468 343652436320112718
149557145259899592 202609231414914094 319812269676177394
