5520
6804
7846
1883
3915
7103
2275
4375
3870
4022
4580
5747
6119
7162
3861
3293
8545
6864
2795
3267
8412
4754
5137
5744
3690
0
4688
4200
7825
7889
4995
4056
3944
3929
3891
4972
9048
7990
7660
2468
3722
5530
5057
8815
4925
3579
2951
3306
2692
3206
6778
6598
3071
5555
6685
9383
6498
4796
5804
3978
4926
5935
3786
5110
10756
2119
7876
7996
5171
4033
4927
3992
4102
7315
5749
3587
8407
4566
7778
5370
6290
3382
4391
3232
2817
2855
2229
4191
5440
1657
7230
4371
4813
3813
2946
4883
2972
3648
5346
1677
7022
3797
3706
4888
4350
3701
5239
3891
6179
3342
10253
5646
3667
2593
1917
5062
5866
3187
2921
5340
5638
4235
6222
4120
7203
5047
5512
5106
6721
6353
5557
4633
4704
5834
5096
5801
4839
4289
6985
9013
6210
3697
6313
1496
6373
5150
4310
6699
6161
5997
5588
3913
3745
7355
1315
5831
4816
4721
5615
6631
8840
1637
6248
2027
6891
6702
3036
4995
6493
3626
4455
8704
7686
2655
6221
4722
6904
3758
3827
6061
9703
6263
5538
6598
2100
5459
7073
4627
7042
6225
5348
3130
4822
5508
7655
3904
8912
4050
7652
6176
5657
3080
7729
5336
5584
4163
3935
7119
4510
4001
3128
4510
4726
8050
6039
8564
4533
8737
7206
4706
6202
3190
900
6841
6478
2951
7179
3605
3682
5866
8883
5538
4985
5312
3556
7729
4512
9451
3274
6935
3845
3385
5029
6752
2386
5627
3327
4551
6461
4427
5902
4695
3678
4984
2991
6162
6750
2392
2169
5691
5120
2928
4014
2959
4572
7466
8642
8820
6996
2493
5626
4496
9262
5089
3429
5413
5950
7740
4209
3974
6259
6770
7493
2059
4671
5535
5436
4702
3019
7620
6391
4155
7771
3377
5346
5066
2283
4800
6116
3932
3542
9766
5846
4567
4580
3926
5853
5894
4137
3937
7120
5096
7248
7650
3762
5101
4307
2401
3333
5749
2872
6115
3946
4780
3786
5415
6172
4458
5524
6817
5009
2878
5650
5564
989
3869
4265
6910
3342
6615
1029
7723
2768
7666
6007
8095
3887
6844
7210
3356
941
5330
6048
5340
4993
6314
7002
4495
3789
6729
6631
3549
4518
5719
5135
3376
7532
3592
1664
7214
7999
5075
4368
0
10456
2168
8500
6157
8192
1643
10641
3048
3962
5385
7008
4409
4271
2545
4549
3163
7476
5202
2521
7896
3215
9551
6980
7757
5824
6438
7958
6233
5378
7898
6994
7557
4989
6934
7831
4809
5123
2825
4626
4330
5063
1230
6057
7586
7938
7451
3507
4020
5342
4951
4448
3915
8231
7209
5593
5739
4484
3490
3669
5459
5287
6360
5894
9263
5528
4812
5092
2226
4778
1603
4392
5198
4378
6209
1513
4708
6486
7278
1929
2034
6342
7098
6813
6110
2201
8113
6263
3423
7001
6989
8457
9301
5302
1641
5574
4680
4873
4898
5721
4974
6378
2722
3920
5315
1868
5381
7833
8120
8521
3295
7876
11203
7041
6139
3075
6362
6501
3733
3222
4756
4779
7813
7049
8309
7901
5118
333
6014
8469
6369
4057
3485
4772
4637
6475
6582
7865
6000
5394
3665
2857
3982
5061
7240
7423
6209
6961
5207
5750
3890
6739
6350
4907
7030
7510
5615
8376
6725
4502
1517
4404
7132
4180
6315
3016
3692
3148
9810
4923
4369
2775
6037
7449
5762
5260
3121
6112
5872
7243
5881
4083
6674
11816
4171
4336
4011
2755
4313
3414
6167
3798
2836
9504
6755
6077
6020
8372
6308
5593
6601
4977
8999
8428
3830
4280
3651
5267
7343
4794
4586
4361
7882
4552
3070
2484
3722
7057
4035
4128
6839
6300
9099
4506
4995
4585
4758
6779
1697
3457
4978
6122
6697
4147
7059
5903
4747
2715
8189
3982
4441
3632
3174
6367
5955
4446
9050
5233
8151
6533
4509
3213
6751
6135
5060
9342
4859
8195
6905
3399
5779
2434
5005
6493
6254
4074
4135
6087
4145
6340
6189
2940
5835
3803
5580
4508
3853
7083
5172
6743
9809
6942
7259
4265
3674
3517
8057
6496
7534
3615
3166
3095
5080
4181
5398
5113
3568
5514
2688
5100
2636
6428
4071
5406
5487
5662
2926
3645
7969
4385
7083
6416
6292
7145
3321
5959
3838
6935
5741
5587
2864
6200
3984
4834
5048
6682
1551
5034
3858
9893
6704
4104
3670
4626
3671
5452
3515
2941
4244
2767
8266
4872
5408
7260
6437
6138
3188
4639
5086
3478
6760
6830
7073
8696
2893
8573
3793
4486
3825
5565
7158
4889
3949
5337
7999
5968
6721
4474
3085
3998
4778
6799
5484
4747
6464
4783
6964
5727
6900
5622
7372
4427
4881
6165
9181
7124
9539
10127
4747
7817
3697
6840
5787
5332
4916
8632
4469
3796
0
4385
5635
8966
5182
6622
5591
6151
5323
5162
4426
7623
6169
3482
4451
5976
3088
3882
6244
4158
4596
5913
6928
6730
6711
6006
4050
6301
2783
5400
5097
7708
6003
5826
4320
7694
11157
6935
4947
4865
4047
6801
4026
6898
1043
3377
3891
10940
5880
5783
5233
6118
3564
5436
3195
1689
3601
6671
4459
2660
6135
2993
3677
6295
7221
5779
4939
6375
5562
2000
4712
5853
6151
598
4759
4884
2969
5280
4601
3172
6349
7687
8257
6169
2880
6625
6174
3746
5570
2077
2617
4827
8302
3899
7926
6703
6005
8923
6449
2874
5348
5025
3813
6284
4149
4632
9203
5529
4666
2531
5136
5207
3435
5296
7664
5456
6696
4549
4013
7213
1237
9650
5919
6813
4484
5088
0
4624
6442
2503
6125
6404
4091
4253
7477
5749
5597
3920
5093
4542
5112
6484
2694
2434
7089
3922
4253
5494
3902
6636
5854
7092
8977
4923
6502
7759
4997
5292
640
7326
5730
5506
5509
8215
7933
7373
5716
5932
5540
9031
7324
5944
7284
7113
5174
4726
8548
2430
4184
7966
6891
6005
9777
3181
4491
7322
4028
6502
5735
5511
5891
4254
4125
7377
3945
8105
5595
5916
4682
5493
3754
7556
2488
3626
4463
6508
6257
4902
5560
5555
6870
4804
6931
6686
6241
4725
5656
4032
7209
4454
4876
3892
5960
5847
3754
3102
4054
4319
9352
