502
618
493
455
585
348
463
564
505
446
503
833
503
841
446
503
446
503
455
168
468
503
701
256
392
468
392
433
348
810
503
615
242
503
605
493
438
503
348
615
448
438
446
183
374
503
615
486
446
446
668
493
502
446
468
618
503
188
420
446
594
477
615
392
689
404
369
594
503
668
455
379
289
392
504
348
337
967
503
200
604
503
503
503
446
348
346
348
446
503
502
348
615
468
686
561
366
446
564
474
742
468
463
348
348
482
438
392
604
446
348
420
446
446
446
392
284
668
503
486
750
565
707
503
446
348
673
455
342
348
348
348
618
379
446
492
502
503
263
477
492
503
479
503
503
348
503
302
493
503
348
503
396
503
503
482
271
503
348
384
392
486
374
703
348
600
549
482
502
503
348
503
502
446
468
342
446
446
503
493
472
502
503
503
468
168
615
503
580
348
503
348
406
493
615
618
392
502
347
573
464
570
503
464
503
420
640
564
503
377
308
224
448
380
503
446
420
379
668
503
496
502
503
598
668
446
517
348
446
503
348
554
493
503
699
502
502
348
348
618
482
618
391
380
502
448
475
446
348
615
367
530
342
446
482
348
676
502
497
446
386
348
348
348
502
446
379
493
348
374
490
503
446
482
486
598
564
392
448
502
715
348
308
493
435
492
348
468
271
374
446
517
363
384
446
202
659
455
446
367
503
284
668
242
459
308
266
392
348
503
668
348
642
503
492
457
503
492
492
538
503
503
503
615
503
503
503
446
492
455
340
673
446
308
615
833
347
522
618
450
448
502
503
166
319
338
673
446
438
446
493
348
503
396
396
368
306
605
715
367
493
348
480
392
503
586
374
348
502
503
762
446
564
503
429
362
565
348
493
374
459
395
503
479
566
526
438
347
340
355
367
318
348
348
564
455
614
503
395
450
379
630
492
502
446
502
369
503
493
378
276
517
348
492
450
503
503
657
503
418
479
446
503
351
555
446
503
668
496
503
503
392
459
577
517
348
350
503
292
615
348
594
446
536
496
348
669
503
503
503
502
392
492
503
430
348
668
502
348
503
570
348
526
556
493
446
446
492
440
188
477
319
355
503
492
367
467
348
396
618
374
600
261
562
455
392
271
477
369
338
448
362
446
580
450
689
448
493
384
522
486
308
486
392
503
348
468
615
467
468
615
503
246
446
492
446
296
598
562
468
348
531
676
496
630
729
712
204
201
658
348
382
446
503
653
348
833
503
676
493
503
308
615
348
485
348
492
201
574
492
446
600
503
316
468
610
446
503
348
348
645
348
348
419
742
348
348
645
348
493
615
348
593
348
256
183
446
183
502
554
502
493
577
386
446
348
257
535
348
446
459
94
392
348
348
348
355
327
448
640
262
503
615
503
348
233
348
348
493
348
158
480
382
420
615
446
380
615
561
502
465
292
618
503
587
446
420
503
348
668
668
348
450
492
668
351
502
348
618
348
492
305
561
540
256
493
668
492
369
503
503
363
374
629
348
348
446
201
503
348
278
833
503
448
367
348
493
502
490
598
482
358
348
446
391
278
391
482
564
379
201
618
561
308
348
403
260
457
482
379
503
348
455
455
420
348
503
503
380
762
554
562
605
197
393
762
430
382
348
503
281
446
446
348
348
503
374
486
348
482
503
446
503
348
411
342
769
348
446
615
188
762
258
503
711
446
610
347
656
446
486
535
541
348
446
382
350
659
448
446
503
503
473
348
342
615
662
258
275
367
562
492
574
296
367
460
450
369
446
442
492
446
342
480
367
379
367
435
446
312
480
446
621
668
348
289
359
369
406
680
348
448
183
409
715
615
503
446
392
348
392
703
503
503
308
681
503
368
715
392
570
194
492
503
338
446
446
490
503
503
468
224
392
503
446
348
854
348
435
587
380
480
487
446
503
503
468
420
715
299
348
618
662
292
348
297
319
503
482
503
503
577
762
618
615
348
368
657
348
647
502
630
446
503
348
446
188
503
446
455
335
587
446
382
446
503
645
503
647
446
480
450
348
486
575
598
340
574
615
555
569
742
448
615
503
615
292
455
618
348
392
466
689
492
307
260
384
348
384
308
450
446
348
288
615
645
503
492
468
348
503
615
348
463
466
446
319
306
492
359
503
392
503
446
443
446
503
348
615
479
292
658
525
145
482
502
525
446
450
446
618
188
191
610
503
348
561
392
446
503
487
446
492
502
348
373
189
468
166
641
503
503
503
348
348
492
503
586
348
593
479
486
493
786
335
503
392
446
503
490
365
502
618
759
348
492
308
448
562
455
