1000
864 348 38 503 147 580 615 446 833 201 284 712 122 149 933 450 477 618 693 659 50 502 987 992 120 493 448 822 972 438 157 577 308 732 668 338 468 900 868 814 537 795 676 420 759 367 486 699 645 392 949 379 467 327 995 991 305 158 574 253 121 64 948 854 629 261 704 131 715 981 340 342 75 207 689 316 767 374 299 5 627 347 191 149 242 653 640 742 293 978 183 455 216 358 188 20 199 220 939 116 446 598 705 604 590 350 166 839 706 517 303 859 669 523 450 168 899 858 69 685 227 120 492 202 893 251 204 34 22 29 45 681 645 788 460 961 32 420 801 950 46 280 247 847 531 78 979 94 380 561 600 203 955 810 927 256 245 949 482 601 641 640 983 182 22 566 258 676 570 249 479 622 105 60 433 384 482 350 615 656 539 174 565 292 39 912 355 494 12 872 842 707 885 42 271 555 777 728 52 945 587 686 532 320 802 852 944 897 728 789 452 951 985 286 725 930 129 278 122 600 159 373 369 455 878 28 338 175 838 493 200 116 753 207 585 177 256 916 539 53 657 306 985 238 683 319 108 620 878 776 496 950 482 659 701 777 786 373 17 65 588 283 340 117 729 769 564 138 828 278 618 240 209 146 857 647 891 217 792 40 144 633 578 135 678 670 704 37 854 257 40 76 592 289 416 297 234 676 486 912 606 808 241 419 696 208 740 490 750 480 181 496 554 319 645 237 355 145 342 824 696 704 658 751 151 611 338 222 562 214 586 252 347 758 521 593 157 701 244 883 354 101 359 960 391 605 475 743 248 658 456 711 794 630 638 645 893 137 868 363 549 368 203 770 599 686 429 926 195 197 194 809 137 56 669 930 503 380 562 932 327 288 156 422 799 43 111 765 841 533 459 222 892 59 81 540 958 463 487 987 178 762 268 468 189 14 396 205 459 645 161 411 312 113 995 708 561 56 187 951 970 960 344 26 891 361 395 77 273 891 874 195 203 826 497 298 680 614 611 876 682 556 803 805 406 656 267 234 435 691 861 538 343 518 885 900 212 319 307 442 318 705 245 362 224 15 826 948 43 854 446 903 885 662 296 851 23 720 327 24 912 868 826 744 75 788 292 377 47 699 927 201 963 378 890 382 550 337 681 41 34 642 299 856 157 819 379 815 140 892 711 382 741 919 196 908 293 430 376 906 627 950 505 943 927 276 108 863 472 680 775 382 33 406 10 841 729 404 695 313 911 455 947 128 531 605 89 49 1 272 342 466 466 533 1 230 789 105 83 93 786 50 232 902 974 409 430 981 662 645 204 199 412 346 536 569 298 329 243 230 555 51 388 743 521 368 173 143 108 379 644 510 224 97 836 114 66 729 472 758 489 657 835 416 457 283 594 630 995 525 640 345 530 668 835 218 907 690 121 768 700 759 366 912 260 47 474 300 227 532 719 21 714 621 906 529 716 306 443 36 895 636 785 968 485 703 305 106 129 396 243 730 155 865 833 718 991 240 895 120 523 543 340 841 269 134 90 670 364 590 453 266 511 843 971 346 728 70 27 823 742 920 715 734 982 836 987 118 24 330 625 939 19 446 94 822 57 125 691 89 464 219 929 781 354 246 647 967 770 780 335 373 597 901 828 302 812 91 897 725 593 814 968 736 315 65 442 921 203 403 261 961 529 464 183 506 386 473 122 30 689 539 932 103 495 103 464 492 492 279 351 298 143 233 900 879 307 870 730 927 228 796 135 656 610 916 760 704 685 117 376 535 726 769 727 35 527 684 579 525 767 432 279 262 195 409 428 967 357 875 37 765 263 348 532 610 254 540 393 476 773 548 326 296 925 20 85 509 459 44 512 621 307 137 917 121 904 579 510 367 182 23 868 191 67 232 841 275 660 802 590 358 612 733 707 828 210 463 15 136 826 652 369 783 379 221 271 545 989 281 964 994 981 117 411 902 329 374 4 443 996 423 589 365 106 144 914 848 476 393 623 522 577 350 615 367 951 466 49 618 320 118 372 76 985 472 133 87 926 421 798 526 848 541 784 137 161 924 387 121 482 872 772 440 687 803 260 736 567 987 719 649 580 683 869 540 799 44 318 745 640 508 431 575 739 762 966 937 22 572 480 99 502 461 922 230 950 406 465 257 248 782 741 822 363 739 332 618 968 365 925 730 989 573 418 673 737 249 510 914 227 49 467 886 564 384 770 840 147 998 554 13 610 504 646 148 690 978 343 868 477 392 930 608 215 195 657 785 682 265 97 3 3 369 715 981 14 2 836 288 
1 2
2 3
3 4
2 5
3 6
4 7
4 8
1 9
7 10
10 11
5 12
12 13
8 14
13 15
4 16
4 17
2 18
12 19
8 20
4 21
9 22
9 23
1 24
2 25
20 26
18 27
22 28
4 29
21 30
23 31
9 32
8 33
18 34
15 35
32 36
22 37
30 38
13 39
25 40
10 41
4 42
2 43
9 44
32 45
24 46
1 47
15 48
2 49
33 50
35 51
24 52
46 53
7 54
9 55
18 56
10 57
50 58
46 59
51 60
58 61
30 62
10 63
42 64
49 65
26 66
13 67
59 68
46 69
55 70
49 71
17 72
51 73
23 74
7 75
10 76
20 77
49 78
49 79
56 80
33 81
2 82
20 83
50 84
20 85
7 86
11 87
31 88
56 89
2 90
5 91
7 92
3 93
29 94
62 95
37 96
73 97
20 98
7 99
75 100
66 101
1 102
11 103
60 104
50 105
90 106
95 107
33 108
108 109
97 110
43 111
84 112
1 113
58 114
91 115
95 116
21 117
92 118
70 119
84 120
20 121
41 122
102 123
40 124
100 125
77 126
51 127
2 128
123 129
43 130
128 131
108 132
100 133
116 134
51 135
20 136
16 137
5 138
85 139
92 140
91 141
33 142
22 143
115 144
25 145
96 146
37 147
117 148
60 149
108 150
4 151
9 152
99 153
129 154
15 155
43 156
75 157
1 158
128 159
144 160
56 161
153 162
78 163
124 164
10 165
110 166
78 167
6 168
24 169
48 170
8 171
166 172
59 173
115 174
26 175
9 176
22 177
123 178
44 179
27 180
66 181
150 182
110 183
148 184
171 185
96 186
147 187
53 188
110 189
112 190
104 191
15 192
165 193
121 194
40 195
166 196
24 197
170 198
167 199
84 200
48 201
21 202
123 203
44 204
201 205
43 206
126 207
150 208
79 209
25 210
112 211
154 212
130 213
18 214
96 215
2 216
151 217
160 218
212 219
213 220
101 221
166 222
53 223
176 224
126 225
82 226
71 227
197 228
140 229
218 230
141 231
35 232
58 233
211 234
120 235
126 236
134 237
5 238
49 239
113 240
184 241
16 242
184 243
210 244
208 245
85 246
18 247
42 248
141 249
103 250
178 251
110 252
27 253
216 254
7 255
8 256
2 257
134 258
129 259
148 260
80 261
29 262
174 263
246 264
85 265
88 266
129 267
4 268
69 269
150 270
147 271
223 272
200 273
117 274
11 275
70 276
67 277
195 278
248 279
176 280
61 281
212 282
246 283
130 284
17 285
102 286
247 287
282 288
37 289
91 290
20 291
289 292
86 293
165 294
88 295
268 296
180 297
179 298
86 299
277 300
53 301
94 302
122 303
76 304
227 305
282 306
298 307
12 308
266 309
40 310
167 311
31 312
249 313
86 314
151 315
232 316
33 317
128 318
91 319
135 320
287 321
176 322
285 323
75 324
18 325
35 326
279 327
253 328
214 329
95 330
208 331
48 332
55 333
255 334
309 335
256 336
175 337
141 338
242 339
331 340
147 341
288 342
317 343
254 344
269 345
289 346
245 347
324 348
83 349
97 350
128 351
47 352
77 353
36 354
5 355
318 356
1 357
213 358
167 359
116 360
328 361
168 362
101 363
164 364
86 365
12 366
361 367
177 368
74 369
231 370
51 371
283 372
256 373
237 374
226 375
260 376
240 377
170 378
87 379
63 380
310 381
83 382
79 383
141 384
378 385
158 386
184 387
114 388
377 389
382 390
101 391
23 392
264 393
100 394
391 395
136 396
16 397
27 398
66 399
25 400
73 401
276 402
355 403
234 404
31 405
292 406
164 407
334 408
293 409
257 410
192 411
285 412
294 413
349 414
386 415
247 416
104 417
124 418
31 419
44 420
282 421
57 422
68 423
62 424
377 425
415 426
259 427
207 428
50 429
243 430
159 431
192 432
191 433
311 434
402 435
64 436
214 437
305 438
233 439
182 440
429 441
323 442
258 443
42 444
335 445
230 446
267 447
277 448
437 449
193 450
267 451
49 452
408 453
158 454
284 455
27 456
32 457
140 458
297 459
70 460
195 461
72 462
227 463
256 464
124 465
414 466
159 467
64 468
390 469
274 470
324 471
297 472
257 473
256 474
281 475
54 476
449 477
431 478
177 479
176 480
174 481
341 482
352 483
158 484
366 485
140 486
306 487
230 488
353 489
411 490
435 491
151 492
162 493
8 494
338 495
261 496
440 497
142 498
164 499
448 500
20 501
269 502
387 503
297 504
487 505
168 506
210 507
315 508
235 509
230 510
379 511
226 512
324 513
271 514
133 515
477 516
298 517
206 518
38 519
278 520
504 521
278 522
486 523
42 524
346 525
428 526
464 527
470 528
38 529
273 530
190 531
470 532
345 533
169 534
523 535
527 536
169 537
40 538
202 539
200 540
508 541
260 542
437 543
369 544
354 545
344 546
155 547
351 548
137 549
400 550
57 551
375 552
139 553
120 554
92 555
267 556
138 557
526 558
322 559
555 560
25 561
267 562
399 563
284 564
226 565
126 566
35 567
82 568
113 569
221 570
559 571
44 572
287 573
193 574
306 575
453 576
457 577
440 578
105 579
523 580
209 581
458 582
96 583
539 584
488 585
560 586
169 587
447 588
245 589
100 590
323 591
349 592
316 593
21 594
229 595
405 596
210 597
297 598
358 599
388 600
278 601
567 602
593 603
217 604
407 605
190 606
368 607
24 608
389 609
101 610
269 611
77 612
524 613
18 614
148 615
442 616
68 617
72 618
257 619
551 620
363 621
196 622
15 623
103 624
178 625
52 626
299 627
113 628
274 629
194 630
319 631
460 632
459 633
530 634
344 635
483 636
447 637
5 638
235 639
160 640
287 641
576 642
8 643
345 644
569 645
47 646
401 647
439 648
228 649
116 650
186 651
512 652
221 653
470 654
138 655
500 656
185 657
68 658
402 659
152 660
200 661
586 662
398 663
336 664
283 665
340 666
589 667
135 668
37 669
126 670
608 671
579 672
26 673
217 674
291 675
132 676
245 677
143 678
154 679
298 680
27 681
27 682
299 683
181 684
308 685
448 686
61 687
298 688
524 689
156 690
180 691
63 692
350 693
98 694
107 695
683 696
694 697
330 698
352 699
398 700
36 701
346 702
419 703
676 704
32 705
74 706
659 707
407 708
509 709
318 710
287 711
327 712
684 713
548 714
31 715
16 716
479 717
167 718
55 719
122 720
8 721
683 722
531 723
625 724
420 725
116 726
667 727
646 728
101 729
85 730
275 731
150 732
121 733
523 734
192 735
562 736
561 737
390 738
389 739
37 740
46 741
722 742
429 743
230 744
309 745
35 746
577 747
383 748
435 749
513 750
42 751
269 752
101 753
138 754
660 755
73 756
98 757
730 758
597 759
143 760
611 761
284 762
55 763
359 764
59 765
174 766
169 767
329 768
83 769
705 770
237 771
768 772
199 773
365 774
739 775
218 776
374 777
646 778
4 779
3 780
638 781
7 782
558 783
236 784
212 785
203 786
692 787
317 788
309 789
607 790
449 791
501 792
711 793
647 794
585 795
247 796
88 797
517 798
760 799
379 800
491 801
337 802
597 803
80 804
440 805
449 806
570 807
665 808
310 809
484 810
122 811
419 812
681 813
648 814
405 815
536 816
516 817
234 818
385 819
248 820
169 821
386 822
400 823
730 824
183 825
269 826
24 827
14 828
657 829
669 830
267 831
437 832
199 833
759 834
159 835
594 836
426 837
786 838
493 839
662 840
745 841
692 842
643 843
728 844
580 845
321 846
809 847
842 848
360 849
567 850
639 851
502 852
629 853
802 854
381 855
244 856
452 857
753 858
331 859
528 860
406 861
568 862
268 863
238 864
179 865
176 866
463 867
57 868
681 869
787 870
393 871
208 872
757 873
719 874
106 875
789 876
316 877
143 878
149 879
237 880
56 881
560 882
219 883
398 884
339 885
352 886
182 887
614 888
637 889
321 890
187 891
366 892
643 893
740 894
148 895
644 896
558 897
195 898
590 899
835 900
601 901
596 902
507 903
618 904
626 905
627 906
499 907
700 908
773 909
423 910
512 911
165 912
9 913
693 914
466 915
562 916
51 917
688 918
898 919
189 920
427 921
553 922
111 923
25 924
586 925
26 926
629 927
233 928
283 929
273 930
573 931
753 932
23 933
334 934
334 935
512 936
867 937
62 938
239 939
143 940
106 941
920 942
547 943
224 944
168 945
303 946
185 947
49 948
67 949
359 950
215 951
475 952
770 953
127 954
832 955
206 956
860 957
833 958
700 959
789 960
922 961
689 962
221 963
432 964
66 965
739 966
725 967
381 968
570 969
327 970
389 971
715 972
79 973
279 974
923 975
385 976
516 977
507 978
77 979
108 980
224 981
137 982
28 983
717 984
125 985
685 986
651 987
109 988
471 989
191 990
37 991
875 992
100 993
992 994
607 995
42 996
251 997
977 998
274 999
551 1000
1000
868 37
247 23
26 410
527 92
704 709
325 189
884 286
831 505
323 734
760 665
151 52
262 719
792 430
827 725
185 19
957 667
449 694
269 536
740 586
116 12
37 981
977 77
934 348
237 604
755 661
830 731
438 530
854 25
352 93
415 212
513 441
994 23
697 393
877 584
546 655
684 816
169 62
153 448
465 634
73 179
621 884
30 653
193 630
249 213
293 718
229 526
842 671
722 61
981 665
393 456
252 19
563 248
940 353
300 236
341 578
756 573
162 395
726 34
298 290
562 788
646 607
981 591
287 722
639 548
559 741
60 538
272 968
203 790
703 207
954 949
458 875
905 901
413 603
439 432
189 974
936 336
498 656
708 708
340 224
231 587
104 46
470 440
244 334
94 202
329 578
278 220
330 676
95 46
175 130
654 158
583 664
249 219
974 314
93 215
366 12
163 677
129 623
941 489
842 637
906 766
248 266
186 862
908 562
756 57
833 430
159 562
144 529
547 634
186 104
528 558
238 462
420 165
264 779
210 792
824 608
9 50
87 985
345 401
680 618
598 627
967 841
183 622
55 411
817 133
675 277
373 325
956 161
883 582
437 1000
911 941
202 89
263 802
949 56
590 624
887 598
585 785
987 129
609 33
249 793
981 702
462 251
229 301
857 829
916 734
721 609
854 278
11 719
403 716
782 570
220 966
219 174
42 389
353 407
302 104
571 331
207 253
601 660
324 685
746 900
978 480
371 50
906 793
53 199
844 210
76 201
217 842
844 361
7 253
271 382
287 118
364 584
269 993
607 499
558 96
152 96
551 390
300 108
208 325
419 580
746 795
31 599
669 736
483 314
721 63
30 289
726 249
149 162
217 870
77 913
674 619
515 902
556 13
938 417
763 66
314 988
706 888
479 58
292 323
226 592
177 954
701 236
701 821
24 868
747 518
476 965
828 918
493 262
637 46
546 390
78 585
142 97
593 594
3 253
879 204
180 99
808 185
405 725
845 907
745 622
582 956
2 312
46 143
60 713
487 153
756 564
196 382
222 39
466 763
727 371
255 14
240 268
484 313
363 203
245 39
703 332
76 760
717 28
158 620
246 477
995 817
835 987
286 287
443 644
378 99
566 271
813 198
347 339
887 100
709 318
229 511
611 413
613 756
495 319
429 842
558 177
952 161
307 903
37 715
319 749
256 223
737 708
875 93
950 952
164 965
481 514
41 730
18 590
449 610
213 542
78 193
986 497
436 430
578 583
478 651
895 646
517 724
191 447
10 84
633 998
987 110
752 953
465 701
233 237
73 965
885 516
288 268
819 551
951 14
919 95
773 446
603 610
110 43
849 585
874 866
12 363
714 364
769 979
458 337
331 507
640 910
683 924
379 237
491 110
360 85
73 395
50 107
814 672
634 599
291 500
348 160
197 252
33 35
6 502
207 617
889 853
605 708
92 113
123 358
574 203
386 452
574 119
297 408
739 478
518 595
385 471
132 346
953 612
500 859
969 505
627 882
867 776
956 599
404 624
61 781
293 934
799 719
375 115
122 872
817 257
263 575
647 691
892 651
279 813
400 695
566 246
690 463
878 956
388 802
443 474
270 586
376 926
220 793
391 642
708 133
391 407
662 686
103 781
983 702
596 502
156 68
240 926
318 571
931 99
982 516
526 266
859 970
950 428
888 246
514 718
467 774
402 763
53 843
889 216
262 528
672 367
737 816
825 335
220 776
230 772
630 78
391 626
210 921
213 118
185 133
935 622
892 442
133 938
577 333
783 867
230 788
227 173
376 919
520 667
833 193
983 588
563 925
703 438
219 934
921 284
795 733
314 626
608 737
584 921
678 23
858 452
799 505
499 843
52 591
320 391
494 210
526 733
196 7
836 990
247 785
732 446
890 739
351 774
632 602
580 600
955 524
321 657
859 711
576 735
358 751
301 196
918 733
133 152
703 433
88 312
94 790
724 970
58 41
47 395
953 153
180 252
137 898
875 12
153 597
243 218
875 257
572 565
201 607
480 553
575 471
462 312
614 318
569 426
775 442
50 435
157 147
147 815
634 672
288 260
397 410
602 382
282 698
876 316
147 477
808 214
610 761
130 587
937 411
892 47
191 442
510 575
808 600
129 554
921 472
992 904
258 766
412 43
283 498
166 317
541 867
282 662
232 820
188 291
111 946
282 650
846 426
429 359
192 220
854 563
595 772
586 292
61 528
461 594
505 412
109 994
463 783
908 792
527 630
955 732
913 500
481 22
741 611
961 367
175 675
246 480
872 820
316 728
530 558
982 844
68 509
811 198
757 400
96 241
288 513
223 361
37 791
985 683
206 285
706 146
273 680
570 679
554 447
952 33
919 421
905 772
583 140
303 438
545 791
358 9
799 251
354 741
2 537
707 647
141 571
134 57
350 52
940 731
512 896
578 586
10 323
86 229
676 744
69 31
602 511
206 478
860 66
584 78
181 952
508 683
316 98
318 645
900 72
637 364
165 376
1 59
129 770
188 929
132 508
538 425
304 907
583 430
595 796
390 990
393 576
532 199
544 381
335 857
413 869
804 250
349 304
797 837
450 640
538 356
967 71
216 275
248 932
715 229
400 156
868 664
39 881
457 374
528 174
931 769
962 174
894 432
971 861
187 193
490 26
977 705
737 522
788 820
711 381
290 821
252 772
507 432
621 552
847 333
962 542
581 814
258 884
628 214
93 191
343 448
479 374
813 399
611 202
784 139
684 179
750 797
851 934
15 291
754 4
146 766
238 962
621 222
633 303
114 687
809 31
532 655
243 44
623 307
206 871
385 33
868 745
769 589
680 146
265 939
387 773
437 31
30 75
78 201
81 932
262 44
810 422
619 411
232 366
877 435
568 833
795 999
223 288
490 149
751 856
187 832
901 547
287 967
639 338
123 2
551 647
774 182
916 209
339 880
926 127
149 547
733 883
994 998
94 433
357 684
360 728
785 199
350 65
371 887
661 776
194 813
250 370
378 334
552 578
776 784
933 484
501 765
807 297
658 69
392 936
320 181
253 346
308 179
487 220
431 610
302 210
602 164
818 957
418 896
776 898
533 784
478 759
279 267
52 687
574 91
537 504
805 536
182 249
811 199
554 758
907 236
605 767
901 55
138 903
133 629
500 24
403 845
662 563
688 731
617 116
346 912
604 133
378 377
287 801
313 767
172 329
525 3
370 141
62 799
789 659
518 21
911 176
71 145
113 979
850 880
661 22
185 270
174 518
27 407
126 768
434 16
352 57
476 316
835 489
524 729
426 694
225 36
400 599
896 855
319 478
309 874
494 278
946 578
334 191
698 503
801 131
434 237
359 279
760 352
788 53
764 796
936 887
297 801
626 497
47 865
772 40
894 521
80 356
769 940
37 936
793 994
460 353
361 137
563 840
971 294
408 949
738 109
260 377
579 551
848 644
569 499
773 424
912 828
11 46
734 511
966 505
192 910
592 952
638 269
135 350
630 16
63 272
991 606
460 62
43 129
829 998
319 477
381 736
418 617
125 899
826 520
806 692
984 58
413 532
734 381
67 26
353 634
917 279
873 247
240 294
343 422
316 223
534 260
269 977
304 656
920 328
549 115
131 786
826 106
682 722
303 545
135 190
211 441
562 593
84 34
844 204
232 396
153 378
695 211
64 132
22 734
362 192
826 47
928 877
91 537
371 693
588 453
153 717
374 36
47 818
423 792
685 747
89 453
576 280
215 701
374 603
308 928
220 962
428 33
18 67
376 528
15 275
477 741
893 205
824 149
973 968
563 458
639 622
715 148
9 643
398 830
754 839
861 852
662 503
626 376
271 703
740 569
241 853
637 771
296 432
744 264
939 327
409 328
302 320
356 775
180 457
402 71
386 846
392 408
810 21
106 925
602 332
174 377
660 435
770 368
29 608
912 382
492 34
494 754
438 83
662 107
7 775
634 893
901 944
321 793
201 334
628 566
589 512
843 885
315 571
541 113
335 339
276 481
210 372
809 688
454 144
512 806
39 627
924 703
123 472
937 500
617 86
728 989
196 102
357 576
445 210
81 691
862 298
373 323
75 51
57 184
981 57
89 46
915 588
439 880
96 552
348 895
786 500
383 757
492 907
703 559
470 431
866 438
393 61
669 766
440 568
209 194
387 382
229 489
581 420
145 334
306 223
558 861
82 363
701 934
774 65
962 507
700 916
961 868
788 763
697 372
638 262
212 382
94 343
41 457
388 656
686 664
222 733
860 400
944 264
94 126
952 703
839 412
185 805
387 942
693 943
621 610
503 356
558 717
987 539
261 780
312 554
379 137
287 175
711 972
924 134
594 915
796 180
292 365
879 574
270 642
123 84
317 689
878 348
399 630
32 50
674 259
188 147
947 686
169 258
405 405
740 853
145 695
216 161
302 881
494 255
4 751
239 731
736 461
920 997
23 621
635 340
376 333
721 365
171 733
778 816
92 101
257 392
297 793
591 658
2 439
380 930
260 789
685 352
950 33
717 48
90 890
45 728
5 236
679 372
281 693
297 643
768 60
580 459
