1000
520 463 313 7 968 701 905 767 684 753 548 449 279 64 945 725 436 569 710 825 239 131 966 894 215 889 592 561 451 632 354 255 339 366 392 955 241 389 377 717 437 464 650 161 34 525 915 406 85 760 758 551 930 287 935 536 837 800 997 897 206 346 112 30 942 495 290 555 234 392 422 839 221 957 845 270 940 798 323 447 454 493 571 132 981 214 472 134 884 32 156 635 162 313 441 51 997 389 843 96 852 847 927 743 886 667 411 402 536 551 213 259 240 668 969 580 902 402 254 148 217 919 524 252 387 780 894 155 958 835 303 341 651 434 53 546 149 785 761 855 188 106 612 695 250 243 662 193 602 21 918 64 791 719 598 670 50 85 522 644 412 218 456 737 714 759 194 171 609 613 107 690 741 413 308 315 775 875 220 550 680 951 446 385 292 213 702 220 528 844 761 553 823 699 635 608 880 231 5 743 557 620 545 379 171 990 138 542 59 20 452 418 353 105 769 532 90 953 477 779 658 972 990 915 885 505 976 523 938 474 896 910 782 122 724 439 547 624 772 16 608 563 802 919 999 833 459 505 124 828 791 284 583 375 128 734 802 880 208 104 942 229 578 682 245 986 625 891 171 108 683 440 140 447 672 953 808 864 194 506 223 510 677 412 751 978 110 129 538 366 153 729 195 256 672 845 171 888 446 542 606 241 588 971 248 371 219 981 621 484 96 594 481 706 927 593 687 967 363 28 72 72 417 755 8 845 797 611 188 403 166 321 417 7 537 706 186 498 171 566 547 628 668 149 716 149 44 13 676 879 47 729 180 392 729 387 338 840 80 529 47 705 569 236 996 225 319 594 726 883 74 942 237 8 65 771 790 939 379 489 541 584 502 299 622 690 245 572 680 191 279 65 530 10 933 474 962 157 222 651 210 369 941 993 232 697 436 840 482 336 340 119 817 603 810 227 612 199 690 301 244 592 506 532 110 381 176 299 837 68 370 131 694 802 24 107 342 130 137 903 672 171 692 732 82 827 932 163 544 172 729 891 768 757 518 440 827 839 995 391 772 604 122 624 690 908 780 475 215 831 633 967 239 261 817 366 483 844 437 516 408 967 111 692 259 839 912 865 332 17 928 344 130 518 295 768 557 564 515 958 742 807 366 99 954 531 858 153 343 68 370 153 330 586 599 454 802 150 18 780 411 345 381 625 174 812 478 42 265 221 135 540 481 60 765 909 220 658 541 731 377 310 603 27 505 88 277 4 490 638 620 363 957 812 187 668 547 782 23 665 797 587 790 185 547 540 14 263 920 230 543 80 475 346 599 742 316 410 476 683 777 934 26 574 58 824 820 442 185 912 603 717 947 435 754 493 560 36 133 966 589 227 668 88 52 428 103 792 373 671 824 516 238 390 676 723 439 81 470 163 806 624 581 15 443 305 639 370 25 701 111 42 355 90 491 399 215 591 732 144 155 153 335 434 931 368 247 639 630 843 552 54 411 306 471 745 19 184 980 931 736 102 545 587 623 455 447 18 836 904 697 408 768 599 449 6 410 59 356 519 256 190 814 788 971 167 133 668 753 122 573 492 380 724 816 108 331 272 410 639 230 908 961 780 565 965 862 858 831 349 801 768 522 957 640 5 898 155 637 28 585 784 654 217 170 685 525 173 362 785 255 458 220 153 546 476 144 362 549 784 949 453 509 668 126 628 754 909 440 977 863 130 519 512 894 7 339 254 316 754 582 983 693 101 186 415 575 401 775 399 146 569 996 888 11 833 59 914 621 842 394 907 960 697 706 71 281 780 612 949 899 771 448 962 697 997 239 71 615 886 49 879 629 39 599 609 366 440 576 221 982 206 460 375 127 4 638 935 902 6 862 685 809 713 230 977 946 767 191 358 786 130 958 453 523 996 710 955 68 808 241 368 615 523 620 216 442 108 548 301 943 990 270 747 279 575 665 830 434 275 768 857 895 894 322 638 112 315 51 747 612 818 200 394 951 805 313 641 567 697 645 97 493 122 752 954 502 593 160 563 841 371 442 749 477 945 437 883 95 255 370 820 353 27 961 158 555 960 392 856 926 158 834 804 318 514 260 642 437 725 661 381 576 119 860 402 429 951 401 448 946 483 840 264 225 974 620 97 867 163 39 867 831 94 39 629 324 580 298 591 728 564 552 445 536 284 802 819 976 185 997 468 109 477 175 199 788 779 402 708 523 488 624 611 514 955 230 844 499 80 172 834 162 872 716 425 329 322 451 501 103 662 858 206 869 71 277 984 905 339 
1 2
1 3
1 4
2 5
3 6
2 7
6 8
7 9
5 10
9 11
11 12
11 13
5 14
1 15
10 16
11 17
17 18
16 19
13 20
14 21
4 22
17 23
23 24
22 25
2 26
14 27
3 28
24 29
11 30
3 31
29 32
27 33
11 34
21 35
10 36
23 37
11 38
28 39
23 40
10 41
16 42
8 43
29 44
39 45
18 46
28 47
6 48
25 49
12 50
27 51
36 52
9 53
8 54
43 55
47 56
52 57
49 58
2 59
13 60
25 61
41 62
61 63
56 64
12 65
39 66
64 67
47 68
60 69
44 70
30 71
27 72
3 73
53 74
58 75
43 76
14 77
73 78
47 79
42 80
7 81
63 82
35 83
81 84
58 85
15 86
72 87
77 88
42 89
24 90
7 91
84 92
18 93
41 94
50 95
67 96
9 97
81 98
5 99
41 100
97 101
34 102
43 103
49 104
67 105
60 106
16 107
98 108
62 109
85 110
28 111
104 112
18 113
43 114
79 115
6 116
101 117
44 118
40 119
117 120
118 121
55 122
70 123
60 124
38 125
42 126
61 127
86 128
86 129
35 130
80 131
108 132
14 133
44 134
59 135
33 136
31 137
64 138
59 139
56 140
118 141
138 142
60 143
77 144
3 145
26 146
34 147
1 148
52 149
146 150
32 151
67 152
120 153
41 154
75 155
97 156
119 157
77 158
109 159
13 160
62 161
147 162
160 163
53 164
22 165
92 166
148 167
38 168
126 169
39 170
163 171
9 172
98 173
10 174
112 175
120 176
8 177
129 178
95 179
118 180
148 181
59 182
13 183
100 184
165 185
185 186
152 187
140 188
111 189
177 190
190 191
148 192
64 193
180 194
116 195
170 196
66 197
27 198
86 199
69 200
109 201
28 202
126 203
173 204
141 205
99 206
175 207
7 208
7 209
141 210
186 211
202 212
45 213
173 214
193 215
186 216
130 217
203 218
7 219
102 220
123 221
76 222
206 223
134 224
91 225
179 226
69 227
131 228
79 229
160 230
44 231
49 232
219 233
100 234
169 235
119 236
234 237
137 238
147 239
176 240
131 241
123 242
95 243
202 244
102 245
61 246
181 247
109 248
233 249
28 250
181 251
18 252
25 253
1 254
243 255
212 256
174 257
116 258
165 259
13 260
248 261
84 262
4 263
113 264
105 265
185 266
76 267
64 268
94 269
122 270
179 271
54 272
217 273
135 274
30 275
2 276
167 277
208 278
145 279
43 280
218 281
5 282
206 283
126 284
29 285
47 286
155 287
245 288
121 289
226 290
155 291
80 292
266 293
141 294
291 295
112 296
137 297
120 298
93 299
69 300
15 301
101 302
27 303
281 304
105 305
222 306
147 307
8 308
142 309
306 310
228 311
292 312
78 313
298 314
133 315
33 316
215 317
17 318
84 319
120 320
96 321
123 322
299 323
52 324
188 325
92 326
287 327
170 328
49 329
311 330
52 331
242 332
1 333
249 334
331 335
68 336
137 337
65 338
208 339
54 340
271 341
65 342
7 343
328 344
265 345
297 346
99 347
67 348
267 349
26 350
138 351
268 352
136 353
163 354
59 355
59 356
65 357
85 358
192 359
163 360
236 361
174 362
80 363
107 364
140 365
55 366
264 367
277 368
126 369
222 370
235 371
150 372
349 373
54 374
184 375
352 376
101 377
180 378
132 379
70 380
377 381
139 382
186 383
237 384
23 385
79 386
312 387
7 388
248 389
298 390
334 391
33 392
226 393
238 394
197 395
374 396
174 397
270 398
152 399
245 400
93 401
289 402
49 403
145 404
3 405
155 406
258 407
383 408
310 409
341 410
85 411
127 412
371 413
123 414
248 415
240 416
415 417
381 418
338 419
176 420
346 421
98 422
311 423
380 424
231 425
175 426
303 427
226 428
351 429
232 430
296 431
339 432
20 433
310 434
175 435
420 436
369 437
103 438
387 439
84 440
352 441
140 442
219 443
226 444
389 445
417 446
406 447
16 448
392 449
397 450
51 451
241 452
327 453
5 454
228 455
218 456
258 457
87 458
216 459
401 460
127 461
247 462
19 463
129 464
376 465
425 466
385 467
373 468
328 469
383 470
231 471
413 472
250 473
25 474
395 475
441 476
344 477
390 478
335 479
187 480
321 481
139 482
468 483
320 484
91 485
426 486
313 487
92 488
255 489
374 490
252 491
201 492
476 493
397 494
401 495
175 496
21 497
448 498
112 499
342 500
67 501
480 502
367 503
180 504
100 505
85 506
101 507
117 508
217 509
284 510
230 511
251 512
216 513
13 514
42 515
159 516
98 517
234 518
42 519
5 520
77 521
338 522
174 523
386 524
93 525
129 526
359 527
206 528
79 529
96 530
123 531
463 532
183 533
420 534
317 535
87 536
24 537
358 538
528 539
178 540
193 541
195 542
106 543
465 544
277 545
17 546
26 547
297 548
322 549
19 550
275 551
388 552
170 553
117 554
55 555
53 556
379 557
495 558
230 559
172 560
329 561
289 562
268 563
373 564
123 565
550 566
69 567
466 568
43 569
92 570
54 571
191 572
157 573
157 574
241 575
48 576
502 577
577 578
185 579
49 580
154 581
578 582
86 583
295 584
25 585
143 586
545 587
377 588
536 589
4 590
586 591
349 592
576 593
182 594
222 595
268 596
445 597
138 598
320 599
142 600
340 601
475 602
172 603
586 604
211 605
240 606
174 607
550 608
115 609
441 610
405 611
6 612
366 613
313 614
121 615
102 616
270 617
350 618
586 619
291 620
500 621
128 622
266 623
166 624
454 625
162 626
260 627
432 628
600 629
526 630
381 631
511 632
202 633
213 634
58 635
503 636
372 637
267 638
367 639
396 640
230 641
60 642
189 643
370 644
243 645
171 646
212 647
153 648
569 649
242 650
10 651
371 652
119 653
1 654
544 655
241 656
117 657
564 658
492 659
18 660
20 661
570 662
343 663
205 664
157 665
399 666
218 667
245 668
140 669
293 670
580 671
203 672
2 673
242 674
485 675
2 676
469 677
442 678
520 679
272 680
206 681
396 682
306 683
118 684
52 685
578 686
297 687
83 688
167 689
39 690
412 691
71 692
678 693
168 694
348 695
537 696
133 697
615 698
311 699
427 700
468 701
99 702
650 703
99 704
639 705
66 706
592 707
270 708
22 709
23 710
450 711
658 712
221 713
79 714
655 715
575 716
86 717
690 718
641 719
517 720
545 721
353 722
391 723
265 724
510 725
658 726
206 727
258 728
657 729
485 730
364 731
88 732
335 733
178 734
52 735
631 736
435 737
551 738
493 739
555 740
681 741
100 742
529 743
600 744
60 745
419 746
721 747
231 748
690 749
404 750
423 751
323 752
242 753
273 754
287 755
285 756
366 757
427 758
550 759
651 760
106 761
75 762
153 763
27 764
271 765
491 766
650 767
213 768
128 769
246 770
269 771
113 772
489 773
42 774
678 775
327 776
324 777
676 778
69 779
31 780
194 781
567 782
164 783
660 784
248 785
281 786
184 787
423 788
194 789
131 790
383 791
206 792
742 793
329 794
416 795
299 796
748 797
75 798
555 799
572 800
517 801
757 802
492 803
379 804
11 805
368 806
74 807
294 808
94 809
193 810
287 811
756 812
549 813
334 814
679 815
294 816
751 817
183 818
444 819
326 820
276 821
744 822
587 823
530 824
463 825
103 826
81 827
555 828
430 829
412 830
763 831
43 832
123 833
53 834
182 835
40 836
138 837
212 838
460 839
771 840
344 841
293 842
469 843
690 844
351 845
190 846
419 847
412 848
308 849
81 850
500 851
90 852
65 853
362 854
569 855
650 856
28 857
843 858
486 859
51 860
88 861
792 862
399 863
593 864
755 865
540 866
694 867
255 868
81 869
825 870
126 871
219 872
27 873
646 874
175 875
385 876
50 877
182 878
297 879
469 880
157 881
200 882
527 883
824 884
287 885
662 886
506 887
223 888
819 889
119 890
826 891
240 892
415 893
144 894
546 895
852 896
768 897
226 898
777 899
716 900
408 901
629 902
195 903
808 904
551 905
375 906
665 907
195 908
848 909
146 910
844 911
105 912
756 913
335 914
735 915
243 916
861 917
152 918
370 919
1 920
633 921
726 922
383 923
758 924
790 925
907 926
383 927
6 928
420 929
701 930
198 931
207 932
695 933
621 934
379 935
190 936
653 937
686 938
364 939
484 940
217 941
522 942
582 943
652 944
479 945
914 946
144 947
283 948
97 949
604 950
255 951
842 952
69 953
569 954
70 955
636 956
193 957
449 958
843 959
215 960
457 961
847 962
132 963
350 964
191 965
716 966
665 967
341 968
420 969
528 970
364 971
583 972
568 973
16 974
698 975
792 976
156 977
230 978
627 979
701 980
875 981
661 982
166 983
149 984
82 985
956 986
164 987
554 988
781 989
687 990
193 991
829 992
979 993
234 994
741 995
796 996
602 997
130 998
663 999
403 1000
1000
260 311
112 703
14 26
973 177
246 288
803 944
306 633
622 999
821 291
575 136
624 144
468 850
740 250
74 211
27 353
750 812
883 565
186 840
167 544
247 217
607 991
611 357
74 501
242 340
387 236
919 334
211 373
561 537
980 789
448 516
363 308
341 701
200 186
246 311
879 401
162 446
416 167
241 47
284 76
19 930
577 904
577 716
797 666
989 85
828 457
627 930
889 997
44 254
871 368
892 148
67 706
825 252
244 860
760 296
241 670
137 202
95 464
523 739
667 852
563 793
651 649
158 670
748 731
635 102
863 952
951 68
652 813
480 839
459 337
36 578
4 941
798 936
656 796
59 782
103 359
686 754
565 645
32 832
303 821
399 466
46 346
881 116
720 966
802 375
204 369
25 774
762 508
7 617
313 856
154 95
944 309
813 303
203 571
559 875
835 111
501 700
212 699
130 185
213 467
489 929
258 247
961 587
491 19
145 218
908 961
541 152
15 194
972 460
897 306
461 424
710 292
968 488
130 314
67 825
20 916
261 853
472 582
321 609
881 763
202 586
76 699
188 358
559 233
650 401
336 111
853 906
241 995
838 153
387 795
801 867
855 905
614 339
146 320
886 467
179 671
838 418
659 747
204 692
936 124
450 592
229 267
966 321
735 496
998 11
481 710
826 832
707 272
641 910
89 259
674 551
568 331
78 886
962 513
155 836
485 154
753 193
198 2
467 207
230 525
295 466
224 437
532 338
667 827
671 621
671 843
657 386
979 659
552 13
688 234
799 873
73 889
861 185
276 336
206 394
750 564
978 417
126 519
427 36
708 189
530 803
775 776
976 574
648 439
679 134
888 802
73 481
392 309
448 211
897 58
446 470
664 784
297 469
319 568
858 984
594 69
700 163
191 806
953 384
647 592
865 821
699 649
908 984
47 838
113 314
1 698
447 805
552 822
404 254
798 774
158 699
354 153
80 794
977 406
836 188
104 55
80 484
490 257
121 382
160 646
950 951
677 476
383 879
937 322
26 643
537 877
788 871
235 451
392 828
509 403
2 113
991 247
51 875
840 360
578 801
883 782
633 818
413 864
576 225
931 145
74 213
471 817
247 455
108 394
541 880
8 781
428 149
878 13
38 761
677 64
833 437
260 262
983 994
612 173
357 513
904 694
59 263
185 389
275 933
321 314
406 464
362 54
21 847
511 561
178 776
821 428
924 291
309 884
134 710
775 931
946 286
953 252
319 866
611 15
574 412
576 212
128 944
110 910
408 896
974 732
654 411
469 450
827 289
307 493
876 267
981 210
523 64
9 964
960 618
621 614
291 105
558 882
267 709
573 2
519 515
121 35
996 327
333 585
910 876
629 446
274 281
333 926
51 754
560 332
617 513
86 888
820 986
705 480
365 597
20 790
82 231
412 983
55 427
912 942
609 233
339 277
659 663
961 116
243 511
507 763
789 492
776 707
554 453
683 72
261 872
244 608
247 711
235 73
529 582
689 237
920 720
64 758
949 373
752 500
188 923
331 134
79 258
51 65
148 300
494 373
66 275
295 924
998 412
9 13
527 926
849 128
564 554
226 774
621 617
742 4
789 692
580 754
491 3
755 60
101 710
738 396
251 419
712 784
23 763
914 592
742 76
517 482
461 728
708 595
726 303
493 592
880 129
419 723
720 381
666 361
19 656
348 212
455 995
746 495
918 559
177 213
947 983
870 30
63 738
461 653
892 510
569 328
781 391
741 129
940 682
448 404
869 496
671 214
189 709
41 874
624 692
792 543
189 225
634 591
369 57
497 890
990 154
998 120
233 119
890 685
365 160
707 825
715 500
923 420
53 597
287 951
389 736
222 765
102 514
429 591
816 215
28 307
279 487
190 391
85 444
810 312
121 916
891 936
977 215
353 700
824 818
73 615
564 48
960 605
473 362
448 964
547 886
385 557
187 844
41 365
798 241
396 114
388 614
408 78
726 512
967 217
942 579
568 870
809 162
608 147
324 487
578 738
470 67
870 195
222 10
920 35
486 456
629 934
892 733
745 144
738 157
221 397
874 838
772 230
419 510
254 768
942 524
212 123
162 420
180 169
114 747
879 674
877 931
21 248
620 373
421 17
122 1000
898 497
665 602
670 43
968 765
195 368
602 447
570 844
357 713
316 478
336 424
837 523
777 926
393 957
805 3
494 327
314 785
864 193
583 793
669 857
804 592
588 128
977 192
122 791
938 291
29 634
132 628
463 461
92 865
597 578
612 153
175 569
98 104
848 799
506 109
4 500
839 718
726 161
600 827
122 101
351 940
428 421
613 976
61 740
539 158
219 932
234 338
409 927
604 210
804 6
638 155
774 781
62 883
811 655
44 645
895 291
462 142
425 572
50 377
939 58
116 10
243 661
264 307
504 417
880 11
343 738
97 177
251 544
390 646
227 960
571 799
510 977
336 126
536 260
700 527
791 967
218 512
843 61
894 278
837 421
318 650
453 64
866 495
262 737
736 311
790 487
351 541
571 320
824 335
156 315
501 228
946 315
917 428
864 433
228 265
650 718
49 54
982 314
740 486
51 507
736 100
789 77
412 746
674 184
255 248
310 636
923 262
128 932
435 902
45 246
928 107
670 519
878 8
697 519
399 255
910 216
741 354
816 858
892 161
899 245
173 293
211 519
742 326
371 118
740 135
330 237
210 67
545 482
532 240
839 196
636 387
361 248
83 546
342 951
91 947
444 374
968 694
659 465
824 684
768 398
372 458
657 450
486 722
113 301
535 372
540 156
313 288
359 558
85 24
863 460
892 203
267 159
670 209
111 784
947 374
378 530
785 751
434 241
570 319
36 421
154 159
278 606
798 451
797 91
574 66
648 409
979 574
223 120
22 704
173 965
474 626
653 545
688 472
759 290
746 632
152 478
826 960
137 761
116 658
552 446
637 445
833 401
642 494
301 511
760 396
218 8
757 879
838 883
552 341
147 921
212 613
423 978
544 28
453 502
335 544
21 856
376 190
662 178
353 827
92 835
236 553
262 555
376 285
197 511
848 799
699 302
30 649
68 524
72 886
170 444
547 557
158 897
938 157
639 565
553 484
183 850
535 501
233 26
951 780
791 622
461 105
565 52
693 729
999 548
229 766
975 735
876 782
34 417
163 216
169 843
788 632
64 719
308 11
347 455
817 411
726 941
998 312
226 625
344 162
740 407
158 493
664 158
270 12
255 876
669 384
852 994
487 151
555 117
534 356
100 730
681 648
765 999
252 655
5 883
361 119
287 33
294 387
975 905
513 580
776 468
872 655
186 202
448 927
732 602
866 202
865 665
135 716
477 682
146 674
448 510
324 754
599 376
309 577
714 2
513 374
976 54
742 809
697 17
46 355
962 925
315 889
113 527
444 875
719 621
605 802
534 147
614 922
586 219
30 276
562 354
839 74
130 359
948 232
864 329
151 219
27 730
795 3
715 889
127 276
720 632
486 293
790 942
820 173
543 828
602 920
182 334
536 84
850 14
616 53
513 342
887 706
615 803
673 229
897 879
366 634
280 503
325 377
766 562
341 684
675 598
136 626
86 292
896 224
540 592
833 641
816 411
272 499
138 870
314 177
453 516
16 28
303 367
946 942
373 46
258 168
209 791
901 715
766 394
925 376
224 353
1 478
180 998
241 927
884 399
793 438
144 603
12 428
835 814
514 853
425 234
257 564
613 733
591 726
136 574
4 953
526 2
815 702
131 164
545 417
435 474
620 381
776 825
915 292
643 534
283 657
225 373
169 480
897 554
614 817
473 964
231 975
350 67
996 3
405 888
43 929
555 458
760 25
956 94
487 731
753 138
468 781
766 219
827 351
77 224
535 498
128 503
570 670
517 457
391 794
366 457
319 896
841 386
643 134
567 477
308 839
467 826
687 568
795 601
708 292
392 562
57 802
29 833
650 629
942 73
590 543
980 382
796 243
853 882
846 615
696 502
223 824
171 454
273 116
397 923
685 261
593 370
474 199
538 688
188 515
161 55
491 552
642 52
70 387
853 926
283 203
262 225
2 262
11 516
489 309
834 577
186 601
812 469
22 760
384 765
223 187
761 494
241 263
466 465
230 979
671 560
501 414
569 969
561 908
629 852
139 340
773 232
562 95
907 345
424 987
689 488
196 420
635 705
227 465
583 485
208 909
932 344
440 397
258 17
623 262
975 736
507 873
259 132
224 852
227 920
24 795
61 920
399 218
233 268
970 65
749 231
599 610
79 271
201 363
856 692
182 361
557 180
291 842
964 227
961 983
687 682
965 212
548 582
409 615
861 42
191 272
336 308
163 177
810 608
854 175
13 808
22 838
8 890
334 468
477 4
927 771
152 235
222 130
813 387
901 127
723 710
257 332
68 14
396 791
247 394
266 638
110 72
427 868
134 864
578 456
896 309
979 120
131 900
84 301
761 828
239 401
169 446
372 266
344 112
52 253
479 32
701 946
66 179
483 224
942 600
617 708
283 449
968 243
48 675
817 738
303 576
541 506
34 939
19 670
447 65
2 8
